%
% index = 2630, name = bbob_f014_i02_d20__bbob_f020_i04_d20
% instance = 1, reference value = 9.894865656994680e-001
% function evaluation | indicator value | target hit
1	5.012314840866340e+004	5.128613839913648e+004
2	1.365018762316814e+003	1.380384264602885e+003
6	9.944125093980869e+002	1.000000000000000e+003
51	6.564879297839242e+002	6.606934480075958e+002
320	5.746480829990899e+002	5.754399373371566e+002
419	5.364724784405463e+002	5.370317963702527e+002
579	5.235937177827573e+002	5.248074602497728e+002
646	4.780395854532446e+002	4.786300923226385e+002
664	4.382157458792919e+002	4.466835921509630e+002
844	4.259978561374251e+002	4.265795188015925e+002
944	3.707884665045158e+002	3.715352290971724e+002
947	3.406078835535673e+002	3.467368504525317e+002
1042	3.087148617750569e+002	3.090295432513592e+002
1150	2.828842581301090e+002	2.884031503126606e+002
1238	2.099373733068919e+002	2.137962089502233e+002
1348	1.962243288529330e+002	1.995262314968879e+002
1410	1.740321208863792e+002	1.778279410038923e+002
1442	1.518851033066278e+002	1.548816618912481e+002
1819	1.429565000623054e+002	1.445439770745928e+002
1891	1.271521278951069e+002	1.288249551693134e+002
1962	1.114444341651943e+002	1.122018454301963e+002
2167	1.054793884598820e+002	1.071519305237606e+002
2237	1.033952065652807e+002	1.047128548050900e+002
2303	8.087863088044679e+001	8.128305161640991e+001
2509	7.227856032940655e+001	7.244359600749903e+001
2647	6.972972074438178e+001	7.079457843841381e+001
2696	6.473765780655370e+001	6.606934480075961e+001
2734	4.643952967784440e+001	4.677351412871981e+001
2798	4.125946618107188e+001	4.168693834703355e+001
2838	3.609553337648620e+001	3.630780547701014e+001
2855	3.454025143846878e+001	3.467368504525317e+001
2928	2.980096855744914e+001	3.019951720402016e+001
3124	2.876414254249409e+001	2.884031503126606e+001
3127	2.676414513546262e+001	2.691534803926916e+001
3178	2.569684446725583e+001	2.570395782768863e+001
3264	2.177483466738257e+001	2.187761623949553e+001
3297	1.673972943135508e+001	1.698243652461744e+001
3435	1.653767791113456e+001	1.659586907437561e+001
3458	1.499469268526696e+001	1.513561248436208e+001
3534	1.454092090451876e+001	1.479108388168207e+001
3536	1.243060293660154e+001	1.258925411794168e+001
3571	1.118760681659143e+001	1.122018454301964e+001
3642	1.087974114393315e+001	1.096478196143185e+001
3823	7.612181817321345e+000	7.762471166286917e+000
3929	6.649749000389060e+000	6.760829753919817e+000
4003	6.097230919368625e+000	6.165950018614822e+000
4025	5.033441503750963e+000	5.128613839913649e+000
4099	4.522658959240889e+000	4.570881896148751e+000
4237	4.451037409438190e+000	4.466835921509632e+000
4306	4.291431569445138e+000	4.365158322401660e+000
4424	3.695302382969471e+000	3.715352290971725e+000
4439	3.170847754281036e+000	3.235936569296283e+000
4506	2.734158617911433e+000	2.754228703338166e+000
4772	2.577685458443069e+000	2.630267991895382e+000
4781	2.425934141199596e+000	2.454708915685031e+000
4799	1.585812294130968e+000	1.621810097358930e+000
4808	1.459333200173968e+000	1.479108388168207e+000
4964	1.142871000631429e+000	1.148153621496883e+000
5033	1.038074468350468e+000	1.047128548050900e+000
5281	7.700992501788015e-001	7.762471166286917e-001
5462	7.140708285760498e-001	7.244359600749900e-001
5488	6.777027878617588e-001	6.918309709189364e-001
5594	6.641529988325212e-001	6.760829753919818e-001
5627	6.540039942183324e-001	6.606934480075960e-001
5648	6.455037226386262e-001	6.456542290346555e-001
5656	6.255009699892051e-001	6.309573444801933e-001
5701	5.643442002654658e-001	5.754399373371569e-001
5740	5.487780516569067e-001	5.495408738576245e-001
5799	5.269382452971103e-001	5.370317963702527e-001
5808	5.076053017967416e-001	5.128613839913648e-001
5835	4.993065334937485e-001	5.011872336272722e-001
5878	4.808048531326981e-001	4.897788193684462e-001
5884	4.769778257952605e-001	4.786300923226383e-001
5885	4.502062397733531e-001	4.570881896148750e-001
5894	4.386225480053629e-001	4.466835921509632e-001
5911	4.357573182764679e-001	4.365158322401660e-001
5959	3.442645705293187e-001	3.467368504525316e-001
5961	3.234468341802247e-001	3.235936569296283e-001
6000	3.136724664765933e-001	3.162277660168379e-001
6155	3.069281443486245e-001	3.090295432513591e-001
6177	3.013695453702343e-001	3.019951720402016e-001
6253	2.888435590092149e-001	2.951209226666385e-001
6256	2.877609933372580e-001	2.884031503126606e-001
6301	2.787732928482664e-001	2.818382931264454e-001
6328	2.741842218274349e-001	2.754228703338166e-001
6340	2.678493033199371e-001	2.691534803926916e-001
6379	2.447425054112934e-001	2.454708915685031e-001
6453	2.253958971732779e-001	2.290867652767773e-001
6458	2.199617227684251e-001	2.238721138568340e-001
6481	2.150449348079228e-001	2.187761623949552e-001
6511	2.123488241667819e-001	2.137962089502232e-001
6533	1.883191246127921e-001	1.905460717963247e-001
6535	1.855175089068570e-001	1.862087136662868e-001
6559	1.800800172103791e-001	1.819700858609984e-001
6578	1.615099961634541e-001	1.621810097358930e-001
6655	1.528775129772643e-001	1.548816618912481e-001
6685	1.483852140723283e-001	1.513561248436208e-001
6730	1.401152821948425e-001	1.412537544622755e-001
6798	1.378982287103717e-001	1.380384264602885e-001
6973	1.342680299526193e-001	1.348962882591654e-001
7030	1.304021296858673e-001	1.318256738556407e-001
7060	1.286890931451680e-001	1.288249551693134e-001
7067	1.250719634911613e-001	1.258925411794167e-001
7125	1.229059362590257e-001	1.230268770812382e-001
7195	1.115737770155488e-001	1.122018454301964e-001
7268	1.079042620426349e-001	1.096478196143185e-001
7334	1.066966183596546e-001	1.071519305237607e-001
7352	1.047101436570701e-001	1.047128548050900e-001
7388	1.012585098809414e-001	1.023292992280754e-001
7403	7.978214452632348e-002	8.128305161640990e-002
7408	7.933452950185105e-002	7.943282347242814e-002
7430	7.745476265341833e-002	7.762471166286916e-002
7447	7.580055545853948e-002	7.585775750291836e-002
7450	7.386798257043326e-002	7.413102413009177e-002
7454	7.178104962436172e-002	7.244359600749903e-002
7523	6.727700415593618e-002	6.760829753919818e-002
7530	6.468218218196797e-002	6.606934480075961e-002
7609	6.439822816539098e-002	6.456542290346556e-002
7680	6.259238501336351e-002	6.309573444801933e-002
7701	5.777885618429712e-002	5.888436553555890e-002
7715	5.731979397222564e-002	5.754399373371569e-002
7748	5.621454852960073e-002	5.623413251903491e-002
7785	5.490717840212989e-002	5.495408738576246e-002
7887	5.301830692320009e-002	5.370317963702527e-002
7927	5.246164179223911e-002	5.248074602497726e-002
7938	4.922260737312412e-002	5.011872336272722e-002
7951	4.892047597561100e-002	4.897788193684461e-002
7971	4.773661933847029e-002	4.786300923226383e-002
8054	4.658552249606374e-002	4.677351412871982e-002
8091	4.563592072963496e-002	4.570881896148749e-002
8111	4.368486248459580e-002	4.466835921509630e-002
8134	4.318688940268833e-002	4.365158322401658e-002
8182	4.264277876483591e-002	4.265795188015926e-002
8187	4.159364138936517e-002	4.168693834703355e-002
8214	3.909824353930302e-002	3.981071705534973e-002
8253	3.887704432759775e-002	3.890451449942807e-002
8268	3.735421165241160e-002	3.801893963205612e-002
8280	3.714047811656573e-002	3.715352290971726e-002
8329	3.574508200650295e-002	3.630780547701014e-002
8375	3.546810553289859e-002	3.548133892335755e-002
8439	3.451516235493202e-002	3.467368504525317e-002
8538	3.378563457534900e-002	3.388441561392026e-002
8590	3.155108412117735e-002	3.162277660168379e-002
8638	3.088224979402443e-002	3.090295432513590e-002
8702	2.978580528993102e-002	3.019951720402016e-002
8769	2.920963492020257e-002	2.951209226666385e-002
8796	2.882353613214683e-002	2.884031503126606e-002
8821	2.645175423953572e-002	2.691534803926915e-002
8825	2.626938735422391e-002	2.630267991895382e-002
8941	2.506720799956186e-002	2.511886431509579e-002
9005	2.440899433486410e-002	2.454708915685030e-002
9075	2.383245274301471e-002	2.398832919019490e-002
9106	2.326971822738966e-002	2.344228815319923e-002
9117	2.207921045445382e-002	2.238721138568340e-002
9172	2.185278430831006e-002	2.187761623949553e-002
9233	2.130932306746869e-002	2.137962089502233e-002
9333	2.062480354935592e-002	2.089296130854040e-002
9343	1.986767037087533e-002	1.995262314968880e-002
9532	1.937489354751787e-002	1.949844599758046e-002
9559	1.899301108709173e-002	1.905460717963247e-002
9678	1.854357070198376e-002	1.862087136662868e-002
9787	1.817777325185321e-002	1.819700858609984e-002
9841	1.770328687293321e-002	1.778279410038923e-002
10090	1.736488568851469e-002	1.737800828749376e-002
10303	1.695934967413926e-002	1.698243652461744e-002
10617	1.659250025504910e-002	1.659586907437561e-002
10915	1.621471521128370e-002	1.621810097358930e-002
11417	1.361548235366772e-002	1.380384264602885e-002
11635	1.348061917215893e-002	1.348962882591653e-002
11927	1.317827466019317e-002	1.318256738556408e-002
12130	1.288031384189348e-002	1.288249551693134e-002
12226	1.254072705435005e-002	1.258925411794168e-002
12456	1.230215079241293e-002	1.230268770812382e-002
12749	9.323029663286797e-003	9.332543007969915e-003
13006	9.106854260364172e-003	9.120108393559097e-003
13311	8.903865017046098e-003	8.912509381337459e-003
13390	8.693643005149965e-003	8.709635899560805e-003
13771	8.510953910992658e-003	8.511380382023768e-003
14563	8.314623577526992e-003	8.317637711026709e-003
15791	8.127027809767484e-003	8.128305161640995e-003
1536111	7.943278611356464e-003	7.943282347242814e-003
2000001	7.942930379237989e-003	7.943282347242814e-003
%
% index = 2631, name = bbob_f014_i03_d20__bbob_f020_i05_d20
% instance = 2, reference value = 9.848285379030760e-001
% function evaluation | indicator value | target hit
1	3.634006485208082e+004	3.715352290971728e+004
2	2.525448884459179e+003	2.570395782768865e+003
3	1.709830523660092e+003	1.737800828749376e+003
4	1.218949421595185e+003	1.230268770812381e+003
9	1.150572249247466e+003	1.174897554939529e+003
29	1.053691944088252e+003	1.071519305237606e+003
55	8.226932234125201e+002	8.317637711026708e+002
65	7.117813834130506e+002	7.244359600749899e+002
94	6.746626224355332e+002	6.760829753919819e+002
211	5.734059230951426e+002	5.754399373371566e+002
331	4.102973739621745e+002	4.168693834703355e+002
514	3.209356611822081e+002	3.235936569296281e+002
572	2.928156843729075e+002	2.951209226666387e+002
671	2.768939521182472e+002	2.818382931264455e+002
779	2.431381167920675e+002	2.454708915685031e+002
786	2.264067511697199e+002	2.290867652767772e+002
812	1.929456820435305e+002	1.949844599758046e+002
1042	1.784744781164126e+002	1.819700858609982e+002
1136	1.558383728307162e+002	1.584893192461114e+002
1164	1.101314098606034e+002	1.122018454301963e+002
1456	1.092138404501396e+002	1.096478196143185e+002
1470	9.015307049139062e+001	9.120108393559097e+001
1591	6.381284929827849e+001	6.456542290346556e+001
1786	5.780497799961272e+001	5.888436553555890e+001
1892	5.721503683452580e+001	5.754399373371570e+001
1896	5.431345497296633e+001	5.495408738576246e+001
1996	4.781489625057457e+001	4.786300923226383e+001
2084	4.212709088840206e+001	4.265795188015925e+001
2136	3.981629868454866e+001	4.073802778041128e+001
2161	2.794017235233168e+001	2.818382931264453e+001
2171	1.578747951824731e+001	1.584893192461113e+001
2819	1.541168713964901e+001	1.548816618912481e+001
2896	1.497203260449894e+001	1.513561248436208e+001
2899	1.288117014295985e+001	1.288249551693134e+001
2977	6.653463183307768e+000	6.760829753919817e+000
3034	6.142772515126416e+000	6.165950018614822e+000
3516	5.072718328035326e+000	5.128613839913649e+000
3537	4.468420542799034e+000	4.570881896148751e+000
3785	4.317672613416241e+000	4.365158322401660e+000
3825	4.048932713015028e+000	4.073802778041127e+000
3931	3.558315070822302e+000	3.630780547701014e+000
3982	3.379034306149383e+000	3.388441561392026e+000
4012	2.498375914672718e+000	2.511886431509580e+000
4141	2.080298022762399e+000	2.089296130854040e+000
4307	1.757653806405422e+000	1.778279410038923e+000
4381	1.226315385482576e+000	1.230268770812382e+000
4569	1.051945305304076e+000	1.071519305237606e+000
4801	9.855987523480759e-001	1.000000000000000e+000
4837	9.732138454261072e-001	9.772372209558107e-001
5148	9.158478249655374e-001	9.332543007969910e-001
5242	9.060258823149244e-001	9.120108393559098e-001
5322	8.645282495913553e-001	8.709635899560806e-001
5327	8.163395385390202e-001	8.317637711026710e-001
5430	8.121668100612798e-001	8.128305161640993e-001
5439	7.602056692431450e-001	7.762471166286917e-001
5444	7.445012272591447e-001	7.585775750291838e-001
5568	7.138225463602947e-001	7.244359600749900e-001
5609	7.077199884396349e-001	7.079457843841379e-001
5756	6.897460596170435e-001	6.918309709189364e-001
5811	6.593379723059660e-001	6.606934480075960e-001
5818	5.515219700960805e-001	5.623413251903491e-001
5820	4.918686800764176e-001	5.011872336272722e-001
5826	4.895486689993700e-001	4.897788193684462e-001
5982	4.680618332376112e-001	4.786300923226383e-001
5989	4.661241836061996e-001	4.677351412871982e-001
6053	4.547850203251115e-001	4.570881896148750e-001
6084	4.331758542187251e-001	4.365158322401660e-001
6101	4.229363261290500e-001	4.265795188015927e-001
6132	4.073361915952325e-001	4.073802778041127e-001
6159	3.932457007282085e-001	3.981071705534973e-001
6192	3.770824697432895e-001	3.801893963205612e-001
6218	3.710684571765319e-001	3.715352290971726e-001
6233	3.497271292537612e-001	3.548133892335755e-001
6292	3.447116869482392e-001	3.467368504525316e-001
6295	3.379414773668997e-001	3.388441561392026e-001
6303	3.300677196810946e-001	3.311311214825911e-001
6379	3.181743506059666e-001	3.235936569296283e-001
6380	3.141338107731730e-001	3.162277660168379e-001
6465	2.885217144480622e-001	2.951209226666385e-001
6467	2.857975379578545e-001	2.884031503126606e-001
6538	2.780915470647668e-001	2.818382931264454e-001
6559	2.751098324496535e-001	2.754228703338166e-001
6612	2.683880411792955e-001	2.691534803926916e-001
6769	2.579992271708276e-001	2.630267991895382e-001
6795	2.558742793644226e-001	2.570395782768864e-001
6853	2.511427478102352e-001	2.511886431509580e-001
6894	2.453702864471008e-001	2.454708915685031e-001
6996	2.389736286315801e-001	2.398832919019490e-001
7002	2.302676135772546e-001	2.344228815319922e-001
7010	2.277882891383799e-001	2.290867652767773e-001
7052	2.235848755014438e-001	2.238721138568340e-001
7065	2.187699653706837e-001	2.187761623949552e-001
7124	2.065369726141958e-001	2.089296130854039e-001
7128	1.985278830508727e-001	1.995262314968880e-001
7130	1.789322970174095e-001	1.819700858609984e-001
7132	1.678720037804439e-001	1.698243652461744e-001
7187	1.640872612189772e-001	1.659586907437561e-001
7237	1.559989332495820e-001	1.584893192461113e-001
7326	1.534833050596459e-001	1.548816618912481e-001
7365	1.490957973513448e-001	1.513561248436208e-001
7378	1.419858264433666e-001	1.445439770745928e-001
7450	1.391495063750308e-001	1.412537544622755e-001
7607	1.378282790958839e-001	1.380384264602885e-001
7680	1.325575263412813e-001	1.348962882591654e-001
7746	1.304650051975462e-001	1.318256738556407e-001
7808	1.284722186461919e-001	1.288249551693134e-001
7934	1.254920088962480e-001	1.258925411794167e-001
7945	1.230035035723679e-001	1.230268770812382e-001
8024	1.165159800755083e-001	1.174897554939529e-001
8095	1.138461655503462e-001	1.148153621496883e-001
8110	1.110976779364149e-001	1.122018454301964e-001
8141	1.028071384649631e-001	1.047128548050900e-001
8175	1.005621509011399e-001	1.023292992280754e-001
8179	9.960541349005869e-002	1.000000000000000e-001
8255	9.722066349354530e-002	9.772372209558107e-002
8316	9.161059987200471e-002	9.332543007969910e-002
8338	9.115014569367808e-002	9.120108393559097e-002
8438	8.863467937390224e-002	8.912509381337455e-002
8600	8.663840048025762e-002	8.709635899560805e-002
8752	7.508349352134247e-002	7.585775750291836e-002
8829	7.368468790532912e-002	7.413102413009177e-002
8869	6.948345542116174e-002	7.079457843841380e-002
8958	6.892795219074921e-002	6.918309709189366e-002
9104	6.011914562980425e-002	6.025595860743578e-002
9123	5.365073074973836e-002	5.370317963702527e-002
9341	5.119830298180705e-002	5.128613839913648e-002
9377	4.570338685910746e-002	4.570881896148749e-002
9438	4.367639431189108e-002	4.466835921509630e-002
9471	4.338935751364459e-002	4.365158322401658e-002
9588	4.260811657355257e-002	4.265795188015926e-002
9696	4.156139043686058e-002	4.168693834703355e-002
9777	3.981825420416396e-002	4.073802778041128e-002
9792	3.980587596111251e-002	3.981071705534973e-002
9986	3.851140749498083e-002	3.890451449942807e-002
10173	3.628153532476020e-002	3.630780547701014e-002
10193	3.361121501173514e-002	3.388441561392026e-002
10286	3.310572744297202e-002	3.311311214825911e-002
10429	3.223534248468107e-002	3.235936569296283e-002
10557	3.089807362260133e-002	3.090295432513590e-002
10704	3.004972780753479e-002	3.019951720402016e-002
10869	2.950481129664628e-002	2.951209226666385e-002
11095	2.883446253757072e-002	2.884031503126606e-002
11190	2.816293411927640e-002	2.818382931264454e-002
11228	2.752873853856630e-002	2.754228703338166e-002
11231	2.665166041348777e-002	2.691534803926915e-002
11295	2.477212951553698e-002	2.511886431509579e-002
11356	2.404996010958260e-002	2.454708915685030e-002
11440	2.392197810266306e-002	2.398832919019490e-002
11586	2.344153033522733e-002	2.344228815319923e-002
11603	2.188861845930346e-002	2.238721138568340e-002
11606	2.187178776281695e-002	2.187761623949553e-002
11769	2.126968719449474e-002	2.137962089502233e-002
11900	2.062496577176343e-002	2.089296130854040e-002
12071	2.040380286881882e-002	2.041737944669530e-002
12341	1.993688102106683e-002	1.995262314968880e-002
12631	1.865652211247293e-002	1.905460717963247e-002
12713	1.858958814549550e-002	1.862087136662868e-002
13041	1.801578989997177e-002	1.819700858609984e-002
13054	1.773994727178740e-002	1.778279410038923e-002
13156	1.584825505828313e-002	1.584893192461113e-002
13241	1.521517199489875e-002	1.548816618912481e-002
13318	1.473207538143384e-002	1.479108388168207e-002
13568	1.280859430714054e-002	1.288249551693134e-002
13698	1.239744173380697e-002	1.258925411794168e-002
13777	1.223006762548895e-002	1.230268770812382e-002
13859	1.199766146764980e-002	1.202264434617413e-002
14010	1.070080282425079e-002	1.071519305237607e-002
14496	1.046935048860764e-002	1.047128548050900e-002
17425	1.023065498681142e-002	1.023292992280754e-002
2000001	1.014771471116327e-002	1.023292992280754e-002
%
% index = 2632, name = bbob_f014_i07_d20__bbob_f020_i08_d20
% instance = 3, reference value = 9.778098866204230e-001
% function evaluation | indicator value | target hit
1	9.771816845178790e+003	9.772372209558111e+003
4	8.301664755414480e+003	8.317637711026709e+003
5	6.943536815656209e+003	7.079457843841380e+003
6	3.245265463884424e+003	3.311311214825911e+003
14	2.557613271327759e+003	2.570395782768865e+003
21	1.147865932120971e+003	1.148153621496883e+003
174	1.115551608338754e+003	1.122018454301963e+003
329	1.079382325817345e+003	1.096478196143185e+003
399	1.000394034923765e+003	1.023292992280754e+003
467	7.717144464678872e+002	7.762471166286920e+002
670	7.097497647159229e+002	7.244359600749899e+002
766	5.808737761569041e+002	5.888436553555890e+002
817	4.161748347195412e+002	4.168693834703355e+002
1146	3.669798567523922e+002	3.715352290971724e+002
1353	3.351194030993283e+002	3.388441561392024e+002
1374	2.840760057769370e+002	2.884031503126606e+002
1642	1.874823500522151e+002	1.905460717963246e+002
1696	1.749463817297833e+002	1.778279410038923e+002
2065	1.508008630689569e+002	1.513561248436209e+002
2073	1.266022454112524e+002	1.288249551693134e+002
2147	9.515936206437800e+001	9.549925860214358e+001
2289	8.860882280188659e+001	8.912509381337455e+001
2469	6.678464012531586e+001	6.760829753919819e+001
2520	6.158786639674247e+001	6.165950018614822e+001
2942	5.375456694687919e+001	5.495408738576246e+001
2952	4.811119537536204e+001	4.897788193684461e+001
2976	4.633545025602886e+001	4.677351412871981e+001
2982	4.299983999879457e+001	4.365158322401658e+001
3191	4.214654383721356e+001	4.265795188015925e+001
3266	3.870651570845470e+001	3.890451449942807e+001
3399	2.893810302227449e+001	2.951209226666386e+001
3551	1.860079211966008e+001	1.862087136662868e+001
4153	1.713440968738376e+001	1.737800828749375e+001
4270	1.630136312996101e+001	1.659586907437561e+001
4273	1.440015100850572e+001	1.445439770745927e+001
4301	1.117110142499823e+001	1.122018454301964e+001
4395	1.035589098237262e+001	1.047128548050900e+001
4595	5.256394941545610e+000	5.370317963702528e+000
5117	4.687937017866478e+000	4.786300923226384e+000
5170	2.948877387890997e+000	2.951209226666386e+000
5356	2.764392698645111e+000	2.818382931264454e+000
5458	2.387689524458950e+000	2.398832919019490e+000
5468	2.119772698733423e+000	2.137962089502232e+000
5523	1.933762013355358e+000	1.949844599758045e+000
5535	1.527793134581923e+000	1.548816618912481e+000
5706	9.610912518537383e-001	9.772372209558107e-001
5932	8.624017131254453e-001	8.709635899560806e-001
6183	8.510337838513964e-001	8.511380382023764e-001
6362	7.761751311331023e-001	7.762471166286917e-001
6449	7.172196592759833e-001	7.244359600749900e-001
6545	6.545216336694237e-001	6.606934480075960e-001
6585	6.434027514888392e-001	6.456542290346555e-001
6593	5.990252101350524e-001	6.025595860743578e-001
6708	5.794126953325095e-001	5.888436553555889e-001
6712	5.748812066356182e-001	5.754399373371569e-001
6755	5.512797703583469e-001	5.623413251903491e-001
6817	5.284699243966677e-001	5.370317963702527e-001
6827	5.108198319560739e-001	5.128613839913648e-001
6962	4.758258412223423e-001	4.786300923226383e-001
7021	4.509641521740142e-001	4.570881896148750e-001
7025	4.456085286751349e-001	4.466835921509632e-001
7037	4.318621574235280e-001	4.365158322401660e-001
7089	4.165302467108301e-001	4.168693834703354e-001
7140	4.030718331392589e-001	4.073802778041127e-001
7168	3.978825636880470e-001	3.981071705534973e-001
7206	3.838379992041070e-001	3.890451449942806e-001
7233	3.794200439258971e-001	3.801893963205612e-001
7256	3.528922069357521e-001	3.548133892335755e-001
7272	3.307823586543383e-001	3.311311214825911e-001
7278	3.215910311148374e-001	3.235936569296283e-001
7286	3.126403841798933e-001	3.162277660168379e-001
7303	3.085731959596096e-001	3.090295432513591e-001
7320	2.980644395194095e-001	3.019951720402016e-001
7339	2.869145767583905e-001	2.884031503126606e-001
7431	2.763756821414611e-001	2.818382931264454e-001
7471	2.753041887103690e-001	2.754228703338166e-001
7545	2.658941305259853e-001	2.691534803926916e-001
7598	2.595778061712843e-001	2.630267991895382e-001
7600	2.512363183274573e-001	2.570395782768864e-001
7608	2.493486689972934e-001	2.511886431509580e-001
7681	2.441940026363508e-001	2.454708915685031e-001
7691	2.377000029069851e-001	2.398832919019490e-001
7705	2.342342281145973e-001	2.344228815319922e-001
7735	2.240208499240844e-001	2.290867652767773e-001
7769	2.231888288670242e-001	2.238721138568340e-001
7774	2.174983225207664e-001	2.187761623949552e-001
7884	1.966408135199510e-001	1.995262314968880e-001
7899	1.943534883783477e-001	1.949844599758046e-001
7997	1.804915690028445e-001	1.819700858609984e-001
8026	1.753932015148463e-001	1.778279410038923e-001
8065	1.734154856614927e-001	1.737800828749375e-001
8153	1.688362959830485e-001	1.698243652461744e-001
8218	1.635438110226959e-001	1.659586907437561e-001
8273	1.620676519640538e-001	1.621810097358930e-001
8381	1.579461559755702e-001	1.584893192461113e-001
8435	1.514112416993282e-001	1.548816618912481e-001
8436	1.513491737560552e-001	1.513561248436208e-001
8463	1.476365542235901e-001	1.479108388168208e-001
8492	1.412629115715258e-001	1.445439770745928e-001
8494	1.410744519975559e-001	1.412537544622755e-001
8525	1.373399988861382e-001	1.380384264602885e-001
8684	1.343182570016330e-001	1.348962882591654e-001
8716	1.317104936558257e-001	1.318256738556407e-001
8820	1.257433410161729e-001	1.258925411794167e-001
8875	1.223292497530542e-001	1.230268770812382e-001
8933	1.193211971441228e-001	1.202264434617413e-001
9061	1.171469673357468e-001	1.174897554939529e-001
9154	1.147161237808526e-001	1.148153621496883e-001
9242	1.121152773778087e-001	1.122018454301964e-001
9310	1.094485038567750e-001	1.096478196143185e-001
9394	1.071458105495797e-001	1.071519305237607e-001
9617	1.044910999587025e-001	1.047128548050900e-001
9633	1.021429182812729e-001	1.023292992280754e-001
9688	9.802158826924168e-002	1.000000000000000e-001
9733	9.771894898601907e-002	9.772372209558107e-002
9838	9.342380639774905e-002	9.549925860214359e-002
9904	9.049549197844065e-002	9.120108393559097e-002
10023	8.674055361731037e-002	8.709635899560805e-002
10126	8.493280365193934e-002	8.511380382023763e-002
10237	8.146777001496164e-002	8.317637711026708e-002
10284	7.848552373724116e-002	7.943282347242814e-002
10307	7.761540144473356e-002	7.762471166286916e-002
10576	7.367566717697138e-002	7.413102413009177e-002
10610	6.386048584631543e-002	6.456542290346556e-002
10615	6.297908365622451e-002	6.309573444801933e-002
10883	6.149790270167033e-002	6.165950018614822e-002
11045	5.846861111652613e-002	5.888436553555890e-002
11174	5.648459093270630e-002	5.754399373371569e-002
11243	5.618339047144905e-002	5.623413251903491e-002
11601	5.420048725642057e-002	5.495408738576246e-002
11614	5.110623001516179e-002	5.128613839913648e-002
11819	5.006450815305030e-002	5.011872336272722e-002
12071	4.727622568677026e-002	4.786300923226383e-002
12283	4.671982482746118e-002	4.677351412871982e-002
12581	4.570786333678312e-002	4.570881896148749e-002
12799	4.436885032794846e-002	4.466835921509630e-002
12949	4.172721040924809e-002	4.265795188015926e-002
12970	4.168463026582647e-002	4.168693834703355e-002
13038	3.870970653338668e-002	3.890451449942807e-002
13297	3.800129597443036e-002	3.801893963205612e-002
13406	3.221527544945324e-002	3.235936569296283e-002
13656	3.157665422512646e-002	3.162277660168379e-002
13842	3.069881663705687e-002	3.090295432513590e-002
13930	3.016773575917398e-002	3.019951720402016e-002
14131	2.900097354968023e-002	2.951209226666385e-002
14257	2.881788136416164e-002	2.884031503126606e-002
14875	2.523722835803000e-002	2.570395782768863e-002
14899	2.509246016374245e-002	2.511886431509579e-002
15163	2.452985236441407e-002	2.454708915685030e-002
15315	2.381419352488756e-002	2.398832919019490e-002
15364	2.341687220140754e-002	2.344228815319923e-002
15661	2.290568236745827e-002	2.290867652767774e-002
16260	2.229349730583052e-002	2.238721138568340e-002
16913	2.187420406240259e-002	2.187761623949553e-002
19913	2.137896657505711e-002	2.137962089502233e-002
2000001	2.113229031720076e-002	2.137962089502233e-002
%
% index = 2633, name = bbob_f014_i09_d20__bbob_f020_i10_d20
% instance = 4, reference value = 9.844001418741210e-001
% function evaluation | indicator value | target hit
1	1.804970489338669e+003	1.819700858609983e+003
6	5.627033992344919e+002	5.754399373371566e+002
10	4.917002376622998e+002	5.011872336272725e+002
37	4.733553461556199e+002	4.786300923226385e+002
51	4.361180587599282e+002	4.365158322401661e+002
80	3.769009422174941e+002	3.801893963205613e+002
294	3.661646390937101e+002	3.715352290971724e+002
339	2.787734488792054e+002	2.818382931264455e+002
431	2.740596792878486e+002	2.754228703338166e+002
490	2.635544385585301e+002	2.691534803926917e+002
545	2.130137186942436e+002	2.137962089502233e+002
723	1.754536330871312e+002	1.778279410038923e+002
800	1.612373423223403e+002	1.621810097358930e+002
869	1.453074103143388e+002	1.479108388168207e+002
875	1.334553353260488e+002	1.348962882591653e+002
936	1.315349900625341e+002	1.318256738556407e+002
956	9.578191096118592e+001	9.772372209558107e+001
1101	7.344089348328556e+001	7.413102413009177e+001
1365	6.450310019118265e+001	6.456542290346556e+001
1398	5.792131850060559e+001	5.888436553555890e+001
1504	4.679395392213015e+001	4.786300923226383e+001
1843	3.836214291471679e+001	3.890451449942807e+001
1985	2.872486975039355e+001	2.884031503126606e+001
2308	2.100231869441689e+001	2.137962089502232e+001
2431	1.696360805776092e+001	1.698243652461744e+001
2566	1.412777219326134e+001	1.445439770745927e+001
2798	9.687257111905877e+000	9.772372209558107e+000
3017	8.622252858947057e+000	8.709635899560805e+000
3233	7.530946365611734e+000	7.585775750291838e+000
3384	7.376465478394050e+000	7.413102413009175e+000
3476	7.054884845967202e+000	7.079457843841379e+000
3477	6.601396688460278e+000	6.606934480075959e+000
3486	5.487845381132315e+000	5.495408738576245e+000
3619	4.539017190842296e+000	4.570881896148751e+000
3695	4.293485073161145e+000	4.365158322401660e+000
3750	3.508673077467209e+000	3.548133892335755e+000
3983	2.953396819380390e+000	3.019951720402016e+000
4237	2.549388602992293e+000	2.570395782768864e+000
4304	2.342883489798621e+000	2.344228815319922e+000
4326	1.881456607871364e+000	1.905460717963247e+000
4411	1.721364501464621e+000	1.737800828749375e+000
4462	1.535501051174599e+000	1.548816618912481e+000
4659	1.372322656617621e+000	1.380384264602885e+000
4787	1.146658158831443e+000	1.148153621496883e+000
4896	1.115114887522899e+000	1.122018454301963e+000
4900	1.071200683416621e+000	1.071519305237606e+000
5073	9.811684332058839e-001	1.000000000000000e+000
5143	9.733574014676230e-001	9.772372209558107e-001
5267	9.272626090188313e-001	9.332543007969910e-001
5301	6.370931618632263e-001	6.456542290346555e-001
5533	6.295275893008336e-001	6.309573444801933e-001
5548	6.151912213697791e-001	6.165950018614822e-001
5617	5.999476685304005e-001	6.025595860743578e-001
5676	5.703141095337553e-001	5.754399373371569e-001
5691	5.028546965404162e-001	5.128613839913648e-001
5718	4.858707320146300e-001	4.897788193684462e-001
5769	4.786103470169396e-001	4.786300923226383e-001
5990	4.318771519832885e-001	4.365158322401660e-001
6018	4.245669920583948e-001	4.265795188015927e-001
6029	3.639980617188954e-001	3.715352290971726e-001
6041	3.624550346464445e-001	3.630780547701014e-001
6156	3.538119595724522e-001	3.548133892335755e-001
6229	3.409820057292244e-001	3.467368504525316e-001
6298	3.308083757511225e-001	3.311311214825911e-001
6320	3.216929211527565e-001	3.235936569296283e-001
6330	3.082312007531946e-001	3.090295432513591e-001
6331	2.973248623464528e-001	3.019951720402016e-001
6335	2.855312717697652e-001	2.884031503126606e-001
6362	2.816015906040390e-001	2.818382931264454e-001
6429	2.740587176540565e-001	2.754228703338166e-001
6458	2.575817532076206e-001	2.630267991895382e-001
6477	2.552801835883564e-001	2.570395782768864e-001
6546	2.493384909587426e-001	2.511886431509580e-001
6582	2.401814364127904e-001	2.454708915685031e-001
6604	2.390908902423609e-001	2.398832919019490e-001
6657	2.230220163040121e-001	2.238721138568340e-001
6685	2.058713861669214e-001	2.089296130854039e-001
6705	2.035705651344423e-001	2.041737944669530e-001
6729	1.940651806424463e-001	1.949844599758046e-001
6737	1.903870048130996e-001	1.905460717963247e-001
6768	1.762031967754693e-001	1.778279410038923e-001
6844	1.716309023128150e-001	1.737800828749375e-001
6939	1.687599891310306e-001	1.698243652461744e-001
7006	1.557473061577022e-001	1.584893192461113e-001
7040	1.291097297588257e-001	1.318256738556407e-001
7114	1.283365473261514e-001	1.288249551693134e-001
7134	1.250589365548208e-001	1.258925411794167e-001
7320	1.230077368949454e-001	1.230268770812382e-001
7350	1.189707186640304e-001	1.202264434617413e-001
7379	1.143691547056555e-001	1.148153621496883e-001
7457	1.087840846793389e-001	1.096478196143185e-001
7463	1.066434111882915e-001	1.071519305237607e-001
7505	1.045510316058861e-001	1.047128548050900e-001
7539	1.015831002428685e-001	1.023292992280754e-001
7561	9.772454487317817e-002	1.000000000000000e-001
7566	9.755525695862288e-002	9.772372209558107e-002
7622	9.386042596698518e-002	9.549925860214359e-002
7640	9.312808630087965e-002	9.332543007969910e-002
7707	9.115746664975777e-002	9.120108393559097e-002
7798	8.862051133416438e-002	8.912509381337455e-002
8006	8.709417360396676e-002	8.709635899560805e-002
8088	8.462433405146774e-002	8.511380382023763e-002
8101	8.185898397230207e-002	8.317637711026708e-002
8215	8.127522967186018e-002	8.128305161640990e-002
8296	6.493205657138323e-002	6.606934480075961e-002
8375	6.433864259907307e-002	6.456542290346556e-002
8525	6.302292966305112e-002	6.309573444801933e-002
8631	6.066756861197442e-002	6.165950018614822e-002
8842	6.022422908480196e-002	6.025595860743578e-002
8889	5.575928051744306e-002	5.623413251903491e-002
8937	5.115423507749994e-002	5.128613839913648e-002
9103	4.859044886001529e-002	4.897788193684461e-002
9339	4.777395359123360e-002	4.786300923226383e-002
9401	4.616795433478238e-002	4.677351412871982e-002
9699	4.570546082767801e-002	4.570881896148749e-002
9880	4.430650274393078e-002	4.466835921509630e-002
9996	4.331243417440889e-002	4.365158322401658e-002
10687	4.227740842103545e-002	4.265795188015926e-002
10811	4.153513896700800e-002	4.168693834703355e-002
10849	3.840759206466926e-002	3.890451449942807e-002
10862	3.508699154869388e-002	3.548133892335755e-002
11187	3.358897556110163e-002	3.388441561392026e-002
11410	3.233727992238800e-002	3.235936569296283e-002
12217	2.590869736837798e-002	2.630267991895382e-002
12299	2.565034416164835e-002	2.570395782768863e-002
12554	2.401891598002803e-002	2.454708915685030e-002
12577	2.398327070447437e-002	2.398832919019490e-002
12634	2.303284476126022e-002	2.344228815319923e-002
12771	2.290789607194799e-002	2.290867652767774e-002
12855	2.238400387397832e-002	2.238721138568340e-002
13208	2.185872985367132e-002	2.187761623949553e-002
13815	2.137960246287252e-002	2.137962089502233e-002
2000001	2.099461075566855e-002	2.137962089502233e-002
%
% index = 2634, name = bbob_f014_i11_d20__bbob_f020_i12_d20
% instance = 5, reference value = 9.741625104361300e-001
% function evaluation | indicator value | target hit
1	6.155239728850072e+004	6.165950018614822e+004
2	1.295236722086363e+004	1.318256738556407e+004
3	7.241399744427816e+003	7.244359600749899e+003
10	3.722110604832697e+003	3.801893963205613e+003
11	3.106097437324751e+003	3.162277660168380e+003
34	2.456833833875236e+003	2.511886431509580e+003
51	1.353554631410429e+003	1.380384264602885e+003
101	1.323708103020805e+003	1.348962882591653e+003
116	1.311036737705063e+003	1.318256738556408e+003
339	1.251254203397851e+003	1.258925411794168e+003
410	1.014688265144593e+003	1.023292992280754e+003
630	9.434498362230650e+002	9.549925860214360e+002
638	7.070091655978997e+002	7.079457843841381e+002
663	6.198957135715614e+002	6.309573444801930e+002
703	6.149660178865890e+002	6.165950018614822e+002
760	5.021286848463259e+002	5.128613839913649e+002
1223	4.052543824268449e+002	4.073802778041126e+002
1280	3.609900633845346e+002	3.630780547701014e+002
1380	3.385931208510178e+002	3.388441561392024e+002
1440	2.314749051410842e+002	2.344228815319923e+002
1992	1.907216863768544e+002	1.949844599758046e+002
2312	1.803602352871017e+002	1.819700858609982e+002
2322	1.696080882401266e+002	1.698243652461744e+002
2375	1.296802532386718e+002	1.318256738556407e+002
2383	1.004976723030560e+002	1.023292992280754e+002
2507	9.690356319768301e+001	9.772372209558107e+001
2572	9.167534143541249e+001	9.332543007969910e+001
2831	6.154637451190446e+001	6.165950018614822e+001
3042	5.948379106770580e+001	6.025595860743578e+001
3044	5.844650628768835e+001	5.888436553555890e+001
3150	5.720636177281389e+001	5.754399373371570e+001
3194	5.498544908232948e+001	5.623413251903491e+001
3219	5.333041486382062e+001	5.370317963702527e+001
3360	5.029570684495330e+001	5.128613839913648e+001
3392	3.926867062285219e+001	3.981071705534973e+001
3553	3.412864133801195e+001	3.467368504525317e+001
3637	3.055412715107457e+001	3.090295432513591e+001
3719	2.869151869698734e+001	2.884031503126606e+001
3930	2.591640068093848e+001	2.630267991895381e+001
4059	2.290672619094193e+001	2.290867652767774e+001
4149	2.026404429330671e+001	2.041737944669530e+001
4223	1.771197190282240e+001	1.778279410038923e+001
4303	1.459608846499236e+001	1.479108388168207e+001
4369	1.298877000995171e+001	1.318256738556407e+001
4434	1.021171976838331e+001	1.023292992280754e+001
4760	7.986453317771394e+000	8.128305161640993e+000
4840	7.389329641018188e+000	7.413102413009175e+000
5041	6.696561040604502e+000	6.760829753919817e+000
5225	6.475190451916692e+000	6.606934480075959e+000
5270	5.729374356813940e+000	5.754399373371570e+000
5376	5.465011994454171e+000	5.495408738576245e+000
5413	4.688917667113739e+000	4.786300923226384e+000
5475	4.542378502260645e+000	4.570881896148751e+000
5723	4.227281579654748e+000	4.265795188015927e+000
5724	3.769542721352644e+000	3.801893963205612e+000
5741	3.565799077970084e+000	3.630780547701014e+000
5837	3.025179693965401e+000	3.090295432513591e+000
5860	2.957895211021093e+000	3.019951720402016e+000
5958	2.288755665100833e+000	2.290867652767773e+000
6155	1.935416444896345e+000	1.949844599758045e+000
6309	9.446639526748175e-001	9.549925860214360e-001
6443	8.732534659781155e-001	8.912509381337456e-001
6728	7.932226164922150e-001	7.943282347242815e-001
6752	7.729065662172009e-001	7.762471166286917e-001
6824	7.150157566336406e-001	7.244359600749900e-001
6877	7.063957475875381e-001	7.079457843841379e-001
6924	6.759984071496138e-001	6.760829753919818e-001
6992	6.230687336205036e-001	6.309573444801933e-001
7010	5.827089705177325e-001	5.888436553555889e-001
7114	4.719919713447300e-001	4.786300923226383e-001
7257	4.662305267304101e-001	4.677351412871982e-001
7268	4.470749204877609e-001	4.570881896148750e-001
7275	4.462953980326907e-001	4.466835921509632e-001
7327	3.906038659019596e-001	3.981071705534973e-001
7370	3.866712088531586e-001	3.890451449942806e-001
7400	3.346933118771972e-001	3.388441561392026e-001
7600	3.176135881199632e-001	3.235936569296283e-001
7608	3.116115772783474e-001	3.162277660168379e-001
7619	3.077409872983191e-001	3.090295432513591e-001
7629	2.827980145134621e-001	2.884031503126606e-001
7632	2.706144070054932e-001	2.754228703338166e-001
7663	2.581000542126359e-001	2.630267991895382e-001
7684	2.566666086119780e-001	2.570395782768864e-001
7747	2.306542788592954e-001	2.344228815319922e-001
7835	2.286084770893205e-001	2.290867652767773e-001
7842	2.159952175727379e-001	2.187761623949552e-001
7877	2.055936361451305e-001	2.089296130854039e-001
7957	2.034748328339107e-001	2.041737944669530e-001
7980	1.943145047673739e-001	1.949844599758046e-001
8000	1.887931314345168e-001	1.905460717963247e-001
8093	1.831240679119596e-001	1.862087136662868e-001
8097	1.722217568174349e-001	1.737800828749375e-001
8125	1.615502633176753e-001	1.621810097358930e-001
8228	1.581505838712937e-001	1.584893192461113e-001
8249	1.543498476301703e-001	1.548816618912481e-001
8343	1.460123866730493e-001	1.479108388168208e-001
8385	1.435727559654207e-001	1.445439770745928e-001
8397	1.392208996145423e-001	1.412537544622755e-001
8432	1.377877872369958e-001	1.380384264602885e-001
8433	1.335238160496779e-001	1.348962882591654e-001
8443	1.282321928468517e-001	1.288249551693134e-001
8470	1.221495458995510e-001	1.230268770812382e-001
8517	1.201819946326179e-001	1.202264434617413e-001
8636	1.173854521575274e-001	1.174897554939529e-001
8736	9.162877335360442e-002	9.332543007969910e-002
8745	9.030179899497781e-002	9.120108393559097e-002
8870	8.873500594846506e-002	8.912509381337455e-002
8980	8.656973109193233e-002	8.709635899560805e-002
9005	7.680386125470728e-002	7.762471166286916e-002
9125	7.584444678640012e-002	7.585775750291836e-002
9280	7.406940925755612e-002	7.413102413009177e-002
9380	7.227268316096325e-002	7.244359600749903e-002
9548	7.074949726888280e-002	7.079457843841380e-002
9658	6.894561373190189e-002	6.918309709189366e-002
9800	6.760373888255822e-002	6.760829753919818e-002
9871	6.595116211080931e-002	6.606934480075961e-002
9954	6.447732576185528e-002	6.456542290346556e-002
10118	5.985021697264026e-002	6.025595860743578e-002
10217	5.884830447247469e-002	5.888436553555890e-002
10376	5.750715170297516e-002	5.754399373371569e-002
10676	5.362022564096658e-002	5.370317963702527e-002
10840	5.028567969620290e-002	5.128613839913648e-002
10892	5.003630925770675e-002	5.011872336272722e-002
10998	4.886797394214859e-002	4.897788193684461e-002
11041	4.520502580311159e-002	4.570881896148749e-002
11322	4.419473321985801e-002	4.466835921509630e-002
11382	4.360755384815851e-002	4.365158322401658e-002
11466	4.228400126949072e-002	4.265795188015926e-002
11555	3.967353419087349e-002	3.981071705534973e-002
11649	3.878430006105160e-002	3.890451449942807e-002
11770	3.797120108615804e-002	3.801893963205612e-002
11899	3.452585876119851e-002	3.467368504525317e-002
12065	3.303654241361276e-002	3.311311214825911e-002
12394	3.235916365484870e-002	3.235936569296283e-002
12656	3.141874160579483e-002	3.162277660168379e-002
12878	3.022947581453317e-002	3.090295432513590e-002
12898	3.018212510654661e-002	3.019951720402016e-002
12963	2.670450974896077e-002	2.691534803926915e-002
13091	2.618381573237860e-002	2.630267991895382e-002
13269	2.566783673567452e-002	2.570395782768863e-002
13496	2.508483286819851e-002	2.511886431509579e-002
13777	2.203918385119774e-002	2.238721138568340e-002
13840	2.143386377700252e-002	2.187761623949553e-002
13924	2.137587371071636e-002	2.137962089502233e-002
14123	1.931562978043977e-002	1.949844599758046e-002
14139	1.866296877769569e-002	1.905460717963247e-002
14233	1.822735847059898e-002	1.862087136662868e-002
14274	1.819122371008042e-002	1.819700858609984e-002
14387	1.774874543611849e-002	1.778279410038923e-002
14572	1.736761584157875e-002	1.737800828749376e-002
15009	1.696622251647539e-002	1.698243652461744e-002
15300	1.659537781893272e-002	1.659586907437561e-002
15947	1.621732139053078e-002	1.621810097358930e-002
17127	1.584811009607268e-002	1.584893192461113e-002
25357	1.548814100848772e-002	1.548816618912481e-002
2000001	1.542895419984303e-002	1.548816618912481e-002
%
% index = 2635, name = bbob_f014_i13_d20__bbob_f020_i14_d20
% instance = 6, reference value = 9.813040792551800e-001
% function evaluation | indicator value | target hit
1	2.216380499669306e+004	2.238721138568338e+004
2	2.285904148932465e+003	2.290867652767772e+003
6	1.345186992064852e+003	1.348962882591653e+003
22	6.611716454548335e+002	6.760829753919819e+002
62	6.354435557109010e+002	6.456542290346556e+002
80	6.128974105105772e+002	6.165950018614822e+002
224	5.429902818118627e+002	5.495408738576248e+002
264	5.070823297999925e+002	5.128613839913649e+002
441	4.086101228977514e+002	4.168693834703355e+002
450	3.171974462300057e+002	3.235936569296281e+002
877	2.753899425573002e+002	2.754228703338166e+002
948	2.147933020140580e+002	2.187761623949552e+002
1133	1.162225669600257e+002	1.174897554939529e+002
1443	8.904655242569615e+001	8.912509381337455e+001
1517	7.907693822736783e+001	7.943282347242814e+001
1897	4.603060351747848e+001	4.677351412871981e+001
2323	3.409763377173358e+001	3.467368504525317e+001
2487	3.155860481971267e+001	3.162277660168379e+001
2570	2.862157417046115e+001	2.884031503126606e+001
2731	2.110109448936501e+001	2.137962089502232e+001
2874	2.029499037348223e+001	2.041737944669530e+001
3004	1.868180165461819e+001	1.905460717963247e+001
3039	1.794268641307838e+001	1.819700858609983e+001
3217	1.657283075618272e+001	1.659586907437561e+001
3250	1.477464653901745e+001	1.479108388168207e+001
3363	9.877985150668648e+000	1.000000000000000e+001
3425	9.006693320671076e+000	9.120108393559097e+000
3474	7.740029918698794e+000	7.762471166286917e+000
3578	6.664661787628257e+000	6.760829753919817e+000
3693	5.595021357085436e+000	5.623413251903491e+000
3736	5.283020559371622e+000	5.370317963702528e+000
3847	5.040633605453510e+000	5.128613839913649e+000
3946	4.611105861130799e+000	4.677351412871983e+000
3988	3.635247614861661e+000	3.715352290971725e+000
4239	3.477901177115565e+000	3.548133892335755e+000
4335	2.908869693721680e+000	2.951209226666386e+000
4345	2.812022171904839e+000	2.818382931264454e+000
4463	2.694952576924331e+000	2.754228703338166e+000
4476	2.473289430365180e+000	2.511886431509580e+000
4575	1.972037619984680e+000	1.995262314968880e+000
4667	1.539026191834680e+000	1.548816618912481e+000
4808	1.415013240078680e+000	1.445439770745927e+000
4915	1.281630658566180e+000	1.288249551693134e+000
4972	1.229063817602680e+000	1.230268770812382e+000
4984	9.325168832568828e-001	9.332543007969910e-001
5327	8.051061310236032e-001	8.128305161640993e-001
5398	7.534392730503615e-001	7.585775750291838e-001
5499	6.470428654838828e-001	6.606934480075960e-001
5569	6.444501906562312e-001	6.456542290346555e-001
5713	6.095649442553695e-001	6.165950018614822e-001
5745	5.609257262787455e-001	5.623413251903491e-001
5795	5.468235184622403e-001	5.495408738576245e-001
5853	5.322650494872132e-001	5.370317963702527e-001
5885	4.959819985418220e-001	5.011872336272722e-001
5886	4.644359096850129e-001	4.677351412871982e-001
5936	4.520460016639581e-001	4.570881896148750e-001
6017	4.385426945000682e-001	4.466835921509632e-001
6018	4.048101331471805e-001	4.073802778041127e-001
6143	3.978924675237358e-001	3.981071705534973e-001
6148	3.519510941017457e-001	3.548133892335755e-001
6200	3.431689431487436e-001	3.467368504525316e-001
6212	3.328041756890522e-001	3.388441561392026e-001
6237	3.261839763577491e-001	3.311311214825911e-001
6328	3.219929622630970e-001	3.235936569296283e-001
6361	3.134294842032838e-001	3.162277660168379e-001
6381	3.089100185086279e-001	3.090295432513591e-001
6385	3.011209354061876e-001	3.019951720402016e-001
6404	2.746271781040799e-001	2.754228703338166e-001
6463	2.672171455102886e-001	2.691534803926916e-001
6465	2.622120758718644e-001	2.630267991895382e-001
6535	2.468561017452509e-001	2.511886431509580e-001
6540	2.449773173112587e-001	2.454708915685031e-001
6556	2.392613669586721e-001	2.398832919019490e-001
6601	2.273504910569140e-001	2.290867652767773e-001
6686	2.215951010567917e-001	2.238721138568340e-001
6716	2.160727419412218e-001	2.187761623949552e-001
6734	2.108018765551937e-001	2.137962089502232e-001
6788	2.048241777061821e-001	2.089296130854039e-001
6789	2.023906716412338e-001	2.041737944669530e-001
6791	1.979492638591468e-001	1.995262314968880e-001
6816	1.944015982449182e-001	1.949844599758046e-001
6828	1.899542085670619e-001	1.905460717963247e-001
6868	1.855232994366979e-001	1.862087136662868e-001
6937	1.738352028008784e-001	1.778279410038923e-001
6938	1.731781075560500e-001	1.737800828749375e-001
6944	1.652297164699246e-001	1.659586907437561e-001
6969	1.517172193951131e-001	1.548816618912481e-001
6995	1.509543044235241e-001	1.513561248436208e-001
7001	1.452345631796778e-001	1.479108388168208e-001
7066	1.398320075482334e-001	1.412537544622755e-001
7128	1.361510583062616e-001	1.380384264602885e-001
7199	1.334279321655952e-001	1.348962882591654e-001
7214	1.314197076127507e-001	1.318256738556407e-001
7244	1.272987621878284e-001	1.288249551693134e-001
7258	1.249280856175324e-001	1.258925411794167e-001
7304	1.197915620238045e-001	1.202264434617413e-001
7362	1.174797413318072e-001	1.174897554939529e-001
7450	1.098337630005232e-001	1.122018454301964e-001
7457	1.094870232426851e-001	1.096478196143185e-001
7530	1.029614708491177e-001	1.047128548050900e-001
7579	1.021714927884712e-001	1.023292992280754e-001
7710	9.145392425602084e-002	9.332543007969910e-002
7782	9.115790364989873e-002	9.120108393559097e-002
7838	8.870430817143660e-002	8.912509381337455e-002
7953	8.529286108845324e-002	8.709635899560805e-002
8002	8.489324848018287e-002	8.511380382023763e-002
8068	8.186999105804571e-002	8.317637711026708e-002
8090	8.066137007489926e-002	8.128305161640990e-002
8173	7.942632478225398e-002	7.943282347242814e-002
8269	7.760241046187788e-002	7.762471166286916e-002
8422	7.583553579938063e-002	7.585775750291836e-002
8467	7.122201793474103e-002	7.244359600749903e-002
8502	7.076873256836502e-002	7.079457843841380e-002
8791	6.900813652381799e-002	6.918309709189366e-002
8907	6.514755287703855e-002	6.606934480075961e-002
8976	6.425895624335276e-002	6.456542290346556e-002
9040	6.185510435047359e-002	6.309573444801933e-002
9086	6.031228402896038e-002	6.165950018614822e-002
9097	5.991409526966807e-002	6.025595860743578e-002
9159	5.873824780260406e-002	5.888436553555890e-002
9249	5.666203790343694e-002	5.754399373371569e-002
9341	5.533959015737011e-002	5.623413251903491e-002
9445	5.489911562563288e-002	5.495408738576246e-002
9602	5.368907663536349e-002	5.370317963702527e-002
9691	5.240278702004309e-002	5.248074602497726e-002
9865	5.124598161740746e-002	5.128613839913648e-002
9872	5.007741024395040e-002	5.011872336272722e-002
10021	4.896578903974025e-002	4.897788193684461e-002
10063	4.732978322916515e-002	4.786300923226383e-002
10075	4.638578529507564e-002	4.677351412871982e-002
10205	4.566416661891171e-002	4.570881896148749e-002
10311	4.422260450306870e-002	4.466835921509630e-002
10365	4.083455191827679e-002	4.168693834703355e-002
10394	4.072331341847635e-002	4.073802778041128e-002
10404	3.553248839203371e-002	3.630780547701014e-002
10450	3.477498007746283e-002	3.548133892335755e-002
10510	3.462887000342640e-002	3.467368504525317e-002
10721	3.376142758990419e-002	3.388441561392026e-002
10750	3.290665682925897e-002	3.311311214825911e-002
11101	3.186262873975265e-002	3.235936569296283e-002
11159	3.150568095468331e-002	3.162277660168379e-002
11396	3.010773901542929e-002	3.019951720402016e-002
11450	2.916114971746697e-002	2.951209226666385e-002
11610	2.883612378877309e-002	2.884031503126606e-002
11835	2.818291936710626e-002	2.818382931264454e-002
12104	2.752545126745343e-002	2.754228703338166e-002
12391	2.628005067235684e-002	2.630267991895382e-002
12479	2.544309392606237e-002	2.570395782768863e-002
12624	2.509321844651424e-002	2.511886431509579e-002
12888	2.454002849521231e-002	2.454708915685030e-002
12931	2.379110576895915e-002	2.398832919019490e-002
13208	2.343129682520595e-002	2.344228815319923e-002
13247	2.192875073774447e-002	2.238721138568340e-002
13272	2.076378326155770e-002	2.089296130854040e-002
13506	2.041053388487069e-002	2.041737944669530e-002
13805	1.992679321399338e-002	1.995262314968880e-002
13825	1.940027228700614e-002	1.949844599758046e-002
13986	1.903990036247005e-002	1.905460717963247e-002
14041	1.856699693800024e-002	1.862087136662868e-002
14178	1.818692150558887e-002	1.819700858609984e-002
14250	1.770994461785957e-002	1.778279410038923e-002
14393	1.695706101942907e-002	1.698243652461744e-002
14415	1.644198790923923e-002	1.659586907437561e-002
14450	1.602427352521030e-002	1.621810097358930e-002
14620	1.584885237798483e-002	1.584893192461113e-002
14925	1.548379547859757e-002	1.548816618912481e-002
16572	1.513548909825735e-002	1.513561248436208e-002
2000001	1.487429120926709e-002	1.513561248436208e-002
%
% index = 2636, name = bbob_f014_i15_d20__bbob_f020_i16_d20
% instance = 7, reference value = 9.368973423177520e-001
% function evaluation | indicator value | target hit
1	8.668464691253078e+004	8.709635899560814e+004
2	1.929341841360127e+003	1.949844599758045e+003
20	1.569202103996373e+003	1.584893192461114e+003
25	1.043005295659851e+003	1.047128548050900e+003
56	5.446289522798185e+002	5.495408738576248e+002
101	3.687794653664592e+002	3.715352290971724e+002
272	2.972313612880750e+002	3.019951720402016e+002
550	2.679782161264914e+002	2.691534803926917e+002
679	2.566976939110814e+002	2.570395782768865e+002
786	2.034523481084573e+002	2.041737944669530e+002
941	1.978692265271095e+002	1.995262314968879e+002
1037	1.817585794180772e+002	1.819700858609982e+002
1117	1.232384192993618e+002	1.258925411794168e+002
1239	1.177627964540056e+002	1.202264434617413e+002
1260	1.157961068413441e+002	1.174897554939529e+002
1509	8.428767872439023e+001	8.511380382023764e+001
2020	3.875093429948224e+001	3.890451449942807e+001
2303	3.158238496043051e+001	3.162277660168379e+001
2421	3.025495046698177e+001	3.090295432513591e+001
2439	2.765107191275956e+001	2.818382931264453e+001
2449	1.656503519555412e+001	1.659586907437561e+001
2903	9.726038379420782e+000	9.772372209558107e+000
3505	9.328811612713416e+000	9.332543007969910e+000
3587	8.451106553896247e+000	8.511380382023766e+000
3803	7.843161277709476e+000	7.943282347242816e+000
3852	7.392312842962158e+000	7.413102413009175e+000
4007	6.779923644914073e+000	6.918309709189365e+000
4018	4.854077302338577e+000	4.897788193684462e+000
4215	3.915888134968954e+000	3.981071705534972e+000
4328	3.396562844871079e+000	3.467368504525317e+000
4332	2.207239146700330e+000	2.238721138568339e+000
4858	1.744878423195752e+000	1.778279410038923e+000
5015	1.647862320983252e+000	1.659586907437561e+000
5164	1.614155968682752e+000	1.621810097358930e+000
5172	1.390232576130252e+000	1.412537544622754e+000
5341	1.329272505084252e+000	1.348962882591654e+000
5373	9.271288873155316e-001	9.332543007969910e-001
5489	8.854793823284209e-001	8.912509381337456e-001
5667	7.937617152608096e-001	7.943282347242815e-001
5899	7.694262204639115e-001	7.762471166286917e-001
5902	7.449665962943165e-001	7.585775750291838e-001
5904	6.687963982105424e-001	6.760829753919818e-001
5942	6.143814164291015e-001	6.165950018614822e-001
5969	5.896036475702580e-001	6.025595860743578e-001
6009	5.862914248113362e-001	5.888436553555889e-001
6156	5.753350937949779e-001	5.754399373371569e-001
6180	5.489678755133690e-001	5.495408738576245e-001
6288	4.810179243093919e-001	4.897788193684462e-001
6332	4.772235896050756e-001	4.786300923226383e-001
6410	4.675566649876304e-001	4.677351412871982e-001
6431	4.537597497803921e-001	4.570881896148750e-001
6520	4.430753841416502e-001	4.466835921509632e-001
6593	4.360348971046529e-001	4.365158322401660e-001
6752	4.258430871157376e-001	4.265795188015927e-001
6757	4.057593067293995e-001	4.073802778041127e-001
6758	3.893302205012372e-001	3.981071705534973e-001
6791	3.887742304195505e-001	3.890451449942806e-001
6921	3.787568075145968e-001	3.801893963205612e-001
6936	3.573970168992945e-001	3.630780547701014e-001
7035	3.536929657059852e-001	3.548133892335755e-001
7193	3.458093302775015e-001	3.467368504525316e-001
7242	3.063504697273349e-001	3.090295432513591e-001
7314	2.866930454535489e-001	2.884031503126606e-001
7472	2.817623573482763e-001	2.818382931264454e-001
7503	2.668055727127418e-001	2.691534803926916e-001
7694	2.630245064656065e-001	2.630267991895382e-001
7695	2.335523966350326e-001	2.344228815319922e-001
7874	2.284650559336434e-001	2.290867652767773e-001
8265	2.238043580539667e-001	2.238721138568340e-001
8357	2.181242124544539e-001	2.187761623949552e-001
8383	2.085987693977095e-001	2.089296130854039e-001
8498	2.040292681169890e-001	2.041737944669530e-001
8714	1.811489232062041e-001	1.819700858609984e-001
8805	1.774395826657360e-001	1.778279410038923e-001
8819	1.648837477500289e-001	1.659586907437561e-001
9133	1.620467836974890e-001	1.621810097358930e-001
9321	1.513552844974659e-001	1.513561248436208e-001
9401	1.454722225456512e-001	1.479108388168208e-001
9492	1.306273192799660e-001	1.318256738556407e-001
9600	1.269966523672750e-001	1.288249551693134e-001
9761	1.032615208783688e-001	1.047128548050900e-001
9863	1.022381983393119e-001	1.023292992280754e-001
10286	9.991631506815579e-002	1.000000000000000e-001
10486	9.054917229293891e-002	9.120108393559097e-002
10711	8.903406150437321e-002	8.912509381337455e-002
10974	8.362288803794971e-002	8.511380382023763e-002
11012	8.305856901165487e-002	8.317637711026708e-002
11169	7.843426169093970e-002	7.943282347242814e-002
11186	7.750541076418904e-002	7.762471166286916e-002
11412	7.542096492148953e-002	7.585775750291836e-002
11660	7.411050524954976e-002	7.413102413009177e-002
11774	6.723738039825999e-002	6.760829753919818e-002
12178	6.372057684845511e-002	6.456542290346556e-002
12402	5.931319234416521e-002	6.025595860743578e-002
12550	5.826682576712938e-002	5.888436553555890e-002
12601	5.751097375312175e-002	5.754399373371569e-002
14451	5.622004031561279e-002	5.623413251903491e-002
2000001	5.564437314389414e-002	5.623413251903491e-002
%
% index = 2637, name = bbob_f014_i17_d20__bbob_f020_i18_d20
% instance = 8, reference value = 9.853500328000470e-001
% function evaluation | indicator value | target hit
1	1.158131176058499e+004	1.174897554939530e+004
2	6.576659194833228e+002	6.606934480075958e+002
22	5.779154631971460e+002	5.888436553555890e+002
80	4.879392642640777e+002	4.897788193684461e+002
137	4.748916380393841e+002	4.786300923226385e+002
337	4.526758457282270e+002	4.570881896148752e+002
369	4.162664156031361e+002	4.168693834703355e+002
493	3.994189070552196e+002	4.073802778041126e+002
510	3.789450235256800e+002	3.801893963205613e+002
536	3.549981913832511e+002	3.630780547701014e+002
568	3.283051938344248e+002	3.311311214825911e+002
775	2.758096006117485e+002	2.818382931264455e+002
834	2.397622940407734e+002	2.398832919019490e+002
930	1.614378150123062e+002	1.621810097358930e+002
983	1.416001246531248e+002	1.445439770745928e+002
1146	1.363365713489873e+002	1.380384264602885e+002
1241	1.241972254589718e+002	1.258925411794168e+002
1270	7.578569771236678e+001	7.585775750291836e+001
1770	6.473886127036198e+001	6.606934480075961e+001
1801	5.443048705693512e+001	5.495408738576246e+001
1959	4.081211506990636e+001	4.168693834703355e+001
2342	3.923669098377587e+001	3.981071705534973e+001
2467	3.703782601626225e+001	3.715352290971726e+001
2522	2.966045158010017e+001	3.019951720402016e+001
2760	2.918770725185145e+001	2.951209226666386e+001
2830	1.912423527197183e+001	1.949844599758045e+001
3048	1.895843642508204e+001	1.905460717963247e+001
3067	1.687684867544200e+001	1.698243652461744e+001
3232	1.152932323567861e+001	1.174897554939530e+001
3313	1.005749546739178e+001	1.023292992280754e+001
3445	8.248471211936547e+000	8.317637711026711e+000
3698	6.281909413637685e+000	6.309573444801933e+000
3807	4.097993424759808e+000	4.168693834703354e+000
3961	2.849672221102200e+000	2.884031503126606e+000
4358	2.544090120919980e+000	2.570395782768864e+000
4363	2.436579965250547e+000	2.454708915685031e+000
4455	1.942345382440940e+000	1.949844599758045e+000
4576	1.529667952713547e+000	1.548816618912481e+000
4644	1.038312067536547e+000	1.047128548050900e+000
5061	9.640129426603555e-001	9.772372209558107e-001
5142	8.765156987467133e-001	8.912509381337456e-001
5246	8.513401994964120e-001	8.709635899560806e-001
5255	8.311831542635770e-001	8.317637711026710e-001
5263	8.089509401560064e-001	8.128305161640993e-001
5399	7.887978936682104e-001	7.943282347242815e-001
5426	7.201180155380808e-001	7.244359600749900e-001
5464	6.629066325686907e-001	6.760829753919818e-001
5500	6.195337777718604e-001	6.309573444801933e-001
5512	5.904151454379898e-001	6.025595860743578e-001
5540	5.837892857618294e-001	5.888436553555889e-001
5572	5.512705339608299e-001	5.623413251903491e-001
5579	5.491370541081453e-001	5.495408738576245e-001
5611	5.359576773623844e-001	5.370317963702527e-001
5716	5.227907957332141e-001	5.248074602497725e-001
5775	5.056763685792802e-001	5.128613839913648e-001
5824	5.001700692307374e-001	5.011872336272722e-001
5835	4.843009672925235e-001	4.897788193684462e-001
5854	4.632705786592043e-001	4.677351412871982e-001
5882	4.517107753832225e-001	4.570881896148750e-001
5898	4.362629163298315e-001	4.365158322401660e-001
5926	4.264296773361956e-001	4.265795188015927e-001
5950	4.022165585980813e-001	4.073802778041127e-001
5977	3.584687856561079e-001	3.630780547701014e-001
6011	3.473260318819221e-001	3.548133892335755e-001
6082	3.465866256538087e-001	3.467368504525316e-001
6115	3.303310024624174e-001	3.311311214825911e-001
6127	3.089054406733491e-001	3.090295432513591e-001
6138	2.975394876790763e-001	3.019951720402016e-001
6195	2.938218209323521e-001	2.951209226666385e-001
6203	2.871696270910454e-001	2.884031503126606e-001
6236	2.615826016016855e-001	2.630267991895382e-001
6339	2.568362330618880e-001	2.570395782768864e-001
6349	2.488865120177041e-001	2.511886431509580e-001
6365	2.249204520948570e-001	2.290867652767773e-001
6366	2.235155914601704e-001	2.238721138568340e-001
6459	2.182143918578066e-001	2.187761623949552e-001
6463	2.052644578624581e-001	2.089296130854039e-001
6474	2.031984289528939e-001	2.041737944669530e-001
6482	1.970666561314730e-001	1.995262314968880e-001
6483	1.885589718248807e-001	1.905460717963247e-001
6486	1.841234555580733e-001	1.862087136662868e-001
6545	1.779239893453859e-001	1.819700858609984e-001
6556	1.721214652656420e-001	1.737800828749375e-001
6577	1.686087365634775e-001	1.698243652461744e-001
6596	1.599900227924768e-001	1.621810097358930e-001
6603	1.571919151051385e-001	1.584893192461113e-001
6652	1.536359683032850e-001	1.548816618912481e-001
6668	1.422997610639614e-001	1.445439770745928e-001
6724	1.411274782542613e-001	1.412537544622755e-001
6754	1.337366592208438e-001	1.348962882591654e-001
6890	1.298811531110885e-001	1.318256738556407e-001
6973	1.238587338374947e-001	1.258925411794167e-001
7068	1.226315830945729e-001	1.230268770812382e-001
7128	1.201569712815721e-001	1.202264434617413e-001
7223	1.138847509688089e-001	1.148153621496883e-001
7254	1.043461898428032e-001	1.047128548050900e-001
7309	1.017721713218058e-001	1.023292992280754e-001
7473	9.994175546895201e-002	1.000000000000000e-001
7646	9.684324404610412e-002	9.772372209558107e-002
7648	9.207013090775984e-002	9.332543007969910e-002
7670	8.439404313350984e-002	8.511380382023763e-002
7686	8.259141159322059e-002	8.317637711026708e-002
7721	8.107168778846330e-002	8.128305161640990e-002
7776	7.751639038259239e-002	7.762471166286916e-002
7859	7.585580997057673e-002	7.585775750291836e-002
7947	7.402538717707707e-002	7.413102413009177e-002
7969	7.213299496729397e-002	7.244359600749903e-002
7986	7.072939368998754e-002	7.079457843841380e-002
7992	6.852011144429149e-002	6.918309709189366e-002
8045	6.738765387166779e-002	6.760829753919818e-002
8095	6.525703062413146e-002	6.606934480075961e-002
8125	6.290995330127047e-002	6.309573444801933e-002
8178	5.957748743696056e-002	6.025595860743578e-002
8201	5.818774333230914e-002	5.888436553555890e-002
8318	5.745251386934791e-002	5.754399373371569e-002
8399	5.468777796396807e-002	5.495408738576246e-002
8475	5.208887449321453e-002	5.248074602497726e-002
8525	5.127006454602601e-002	5.128613839913648e-002
8567	4.976360569019034e-002	5.011872336272722e-002
8749	4.893275477659931e-002	4.897788193684461e-002
8784	4.768204612323346e-002	4.786300923226383e-002
8829	4.508451982164319e-002	4.570881896148749e-002
8854	4.461170076707610e-002	4.466835921509630e-002
9020	4.355865998853037e-002	4.365158322401658e-002
9103	3.853136415901293e-002	3.890451449942807e-002
9187	3.793327585967332e-002	3.801893963205612e-002
9269	3.703924903620515e-002	3.715352290971726e-002
9307	3.426208479716097e-002	3.467368504525317e-002
9360	3.356865468129622e-002	3.388441561392026e-002
9412	3.309772755750340e-002	3.311311214825911e-002
9414	2.922317059909296e-002	2.951209226666385e-002
9568	2.720662600599921e-002	2.754228703338166e-002
9804	2.507143395835343e-002	2.511886431509579e-002
9908	2.449530481333528e-002	2.454708915685030e-002
10008	2.396795090406856e-002	2.398832919019490e-002
10050	2.338479305819741e-002	2.344228815319923e-002
10090	2.051956348319139e-002	2.089296130854040e-002
10116	2.040640318011466e-002	2.041737944669530e-002
10177	1.955234470915679e-002	1.995262314968880e-002
10196	1.948374617112936e-002	1.949844599758046e-002
10377	1.904925029965754e-002	1.905460717963247e-002
10608	1.861989081367066e-002	1.862087136662868e-002
10694	1.772159116497318e-002	1.778279410038923e-002
10854	1.737468445585544e-002	1.737800828749376e-002
10956	1.680289281677250e-002	1.698243652461744e-002
11106	1.643420991829836e-002	1.659586907437561e-002
11369	1.621761398666866e-002	1.621810097358930e-002
11852	1.584341496519492e-002	1.584893192461113e-002
12091	1.548772403436816e-002	1.548816618912481e-002
12231	1.462539893264880e-002	1.479108388168207e-002
12587	1.445037009768968e-002	1.445439770745927e-002
12666	1.095582619413937e-002	1.096478196143185e-002
12869	1.005950697466407e-002	1.023292992280754e-002
12901	9.990608884448138e-003	1.000000000000000e-002
13056	9.771298879947543e-003	9.772372209558112e-003
13317	9.541201326449866e-003	9.549925860214359e-003
13624	9.327127838945737e-003	9.332543007969915e-003
13853	9.118114955120937e-003	9.120108393559097e-003
14981	8.910321366682017e-003	8.912509381337459e-003
17840	8.709574837216683e-003	8.709635899560805e-003
2000001	8.631585319282875e-003	8.709635899560805e-003
%
% index = 2638, name = bbob_f014_i19_d20__bbob_f020_i21_d20
% instance = 9, reference value = 9.965122810097130e-001
% function evaluation | indicator value | target hit
1	5.987262518638986e+003	6.025595860743575e+003
2	3.761601550625852e+002	3.801893963205613e+002
21	2.071287892809218e+002	2.089296130854039e+002
217	1.380773266724463e+002	1.412537544622754e+002
463	1.229057495316107e+002	1.230268770812381e+002
517	1.174334980276781e+002	1.174897554939529e+002
629	1.049504120021443e+002	1.071519305237606e+002
684	1.010567251771454e+002	1.023292992280754e+002
1074	7.890207442650943e+001	7.943282347242814e+001
1172	3.417840122589400e+001	3.467368504525317e+001
1585	2.977463610631649e+001	3.019951720402016e+001
1795	2.813561423126837e+001	2.818382931264453e+001
1859	2.662535593454009e+001	2.691534803926916e+001
1930	2.430738247188543e+001	2.454708915685030e+001
2100	2.170058967089701e+001	2.187761623949553e+001
2108	2.085562987125853e+001	2.089296130854040e+001
2159	1.554051655688578e+001	1.584893192461113e+001
2379	1.501908048072895e+001	1.513561248436208e+001
2430	1.383132495524880e+001	1.412537544622754e+001
2494	1.124305245995571e+001	1.148153621496883e+001
2579	1.107113571187772e+001	1.122018454301964e+001
2679	8.592155538229033e+000	8.709635899560805e+000
2722	6.499126620685213e+000	6.606934480075959e+000
3056	4.772496422331564e+000	4.786300923226384e+000
3123	2.787091104083585e+000	2.818382931264454e+000
3314	2.648746179359213e+000	2.691534803926916e+000
3450	2.602003873830394e+000	2.630267991895382e+000
3564	2.525798282032213e+000	2.570395782768864e+000
3603	1.926407766274213e+000	1.949844599758045e+000
3667	1.811599106490713e+000	1.819700858609983e+000
3719	1.527950399938207e+000	1.548816618912481e+000
3760	1.499007713024713e+000	1.513561248436208e+000
3890	1.335273268333713e+000	1.348962882591654e+000
4006	1.158762876296213e+000	1.174897554939530e+000
4064	9.894685224056861e-001	1.000000000000000e+000
4125	9.718007957342849e-001	9.772372209558107e-001
4315	9.268313399785839e-001	9.332543007969910e-001
4397	8.665221710010874e-001	8.709635899560806e-001
4402	8.421527156503436e-001	8.511380382023764e-001
4413	7.587210473145155e-001	7.762471166286917e-001
4461	7.494934916844103e-001	7.585775750291838e-001
4475	7.063203679534591e-001	7.079457843841379e-001
4480	6.839335885163516e-001	6.918309709189364e-001
4488	4.964955528137812e-001	5.011872336272722e-001
4515	4.144009643416560e-001	4.168693834703354e-001
4582	3.471161129114306e-001	3.548133892335755e-001
4701	3.451635320515492e-001	3.467368504525316e-001
4728	3.383022862403854e-001	3.388441561392026e-001
4857	3.158250436921153e-001	3.162277660168379e-001
4869	3.089843104259202e-001	3.090295432513591e-001
4988	2.862519598051473e-001	2.884031503126606e-001
5113	2.277201317788314e-001	2.290867652767773e-001
5212	2.014181753909986e-001	2.041737944669530e-001
5255	1.683819975336011e-001	1.698243652461744e-001
5326	1.633076748500600e-001	1.659586907437561e-001
5357	1.609116406978656e-001	1.621810097358930e-001
5410	1.520884957422547e-001	1.548816618912481e-001
5421	1.463983496613037e-001	1.479108388168208e-001
5448	1.440789166911395e-001	1.445439770745928e-001
5519	1.287532852328205e-001	1.288249551693134e-001
5638	1.196199029868379e-001	1.202264434617413e-001
5644	1.154249712113387e-001	1.174897554939529e-001
5651	1.146381479667750e-001	1.148153621496883e-001
5699	1.077356726618550e-001	1.096478196143185e-001
5709	9.369600945879841e-002	9.549925860214359e-002
5713	9.304326000093499e-002	9.332543007969910e-002
5715	9.101568693888940e-002	9.120108393559097e-002
5746	8.367713345811390e-002	8.511380382023763e-002
5804	8.296131616953906e-002	8.317637711026708e-002
5911	7.713525733322946e-002	7.762471166286916e-002
5914	7.382650208884600e-002	7.413102413009177e-002
5971	7.224565468576605e-002	7.244359600749903e-002
5993	6.914471423572899e-002	6.918309709189366e-002
6068	5.889507033109975e-002	6.025595860743578e-002
6078	5.770906535600140e-002	5.888436553555890e-002
6084	5.672689238672779e-002	5.754399373371569e-002
6104	5.527002222697841e-002	5.623413251903491e-002
6128	5.430490604507954e-002	5.495408738576246e-002
6167	5.131090043475961e-002	5.248074602497726e-002
6186	5.097353510398839e-002	5.128613839913648e-002
6203	4.536611483194075e-002	4.570881896148749e-002
6229	4.464966219294531e-002	4.466835921509630e-002
6236	4.075181283154716e-002	4.168693834703355e-002
6268	4.057561312787428e-002	4.073802778041128e-002
6403	3.977413985881440e-002	3.981071705534973e-002
6481	3.333765509621756e-002	3.388441561392026e-002
6517	2.986016967314786e-002	3.019951720402016e-002
6613	2.878320722372274e-002	2.884031503126606e-002
6795	2.745186666434696e-002	2.754228703338166e-002
6826	2.685978197962535e-002	2.691534803926915e-002
6904	2.590269119712085e-002	2.630267991895382e-002
6933	2.541632312570685e-002	2.570395782768863e-002
6954	2.429089295507014e-002	2.454708915685030e-002
6972	2.098965577984913e-002	2.137962089502233e-002
6983	2.083508877256568e-002	2.089296130854040e-002
7108	1.971261339752106e-002	1.995262314968880e-002
7125	1.902985925542555e-002	1.905460717963247e-002
7130	1.811180051274342e-002	1.819700858609984e-002
7263	1.776087764170276e-002	1.778279410038923e-002
7277	1.614990092867497e-002	1.621810097358930e-002
7282	1.576575581720485e-002	1.584893192461113e-002
7384	1.517580655751127e-002	1.548816618912481e-002
7394	1.507948915517354e-002	1.513561248436208e-002
7513	1.475347500280688e-002	1.479108388168207e-002
7540	1.407342335759498e-002	1.412537544622754e-002
7661	1.350962945118217e-002	1.380384264602885e-002
7684	1.348840775918070e-002	1.348962882591653e-002
7917	1.308393257107232e-002	1.318256738556408e-002
8024	1.264475745603333e-002	1.288249551693134e-002
8037	1.251654643123490e-002	1.258925411794168e-002
8189	1.150210362672699e-002	1.174897554939530e-002
8209	1.148023539659460e-002	1.148153621496883e-002
8369	1.105414306641228e-002	1.122018454301964e-002
8462	1.096306432853278e-002	1.096478196143185e-002
8690	1.070425193546765e-002	1.071519305237607e-002
9394	1.033027586782875e-002	1.047128548050900e-002
9708	1.021645387755732e-002	1.023292992280754e-002
9856	9.466239470507287e-003	9.549925860214359e-003
10599	9.330995265092401e-003	9.332543007969915e-003
10710	9.029938090134970e-003	9.120108393559097e-003
11477	8.729579951118893e-003	8.912509381337459e-003
11677	8.706603560635129e-003	8.709635899560805e-003
12482	8.276892103447398e-003	8.317637711026709e-003
12606	8.126733038487322e-003	8.128305161640995e-003
12909	7.892232893546680e-003	7.943282347242814e-003
15581	7.762448956378232e-003	7.762471166286920e-003
2000001	7.717570396414741e-003	7.762471166286920e-003
%
% index = 2639, name = bbob_f014_i21_d20__bbob_f020_i22_d20
% instance = 10, reference value = 9.619846557287720e-001
% function evaluation | indicator value | target hit
1	8.413502045822705e+004	8.511380382023759e+004
2	2.449547566532975e+004	2.454708915685029e+004
3	4.803211343697482e+003	4.897788193684462e+003
9	4.749645840009674e+003	4.786300923226385e+003
11	3.749070319046196e+003	3.801893963205613e+003
12	2.017659898599177e+003	2.041737944669530e+003
17	1.655583298888319e+003	1.659586907437561e+003
58	1.590273788347322e+003	1.621810097358930e+003
96	1.118041297547812e+003	1.122018454301963e+003
211	1.036456794369415e+003	1.047128548050900e+003
245	9.914646158176603e+002	1.000000000000000e+003
265	9.653631909272673e+002	9.772372209558112e+002
353	8.678510400053349e+002	8.709635899560806e+002
491	7.901081317114993e+002	7.943282347242813e+002
730	4.228815112655565e+002	4.265795188015925e+002
782	4.013258416404896e+002	4.073802778041126e+002
1226	3.598823005886313e+002	3.630780547701014e+002
1301	2.580032297925243e+002	2.630267991895382e+002
1314	1.565338184131623e+002	1.584893192461114e+002
1338	1.421200867689943e+002	1.445439770745928e+002
1884	1.297139947321934e+002	1.318256738556407e+002
2017	1.026291240849331e+002	1.047128548050900e+002
2049	8.567997661225007e+001	8.709635899560806e+001
2166	7.727752686029092e+001	7.762471166286916e+001
2283	7.359745284176678e+001	7.413102413009177e+001
2444	6.866606349978095e+001	6.918309709189366e+001
2730	6.448550959772167e+001	6.456542290346556e+001
2750	5.958735314015552e+001	6.025595860743578e+001
2751	5.872228980957743e+001	5.888436553555890e+001
2780	5.635708494790144e+001	5.754399373371570e+001
2798	5.536030249439089e+001	5.623413251903491e+001
2833	4.789835724271973e+001	4.897788193684461e+001
2860	2.459297844831080e+001	2.511886431509580e+001
3044	2.000496957198562e+001	2.041737944669530e+001
3407	1.789527226981905e+001	1.819700858609983e+001
3435	1.706853616285382e+001	1.737800828749375e+001
3537	1.647233930851994e+001	1.659586907437561e+001
3543	1.584369332694036e+001	1.584893192461113e+001
3688	1.316378462837361e+001	1.318256738556407e+001
3694	1.077088258900582e+001	1.096478196143185e+001
3704	8.571549437966889e+000	8.709635899560805e+000
3778	6.483313179558097e+000	6.606934480075959e+000
3804	4.989859151709469e+000	5.011872336272722e+000
4216	4.254668678827480e+000	4.265795188015927e+000
4277	3.176642838840900e+000	3.235936569296283e+000
4376	3.139509659738145e+000	3.162277660168379e+000
4386	1.919948993690143e+000	1.949844599758045e+000
4417	1.631600341509166e+000	1.659586907437561e+000
4698	1.612097200132619e+000	1.621810097358930e+000
4867	1.473340073736772e+000	1.479108388168207e+000
4901	1.236951309045800e+000	1.258925411794167e+000
4909	1.148119647828272e+000	1.148153621496883e+000
5020	1.104296047220772e+000	1.122018454301963e+000
5035	1.002353676198772e+000	1.023292992280754e+000
5116	9.863880893342719e-001	1.000000000000000e+000
5139	9.549602674637124e-001	9.549925860214360e-001
5150	9.292876394489985e-001	9.332543007969910e-001
5240	8.876701002941969e-001	8.912509381337456e-001
5327	8.329283483790905e-001	8.511380382023764e-001
5351	7.547806537371896e-001	7.585775750291838e-001
5397	6.740279615477527e-001	6.760829753919818e-001
5409	6.266163475257380e-001	6.309573444801933e-001
5438	6.049663104705382e-001	6.165950018614822e-001
5439	6.010665034401039e-001	6.025595860743578e-001
5508	5.859907075413198e-001	5.888436553555889e-001
5574	5.554647519718043e-001	5.623413251903491e-001
5588	5.480229527380313e-001	5.495408738576245e-001
5623	5.345780770858363e-001	5.370317963702527e-001
5780	5.216980149770754e-001	5.248074602497725e-001
5827	4.763892620041895e-001	4.786300923226383e-001
5838	4.607534532673759e-001	4.677351412871982e-001
5902	4.521985339895217e-001	4.570881896148750e-001
5955	4.447276730914759e-001	4.466835921509632e-001
6002	4.355467372462843e-001	4.365158322401660e-001
6085	4.264555311887643e-001	4.265795188015927e-001
6093	3.968606974089913e-001	3.981071705534973e-001
6169	3.833260453636023e-001	3.890451449942806e-001
6250	3.801444251659125e-001	3.801893963205612e-001
6297	3.708813568820023e-001	3.715352290971726e-001
6375	3.570707503845801e-001	3.630780547701014e-001
6400	3.546611982170481e-001	3.548133892335755e-001
6482	3.446240309096638e-001	3.467368504525316e-001
6647	3.079809090329201e-001	3.090295432513591e-001
6726	3.004974842152239e-001	3.019951720402016e-001
6828	2.935440391381178e-001	2.951209226666385e-001
6857	2.734611369463638e-001	2.754228703338166e-001
6862	2.677614073136988e-001	2.691534803926916e-001
7083	2.611319205006685e-001	2.630267991895382e-001
7148	2.448385659743109e-001	2.454708915685031e-001
7189	2.307761273437641e-001	2.344228815319922e-001
7214	2.208902818093989e-001	2.238721138568340e-001
7298	2.141816689922946e-001	2.187761623949552e-001
7384	2.136434106127982e-001	2.137962089502232e-001
7397	1.947585282613384e-001	1.949844599758046e-001
7620	1.901634982697413e-001	1.905460717963247e-001
7626	1.856049279909003e-001	1.862087136662868e-001
7815	1.761475427466791e-001	1.778279410038923e-001
7893	1.736767231156803e-001	1.737800828749375e-001
7932	1.574564228630363e-001	1.584893192461113e-001
8040	1.538906147179693e-001	1.548816618912481e-001
8109	1.509323241719247e-001	1.513561248436208e-001
8212	1.479027378999643e-001	1.479108388168208e-001
8268	1.396993527711974e-001	1.412537544622755e-001
8490	1.379332592519125e-001	1.380384264602885e-001
8572	1.337220288581014e-001	1.348962882591654e-001
8677	1.318121731953267e-001	1.318256738556407e-001
8777	1.281015891029417e-001	1.288249551693134e-001
8881	1.203553497444218e-001	1.230268770812382e-001
8903	1.202145723841765e-001	1.202264434617413e-001
8969	1.084997429426075e-001	1.096478196143185e-001
9201	9.933024204960794e-002	1.000000000000000e-001
9607	9.754820669346065e-002	9.772372209558107e-002
9909	9.536021178791199e-002	9.549925860214359e-002
10031	8.878258359604341e-002	8.912509381337455e-002
10152	8.633154772502105e-002	8.709635899560805e-002
10191	8.346930471690905e-002	8.511380382023763e-002
10209	8.256827353281360e-002	8.317637711026708e-002
10245	8.128149439071142e-002	8.128305161640990e-002
10260	7.866671915610313e-002	7.943282347242814e-002
10334	7.260316237532505e-002	7.413102413009177e-002
10358	7.239568640663430e-002	7.244359600749903e-002
10566	7.072054760016266e-002	7.079457843841380e-002
10730	6.906334226324995e-002	6.918309709189366e-002
10800	6.745070989172020e-002	6.760829753919818e-002
10990	6.228254584703363e-002	6.309573444801933e-002
11079	6.151000937269613e-002	6.165950018614822e-002
11253	6.025368522186114e-002	6.025595860743578e-002
11381	5.582586323031835e-002	5.623413251903491e-002
11549	5.490253698391534e-002	5.495408738576246e-002
11713	5.370053010687104e-002	5.370317963702527e-002
11964	5.177020139439081e-002	5.248074602497726e-002
12025	4.817998065762319e-002	4.897788193684461e-002
12091	4.738641491851403e-002	4.786300923226383e-002
12188	4.526874153286697e-002	4.570881896148749e-002
12272	4.466192388616153e-002	4.466835921509630e-002
12328	4.336209521706635e-002	4.365158322401658e-002
12377	4.005362186498784e-002	4.073802778041128e-002
12400	3.976990509062484e-002	3.981071705534973e-002
12456	3.882523255633685e-002	3.890451449942807e-002
12567	3.694398427216916e-002	3.715352290971726e-002
12618	3.493192828862923e-002	3.548133892335755e-002
12635	3.446063395016541e-002	3.467368504525317e-002
12741	3.327593313444077e-002	3.388441561392026e-002
12875	3.309011991060307e-002	3.311311214825911e-002
13033	3.235692024463865e-002	3.235936569296283e-002
13190	3.149698396137879e-002	3.162277660168379e-002
13347	3.084826592394674e-002	3.090295432513590e-002
13436	2.996038329322470e-002	3.019951720402016e-002
13582	2.948830851678497e-002	2.951209226666385e-002
13768	2.849679162161045e-002	2.884031503126606e-002
13857	2.717292369372160e-002	2.754228703338166e-002
13939	2.684575009676971e-002	2.691534803926915e-002
14088	2.495972358380638e-002	2.511886431509579e-002
14191	2.454628325878638e-002	2.454708915685030e-002
14284	2.366124672373227e-002	2.398832919019490e-002
14444	2.337806812206078e-002	2.344228815319923e-002
14525	2.237355866590640e-002	2.238721138568340e-002
15025	2.187028888798515e-002	2.187761623949553e-002
16378	2.137360613252803e-002	2.137962089502233e-002
18708	2.089276065681478e-002	2.089296130854040e-002
2000001	2.055238181937147e-002	2.089296130854040e-002
