%
% index = 2890, name = bbob_f002_i02_d40__bbob_f014_i04_d40
% instance = 1, reference value = 9.796853301072440e-001
% function evaluation | indicator value | target hit
1	9.648838457177246e+004	9.772372209558112e+004
2	5.910398192939797e+003	6.025595860743575e+003
3	5.527786429822579e+003	5.623413251903491e+003
5	1.594458687477473e+003	1.621810097358930e+003
6	1.376092794541187e+003	1.380384264602885e+003
24	1.136697610107458e+003	1.148153621496883e+003
53	8.753532917403832e+002	8.912509381337459e+002
322	7.868358289106578e+002	7.943282347242813e+002
366	7.642495339075861e+002	7.762471166286920e+002
375	7.528551986733547e+002	7.585775750291836e+002
445	6.544622965982425e+002	6.606934480075958e+002
570	6.038714918486413e+002	6.165950018614822e+002
588	3.263001633154177e+002	3.311311214825911e+002
899	2.756188920426493e+002	2.818382931264455e+002
1246	2.181956021398327e+002	2.187761623949552e+002
1269	1.998694303990372e+002	2.041737944669530e+002
1493	1.513502069565677e+002	1.513561248436209e+002
1785	1.268887428441039e+002	1.288249551693134e+002
1903	8.944595430958404e+001	9.120108393559097e+001
2492	8.818268915378864e+001	8.912509381337455e+001
2699	7.475898678602813e+001	7.585775750291836e+001
2854	6.953185699981965e+001	7.079457843841381e+001
2913	6.641726452705082e+001	6.760829753919819e+001
3103	5.943445302907978e+001	6.025595860743578e+001
3250	5.724701600131386e+001	5.754399373371570e+001
3412	5.621733621106969e+001	5.623413251903491e+001
3419	4.775076656719856e+001	4.786300923226383e+001
3684	3.401556057115612e+001	3.467368504525317e+001
3689	3.266277842360648e+001	3.311311214825911e+001
3908	3.156777989379652e+001	3.162277660168379e+001
3930	2.664201230583269e+001	2.691534803926916e+001
4222	2.447144563242347e+001	2.454708915685030e+001
4256	2.230979643313718e+001	2.238721138568340e+001
4390	2.034908495775463e+001	2.041737944669530e+001
4439	1.938400465273075e+001	1.949844599758045e+001
4443	1.585945299102606e+001	1.621810097358930e+001
4841	1.527250127848174e+001	1.548816618912481e+001
4916	1.499750011490525e+001	1.513561248436208e+001
4952	1.388265039287503e+001	1.412537544622754e+001
5078	1.344592392674525e+001	1.348962882591653e+001
5089	1.144513987873312e+001	1.148153621496883e+001
5195	1.069458397957176e+001	1.071519305237607e+001
5332	9.401231174055244e+000	9.549925860214358e+000
5413	9.297371188413244e+000	9.332543007969910e+000
5674	9.115324281332244e+000	9.120108393559097e+000
5833	8.487783944862745e+000	8.511380382023766e+000
5912	7.742655419856743e+000	7.762471166286917e+000
5974	7.364219122305244e+000	7.413102413009175e+000
6066	6.581452823017743e+000	6.606934480075959e+000
6466	6.336798026959744e+000	6.456542290346556e+000
6504	6.133171411851744e+000	6.165950018614822e+000
6654	5.987063312667743e+000	6.025595860743578e+000
6792	5.244877632952243e+000	5.248074602497725e+000
7016	4.812778407145744e+000	4.897788193684462e+000
7143	4.538845745536744e+000	4.570881896148751e+000
7238	4.091639366119243e+000	4.168693834703354e+000
7458	3.541457989090744e+000	3.548133892335755e+000
7835	3.458520570952244e+000	3.467368504525317e+000
8134	3.325899034081744e+000	3.388441561392026e+000
8169	3.254750791081244e+000	3.311311214825911e+000
8421	3.174616885306744e+000	3.235936569296283e+000
8804	2.968744063659744e+000	3.019951720402016e+000
9334	2.802385043351244e+000	2.818382931264454e+000
9726	2.674149894334244e+000	2.691534803926916e+000
9860	2.602859288177244e+000	2.630267991895382e+000
10600	2.504724330799244e+000	2.511886431509580e+000
11014	2.454553243413244e+000	2.454708915685031e+000
11059	2.130076622827244e+000	2.137962089502232e+000
12102	2.058806776073744e+000	2.089296130854040e+000
12670	2.030446866448744e+000	2.041737944669529e+000
12758	1.995252831255744e+000	1.995262314968880e+000
12966	1.880635200769744e+000	1.905460717963247e+000
13287	1.854395166903744e+000	1.862087136662868e+000
14035	1.703609052272244e+000	1.737800828749375e+000
14441	1.696901769474744e+000	1.698243652461744e+000
15528	1.652971905730244e+000	1.659586907437561e+000
16226	1.581799798040244e+000	1.584893192461114e+000
16836	1.538846960099244e+000	1.548816618912481e+000
16973	1.486656171711244e+000	1.513561248436208e+000
17467	1.448151466733244e+000	1.479108388168207e+000
17511	1.420127334514244e+000	1.445439770745927e+000
17939	1.366265573861244e+000	1.380384264602885e+000
18262	1.344714205423244e+000	1.348962882591654e+000
19409	1.305825352190244e+000	1.318256738556407e+000
20029	1.282771026222744e+000	1.288249551693134e+000
20531	1.253723192208744e+000	1.258925411794167e+000
22374	1.181688993580744e+000	1.202264434617413e+000
43599	1.163964817814744e+000	1.174897554939530e+000
44005	1.128670827604244e+000	1.148153621496883e+000
44396	1.113095711472244e+000	1.122018454301963e+000
44484	1.079274022609244e+000	1.096478196143185e+000
45370	1.042336490415744e+000	1.047128548050900e+000
46988	1.012615302264744e+000	1.023292992280754e+000
47874	9.983914037527440e-001	1.000000000000000e+000
48248	9.693805716536392e-001	9.772372209558107e-001
48392	9.483000596867439e-001	9.549925860214360e-001
49060	9.274817853052056e-001	9.332543007969910e-001
50552	8.959390895344306e-001	9.120108393559098e-001
50848	8.861276032790767e-001	8.912509381337456e-001
51261	8.672058664100956e-001	8.709635899560806e-001
52051	8.337934483956997e-001	8.511380382023764e-001
52497	8.004049564221203e-001	8.128305161640993e-001
53899	7.924929791428947e-001	7.943282347242815e-001
54706	7.761737044640534e-001	7.762471166286917e-001
55347	7.531990998036555e-001	7.585775750291838e-001
58545	7.129934940989919e-001	7.244359600749900e-001
59329	7.065886194483757e-001	7.079457843841379e-001
60905	6.776266727387014e-001	6.918309709189364e-001
61845	6.656188446730411e-001	6.760829753919818e-001
62431	6.288602394201404e-001	6.309573444801933e-001
63011	6.154892148535966e-001	6.165950018614822e-001
64141	5.942010955101862e-001	6.025595860743578e-001
64387	5.702053421784066e-001	5.754399373371569e-001
64958	5.596521472638207e-001	5.623413251903491e-001
65421	5.489299270813923e-001	5.495408738576245e-001
65451	5.328368564675550e-001	5.370317963702527e-001
66058	5.245296057393941e-001	5.248074602497725e-001
66201	5.056594519978921e-001	5.128613839913648e-001
66230	4.897808685450261e-001	5.011872336272722e-001
66252	4.897784327700450e-001	4.897788193684462e-001
66991	4.674584319975491e-001	4.677351412871982e-001
68059	4.535674803726540e-001	4.570881896148750e-001
68131	4.379451508531957e-001	4.466835921509632e-001
68482	4.342093304649715e-001	4.365158322401660e-001
68737	4.146429064192917e-001	4.168693834703354e-001
69335	4.069401977457015e-001	4.073802778041127e-001
70544	3.879370596398403e-001	3.890451449942806e-001
71701	3.797400548866247e-001	3.801893963205612e-001
72948	3.705007557654574e-001	3.715352290971726e-001
79094	3.620061466502632e-001	3.630780547701014e-001
4000001	3.561459006663248e-001	3.630780547701014e-001
%
% index = 2891, name = bbob_f002_i03_d40__bbob_f014_i05_d40
% instance = 2, reference value = 9.793904954050730e-001
% function evaluation | indicator value | target hit
1	1.518857925182227e+004	1.548816618912483e+004
2	5.248697568748797e+003	5.370317963702527e+003
5	4.458483300679431e+003	4.466835921509631e+003
6	1.809808593606299e+003	1.819700858609983e+003
9	1.155358934225616e+003	1.174897554939529e+003
12	6.262510673874631e+002	6.309573444801930e+002
181	4.234859135006837e+002	4.265795188015925e+002
392	3.751635347564376e+002	3.801893963205613e+002
564	2.978726277301369e+002	3.019951720402016e+002
990	2.949033357094965e+002	2.951209226666387e+002
1213	2.785237169010305e+002	2.818382931264455e+002
1219	2.631822375192296e+002	2.691534803926917e+002
1247	2.319143976788441e+002	2.344228815319923e+002
1311	2.046521662240277e+002	2.089296130854039e+002
1537	1.608658984350582e+002	1.621810097358930e+002
1996	1.491044159683216e+002	1.513561248436209e+002
2069	1.424951992524212e+002	1.445439770745928e+002
2156	1.188487442308177e+002	1.202264434617413e+002
2360	1.144738453345913e+002	1.148153621496883e+002
2506	1.040257900404621e+002	1.047128548050900e+002
2555	9.517566636789830e+001	9.549925860214358e+001
2693	7.999480182343442e+001	8.128305161640991e+001
2864	6.091395587764036e+001	6.165950018614822e+001
2911	5.341904402692830e+001	5.370317963702527e+001
2969	4.966299063568759e+001	5.011872336272722e+001
3050	4.644385822726698e+001	4.677351412871981e+001
3367	3.978049341437604e+001	3.981071705534973e+001
3478	3.711021682995985e+001	3.715352290971726e+001
3492	3.166485545145765e+001	3.235936569296283e+001
4164	3.100300088081623e+001	3.162277660168379e+001
4221	3.015238442692747e+001	3.019951720402016e+001
4253	2.872253944394894e+001	2.884031503126606e+001
4375	2.739670492184753e+001	2.754228703338166e+001
4566	2.658000237071506e+001	2.691534803926916e+001
4567	2.414977672560957e+001	2.454708915685030e+001
4636	2.282447205976557e+001	2.290867652767774e+001
4769	2.205013126349557e+001	2.238721138568340e+001
5020	2.118768628065607e+001	2.137962089502232e+001
5079	2.063408804485907e+001	2.089296130854040e+001
5118	2.034905188089357e+001	2.041737944669530e+001
5197	1.913519333873957e+001	1.949844599758045e+001
5230	1.885328145265907e+001	1.905460717963247e+001
5448	1.818066154057742e+001	1.819700858609983e+001
5545	1.751770690769657e+001	1.778279410038923e+001
5709	1.613087567662607e+001	1.621810097358930e+001
6143	1.544366485157607e+001	1.548816618912481e+001
6537	1.494230346312207e+001	1.513561248436208e+001
6601	1.475131447967157e+001	1.479108388168207e+001
6658	1.429070783082507e+001	1.445439770745927e+001
6810	1.360908360867107e+001	1.380384264602885e+001
6881	1.348740273332757e+001	1.348962882591653e+001
7189	1.302543147806857e+001	1.318256738556407e+001
7271	1.268116993512607e+001	1.288249551693134e+001
7294	1.232606405238507e+001	1.258925411794168e+001
7409	1.217887953901557e+001	1.230268770812382e+001
7651	1.185315013982607e+001	1.202264434617413e+001
7777	1.174762513753407e+001	1.174897554939530e+001
7793	1.063430128139657e+001	1.071519305237607e+001
7915	1.043704671378257e+001	1.047128548050900e+001
8344	1.011522657531107e+001	1.023292992280754e+001
8610	9.863140019020072e+000	1.000000000000000e+001
8700	9.594674618079573e+000	9.772372209558107e+000
8763	9.481390468830572e+000	9.549925860214358e+000
8883	9.239942533682072e+000	9.332543007969910e+000
9001	8.949732691852073e+000	9.120108393559097e+000
9226	8.788990585423573e+000	8.912509381337454e+000
9227	8.709043573697574e+000	8.709635899560805e+000
9281	8.406869462591573e+000	8.511380382023766e+000
9524	8.055683118933573e+000	8.128305161640993e+000
9596	7.924451355510072e+000	7.943282347242816e+000
10032	7.729884265925072e+000	7.762471166286917e+000
10181	7.453203039086572e+000	7.585775750291838e+000
10532	7.311791367628072e+000	7.413102413009175e+000
10803	7.090534124564573e+000	7.244359600749901e+000
10890	7.078935235964073e+000	7.079457843841379e+000
11196	6.821364924003573e+000	6.918309709189365e+000
11212	6.731229277540073e+000	6.760829753919817e+000
11569	6.584482935422073e+000	6.606934480075959e+000
11954	6.428327041484073e+000	6.456542290346556e+000
12331	6.295390644208073e+000	6.309573444801933e+000
12831	6.009036987565573e+000	6.025595860743578e+000
13145	5.868980752234573e+000	5.888436553555890e+000
13352	5.701286389854073e+000	5.754399373371570e+000
13660	5.586410579125073e+000	5.623413251903491e+000
13962	5.418601148742073e+000	5.495408738576245e+000
14199	5.361273858697073e+000	5.370317963702528e+000
14475	5.128611586808573e+000	5.128613839913649e+000
15079	4.962157968980073e+000	5.011872336272722e+000
15364	4.859529908497573e+000	4.897788193684462e+000
15473	4.768935488734573e+000	4.786300923226384e+000
15780	4.566840865419573e+000	4.570881896148751e+000
16169	4.445976156498573e+000	4.466835921509632e+000
16235	4.273117879794573e+000	4.365158322401660e+000
16600	4.250401773552573e+000	4.265795188015927e+000
16734	4.150809258713573e+000	4.168693834703354e+000
17091	4.036597660915573e+000	4.073802778041127e+000
17114	3.967749649700573e+000	3.981071705534972e+000
17431	3.862988050447073e+000	3.890451449942806e+000
17914	3.788069021665573e+000	3.801893963205612e+000
18042	3.701918541913573e+000	3.715352290971725e+000
18275	3.629513750827573e+000	3.630780547701014e+000
18389	3.540840326167573e+000	3.548133892335755e+000
19016	3.355341279299573e+000	3.388441561392026e+000
19161	3.309373829095573e+000	3.311311214825911e+000
19780	3.148801745268573e+000	3.162277660168379e+000
19930	3.084368964130073e+000	3.090295432513591e+000
20232	2.986844399802573e+000	3.019951720402016e+000
20645	2.942901533222073e+000	2.951209226666386e+000
20682	2.858467588609573e+000	2.884031503126606e+000
21204	2.784683955955073e+000	2.818382931264454e+000
21918	2.663684310426573e+000	2.691534803926916e+000
22340	2.624605161771573e+000	2.630267991895382e+000
22384	2.568729414081573e+000	2.570395782768864e+000
22626	2.503168798726573e+000	2.511886431509580e+000
22735	2.448681331084573e+000	2.454708915685031e+000
23631	2.379982941608573e+000	2.398832919019490e+000
24212	2.326294036298573e+000	2.344228815319922e+000
24300	2.283048085371073e+000	2.290867652767773e+000
24451	2.226552246756573e+000	2.238721138568339e+000
24661	2.171415655259573e+000	2.187761623949553e+000
25145	2.104830378301073e+000	2.137962089502232e+000
25441	2.085984269609073e+000	2.089296130854040e+000
25820	2.013256615411073e+000	2.041737944669529e+000
26116	1.989601558869073e+000	1.995262314968880e+000
26836	1.946944767531073e+000	1.949844599758045e+000
27721	1.893234724751073e+000	1.905460717963247e+000
28320	1.812217768365073e+000	1.819700858609983e+000
29063	1.775398806687073e+000	1.778279410038923e+000
29686	1.734094288637073e+000	1.737800828749375e+000
29918	1.673484345926073e+000	1.698243652461744e+000
30065	1.631623098383073e+000	1.659586907437561e+000
30108	1.613544230824073e+000	1.621810097358930e+000
30868	1.581887344053573e+000	1.584893192461114e+000
31095	1.545008273151073e+000	1.548816618912481e+000
31634	1.509761979915073e+000	1.513561248436208e+000
32371	1.452020051014073e+000	1.479108388168207e+000
33016	1.434171071006573e+000	1.445439770745927e+000
33325	1.382217592020073e+000	1.412537544622754e+000
33507	1.377087224364573e+000	1.380384264602885e+000
34437	1.326116927508573e+000	1.348962882591654e+000
34881	1.314259111653573e+000	1.318256738556407e+000
35266	1.285839143367573e+000	1.288249551693134e+000
35764	1.257695004811073e+000	1.258925411794167e+000
36348	1.217285024663573e+000	1.230268770812382e+000
36633	1.187526985841573e+000	1.202264434617413e+000
37389	1.169582374132073e+000	1.174897554939530e+000
37746	1.127228836267073e+000	1.148153621496883e+000
37814	1.108718748709573e+000	1.122018454301963e+000
38606	1.094595987171073e+000	1.096478196143185e+000
39041	1.061200887234573e+000	1.071519305237606e+000
39310	1.044625949219073e+000	1.047128548050900e+000
39757	9.968507540315730e-001	1.000000000000000e+000
40863	9.770951291625341e-001	9.772372209558107e-001
42001	9.530361098736740e-001	9.549925860214360e-001
42779	9.163916334010532e-001	9.332543007969910e-001
43000	9.101943113025433e-001	9.120108393559098e-001
43554	8.911790766534471e-001	8.912509381337456e-001
44217	8.706244907428159e-001	8.709635899560806e-001
44355	8.478605277511216e-001	8.511380382023764e-001
45289	8.279847226848498e-001	8.317637711026710e-001
45537	8.051653225014829e-001	8.128305161640993e-001
45848	7.942514575649045e-001	7.943282347242815e-001
46535	7.756223778516642e-001	7.762471166286917e-001
46984	7.585476773439720e-001	7.585775750291838e-001
47786	7.395449548782238e-001	7.413102413009175e-001
48284	7.238404842584854e-001	7.244359600749900e-001
49154	7.077177091710294e-001	7.079457843841379e-001
49720	6.867941384992271e-001	6.918309709189364e-001
50177	6.749416472870196e-001	6.760829753919818e-001
50694	6.570810631294136e-001	6.606934480075960e-001
51204	6.440767064628690e-001	6.456542290346555e-001
51589	6.299717719132045e-001	6.309573444801933e-001
52069	6.124335644333897e-001	6.165950018614822e-001
52489	6.023627233071780e-001	6.025595860743578e-001
52782	5.879600117394819e-001	5.888436553555889e-001
53642	5.754276664393057e-001	5.754399373371569e-001
54209	5.621848740967388e-001	5.623413251903491e-001
54455	5.479029489563430e-001	5.495408738576245e-001
54616	5.291867337276048e-001	5.370317963702527e-001
54672	5.018956771362295e-001	5.128613839913648e-001
54692	5.009763054806095e-001	5.011872336272722e-001
55116	4.889329227139052e-001	4.897788193684462e-001
55399	4.779285438553064e-001	4.786300923226383e-001
55636	4.646779392438395e-001	4.677351412871982e-001
56068	4.553384245928869e-001	4.570881896148750e-001
56675	4.439101775314341e-001	4.466835921509632e-001
56978	4.316271523327144e-001	4.365158322401660e-001
57098	4.196529304696053e-001	4.265795188015927e-001
57702	4.162158796406816e-001	4.168693834703354e-001
58104	4.048205113296485e-001	4.073802778041127e-001
58647	3.980947413239520e-001	3.981071705534973e-001
58712	3.877027169919340e-001	3.890451449942806e-001
58850	3.778592439088492e-001	3.801893963205612e-001
59179	3.694788332015497e-001	3.715352290971726e-001
59916	3.499999608208037e-001	3.548133892335755e-001
60100	3.375196254721129e-001	3.388441561392026e-001
60437	3.263460327694817e-001	3.311311214825911e-001
61156	3.214723627921960e-001	3.235936569296283e-001
61277	3.119508768299240e-001	3.162277660168379e-001
62639	3.024699360811201e-001	3.090295432513591e-001
63107	3.018846986454958e-001	3.019951720402016e-001
63208	2.890879543191680e-001	2.951209226666385e-001
63218	2.880044014444206e-001	2.884031503126606e-001
64154	2.816634636825306e-001	2.818382931264454e-001
65217	2.744236760438180e-001	2.754228703338166e-001
65545	2.683714349030720e-001	2.691534803926916e-001
66230	2.622222806643002e-001	2.630267991895382e-001
66737	2.431378991871150e-001	2.454708915685031e-001
66756	2.367111394034276e-001	2.398832919019490e-001
67933	2.341605226959632e-001	2.344228815319922e-001
68068	2.207289732196625e-001	2.238721138568340e-001
69166	2.187722731551897e-001	2.187761623949552e-001
69567	2.110466418727116e-001	2.137962089502232e-001
70861	2.080250789019495e-001	2.089296130854039e-001
71848	2.025706598811212e-001	2.041737944669530e-001
73379	1.959187201260858e-001	1.995262314968880e-001
73394	1.949595163003838e-001	1.949844599758046e-001
74477	1.904200280053598e-001	1.905460717963247e-001
75523	1.807911162516935e-001	1.819700858609984e-001
77714	1.753790049591963e-001	1.778279410038923e-001
78585	1.733056806013498e-001	1.737800828749375e-001
78679	1.657532874947890e-001	1.659586907437561e-001
4000001	1.632923820423803e-001	1.659586907437561e-001
%
% index = 2892, name = bbob_f002_i07_d40__bbob_f014_i08_d40
% instance = 3, reference value = 9.807202420958781e-001
% function evaluation | indicator value | target hit
1	3.843508413233293e+004	3.890451449942805e+004
2	7.340314351407456e+003	7.413102413009177e+003
4	5.276673945688493e+003	5.370317963702527e+003
9	4.531777316433892e+003	4.570881896148752e+003
10	2.122904083390526e+003	2.137962089502233e+003
37	2.014902146340387e+003	2.041737944669530e+003
72	1.866223543912481e+003	1.905460717963246e+003
139	1.702469869733167e+003	1.737800828749376e+003
177	1.131573886811739e+003	1.148153621496883e+003
229	7.603996293560050e+002	7.762471166286920e+002
587	7.490064826025050e+002	7.585775750291836e+002
696	6.549109606481070e+002	6.606934480075958e+002
736	6.299294143826600e+002	6.309573444801930e+002
1031	6.112153176240157e+002	6.165950018614822e+002
1049	5.969948411649854e+002	6.025595860743575e+002
1087	5.487522252334591e+002	5.495408738576248e+002
1223	4.910036061247744e+002	5.011872336272725e+002
1432	4.389684886756114e+002	4.466835921509630e+002
1439	3.424147510197063e+002	3.467368504525317e+002
2246	3.317536594498172e+002	3.388441561392024e+002
2398	2.788118159220563e+002	2.818382931264455e+002
2449	2.128459514820230e+002	2.137962089502233e+002
2960	1.678415081555108e+002	1.698243652461744e+002
2972	1.646025051151922e+002	1.659586907437561e+002
3148	1.612132484239492e+002	1.621810097358930e+002
3471	1.491855362659643e+002	1.513561248436209e+002
3668	1.207088052619128e+002	1.230268770812381e+002
3872	9.699017916946350e+001	9.772372209558107e+001
4432	9.196634961587155e+001	9.332543007969910e+001
4465	8.751613688570670e+001	8.912509381337455e+001
4502	7.422715395537527e+001	7.585775750291836e+001
5109	7.172459341816376e+001	7.244359600749903e+001
5189	6.225555506921331e+001	6.309573444801933e+001
5917	6.161085898159023e+001	6.165950018614822e+001
5919	5.510490365132311e+001	5.623413251903491e+001
6021	5.389254996895164e+001	5.495408738576246e+001
6069	5.363344334064028e+001	5.370317963702527e+001
6268	5.194214261090743e+001	5.248074602497726e+001
6310	4.731961132615325e+001	4.786300923226383e+001
6550	4.444338000617007e+001	4.466835921509630e+001
6841	4.281637283964715e+001	4.365158322401658e+001
6928	4.144160032045064e+001	4.168693834703355e+001
7415	3.888878327148274e+001	3.890451449942807e+001
7705	3.705490496638225e+001	3.715352290971726e+001
8211	3.605902070222162e+001	3.630780547701014e+001
8245	3.500835612138253e+001	3.548133892335755e+001
8252	3.465854798425234e+001	3.467368504525317e+001
8669	3.331932580030204e+001	3.388441561392025e+001
8692	3.249656303107490e+001	3.311311214825911e+001
9638	3.172949399752733e+001	3.235936569296283e+001
9800	3.154087189019838e+001	3.162277660168379e+001
9873	3.078227181753588e+001	3.090295432513591e+001
10136	2.960644088709538e+001	3.019951720402016e+001
10429	2.664348280102788e+001	2.691534803926916e+001
10960	2.580244275584588e+001	2.630267991895381e+001
11067	2.531392904719038e+001	2.570395782768863e+001
11345	2.395107983105088e+001	2.398832919019490e+001
11891	2.242878599394888e+001	2.290867652767774e+001
12135	2.213263810930788e+001	2.238721138568340e+001
12369	2.120448327695438e+001	2.137962089502232e+001
12749	2.058735611547088e+001	2.089296130854040e+001
13064	2.035933879675188e+001	2.041737944669530e+001
13546	1.977199029155638e+001	1.995262314968880e+001
14089	1.924270090658638e+001	1.949844599758045e+001
14235	1.877521657942338e+001	1.905460717963247e+001
14580	1.833601522961738e+001	1.862087136662868e+001
15225	1.799231150725238e+001	1.819700858609983e+001
16153	1.750638649984338e+001	1.778279410038923e+001
16278	1.712197604837738e+001	1.737800828749375e+001
16965	1.697011871364638e+001	1.698243652461744e+001
17356	1.622326024241938e+001	1.659586907437561e+001
17563	1.619152669920338e+001	1.621810097358930e+001
17817	1.576443573568588e+001	1.584893192461113e+001
17967	1.523293843329388e+001	1.548816618912481e+001
18439	1.481720326224288e+001	1.513561248436208e+001
18524	1.468973035485288e+001	1.479108388168207e+001
19336	1.441542170322488e+001	1.445439770745927e+001
19612	1.406340497904838e+001	1.412537544622754e+001
19676	1.368849441594238e+001	1.380384264602885e+001
20251	1.303843132823938e+001	1.318256738556407e+001
20365	1.260990898348488e+001	1.288249551693134e+001
20503	1.247685565722488e+001	1.258925411794168e+001
21179	1.141038112303888e+001	1.148153621496883e+001
21471	1.111110350806888e+001	1.122018454301964e+001
21984	1.056393185026888e+001	1.071519305237607e+001
22111	1.046697309657138e+001	1.047128548050900e+001
23364	1.011849195384788e+001	1.023292992280754e+001
23600	9.888941498441378e+000	1.000000000000000e+001
23931	9.709787784611876e+000	9.772372209558107e+000
24040	9.344010485633378e+000	9.549925860214358e+000
24529	9.305977514984377e+000	9.332543007969910e+000
24589	9.084020700388377e+000	9.120108393559097e+000
24971	8.821008860297877e+000	8.912509381337454e+000
25076	8.404319297117878e+000	8.511380382023766e+000
25859	8.294036631869878e+000	8.317637711026711e+000
26106	8.076697998966877e+000	8.128305161640993e+000
26257	7.908638159044878e+000	7.943282347242816e+000
26367	7.655168667504878e+000	7.762471166286917e+000
26381	7.529791492750378e+000	7.585775750291838e+000
26880	7.110360156517378e+000	7.244359600749901e+000
27016	7.063204573058878e+000	7.079457843841379e+000
27421	6.917904740433878e+000	6.918309709189365e+000
27866	6.339898945081878e+000	6.456542290346556e+000
28012	6.306886559597878e+000	6.309573444801933e+000
28321	6.092634786721878e+000	6.165950018614822e+000
28486	5.786075298217378e+000	5.888436553555890e+000
28527	5.481366949934878e+000	5.495408738576245e+000
28712	4.610194138605878e+000	4.677351412871983e+000
28837	4.468587242901879e+000	4.570881896148751e+000
28846	4.416055319777378e+000	4.466835921509632e+000
28907	4.343044125007379e+000	4.365158322401660e+000
28986	4.170835635399378e+000	4.265795188015927e+000
29172	4.121561421350378e+000	4.168693834703354e+000
29179	3.762205666698378e+000	3.801893963205612e+000
29372	3.553057295286878e+000	3.630780547701014e+000
29464	3.493821693755378e+000	3.548133892335755e+000
29581	3.457398233062378e+000	3.467368504525317e+000
29695	3.361080513399878e+000	3.388441561392026e+000
29696	2.940805277892878e+000	2.951209226666386e+000
29836	2.834481402367878e+000	2.884031503126606e+000
29857	2.734080272071378e+000	2.754228703338166e+000
29950	2.611366363326878e+000	2.630267991895382e+000
30108	2.548355266025378e+000	2.570395782768864e+000
30265	2.424697147576378e+000	2.454708915685031e+000
30339	2.215465396548378e+000	2.238721138568339e+000
30429	2.132811569803878e+000	2.137962089502232e+000
30633	2.036085188481378e+000	2.041737944669529e+000
30838	1.986077060730878e+000	1.995262314968880e+000
30900	1.877829420980378e+000	1.905460717963247e+000
31045	1.776982955021878e+000	1.778279410038923e+000
31058	1.696586617668378e+000	1.698243652461744e+000
31483	1.657548872493878e+000	1.659586907437561e+000
31523	1.500200456096378e+000	1.513561248436208e+000
31674	1.395996524382378e+000	1.412537544622754e+000
32010	1.351327807938878e+000	1.380384264602885e+000
32299	1.347347429016878e+000	1.348962882591654e+000
32493	1.317332412302878e+000	1.318256738556407e+000
32609	1.286327070226878e+000	1.288249551693134e+000
32690	1.210701441931878e+000	1.230268770812382e+000
32996	1.160508604729378e+000	1.174897554939530e+000
33020	1.134765797497878e+000	1.148153621496883e+000
33052	1.069041552462378e+000	1.071519305237606e+000
33138	9.980224804823781e-001	1.000000000000000e+000
33324	9.658516500273403e-001	9.772372209558107e-001
33445	9.489017979391599e-001	9.549925860214360e-001
33679	9.063942171635563e-001	9.120108393559098e-001
33823	8.790972923357633e-001	8.912509381337456e-001
33861	8.645863996679615e-001	8.709635899560806e-001
34158	8.219232034705237e-001	8.317637711026710e-001
34301	8.087125976823706e-001	8.128305161640993e-001
34309	7.490395291362011e-001	7.585775750291838e-001
34575	7.198812569072510e-001	7.244359600749900e-001
34771	7.062324130690556e-001	7.079457843841379e-001
34874	6.866437439130386e-001	6.918309709189364e-001
35090	6.707105621923579e-001	6.760829753919818e-001
35246	6.514144987500337e-001	6.606934480075960e-001
35284	6.295327052258641e-001	6.309573444801933e-001
35500	6.092264013676640e-001	6.165950018614822e-001
36050	5.921259737904501e-001	6.025595860743578e-001
36066	5.796353582901348e-001	5.888436553555889e-001
36209	5.702426546367154e-001	5.754399373371569e-001
36282	5.603777894010342e-001	5.623413251903491e-001
36412	5.416143610343782e-001	5.495408738576245e-001
36701	5.368109952166880e-001	5.370317963702527e-001
36746	5.151949419190451e-001	5.248074602497725e-001
36936	5.123579859282177e-001	5.128613839913648e-001
37194	4.970294948717122e-001	5.011872336272722e-001
37480	4.897546734084103e-001	4.897788193684462e-001
37565	4.775571691703519e-001	4.786300923226383e-001
37794	4.667622345350677e-001	4.677351412871982e-001
38150	4.533403598296241e-001	4.570881896148750e-001
38422	4.406093491366957e-001	4.466835921509632e-001
38834	4.333555099557528e-001	4.365158322401660e-001
39213	4.237596483406195e-001	4.265795188015927e-001
39354	4.135783985060111e-001	4.168693834703354e-001
40030	4.049715373165337e-001	4.073802778041127e-001
40483	3.940850932639441e-001	3.981071705534973e-001
41164	3.850044029769059e-001	3.890451449942806e-001
41506	3.798328076199747e-001	3.801893963205612e-001
42332	3.665809985685792e-001	3.715352290971726e-001
42849	3.581078690606496e-001	3.630780547701014e-001
43344	3.547118787443810e-001	3.548133892335755e-001
44055	3.460081969556772e-001	3.467368504525316e-001
44996	3.367945986883214e-001	3.388441561392026e-001
45027	3.181383161873231e-001	3.235936569296283e-001
45597	3.138626095303150e-001	3.162277660168379e-001
46171	3.063278975369452e-001	3.090295432513591e-001
46427	3.016662999169996e-001	3.019951720402016e-001
46653	2.947530182866985e-001	2.951209226666385e-001
47503	2.878140605094980e-001	2.884031503126606e-001
48561	2.798861218896279e-001	2.818382931264454e-001
48748	2.744048260797005e-001	2.754228703338166e-001
49077	2.647739064267377e-001	2.691534803926916e-001
49444	2.625793288934591e-001	2.630267991895382e-001
49472	2.568560462001457e-001	2.570395782768864e-001
50483	2.446267830628877e-001	2.454708915685031e-001
51073	2.397391491015466e-001	2.398832919019490e-001
52236	2.338483722271590e-001	2.344228815319922e-001
55048	2.276722693928353e-001	2.290867652767773e-001
58270	2.218995051131805e-001	2.238721138568340e-001
58968	2.150546110296757e-001	2.187761623949552e-001
59716	2.085546986281858e-001	2.089296130854039e-001
4000001	2.060737973815542e-001	2.089296130854039e-001
%
% index = 2893, name = bbob_f002_i09_d40__bbob_f014_i10_d40
% instance = 4, reference value = 9.938528485058900e-001
% function evaluation | indicator value | target hit
1	2.559188229784662e+003	2.570395782768865e+003
2	8.824391979191188e+002	8.912509381337459e+002
15	8.128891895899131e+002	8.317637711026708e+002
42	8.010060372450118e+002	8.128305161640996e+002
79	7.907370159064220e+002	7.943282347242813e+002
127	6.642700446930919e+002	6.760829753919819e+002
181	5.318766607883978e+002	5.370317963702527e+002
380	3.205015667146740e+002	3.235936569296281e+002
572	2.357530719693228e+002	2.398832919019490e+002
688	1.821299267633935e+002	1.862087136662867e+002
751	1.773625943448752e+002	1.778279410038923e+002
1121	1.703340907167625e+002	1.737800828749376e+002
1124	1.564756695978749e+002	1.584893192461114e+002
1187	1.229431705234153e+002	1.230268770812381e+002
1275	1.059291596315329e+002	1.071519305237606e+002
1556	1.043933968181608e+002	1.047128548050900e+002
1655	1.013017951073161e+002	1.023292992280754e+002
1678	8.131196645795123e+001	8.317637711026708e+001
1802	7.607400140519162e+001	7.762471166286916e+001
1984	7.550462765381296e+001	7.585775750291836e+001
1985	5.959226265201583e+001	6.025595860743578e+001
2198	5.379225649324625e+001	5.495408738576246e+001
2310	5.324063590444735e+001	5.370317963702527e+001
2327	5.010400338174926e+001	5.011872336272722e+001
2333	4.456991259722848e+001	4.466835921509630e+001
2439	3.762306739262486e+001	3.801893963205612e+001
2541	3.633814287004941e+001	3.715352290971726e+001
2585	3.586967238459865e+001	3.630780547701014e+001
2631	3.381369865148316e+001	3.388441561392025e+001
2851	3.201874316238941e+001	3.235936569296283e+001
2997	3.055834149193392e+001	3.090295432513591e+001
3024	2.836180384027900e+001	2.884031503126606e+001
3184	2.721854523180273e+001	2.754228703338166e+001
3308	2.541936990245158e+001	2.570395782768863e+001
3454	2.348104945677088e+001	2.398832919019490e+001
3469	2.342529451846543e+001	2.344228815319923e+001
3634	1.964560575935278e+001	1.995262314968880e+001
3744	1.806850787373634e+001	1.819700858609983e+001
3820	1.750870514969864e+001	1.778279410038923e+001
4037	1.578958830881960e+001	1.584893192461113e+001
4396	1.537425873160507e+001	1.548816618912481e+001
4424	1.488167177767940e+001	1.513561248436208e+001
4456	1.414088842804374e+001	1.445439770745927e+001
4463	1.399174012518731e+001	1.412537544622754e+001
4495	1.331197620092481e+001	1.348962882591653e+001
4621	1.143424274734367e+001	1.148153621496883e+001
4651	1.116978173900693e+001	1.122018454301964e+001
4917	1.062348884993136e+001	1.071519305237607e+001
5061	1.042696027322836e+001	1.047128548050900e+001
5094	9.952304575298339e+000	1.000000000000000e+001
5142	9.484661261589197e+000	9.549925860214358e+000
5244	8.451870359095032e+000	8.511380382023766e+000
5444	8.049420545664145e+000	8.128305161640993e+000
5638	7.901464069124581e+000	7.943282347242816e+000
5662	7.723395559147149e+000	7.762471166286917e+000
5815	7.480338849769170e+000	7.585775750291838e+000
5980	7.213835820563444e+000	7.244359600749901e+000
6310	6.771348901101060e+000	6.918309709189365e+000
6377	6.720328952316564e+000	6.760829753919817e+000
6485	6.434956766789895e+000	6.456542290346556e+000
6547	6.248151676255128e+000	6.309573444801933e+000
6854	6.006463729438959e+000	6.025595860743578e+000
7158	5.885507313240634e+000	5.888436553555890e+000
7182	5.571145835046075e+000	5.623413251903491e+000
7209	5.395924003796472e+000	5.495408738576245e+000
7234	5.367735836112898e+000	5.370317963702528e+000
7468	5.195520394822975e+000	5.248074602497725e+000
7566	5.074472754761290e+000	5.128613839913649e+000
7777	4.956913259742185e+000	5.011872336272722e+000
7948	4.803956389929088e+000	4.897788193684462e+000
7983	4.760595176987457e+000	4.786300923226384e+000
8023	4.481253538694826e+000	4.570881896148751e+000
8114	4.399042848911302e+000	4.466835921509632e+000
8232	4.122655991992267e+000	4.168693834703354e+000
8573	4.068408318955862e+000	4.073802778041127e+000
8696	3.957926517267239e+000	3.981071705534972e+000
8786	3.828670393700294e+000	3.890451449942806e+000
8856	3.772734894806844e+000	3.801893963205612e+000
8860	3.674108407148158e+000	3.715352290971725e+000
8883	3.553557331909541e+000	3.630780547701014e+000
8888	3.498461032215560e+000	3.548133892335755e+000
8901	3.330435926600806e+000	3.388441561392026e+000
9241	3.239486013784914e+000	3.311311214825911e+000
9343	3.077287884544710e+000	3.090295432513591e+000
9480	2.979976913610902e+000	3.019951720402016e+000
9626	2.897445039014789e+000	2.951209226666386e+000
9653	2.813931066640148e+000	2.818382931264454e+000
9724	2.717682938175147e+000	2.754228703338166e+000
10239	2.595214990601206e+000	2.630267991895382e+000
10484	2.541969840585407e+000	2.570395782768864e+000
10487	2.477131167053571e+000	2.511886431509580e+000
10569	2.430606140723876e+000	2.454708915685031e+000
11085	2.340039369881995e+000	2.344228815319922e+000
11272	2.243117637689629e+000	2.290867652767773e+000
11379	2.216310746073416e+000	2.238721138568339e+000
11548	2.180967974904607e+000	2.187761623949553e+000
11863	2.130261642518089e+000	2.137962089502232e+000
12000	2.040823272538602e+000	2.041737944669529e+000
12160	1.984940419016199e+000	1.995262314968880e+000
12451	1.896478588741679e+000	1.905460717963247e+000
12706	1.842894414312875e+000	1.862087136662868e+000
12806	1.782031110456344e+000	1.819700858609983e+000
13594	1.769652884822333e+000	1.778279410038923e+000
13692	1.681415446082390e+000	1.698243652461744e+000
14297	1.648117488063390e+000	1.659586907437561e+000
14888	1.601690749253890e+000	1.621810097358930e+000
15248	1.572290002295890e+000	1.584893192461114e+000
16141	1.534353423874390e+000	1.548816618912481e+000
16418	1.512562226049890e+000	1.513561248436208e+000
17033	1.448797580528201e+000	1.479108388168207e+000
17972	1.409403196451890e+000	1.412537544622754e+000
19923	1.378248633148390e+000	1.380384264602885e+000
20394	1.337754951673390e+000	1.348962882591654e+000
21874	1.304351913938390e+000	1.318256738556407e+000
22353	1.227171329599922e+000	1.230268770812382e+000
29774	1.202060269924890e+000	1.202264434617413e+000
30995	1.174139220427390e+000	1.174897554939530e+000
31148	1.146194959036390e+000	1.148153621496883e+000
31580	1.082853602021390e+000	1.096478196143185e+000
32894	1.065588494443890e+000	1.071519305237606e+000
36293	1.006404533546390e+000	1.023292992280754e+000
36701	9.966108178153899e-001	1.000000000000000e+000
37866	9.735529392271674e-001	9.772372209558107e-001
38199	9.329412651098854e-001	9.332543007969910e-001
38669	9.113537502571534e-001	9.120108393559098e-001
39025	8.867959319383401e-001	8.912509381337456e-001
39551	8.684124050175383e-001	8.709635899560806e-001
39717	8.510242904651008e-001	8.511380382023764e-001
40028	8.302208355359719e-001	8.317637711026710e-001
40193	8.002880788915470e-001	8.128305161640993e-001
40355	7.939040087406221e-001	7.943282347242815e-001
40664	7.695077931735860e-001	7.762471166286917e-001
40759	7.538138488579620e-001	7.585775750291838e-001
40858	7.333818266840279e-001	7.413102413009175e-001
41232	7.215793828875529e-001	7.244359600749900e-001
41270	7.072542350371089e-001	7.079457843841379e-001
41587	6.916802673520963e-001	6.918309709189364e-001
42009	6.759015189269602e-001	6.760829753919818e-001
42152	6.570169970488794e-001	6.606934480075960e-001
42383	6.402751387152577e-001	6.456542290346555e-001
42499	6.289961893716601e-001	6.309573444801933e-001
42867	6.073536649824485e-001	6.165950018614822e-001
43140	6.023253337812833e-001	6.025595860743578e-001
43531	5.717008713827507e-001	5.754399373371569e-001
43783	5.586344496822961e-001	5.623413251903491e-001
44157	5.421255451879810e-001	5.495408738576245e-001
44361	5.369633572750163e-001	5.370317963702527e-001
44849	5.247447465132935e-001	5.248074602497725e-001
45110	5.127644415266424e-001	5.128613839913648e-001
45549	5.001716574185046e-001	5.011872336272722e-001
45740	4.896971264389421e-001	4.897788193684462e-001
46198	4.771526877865732e-001	4.786300923226383e-001
46546	4.675816492258951e-001	4.677351412871982e-001
46839	4.535124290222317e-001	4.570881896148750e-001
47416	4.426745860322159e-001	4.466835921509632e-001
47806	4.358972599575901e-001	4.365158322401660e-001
48172	4.251906188721173e-001	4.265795188015927e-001
48357	4.168620369675302e-001	4.168693834703354e-001
48904	4.066491478753469e-001	4.073802778041127e-001
49288	3.980444824725838e-001	3.981071705534973e-001
49601	3.874858540502384e-001	3.890451449942806e-001
49915	3.786398090224936e-001	3.801893963205612e-001
50418	3.705995320628553e-001	3.715352290971726e-001
50778	3.629390118922039e-001	3.630780547701014e-001
50821	3.543792626073669e-001	3.548133892335755e-001
51776	3.438795643531911e-001	3.467368504525316e-001
52235	3.388315778630661e-001	3.388441561392026e-001
52703	3.301405713730765e-001	3.311311214825911e-001
53632	3.235838630596783e-001	3.235936569296283e-001
54053	3.161410726445464e-001	3.162277660168379e-001
55315	3.090165035374609e-001	3.090295432513591e-001
56032	3.017692761728480e-001	3.019951720402016e-001
56094	2.935921675654449e-001	2.951209226666385e-001
56610	2.832808980253263e-001	2.884031503126606e-001
56982	2.813500636277611e-001	2.818382931264454e-001
57313	2.731005117318813e-001	2.754228703338166e-001
57515	2.676585956358518e-001	2.691534803926916e-001
58284	2.627378100220226e-001	2.630267991895382e-001
58527	2.568892801378135e-001	2.570395782768864e-001
58895	2.479560673660819e-001	2.511886431509580e-001
59560	2.449937630538992e-001	2.454708915685031e-001
59985	2.393232628611722e-001	2.398832919019490e-001
60812	2.268930644595173e-001	2.290867652767773e-001
61899	2.216159700091605e-001	2.238721138568340e-001
62381	2.173590594412825e-001	2.187761623949552e-001
62636	2.082340103957050e-001	2.089296130854039e-001
62952	2.036789306510884e-001	2.041737944669530e-001
62971	1.973228540222244e-001	1.995262314968880e-001
64395	1.949841783401950e-001	1.949844599758046e-001
64843	1.905366833586319e-001	1.905460717963247e-001
65606	1.774146845623362e-001	1.778279410038923e-001
67467	1.726565827464740e-001	1.737800828749375e-001
68737	1.636945443616459e-001	1.659586907437561e-001
69124	1.569629231300187e-001	1.584893192461113e-001
69781	1.542518872335642e-001	1.548816618912481e-001
70929	1.513553494755056e-001	1.513561248436208e-001
71229	1.460057711796303e-001	1.479108388168208e-001
71257	1.444689458533430e-001	1.445439770745928e-001
72430	1.342948722838826e-001	1.348962882591654e-001
73683	1.264375591665709e-001	1.288249551693134e-001
74440	1.240752205919642e-001	1.258925411794167e-001
74777	1.195448793570160e-001	1.202264434617413e-001
75592	1.171844339476976e-001	1.174897554939529e-001
75749	1.136008193647062e-001	1.148153621496883e-001
76190	1.105028732610945e-001	1.122018454301964e-001
92961	1.096476823985091e-001	1.096478196143185e-001
4000001	1.095265311461101e-001	1.096478196143185e-001
%
% index = 2894, name = bbob_f002_i11_d40__bbob_f014_i12_d40
% instance = 5, reference value = 9.924483950314190e-001
% function evaluation | indicator value | target hit
1	1.844714077629748e+004	1.862087136662866e+004
2	1.963144857143761e+003	1.995262314968879e+003
3	8.457922228469994e+002	8.511380382023768e+002
9	3.324438563075813e+002	3.388441561392024e+002
56	2.235657315578181e+002	2.238721138568340e+002
289	1.967244685409619e+002	1.995262314968879e+002
683	1.903478416493912e+002	1.905460717963246e+002
939	1.470533334045109e+002	1.479108388168207e+002
1042	1.429281673887383e+002	1.445439770745928e+002
1126	1.337907258135035e+002	1.348962882591653e+002
1167	1.136641983978172e+002	1.148153621496883e+002
1301	8.955010620595535e+001	9.120108393559097e+001
1513	7.757651177650317e+001	7.762471166286916e+001
1540	4.059710939846420e+001	4.073802778041128e+001
1847	3.924788037763153e+001	3.981071705534973e+001
1919	2.708110991214363e+001	2.754228703338166e+001
2265	2.626938089129629e+001	2.630267991895381e+001
2351	1.605190689462925e+001	1.621810097358930e+001
2792	1.461766789524803e+001	1.479108388168207e+001
2899	1.214501815570027e+001	1.230268770812382e+001
3045	1.129378140834026e+001	1.148153621496883e+001
3224	1.020589088026375e+001	1.023292992280754e+001
3307	9.937858731604408e+000	1.000000000000000e+001
3435	9.585713947346889e+000	9.772372209558107e+000
3453	9.083267962993761e+000	9.120108393559097e+000
3517	8.627811310850245e+000	8.709635899560805e+000
3672	8.477198060173954e+000	8.511380382023766e+000
3778	8.184809277240978e+000	8.317637711026711e+000
3882	7.303504641112157e+000	7.413102413009175e+000
3893	7.054852790852287e+000	7.079457843841379e+000
3937	6.397878507935882e+000	6.456542290346556e+000
4010	6.115533583316752e+000	6.165950018614822e+000
4020	6.002957441502376e+000	6.025595860743578e+000
4261	5.603120251376617e+000	5.623413251903491e+000
4444	5.399282679352131e+000	5.495408738576245e+000
4455	5.324794374724541e+000	5.370317963702528e+000
4530	5.238739558565641e+000	5.248074602497725e+000
4554	4.918510303298484e+000	5.011872336272722e+000
4614	4.761963156305329e+000	4.786300923226384e+000
4750	4.603096103583255e+000	4.677351412871983e+000
4834	4.256603681902149e+000	4.265795188015927e+000
4948	3.736347626125577e+000	3.801893963205612e+000
5188	3.552475333690740e+000	3.630780547701014e+000
5215	3.441055563499739e+000	3.467368504525317e+000
5292	3.363526731179185e+000	3.388441561392026e+000
5398	3.294457278579551e+000	3.311311214825911e+000
5467	3.234535273532103e+000	3.235936569296283e+000
5613	3.047932758934768e+000	3.090295432513591e+000
5803	2.723400614207255e+000	2.754228703338166e+000
5976	2.620934184134288e+000	2.630267991895382e+000
6380	2.461433465179273e+000	2.511886431509580e+000
6388	2.342141756478478e+000	2.344228815319922e+000
6586	2.194596342151418e+000	2.238721138568339e+000
6707	1.700369066535727e+000	1.737800828749375e+000
7240	1.649618257556986e+000	1.659586907437561e+000
7262	1.505926039765419e+000	1.513561248436208e+000
7586	1.437642387023919e+000	1.445439770745927e+000
7599	1.363623060203419e+000	1.380384264602885e+000
7639	1.302252107920919e+000	1.318256738556407e+000
7765	1.274011355915919e+000	1.288249551693134e+000
7871	1.252299574704919e+000	1.258925411794167e+000
7990	1.165310920395919e+000	1.174897554939530e+000
8236	1.083912914325419e+000	1.096478196143185e+000
8635	1.061272932108919e+000	1.071519305237606e+000
8643	1.012557691356419e+000	1.023292992280754e+000
8729	9.938520726239190e-001	1.000000000000000e+000
8804	9.429064149486411e-001	9.549925860214360e-001
8880	9.160576000605450e-001	9.332543007969910e-001
8925	9.067095797477629e-001	9.120108393559098e-001
9178	8.684808084937074e-001	8.709635899560806e-001
9453	8.072513080425274e-001	8.128305161640993e-001
9763	7.918861422860020e-001	7.943282347242815e-001
9835	7.762231735521501e-001	7.762471166286917e-001
9971	7.332782388024999e-001	7.413102413009175e-001
10158	7.173821006873276e-001	7.244359600749900e-001
10203	6.903988630232095e-001	6.918309709189364e-001
10510	6.724707023062690e-001	6.760829753919818e-001
10662	6.582355648345157e-001	6.606934480075960e-001
10950	6.392682682395645e-001	6.456542290346555e-001
10994	6.247331128378599e-001	6.309573444801933e-001
11277	6.156979847736450e-001	6.165950018614822e-001
11402	5.951153132576401e-001	6.025595860743578e-001
11411	5.514342847160352e-001	5.623413251903491e-001
11575	5.494429593970839e-001	5.495408738576245e-001
11957	5.243742623412194e-001	5.248074602497725e-001
12020	4.868754840832144e-001	4.897788193684462e-001
12176	4.745568300850315e-001	4.786300923226383e-001
12345	4.677057467463159e-001	4.677351412871982e-001
12525	4.363734590813131e-001	4.365158322401660e-001
12586	4.089406211255597e-001	4.168693834703354e-001
12682	4.034768222047918e-001	4.073802778041127e-001
12943	3.974776228172311e-001	3.981071705534973e-001
13064	3.877612013295072e-001	3.890451449942806e-001
13138	3.801673415696548e-001	3.801893963205612e-001
13382	3.713002233778168e-001	3.715352290971726e-001
13434	3.543390922559315e-001	3.548133892335755e-001
13623	3.466576801536964e-001	3.467368504525316e-001
13849	3.317468619401190e-001	3.388441561392026e-001
13889	3.291527804692268e-001	3.311311214825911e-001
14170	3.226618302306327e-001	3.235936569296283e-001
14456	3.161668402184804e-001	3.162277660168379e-001
14720	3.089439885152009e-001	3.090295432513591e-001
14795	2.986874822071745e-001	3.019951720402016e-001
14910	2.911213540900194e-001	2.951209226666385e-001
15055	2.827238694492418e-001	2.884031503126606e-001
15222	2.766362804263471e-001	2.818382931264454e-001
15264	2.739170975618828e-001	2.754228703338166e-001
15660	2.689877273840479e-001	2.691534803926916e-001
15814	2.569987804382392e-001	2.570395782768864e-001
15876	2.509682336847110e-001	2.511886431509580e-001
16107	2.436543938731568e-001	2.454708915685031e-001
16436	2.395518422365962e-001	2.398832919019490e-001
16605	2.344215808048814e-001	2.344228815319922e-001
17007	2.284038464787889e-001	2.290867652767773e-001
17418	2.236461970147059e-001	2.238721138568340e-001
17558	2.173476129951827e-001	2.187761623949552e-001
17910	2.116101944557729e-001	2.137962089502232e-001
18623	2.069521266503979e-001	2.089296130854039e-001
18865	2.028437878798743e-001	2.041737944669530e-001
20065	1.987638657718230e-001	1.995262314968880e-001
20784	1.931718984719210e-001	1.949844599758046e-001
22067	1.885483763185711e-001	1.905460717963247e-001
22425	1.844866861637207e-001	1.862087136662868e-001
23350	1.813868203957456e-001	1.819700858609984e-001
23776	1.759891484670287e-001	1.778279410038923e-001
24334	1.737224182766562e-001	1.737800828749375e-001
24680	1.683042739960982e-001	1.698243652461744e-001
25602	1.659283205983093e-001	1.659586907437561e-001
26575	1.580201324502949e-001	1.584893192461113e-001
28305	1.548550112991264e-001	1.548816618912481e-001
29140	1.504642677637529e-001	1.513561248436208e-001
29341	1.475153803485497e-001	1.479108388168208e-001
29832	1.441211023761612e-001	1.445439770745928e-001
31660	1.411811607784231e-001	1.412537544622755e-001
32497	1.379115131399432e-001	1.380384264602885e-001
34341	1.330921545686703e-001	1.348962882591654e-001
34830	1.302196335196807e-001	1.318256738556407e-001
35591	1.288030760177068e-001	1.288249551693134e-001
35902	1.257831646894535e-001	1.258925411794167e-001
35959	1.204896147649336e-001	1.230268770812382e-001
37454	1.181598884828813e-001	1.202264434617413e-001
37510	1.132543591537423e-001	1.148153621496883e-001
38601	1.093986264396564e-001	1.096478196143185e-001
38712	1.065674004226617e-001	1.071519305237607e-001
39272	1.046558550453515e-001	1.047128548050900e-001
39871	1.022009024041817e-001	1.023292992280754e-001
41625	9.965942339396461e-002	1.000000000000000e-001
42515	9.690059524167882e-002	9.772372209558107e-002
43614	9.471974447895548e-002	9.549925860214359e-002
46766	9.331954891066008e-002	9.332543007969910e-002
51250	9.115351383069914e-002	9.120108393559097e-002
52266	8.851606773660758e-002	8.912509381337455e-002
52955	8.417292581023972e-002	8.511380382023763e-002
55200	8.152306457535197e-002	8.317637711026708e-002
55674	8.098550402254512e-002	8.128305161640990e-002
56805	7.838166799793833e-002	7.943282347242814e-002
58005	7.655690259398296e-002	7.762471166286916e-002
58655	7.566862189101464e-002	7.585775750291836e-002
59145	7.399080758734955e-002	7.413102413009177e-002
60441	7.227908892015722e-002	7.244359600749903e-002
4000001	7.085562169146109e-002	7.244359600749903e-002
%
% index = 2895, name = bbob_f002_i13_d40__bbob_f014_i14_d40
% instance = 6, reference value = 9.773967519579740e-001
% function evaluation | indicator value | target hit
1	1.951867895737968e+004	1.995262314968879e+004
2	2.512490092332962e+003	2.570395782768865e+003
9	1.910331324744791e+003	1.949844599758045e+003
10	9.823057274592691e+002	1.000000000000000e+003
15	6.570315277509963e+002	6.606934480075958e+002
101	5.720056003530749e+002	5.754399373371566e+002
162	4.972601343923405e+002	5.011872336272725e+002
268	4.087592037048071e+002	4.168693834703355e+002
417	3.339447080349474e+002	3.388441561392024e+002
483	3.114363427032708e+002	3.162277660168379e+002
528	2.932200966786049e+002	2.951209226666387e+002
894	2.669110255169473e+002	2.691534803926917e+002
1100	2.560348648073119e+002	2.570395782768865e+002
1113	2.281047401782173e+002	2.290867652767772e+002
1234	1.655320010045803e+002	1.659586907437561e+002
1431	1.207790840765669e+002	1.230268770812381e+002
1784	1.017379993905781e+002	1.023292992280754e+002
2032	9.426464023161428e+001	9.549925860214358e+001
2287	8.966684156273216e+001	9.120108393559097e+001
2502	6.694401561287310e+001	6.760829753919819e+001
2750	5.013626428337992e+001	5.128613839913648e+001
2934	4.534540413882192e+001	4.570881896148750e+001
3056	4.412421650964316e+001	4.466835921509630e+001
3104	3.580149709684562e+001	3.630780547701014e+001
3593	3.192659628465355e+001	3.235936569296283e+001
3720	3.057430760435571e+001	3.090295432513591e+001
3769	2.290066438033498e+001	2.290867652767774e+001
3872	1.479365716177264e+001	1.513561248436208e+001
4189	1.452535709198184e+001	1.479108388168207e+001
4211	1.380863429618547e+001	1.412537544622754e+001
4378	1.341752049003947e+001	1.348962882591653e+001
4590	1.206543544860278e+001	1.230268770812382e+001
4645	1.156000389757097e+001	1.174897554939530e+001
4706	1.042233362049341e+001	1.047128548050900e+001
4835	9.860427034105973e+000	1.000000000000000e+001
5047	9.567017796733973e+000	9.772372209558107e+000
5266	9.099794832495475e+000	9.120108393559097e+000
5517	7.414169536635974e+000	7.585775750291838e+000
5689	7.412640192554473e+000	7.413102413009175e+000
5866	7.098511282545474e+000	7.244359600749901e+000
5900	6.511011717601973e+000	6.606934480075959e+000
6156	6.280020229199474e+000	6.309573444801933e+000
6160	6.098053688380974e+000	6.165950018614822e+000
6174	5.028631644772974e+000	5.128613839913649e+000
6592	4.864102332813474e+000	4.897788193684462e+000
6743	4.785442791745973e+000	4.786300923226384e+000
6788	4.667446351052973e+000	4.677351412871983e+000
7038	4.552110463917974e+000	4.570881896148751e+000
7172	4.431670580664973e+000	4.466835921509632e+000
7393	4.238254062507473e+000	4.265795188015927e+000
7787	4.088484614850974e+000	4.168693834703354e+000
7814	4.050367827143473e+000	4.073802778041127e+000
7932	3.898194526649974e+000	3.981071705534972e+000
8015	3.780908226817474e+000	3.801893963205612e+000
8285	3.643767426116474e+000	3.715352290971725e+000
8379	3.545269586792974e+000	3.548133892335755e+000
8561	3.441461110338974e+000	3.467368504525317e+000
8617	3.386122376775474e+000	3.388441561392026e+000
8999	3.294993109431974e+000	3.311311214825911e+000
9181	3.133222587294974e+000	3.162277660168379e+000
9435	3.074523017015474e+000	3.090295432513591e+000
9612	2.946819667329974e+000	2.951209226666386e+000
9801	2.879594817038474e+000	2.884031503126606e+000
10164	2.711580283116474e+000	2.754228703338166e+000
10487	2.653844879129974e+000	2.691534803926916e+000
10612	2.613679340738474e+000	2.630267991895382e+000
10633	2.568101361024974e+000	2.570395782768864e+000
10757	2.504005251526974e+000	2.511886431509580e+000
10929	2.441860952031474e+000	2.454708915685031e+000
11334	2.376825038608474e+000	2.398832919019490e+000
11388	2.331172584148474e+000	2.344228815319922e+000
11606	2.281049790143974e+000	2.290867652767773e+000
11689	2.217266752036474e+000	2.238721138568339e+000
11788	2.147578330047974e+000	2.187761623949553e+000
12078	2.048252108185474e+000	2.089296130854040e+000
12079	1.984194591931974e+000	1.995262314968880e+000
12474	1.947779248034474e+000	1.949844599758045e+000
12672	1.904442540906974e+000	1.905460717963247e+000
12983	1.845348978952974e+000	1.862087136662868e+000
13034	1.796124189906474e+000	1.819700858609983e+000
13584	1.700985155988974e+000	1.737800828749375e+000
13919	1.657054143163474e+000	1.659586907437561e+000
14107	1.610602802948474e+000	1.621810097358930e+000
14431	1.536049414061474e+000	1.548816618912481e+000
14944	1.489076418637474e+000	1.513561248436208e+000
15301	1.442385467996974e+000	1.445439770745927e+000
15757	1.412233347071474e+000	1.412537544622754e+000
15956	1.347002740044974e+000	1.348962882591654e+000
16509	1.310118337483474e+000	1.318256738556407e+000
17161	1.264912411126974e+000	1.288249551693134e+000
17391	1.252940450006474e+000	1.258925411794167e+000
17540	1.222055896794974e+000	1.230268770812382e+000
17850	1.201825029475974e+000	1.202264434617413e+000
18034	1.163872971645474e+000	1.174897554939530e+000
18105	1.137498804655474e+000	1.148153621496883e+000
18183	1.092930866487974e+000	1.096478196143185e+000
18565	1.069681304907474e+000	1.071519305237606e+000
20007	1.045944113420474e+000	1.047128548050900e+000
20905	1.000124653345974e+000	1.023292992280754e+000
21038	9.996005991189740e-001	1.000000000000000e+000
21462	9.608087586622809e-001	9.772372209558107e-001
22013	9.480037015290465e-001	9.549925860214360e-001
22375	9.288738563024681e-001	9.332543007969910e-001
22740	8.934790027139373e-001	9.120108393559098e-001
23033	8.895593338768151e-001	8.912509381337456e-001
23440	8.699096508035920e-001	8.709635899560806e-001
24075	8.265818953784183e-001	8.317637711026710e-001
24732	8.040620641072960e-001	8.128305161640993e-001
25514	7.891195889495536e-001	7.943282347242815e-001
25918	7.739643297841452e-001	7.762471166286917e-001
26092	7.353122621747292e-001	7.413102413009175e-001
26807	7.038581909817100e-001	7.079457843841379e-001
27223	6.883166372475145e-001	6.918309709189364e-001
27275	6.709012504987397e-001	6.760829753919818e-001
27804	6.585521559470808e-001	6.606934480075960e-001
28146	6.357004829731924e-001	6.456542290346555e-001
28629	6.284634255126369e-001	6.309573444801933e-001
29328	6.105016337201119e-001	6.165950018614822e-001
30048	6.006364594794882e-001	6.025595860743578e-001
30379	5.816955513569626e-001	5.888436553555889e-001
30542	5.702700315551608e-001	5.754399373371569e-001
31638	5.486813081197601e-001	5.495408738576245e-001
32427	5.319274273715414e-001	5.370317963702527e-001
32732	5.123318362773082e-001	5.128613839913648e-001
33323	4.996475850866112e-001	5.011872336272722e-001
33666	4.889769600062514e-001	4.897788193684462e-001
33882	4.702913983772271e-001	4.786300923226383e-001
34220	4.421848059171758e-001	4.466835921509632e-001
34356	4.280081026253978e-001	4.365158322401660e-001
34550	4.091830926776183e-001	4.168693834703354e-001
34722	3.904874121114350e-001	3.981071705534973e-001
35096	3.866747423611731e-001	3.890451449942806e-001
35209	3.776535564583359e-001	3.801893963205612e-001
35222	3.709495235236786e-001	3.715352290971726e-001
35831	3.570358777977155e-001	3.630780547701014e-001
35880	3.533444423535161e-001	3.548133892335755e-001
36263	3.442993840618526e-001	3.467368504525316e-001
37133	3.387699281232669e-001	3.388441561392026e-001
37759	3.303878500446422e-001	3.311311214825911e-001
38068	3.213221516644640e-001	3.235936569296283e-001
38663	3.079288920148950e-001	3.090295432513591e-001
39103	2.932357882535949e-001	2.951209226666385e-001
39491	2.856877866496513e-001	2.884031503126606e-001
39648	2.794658753516589e-001	2.818382931264454e-001
40055	2.717796698078239e-001	2.754228703338166e-001
40394	2.674520860618158e-001	2.691534803926916e-001
40868	2.628643150359352e-001	2.630267991895382e-001
41233	2.482198127696725e-001	2.511886431509580e-001
41356	2.408693691553024e-001	2.454708915685031e-001
41444	2.381366665192787e-001	2.398832919019490e-001
41926	2.290706785591022e-001	2.290867652767773e-001
42517	2.223959423239468e-001	2.238721138568340e-001
43444	2.158497165535620e-001	2.187761623949552e-001
44763	2.102260739083319e-001	2.137962089502232e-001
45051	2.082867231070419e-001	2.089296130854039e-001
4000001	2.079861327758314e-001	2.089296130854039e-001
%
% index = 2896, name = bbob_f002_i15_d40__bbob_f014_i16_d40
% instance = 7, reference value = 9.824469277823560e-001
% function evaluation | indicator value | target hit
1	1.461111924400340e+004	1.479108388168207e+004
2	4.363244320395953e+003	4.365158322401661e+003
4	3.972322060941654e+003	3.981071705534973e+003
6	1.803970454733240e+003	1.819700858609983e+003
7	1.097860398097650e+003	1.122018454301963e+003
60	7.711778658856408e+002	7.762471166286920e+002
122	5.076017126345686e+002	5.128613839913649e+002
206	4.033284138127538e+002	4.073802778041126e+002
343	2.983628370513498e+002	3.019951720402016e+002
687	2.443994698385109e+002	2.454708915685031e+002
888	2.369040919545431e+002	2.398832919019490e+002
1092	2.207935974487293e+002	2.238721138568340e+002
1145	1.918338110873778e+002	1.949844599758046e+002
1222	1.781268889388954e+002	1.819700858609982e+002
1393	1.771450787366951e+002	1.778279410038923e+002
1485	1.281510774898620e+002	1.288249551693134e+002
1782	1.115475217431347e+002	1.122018454301963e+002
1945	1.069124377247837e+002	1.071519305237606e+002
2158	8.903402960444440e+001	8.912509381337455e+001
2178	7.415933499598010e+001	7.585775750291836e+001
2324	6.897603972159058e+001	6.918309709189366e+001
2478	4.630901413127729e+001	4.677351412871981e+001
2728	3.897811377377876e+001	3.981071705534973e+001
3009	3.858474330592773e+001	3.890451449942807e+001
3059	3.432727793375356e+001	3.467368504525317e+001
3254	3.047071288333993e+001	3.090295432513591e+001
3390	3.017845481922484e+001	3.019951720402016e+001
3541	2.930663927341043e+001	2.951209226666386e+001
3755	2.774974180196443e+001	2.818382931264453e+001
3951	2.088807510676587e+001	2.089296130854040e+001
4344	1.953836502692186e+001	1.995262314968880e+001
4521	1.899027840639115e+001	1.905460717963247e+001
4658	1.406830340963697e+001	1.412537544622754e+001
5270	1.356712409892468e+001	1.380384264602885e+001
5446	1.301704454498040e+001	1.318256738556407e+001
5448	1.281029593720447e+001	1.288249551693134e+001
5621	1.136013701906387e+001	1.148153621496883e+001
6001	1.082430355586236e+001	1.096478196143185e+001
6013	1.056322837177245e+001	1.071519305237607e+001
6023	9.931003476399356e+000	1.000000000000000e+001
6279	9.626012671548356e+000	9.772372209558107e+000
6341	9.516724129178355e+000	9.549925860214358e+000
6612	8.701872070760855e+000	8.709635899560805e+000
6832	7.433794684242356e+000	7.585775750291838e+000
7164	6.911306047528356e+000	6.918309709189365e+000
7295	6.275922263213356e+000	6.309573444801933e+000
7583	5.941775801880856e+000	6.025595860743578e+000
7682	5.436193992064356e+000	5.495408738576245e+000
8030	5.020652761321356e+000	5.128613839913649e+000
8319	4.910790007661857e+000	5.011872336272722e+000
8472	4.888197956018356e+000	4.897788193684462e+000
8556	4.702100217076856e+000	4.786300923226384e+000
8604	4.537239679847856e+000	4.570881896148751e+000
8750	4.454429449878856e+000	4.466835921509632e+000
8854	4.210584839797856e+000	4.265795188015927e+000
8867	4.001608203778356e+000	4.073802778041127e+000
9129	3.880267242596356e+000	3.890451449942806e+000
9194	3.765593779857356e+000	3.801893963205612e+000
9305	3.670297506202356e+000	3.715352290971725e+000
9563	3.616784576966856e+000	3.630780547701014e+000
9662	3.473294032827856e+000	3.548133892335755e+000
9733	3.462434241321856e+000	3.467368504525317e+000
10088	3.358463237894856e+000	3.388441561392026e+000
10213	3.266956371761356e+000	3.311311214825911e+000
10278	3.051504290334856e+000	3.090295432513591e+000
10358	3.004119294014856e+000	3.019951720402016e+000
10622	2.939935101465856e+000	2.951209226666386e+000
10682	2.851903571714856e+000	2.884031503126606e+000
10804	2.805916980242856e+000	2.818382931264454e+000
10908	2.711171005617856e+000	2.754228703338166e+000
11109	2.646215562521356e+000	2.691534803926916e+000
11328	2.553370046298356e+000	2.570395782768864e+000
11685	2.496151590978856e+000	2.511886431509580e+000
11940	2.411858402908856e+000	2.454708915685031e+000
12173	2.372433556969856e+000	2.398832919019490e+000
12345	2.275513256594356e+000	2.290867652767773e+000
12503	2.174490026484356e+000	2.187761623949553e+000
13160	2.132144095684356e+000	2.137962089502232e+000
13173	2.088552832473856e+000	2.089296130854040e+000
13418	1.977612673010856e+000	1.995262314968880e+000
13444	1.913711706470856e+000	1.949844599758045e+000
13626	1.888519393040856e+000	1.905460717963247e+000
13949	1.850919247066356e+000	1.862087136662868e+000
14106	1.817989672321856e+000	1.819700858609983e+000
14255	1.701786108778856e+000	1.737800828749375e+000
14321	1.680880878145856e+000	1.698243652461744e+000
14590	1.629821119142356e+000	1.659586907437561e+000
14627	1.563598829081356e+000	1.584893192461114e+000
14715	1.542262134669856e+000	1.548816618912481e+000
14808	1.492786381998356e+000	1.513561248436208e+000
14922	1.475762972031356e+000	1.479108388168207e+000
15025	1.333323019380356e+000	1.348962882591654e+000
15469	1.309553494671856e+000	1.318256738556407e+000
15597	1.282731691264356e+000	1.288249551693134e+000
15969	1.253865358304356e+000	1.258925411794167e+000
16316	1.206296455294356e+000	1.230268770812382e+000
16401	1.191214885451356e+000	1.202264434617413e+000
16862	1.158205428415356e+000	1.174897554939530e+000
17014	1.138273726578856e+000	1.148153621496883e+000
17252	1.121484613667856e+000	1.122018454301963e+000
17751	1.073258977374856e+000	1.096478196143185e+000
17793	1.034138653521856e+000	1.047128548050900e+000
18143	1.010241867176356e+000	1.023292992280754e+000
18283	9.998210524423559e-001	1.000000000000000e+000
18340	9.675705331757002e-001	9.772372209558107e-001
18758	9.439044653981854e-001	9.549925860214360e-001
18807	9.242599736703687e-001	9.332543007969910e-001
18980	9.078388237735181e-001	9.120108393559098e-001
19279	8.847673458538929e-001	8.912509381337456e-001
19356	8.630553722824370e-001	8.709635899560806e-001
19648	8.468925913348522e-001	8.511380382023764e-001
19856	8.080376932076663e-001	8.128305161640993e-001
20006	7.934272129253557e-001	7.943282347242815e-001
20191	7.633640026521114e-001	7.762471166286917e-001
20436	7.565919864154632e-001	7.585775750291838e-001
20540	7.330537828875161e-001	7.413102413009175e-001
20690	7.215999316453610e-001	7.244359600749900e-001
20880	6.856986880506859e-001	6.918309709189364e-001
21090	6.755210683475066e-001	6.760829753919818e-001
21263	6.541903161186262e-001	6.606934480075960e-001
21510	6.266191032783959e-001	6.309573444801933e-001
21635	6.135284498256262e-001	6.165950018614822e-001
21867	5.912942227321478e-001	6.025595860743578e-001
22209	5.832621185360418e-001	5.888436553555889e-001
22342	5.692898054309910e-001	5.754399373371569e-001
22509	5.388972636123810e-001	5.495408738576245e-001
22610	5.214324150756707e-001	5.248074602497725e-001
23524	4.942483837774542e-001	5.011872336272722e-001
23844	4.815519030360320e-001	4.897788193684462e-001
23933	4.758862143827650e-001	4.786300923226383e-001
24104	4.607174759777807e-001	4.677351412871982e-001
24385	4.552030902113345e-001	4.570881896148750e-001
24761	4.423491360921129e-001	4.466835921509632e-001
25093	4.327373306045058e-001	4.365158322401660e-001
25549	4.100980627890117e-001	4.168693834703354e-001
25684	4.073778565547170e-001	4.073802778041127e-001
26006	3.887902157558700e-001	3.890451449942806e-001
26794	3.796951202704574e-001	3.801893963205612e-001
27420	3.699129805187437e-001	3.715352290971726e-001
27896	3.595229382814474e-001	3.630780547701014e-001
28194	3.524659187753606e-001	3.548133892335755e-001
29414	3.447285901806603e-001	3.467368504525316e-001
30371	3.348812750015343e-001	3.388441561392026e-001
30507	3.292036485820342e-001	3.311311214825911e-001
30816	3.223540007662412e-001	3.235936569296283e-001
31124	3.091057974970186e-001	3.162277660168379e-001
31272	3.050600469106974e-001	3.090295432513591e-001
32253	3.006353689895240e-001	3.019951720402016e-001
32502	2.931405228987454e-001	2.951209226666385e-001
33516	2.865639507909780e-001	2.884031503126606e-001
35443	2.747700370396640e-001	2.754228703338166e-001
35479	2.680881768800720e-001	2.691534803926916e-001
35765	2.574703349238962e-001	2.630267991895382e-001
36403	2.545689695074817e-001	2.570395782768864e-001
37039	2.509790389635624e-001	2.511886431509580e-001
37400	2.445005969733366e-001	2.454708915685031e-001
38500	2.394186289047837e-001	2.398832919019490e-001
40478	2.344179608873227e-001	2.344228815319922e-001
4000001	2.315818526782807e-001	2.344228815319922e-001
%
% index = 2897, name = bbob_f002_i17_d40__bbob_f014_i18_d40
% instance = 8, reference value = 9.877180985527150e-001
% function evaluation | indicator value | target hit
1	2.377124025201034e+004	2.398832919019490e+004
2	1.563423958060670e+003	1.584893192461114e+003
4	9.350887018248299e+002	9.549925860214360e+002
9	8.971774500457165e+002	9.120108393559096e+002
10	7.445819245131837e+002	7.585775750291836e+002
47	6.321521037426048e+002	6.456542290346556e+002
112	4.056501904355122e+002	4.073802778041126e+002
321	3.551206966264522e+002	3.630780547701014e+002
357	2.890897135660067e+002	2.951209226666387e+002
417	2.399100408531068e+002	2.454708915685031e+002
661	1.992635105161496e+002	1.995262314968879e+002
1112	1.948092077248466e+002	1.949844599758046e+002
1348	1.692678350893336e+002	1.698243652461744e+002
1919	1.292061169698588e+002	1.318256738556407e+002
2245	1.279367204326849e+002	1.288249551693134e+002
2344	1.150423860357130e+002	1.174897554939529e+002
2455	9.004575213837184e+001	9.120108393559097e+001
2787	8.423809686451199e+001	8.511380382023764e+001
2799	8.245485744437517e+001	8.317637711026708e+001
3025	4.798886535367321e+001	4.897788193684461e+001
3561	4.635374661601416e+001	4.677351412871981e+001
3715	4.413582996414233e+001	4.466835921509630e+001
3847	4.300032806148791e+001	4.365158322401658e+001
3853	3.609709994181789e+001	3.630780547701014e+001
3940	3.328220127564870e+001	3.388441561392025e+001
4040	3.251354787728323e+001	3.311311214825911e+001
4123	2.935492697332763e+001	2.951209226666386e+001
4274	2.371096173615456e+001	2.398832919019490e+001
4467	2.337583934459413e+001	2.344228815319923e+001
4681	2.099689234208620e+001	2.137962089502232e+001
4691	1.910014577889901e+001	1.949844599758045e+001
4762	1.866642923842459e+001	1.905460717963247e+001
4835	1.812590639305752e+001	1.819700858609983e+001
4935	1.703399197271719e+001	1.737800828749375e+001
5208	1.671193386305295e+001	1.698243652461744e+001
5595	1.646716844991056e+001	1.659586907437561e+001
5819	1.468096194505124e+001	1.479108388168207e+001
6112	1.428922058472834e+001	1.445439770745927e+001
6141	1.396511664429934e+001	1.412537544622754e+001
6294	1.305189681904984e+001	1.318256738556407e+001
6481	1.271964780121095e+001	1.288249551693134e+001
6704	1.241881129429171e+001	1.258925411794168e+001
6746	1.161101763393609e+001	1.174897554939530e+001
6932	1.084804952644026e+001	1.096478196143185e+001
7316	1.061699730174322e+001	1.071519305237607e+001
7389	9.823671374428063e+000	1.000000000000000e+001
7587	9.703579332599130e+000	9.772372209558107e+000
7866	9.510037107662098e+000	9.549925860214358e+000
8023	9.325983243452216e+000	9.332543007969910e+000
8318	8.789181574559509e+000	8.912509381337454e+000
8407	8.613436997570215e+000	8.709635899560805e+000
8431	8.289756866679715e+000	8.317637711026711e+000
8797	8.097726666159106e+000	8.128305161640993e+000
8896	7.891317474408215e+000	7.943282347242816e+000
9284	7.737997837889214e+000	7.762471166286917e+000
9334	7.430047498570215e+000	7.585775750291838e+000
9687	7.338102313302215e+000	7.413102413009175e+000
9767	7.177012778785715e+000	7.244359600749901e+000
9818	7.062752764458715e+000	7.079457843841379e+000
10147	6.879617350541215e+000	6.918309709189365e+000
10577	6.737551206111215e+000	6.760829753919817e+000
10643	6.583825221097214e+000	6.606934480075959e+000
11005	6.439585095722215e+000	6.456542290346556e+000
11555	6.284661780613215e+000	6.309573444801933e+000
12230	6.160695321797714e+000	6.165950018614822e+000
12728	6.023481293331216e+000	6.025595860743578e+000
13190	5.779076136646214e+000	5.888436553555890e+000
13531	5.750433467775215e+000	5.754399373371570e+000
13974	5.602687906143215e+000	5.623413251903491e+000
14189	5.460749917465716e+000	5.495408738576245e+000
14798	5.370235064859715e+000	5.370317963702528e+000
15696	5.209762462491716e+000	5.248074602497725e+000
16444	5.040646233409715e+000	5.128613839913649e+000
16745	4.718751937540215e+000	4.786300923226384e+000
17254	4.645033682348215e+000	4.677351412871983e+000
18376	4.561725056815215e+000	4.570881896148751e+000
18442	4.392195252097714e+000	4.466835921509632e+000
18841	4.258431542888214e+000	4.265795188015927e+000
19579	4.164908804319214e+000	4.168693834703354e+000
19775	4.052179788863715e+000	4.073802778041127e+000
19968	3.958680177916715e+000	3.981071705534972e+000
20021	3.871731954554715e+000	3.890451449942806e+000
20346	3.777566776116715e+000	3.801893963205612e+000
20554	3.549549420451715e+000	3.630780547701014e+000
20683	3.269821044148715e+000	3.311311214825911e+000
21437	3.221932235944715e+000	3.235936569296283e+000
22058	3.128380039813215e+000	3.162277660168379e+000
22158	3.085433691955215e+000	3.090295432513591e+000
22162	2.911667010293215e+000	2.951209226666386e+000
22303	2.877654411866715e+000	2.884031503126606e+000
22630	2.816167760628715e+000	2.818382931264454e+000
22962	2.719223014421215e+000	2.754228703338166e+000
23025	2.689525454591215e+000	2.691534803926916e+000
23164	2.570651609285715e+000	2.630267991895382e+000
23427	2.551400289556215e+000	2.570395782768864e+000
23695	2.495589340448715e+000	2.511886431509580e+000
23793	2.440860235030715e+000	2.454708915685031e+000
23874	2.306440299462215e+000	2.344228815319922e+000
23913	2.256270857206215e+000	2.290867652767773e+000
23937	2.237361187261715e+000	2.238721138568339e+000
23962	2.147321362263215e+000	2.187761623949553e+000
23992	2.128544730473215e+000	2.137962089502232e+000
24175	2.073955102298215e+000	2.089296130854040e+000
24367	1.982967220485715e+000	1.995262314968880e+000
24503	1.928869461640215e+000	1.949844599758045e+000
24906	1.902223451587715e+000	1.905460717963247e+000
24924	1.849743536663215e+000	1.862087136662868e+000
25255	1.797143955404715e+000	1.819700858609983e+000
25377	1.766705192317215e+000	1.778279410038923e+000
25622	1.719111331594715e+000	1.737800828749375e+000
25965	1.692799020395715e+000	1.698243652461744e+000
26354	1.659116239604715e+000	1.659586907437561e+000
26761	1.612257831630715e+000	1.621810097358930e+000
27129	1.573318826601715e+000	1.584893192461114e+000
27329	1.531363967395215e+000	1.548816618912481e+000
27589	1.502445345843715e+000	1.513561248436208e+000
28358	1.457428716052715e+000	1.479108388168207e+000
28629	1.431842426240715e+000	1.445439770745927e+000
28936	1.407973837609715e+000	1.412537544622754e+000
29166	1.376172515521715e+000	1.380384264602885e+000
30664	1.333648533115215e+000	1.348962882591654e+000
31764	1.315199988318715e+000	1.318256738556407e+000
32546	1.272489486926215e+000	1.288249551693134e+000
33513	1.241466580103715e+000	1.258925411794167e+000
33766	1.218165995720215e+000	1.230268770812382e+000
34034	1.199941775979215e+000	1.202264434617413e+000
34855	1.174300827901215e+000	1.174897554939530e+000
35162	1.147697635515215e+000	1.148153621496883e+000
35171	1.104535427964215e+000	1.122018454301963e+000
35284	1.095922252231215e+000	1.096478196143185e+000
35734	1.047715017024715e+000	1.071519305237606e+000
35847	9.839216693468914e-001	1.000000000000000e+000
36266	9.770781136029647e-001	9.772372209558107e-001
36490	9.466390636137628e-001	9.549925860214360e-001
36884	9.317586415923769e-001	9.332543007969910e-001
37432	9.089724530181857e-001	9.120108393559098e-001
37983	8.895985541098156e-001	8.912509381337456e-001
38876	8.673017584221185e-001	8.709635899560806e-001
39720	8.511215096446850e-001	8.511380382023764e-001
40498	8.261311197899266e-001	8.317637711026710e-001
40953	8.099134726984445e-001	8.128305161640993e-001
43042	7.410247899157053e-001	7.413102413009175e-001
43821	7.230999250410009e-001	7.244359600749900e-001
44262	6.991063641050506e-001	7.079457843841379e-001
44683	6.902116422281207e-001	6.918309709189364e-001
45475	6.740922475088764e-001	6.760829753919818e-001
45779	6.539927536889358e-001	6.606934480075960e-001
46316	6.404859261910090e-001	6.456542290346555e-001
47504	6.266235516838936e-001	6.309573444801933e-001
47707	6.115221571711946e-001	6.165950018614822e-001
47969	5.810736417528830e-001	5.888436553555889e-001
48384	5.703582155429443e-001	5.754399373371569e-001
48569	5.498287306746954e-001	5.623413251903491e-001
49010	5.489227914025969e-001	5.495408738576245e-001
49327	5.360269780197331e-001	5.370317963702527e-001
49541	5.233817017236198e-001	5.248074602497725e-001
49583	5.021501674584292e-001	5.128613839913648e-001
49767	4.956989009434286e-001	5.011872336272722e-001
50339	4.844116315495063e-001	4.897788193684462e-001
50886	4.704426923179741e-001	4.786300923226383e-001
51702	4.626575677037108e-001	4.677351412871982e-001
52379	4.545790060312053e-001	4.570881896148750e-001
52471	4.387486182230721e-001	4.466835921509632e-001
52875	4.111141797366671e-001	4.168693834703354e-001
53590	4.066712720914713e-001	4.073802778041127e-001
54291	3.959040300443208e-001	3.981071705534973e-001
55220	3.726749957848123e-001	3.801893963205612e-001
55671	3.707449624251347e-001	3.715352290971726e-001
55903	3.524821052361647e-001	3.548133892335755e-001
56536	3.375843597093734e-001	3.388441561392026e-001
57327	3.195969164395018e-001	3.235936569296283e-001
57866	3.150285299810604e-001	3.162277660168379e-001
57928	3.056289444758840e-001	3.090295432513591e-001
58955	2.996266318095673e-001	3.019951720402016e-001
59640	2.936870415544990e-001	2.951209226666385e-001
59795	2.861951034349403e-001	2.884031503126606e-001
60512	2.813515489733374e-001	2.818382931264454e-001
61196	2.739627770189106e-001	2.754228703338166e-001
61579	2.690060967760819e-001	2.691534803926916e-001
61898	2.601218705067496e-001	2.630267991895382e-001
62489	2.546043542849046e-001	2.570395782768864e-001
62504	2.502738974165955e-001	2.511886431509580e-001
62912	2.433128720366773e-001	2.454708915685031e-001
63980	2.312195307661310e-001	2.344228815319922e-001
64474	2.288661708106730e-001	2.290867652767773e-001
65076	2.232796938098212e-001	2.238721138568340e-001
65929	2.184987510372850e-001	2.187761623949552e-001
67351	2.128600269192400e-001	2.137962089502232e-001
68497	2.026302656036575e-001	2.041737944669530e-001
69097	1.987471807020927e-001	1.995262314968880e-001
69187	1.903172953504716e-001	1.905460717963247e-001
70280	1.848812302688757e-001	1.862087136662868e-001
70834	1.812095937604548e-001	1.819700858609984e-001
71215	1.772660011313767e-001	1.778279410038923e-001
71805	1.723078764337866e-001	1.737800828749375e-001
72041	1.693107946149423e-001	1.698243652461744e-001
72074	1.651538064913484e-001	1.659586907437561e-001
72599	1.553373806420371e-001	1.584893192461113e-001
73611	1.542434850084983e-001	1.548816618912481e-001
79505	1.512348341838592e-001	1.513561248436208e-001
79522	1.462066733566150e-001	1.479108388168208e-001
80430	1.414009451613801e-001	1.445439770745928e-001
81021	1.407506613384560e-001	1.412537544622755e-001
81093	1.364812486344691e-001	1.380384264602885e-001
83039	1.338741298653953e-001	1.348962882591654e-001
83231	1.318196306200918e-001	1.318256738556407e-001
83955	1.277991483881784e-001	1.288249551693134e-001
4000001	1.277564029302180e-001	1.288249551693134e-001
%
% index = 2898, name = bbob_f002_i19_d40__bbob_f014_i21_d40
% instance = 9, reference value = 9.811772960017910e-001
% function evaluation | indicator value | target hit
1	1.160610904818195e+005	1.174897554939530e+005
2	3.800008425121765e+003	3.801893963205613e+003
4	3.016822538137982e+003	3.019951720402016e+003
5	1.877307869286388e+003	1.905460717963246e+003
9	1.631799320256613e+003	1.659586907437561e+003
12	1.309525460531042e+003	1.318256738556408e+003
20	5.702501849921742e+002	5.754399373371566e+002
171	5.615197971963602e+002	5.623413251903490e+002
666	4.534683638298982e+002	4.570881896148752e+002
815	4.176577655379435e+002	4.265795188015925e+002
840	3.912313100395825e+002	3.981071705534973e+002
1039	3.791063794094324e+002	3.801893963205613e+002
1133	2.803683971594653e+002	2.818382931264455e+002
1210	2.369713281067677e+002	2.398832919019490e+002
1489	2.263749468906937e+002	2.290867652767772e+002
1570	1.874318190967104e+002	1.905460717963246e+002
1613	1.804874372172737e+002	1.819700858609982e+002
1680	1.751549888398693e+002	1.778279410038923e+002
1898	1.735437415184621e+002	1.737800828749376e+002
1935	1.510637180599317e+002	1.513561248436209e+002
2092	1.350005634059103e+002	1.380384264602885e+002
2192	1.052305262182655e+002	1.071519305237606e+002
2496	1.030044707251059e+002	1.047128548050900e+002
2735	6.095622892555423e+001	6.165950018614822e+001
3401	4.910453340116543e+001	5.011872336272722e+001
3612	4.786727230260080e+001	4.897788193684461e+001
3615	3.290864856722023e+001	3.311311214825911e+001
4274	3.209771665054193e+001	3.235936569296283e+001
4367	3.112701001289026e+001	3.162277660168379e+001
4555	3.071406735588707e+001	3.090295432513591e+001
4597	2.983812941553620e+001	3.019951720402016e+001
4758	2.850390291094641e+001	2.884031503126606e+001
4876	2.695891295561868e+001	2.754228703338166e+001
5038	2.536783002044868e+001	2.570395782768863e+001
5052	2.307921394816940e+001	2.344228815319923e+001
5648	2.243072426201886e+001	2.290867652767774e+001
5659	1.823761565744036e+001	1.862087136662868e+001
6195	1.651894454722301e+001	1.659586907437561e+001
6328	1.567575576354459e+001	1.584893192461113e+001
6726	1.399464138636485e+001	1.412537544622754e+001
6809	1.221310681313722e+001	1.230268770812382e+001
6924	1.084841884406978e+001	1.096478196143185e+001
7607	1.065288467531008e+001	1.071519305237607e+001
7694	1.025270049197166e+001	1.047128548050900e+001
7848	9.918372586194808e+000	1.000000000000000e+001
7944	9.296713924663832e+000	9.332543007969910e+000
8359	8.331315549888950e+000	8.511380382023766e+000
9117	6.666605411419685e+000	6.760829753919817e+000
9210	6.455024104820517e+000	6.456542290346556e+000
9456	5.036629960780129e+000	5.128613839913649e+000
9874	4.937259007890769e+000	5.011872336272722e+000
9965	4.526618271712080e+000	4.570881896148751e+000
10236	4.163143180808124e+000	4.168693834703354e+000
10791	3.726594374753791e+000	3.801893963205612e+000
11101	3.668758891897791e+000	3.715352290971725e+000
11455	3.366866453945791e+000	3.388441561392026e+000
11944	3.099690777337791e+000	3.162277660168379e+000
12545	3.001221388777291e+000	3.019951720402016e+000
12749	2.944231258069291e+000	2.951209226666386e+000
12814	2.735800515281791e+000	2.754228703338166e+000
13113	2.666264914709291e+000	2.691534803926916e+000
13209	2.584032846787791e+000	2.630267991895382e+000
13312	2.560586336831291e+000	2.570395782768864e+000
13329	2.435777811352791e+000	2.454708915685031e+000
13994	2.393731287709291e+000	2.398832919019490e+000
14249	2.295368915880791e+000	2.344228815319922e+000
14330	2.216543190769791e+000	2.238721138568339e+000
14511	2.100342128719291e+000	2.137962089502232e+000
15106	2.057475786266291e+000	2.089296130854040e+000
15274	1.991112185809291e+000	1.995262314968880e+000
16115	1.902381720561791e+000	1.905460717963247e+000
16306	1.841577581047791e+000	1.862087136662868e+000
16501	1.774609747164291e+000	1.778279410038923e+000
16744	1.724131399175291e+000	1.737800828749375e+000
17044	1.690602893894791e+000	1.698243652461744e+000
17320	1.644045828021291e+000	1.659586907437561e+000
17612	1.621182134733791e+000	1.621810097358930e+000
18616	1.581078855804291e+000	1.584893192461114e+000
19679	1.544569324540791e+000	1.548816618912481e+000
20523	1.415070545735291e+000	1.445439770745927e+000
21029	1.408718770975291e+000	1.412537544622754e+000
21228	1.318751414346291e+000	1.348962882591654e+000
21506	1.302702123620291e+000	1.318256738556407e+000
21810	1.284420919934291e+000	1.288249551693134e+000
22407	1.241191887962791e+000	1.258925411794167e+000
22783	1.228181744272791e+000	1.230268770812382e+000
23466	1.180722064219291e+000	1.202264434617413e+000
23638	1.159821131708291e+000	1.174897554939530e+000
24013	1.128140108723291e+000	1.148153621496883e+000
24154	1.114155171582291e+000	1.122018454301963e+000
24477	1.089403247216291e+000	1.096478196143185e+000
24741	1.050658460285791e+000	1.071519305237606e+000
24856	1.021623084398291e+000	1.023292992280754e+000
25216	9.987345485817911e-001	1.000000000000000e+000
25433	9.747321751023595e-001	9.772372209558107e-001
25629	9.454203521859677e-001	9.549925860214360e-001
26386	9.265940114160254e-001	9.332543007969910e-001
26760	9.053623999730073e-001	9.120108393559098e-001
27015	8.825590897871203e-001	8.912509381337456e-001
27104	8.646955394914685e-001	8.709635899560806e-001
27756	8.497152286377454e-001	8.511380382023764e-001
28105	8.236980243953941e-001	8.317637711026710e-001
28669	8.039887299847186e-001	8.128305161640993e-001
28844	7.840189910557779e-001	7.943282347242815e-001
29439	7.739922441905280e-001	7.762471166286917e-001
29661	7.550593035697196e-001	7.585775750291838e-001
30845	7.301771664124888e-001	7.413102413009175e-001
31017	7.101325158464209e-001	7.244359600749900e-001
31072	7.060111097630162e-001	7.079457843841379e-001
31345	6.890751138918821e-001	6.918309709189364e-001
31749	6.747070562531636e-001	6.760829753919818e-001
31787	6.546301039105992e-001	6.606934480075960e-001
31942	6.452909403289218e-001	6.456542290346555e-001
32044	6.135108948436230e-001	6.165950018614822e-001
32507	5.920117920388637e-001	6.025595860743578e-001
32523	5.879408787441156e-001	5.888436553555889e-001
33192	5.590044311256672e-001	5.623413251903491e-001
33306	5.481174551747955e-001	5.495408738576245e-001
33587	5.295467411888148e-001	5.370317963702527e-001
33713	5.057877437873211e-001	5.128613839913648e-001
34480	4.999148021950042e-001	5.011872336272722e-001
34501	4.722464289654701e-001	4.786300923226383e-001
34843	4.589297753170810e-001	4.677351412871982e-001
35101	4.570596362277548e-001	4.570881896148750e-001
35999	4.453608283772959e-001	4.466835921509632e-001
36512	4.240364720200670e-001	4.265795188015927e-001
36886	4.070136312383713e-001	4.073802778041127e-001
37573	3.918776317295861e-001	3.981071705534973e-001
37915	3.849625749723959e-001	3.890451449942806e-001
38233	3.748119409128888e-001	3.801893963205612e-001
38460	3.709047153773279e-001	3.715352290971726e-001
39891	3.625708824870653e-001	3.630780547701014e-001
40304	3.540555791498501e-001	3.548133892335755e-001
40857	3.410191709659728e-001	3.467368504525316e-001
40882	3.344415328581928e-001	3.388441561392026e-001
41133	3.308123921997594e-001	3.311311214825911e-001
41653	3.202364169692544e-001	3.235936569296283e-001
41777	3.137399192518225e-001	3.162277660168379e-001
41995	3.090209619420619e-001	3.090295432513591e-001
42929	2.948419481293132e-001	2.951209226666385e-001
44492	2.844146653885654e-001	2.884031503126606e-001
45454	2.801917760636539e-001	2.818382931264454e-001
46007	2.601738552195002e-001	2.630267991895382e-001
46572	2.559153458341767e-001	2.570395782768864e-001
47246	2.505279691993138e-001	2.511886431509580e-001
47272	2.438082540648476e-001	2.454708915685031e-001
48009	2.338480090525331e-001	2.344228815319922e-001
49872	2.274073974451625e-001	2.290867652767773e-001
50567	2.232495883490950e-001	2.238721138568340e-001
51904	2.174184759925805e-001	2.187761623949552e-001
52030	2.128039888900409e-001	2.137962089502232e-001
52603	2.016838834570717e-001	2.041737944669530e-001
55090	1.983854905726228e-001	1.995262314968880e-001
57196	1.945937024582861e-001	1.949844599758046e-001
57938	1.880278109899810e-001	1.905460717963247e-001
58181	1.854389016641087e-001	1.862087136662868e-001
58360	1.814492480255119e-001	1.819700858609984e-001
59022	1.759810695048040e-001	1.778279410038923e-001
59987	1.736700423356836e-001	1.737800828749375e-001
62934	1.670529143266294e-001	1.698243652461744e-001
63285	1.649137922666221e-001	1.659586907437561e-001
64728	1.597354708089123e-001	1.621810097358930e-001
89936	1.494499487811933e-001	1.513561248436208e-001
4000001	1.493967833969415e-001	1.513561248436208e-001
%
% index = 2899, name = bbob_f002_i21_d40__bbob_f014_i22_d40
% instance = 10, reference value = 9.895038403728140e-001
% function evaluation | indicator value | target hit
1	1.148907437729731e+004	1.174897554939530e+004
2	3.279723070515035e+003	3.311311214825911e+003
5	1.927929926034083e+003	1.949844599758045e+003
6	1.407215195585415e+003	1.412537544622754e+003
21	1.033960272880056e+003	1.047128548050900e+003
40	7.365193396043749e+002	7.413102413009177e+002
170	6.354238368327318e+002	6.456542290346556e+002
320	5.369272607483021e+002	5.370317963702527e+002
447	2.238581081653457e+002	2.238721138568340e+002
882	1.697391572035293e+002	1.698243652461744e+002
1273	1.435378073042684e+002	1.445439770745928e+002
1438	1.386234680279487e+002	1.412537544622754e+002
1513	1.007776023885230e+002	1.023292992280754e+002
1765	8.733355484687482e+001	8.912509381337455e+001
1867	8.376491636770379e+001	8.511380382023764e+001
1894	8.231465803762981e+001	8.317637711026708e+001
1952	8.037576890342855e+001	8.128305161640991e+001
2086	7.090672845292349e+001	7.244359600749903e+001
2132	5.936057265432252e+001	6.025595860743578e+001
2408	5.489185797916192e+001	5.495408738576246e+001
2502	5.290083911592490e+001	5.370317963702527e+001
2592	5.095149260180112e+001	5.128613839913648e+001
2653	4.072480765060695e+001	4.073802778041128e+001
2700	3.838310134487416e+001	3.890451449942807e+001
2736	3.787412229624353e+001	3.801893963205612e+001
2778	3.557721005010077e+001	3.630780547701014e+001
2936	3.231431793440869e+001	3.235936569296283e+001
3497	2.751770083619599e+001	2.754228703338166e+001
3554	2.685876719650307e+001	2.691534803926916e+001
3831	2.613624577133976e+001	2.630267991895381e+001
4033	2.510422287813256e+001	2.511886431509580e+001
4067	2.444924231366607e+001	2.454708915685030e+001
4092	2.129109292196367e+001	2.137962089502232e+001
4220	2.072113166637607e+001	2.089296130854040e+001
4237	1.980223384049940e+001	1.995262314968880e+001
4304	1.941903039540458e+001	1.949844599758045e+001
4365	1.780743792548844e+001	1.819700858609983e+001
4468	1.642196472823952e+001	1.659586907437561e+001
4581	1.602293834803877e+001	1.621810097358930e+001
4732	1.561324255705370e+001	1.584893192461113e+001
4766	1.451659384660458e+001	1.479108388168207e+001
4973	1.433629603037719e+001	1.445439770745927e+001
5097	1.359843987586711e+001	1.380384264602885e+001
5204	1.327076749592543e+001	1.348962882591653e+001
5338	1.224978519168824e+001	1.230268770812382e+001
5523	1.181042810354100e+001	1.202264434617413e+001
5763	1.173550428368828e+001	1.174897554939530e+001
5889	1.146836608454724e+001	1.148153621496883e+001
6020	1.112754423727975e+001	1.122018454301964e+001
6067	1.064814742065859e+001	1.071519305237607e+001
6302	1.027702078055678e+001	1.047128548050900e+001
6428	1.014788318939224e+001	1.023292992280754e+001
6709	9.713579926766544e+000	9.772372209558107e+000
6816	9.242066046352520e+000	9.332543007969910e+000
7164	9.118358020553647e+000	9.120108393559097e+000
7251	8.613324275174570e+000	8.709635899560805e+000
7357	8.470534105339246e+000	8.511380382023766e+000
7456	8.174315451742810e+000	8.317637711026711e+000
7527	7.985895274511709e+000	8.128305161640993e+000
7723	7.897891790501903e+000	7.943282347242816e+000
7880	7.336315772786814e+000	7.413102413009175e+000
7899	7.175618870811814e+000	7.244359600749901e+000
8240	6.917955430762314e+000	6.918309709189365e+000
8306	6.582209026948314e+000	6.606934480075959e+000
8316	6.113414357599314e+000	6.165950018614822e+000
8595	6.023506450595314e+000	6.025595860743578e+000
8805	5.803007472985314e+000	5.888436553555890e+000
8977	5.732237701512314e+000	5.754399373371570e+000
8993	5.241507818059314e+000	5.248074602497725e+000
9338	5.095688538682314e+000	5.128613839913649e+000
9395	4.900169649783314e+000	5.011872336272722e+000
9596	4.896079406393314e+000	4.897788193684462e+000
9699	4.541084279154314e+000	4.570881896148751e+000
10067	4.417353916131814e+000	4.466835921509632e+000
10120	4.309673207071814e+000	4.365158322401660e+000
10197	4.254537472137314e+000	4.265795188015927e+000
10231	4.054350033541814e+000	4.073802778041127e+000
10530	3.857244901015814e+000	3.890451449942806e+000
10675	3.801416628071814e+000	3.801893963205612e+000
10988	3.711357216078814e+000	3.715352290971725e+000
11198	3.582136241669314e+000	3.630780547701014e+000
11370	3.507516281899814e+000	3.548133892335755e+000
11466	3.395602206665814e+000	3.467368504525317e+000
11550	3.357044298828814e+000	3.388441561392026e+000
11803	3.267735586776814e+000	3.311311214825911e+000
12056	3.217034311561814e+000	3.235936569296283e+000
12268	3.140089456546314e+000	3.162277660168379e+000
12436	3.067890526723314e+000	3.090295432513591e+000
12489	2.996537927653314e+000	3.019951720402016e+000
12697	2.896892111879814e+000	2.951209226666386e+000
12961	2.864456496021814e+000	2.884031503126606e+000
12985	2.675800166332314e+000	2.691534803926916e+000
13347	2.600417371598814e+000	2.630267991895382e+000
13593	2.539453422522314e+000	2.570395782768864e+000
13910	2.499643682785814e+000	2.511886431509580e+000
14007	2.425841643343814e+000	2.454708915685031e+000
14193	2.387138651918814e+000	2.398832919019490e+000
14966	2.343262875814314e+000	2.344228815319922e+000
15281	2.268333573580814e+000	2.290867652767773e+000
15762	2.238022124591314e+000	2.238721138568339e+000
16350	2.081075536684314e+000	2.089296130854040e+000
16748	2.000398829644814e+000	2.041737944669529e+000
17130	1.949142119026314e+000	1.949844599758045e+000
17746	1.878311649568814e+000	1.905460717963247e+000
17981	1.833597012552314e+000	1.862087136662868e+000
18394	1.815479722844814e+000	1.819700858609983e+000
19107	1.766380672235814e+000	1.778279410038923e+000
20062	1.733216061860314e+000	1.737800828749375e+000
20863	1.696729275503814e+000	1.698243652461744e+000
21422	1.658143401442814e+000	1.659586907437561e+000
21535	1.621334295846314e+000	1.621810097358930e+000
21918	1.557996656125314e+000	1.584893192461114e+000
22031	1.523637658406814e+000	1.548816618912481e+000
22486	1.502894126077814e+000	1.513561248436208e+000
23108	1.478426627365314e+000	1.479108388168207e+000
23596	1.439336599637814e+000	1.445439770745927e+000
24325	1.409365896640814e+000	1.412537544622754e+000
24832	1.363245293270314e+000	1.380384264602885e+000
25172	1.344776657505314e+000	1.348962882591654e+000
25372	1.296369368134814e+000	1.318256738556407e+000
25766	1.280526712931814e+000	1.288249551693134e+000
25986	1.244022974587814e+000	1.258925411794167e+000
26138	1.221677926687814e+000	1.230268770812382e+000
26596	1.194551373105814e+000	1.202264434617413e+000
26933	1.173499608107314e+000	1.174897554939530e+000
26999	1.142246519906314e+000	1.148153621496883e+000
27208	1.111275284085314e+000	1.122018454301963e+000
28115	1.094205333453814e+000	1.096478196143185e+000
28933	1.067324661800814e+000	1.071519305237606e+000
29083	1.026929135526814e+000	1.047128548050900e+000
29182	1.020381920028314e+000	1.023292992280754e+000
30465	9.963502019998141e-001	1.000000000000000e+000
30538	9.501781923419638e-001	9.549925860214360e-001
31368	9.246182596895339e-001	9.332543007969910e-001
31768	9.102558596670277e-001	9.120108393559098e-001
33132	8.898749399203118e-001	8.912509381337456e-001
33927	8.569057341620089e-001	8.709635899560806e-001
34453	8.229929544185829e-001	8.317637711026710e-001
34849	8.016622224656866e-001	8.128305161640993e-001
34991	7.926399002938670e-001	7.943282347242815e-001
35380	7.758260366890815e-001	7.762471166286917e-001
35888	7.584506506598384e-001	7.585775750291838e-001
36649	7.402721336933982e-001	7.413102413009175e-001
36696	7.224496765557433e-001	7.244359600749900e-001
37000	7.068674637551822e-001	7.079457843841379e-001
37391	6.916215529077725e-001	6.918309709189364e-001
37890	6.746383917714034e-001	6.760829753919818e-001
38173	6.577697074495297e-001	6.606934480075960e-001
38454	6.408744858746269e-001	6.456542290346555e-001
38836	6.274715334738263e-001	6.309573444801933e-001
39368	6.121835616482202e-001	6.165950018614822e-001
39873	6.001135707687356e-001	6.025595860743578e-001
40729	5.759167213219367e-001	5.888436553555889e-001
40771	5.670522601737591e-001	5.754399373371569e-001
41189	5.596166768412001e-001	5.623413251903491e-001
41959	5.415662068911957e-001	5.495408738576245e-001
42274	5.365836161341533e-001	5.370317963702527e-001
42685	5.168930864651921e-001	5.248074602497725e-001
42764	5.099673446071008e-001	5.128613839913648e-001
44395	5.006986036068686e-001	5.011872336272722e-001
44623	4.858832407843752e-001	4.897788193684462e-001
45088	4.773975773138768e-001	4.786300923226383e-001
46093	4.671342962454020e-001	4.677351412871982e-001
47412	4.530737039519800e-001	4.570881896148750e-001
47424	4.412158862009034e-001	4.466835921509632e-001
47934	4.348573787832940e-001	4.365158322401660e-001
48099	4.251413311301288e-001	4.265795188015927e-001
48138	4.119807026145435e-001	4.168693834703354e-001
48431	4.042739814927450e-001	4.073802778041127e-001
48544	3.971739352359537e-001	3.981071705534973e-001
49540	3.866489563526164e-001	3.890451449942806e-001
49885	3.761790166027812e-001	3.801893963205612e-001
50479	3.662983934203937e-001	3.715352290971726e-001
51481	3.597438128648210e-001	3.630780547701014e-001
51484	3.525308872077461e-001	3.548133892335755e-001
51962	3.397765544101153e-001	3.467368504525316e-001
52170	3.287428824828271e-001	3.311311214825911e-001
52530	3.213878987736331e-001	3.235936569296283e-001
52636	3.105324726584701e-001	3.162277660168379e-001
53464	3.064405429616358e-001	3.090295432513591e-001
54740	3.005501384402387e-001	3.019951720402016e-001
55806	2.821582373149824e-001	2.884031503126606e-001
55914	2.739619543063430e-001	2.754228703338166e-001
55926	2.609001356416809e-001	2.630267991895382e-001
56328	2.567082923884287e-001	2.570395782768864e-001
56599	2.450281200378029e-001	2.454708915685031e-001
57892	2.393971634142227e-001	2.398832919019490e-001
58289	2.327256845460883e-001	2.344228815319922e-001
59296	2.280776134818922e-001	2.290867652767773e-001
60076	2.230400438893901e-001	2.238721138568340e-001
61557	2.160210738655027e-001	2.187761623949552e-001
62135	2.133479190505569e-001	2.137962089502232e-001
63662	2.086220570216406e-001	2.089296130854039e-001
64685	2.034544460728739e-001	2.041737944669530e-001
76959	1.994203267668058e-001	1.995262314968880e-001
80147	1.938277917343095e-001	1.949844599758046e-001
4000001	1.928457557423517e-001	1.949844599758046e-001
