%
% index = 2470, name = bbob_f008_i02_d20__bbob_f008_i04_d20
% instance = 1, reference value = 9.924632185374310e-001
% function evaluation | indicator value | target hit
1	1.870084833092545e+006	1.905460717963248e+006
2	3.717779029660209e+005	3.801893963205612e+005
6	2.413858029323501e+005	2.454708915685029e+005
10	2.281867843510147e+005	2.290867652767775e+005
21	2.211504277457262e+005	2.238721138568338e+005
22	2.117355468630138e+005	2.137962089502233e+005
24	1.650087258209694e+005	1.659586907437560e+005
96	1.383229117543106e+005	1.412537544622755e+005
160	1.377864030078400e+005	1.380384264602884e+005
193	1.059146290326284e+005	1.071519305237607e+005
346	1.013735133827478e+005	1.023292992280754e+005
504	7.732363399642170e+004	7.762471166286912e+004
542	6.833851458030571e+004	6.918309709189362e+004
577	3.968561364221049e+004	3.981071705534969e+004
859	3.843825334959542e+004	3.890451449942805e+004
860	3.705365789405332e+004	3.715352290971728e+004
933	3.083154117368930e+004	3.090295432513592e+004
1023	1.655172273618279e+004	1.659586907437560e+004
1080	1.017091446756238e+004	1.023292992280754e+004
1443	9.972702943256858e+003	1.000000000000000e+004
1481	5.020173925011505e+003	5.128613839913648e+003
1537	4.945998351017287e+003	5.011872336272725e+003
1606	3.610327457616950e+003	3.630780547701014e+003
1642	2.801801607860560e+003	2.818382931264455e+003
1839	1.762624446436372e+003	1.778279410038923e+003
1958	1.504425768286931e+003	1.513561248436209e+003
2137	1.169309158010555e+003	1.174897554939529e+003
2235	6.291193032485077e+002	6.309573444801930e+002
2429	6.062883099037387e+002	6.165950018614822e+002
2441	5.953500529846162e+002	6.025595860743575e+002
2460	5.640983385198913e+002	5.754399373371566e+002
2493	3.512987493855704e+002	3.548133892335753e+002
2630	3.297041300817600e+002	3.311311214825911e+002
2704	2.384379914635079e+002	2.398832919019490e+002
2957	9.349562495790714e+001	9.549925860214358e+001
3015	9.065685137345315e+001	9.120108393559097e+001
3123	7.493364537750644e+001	7.585775750291836e+001
3217	7.113643783958179e+001	7.244359600749903e+001
3251	6.156650769074000e+001	6.165950018614822e+001
3355	5.132947449453486e+001	5.248074602497726e+001
3361	4.432022770419048e+001	4.466835921509630e+001
3459	2.851446532762038e+001	2.884031503126606e+001
3561	2.640858176642026e+001	2.691534803926916e+001
3569	1.324826577196858e+001	1.348962882591653e+001
3984	9.487585568512360e+000	9.549925860214358e+000
4283	9.232098182489846e+000	9.332543007969910e+000
4287	7.468800506622102e+000	7.585775750291838e+000
4299	3.713677825035380e+000	3.715352290971725e+000
4539	3.627090334404401e+000	3.630780547701014e+000
4655	1.658807430585243e+000	1.659586907437561e+000
4775	1.420321600374780e+000	1.445439770745927e+000
4908	1.274795979104615e+000	1.288249551693134e+000
4970	1.093265993521534e+000	1.096478196143185e+000
5083	1.067591211012431e+000	1.071519305237606e+000
5303	1.022630108811389e+000	1.023292992280754e+000
5308	7.463125856665280e-001	7.585775750291838e-001
5469	7.171863178273510e-001	7.244359600749900e-001
5501	7.025043490987735e-001	7.079457843841379e-001
5510	6.912377986102625e-001	6.918309709189364e-001
5549	5.484111956325211e-001	5.495408738576245e-001
5747	5.052401951507685e-001	5.128613839913648e-001
5783	3.266117947628618e-001	3.311311214825911e-001
5839	3.134419971028072e-001	3.162277660168379e-001
5854	2.987298627568932e-001	3.019951720402016e-001
5902	2.935908768376305e-001	2.951209226666385e-001
5986	2.813629170822806e-001	2.818382931264454e-001
6006	2.660268829377082e-001	2.691534803926916e-001
6059	2.580744292146852e-001	2.630267991895382e-001
6137	1.933953638655254e-001	1.949844599758046e-001
6153	1.902679709893321e-001	1.905460717963247e-001
6218	1.777243048772000e-001	1.778279410038923e-001
6240	1.734991151431330e-001	1.737800828749375e-001
6330	1.680829122069388e-001	1.698243652461744e-001
6432	1.587925301701655e-001	1.621810097358930e-001
6435	1.516497319960340e-001	1.548816618912481e-001
6457	1.443731221037419e-001	1.445439770745928e-001
6519	1.378841822991331e-001	1.380384264602885e-001
6580	1.160561845308011e-001	1.174897554939529e-001
6595	1.139415666780166e-001	1.148153621496883e-001
6715	1.059000732699521e-001	1.071519305237607e-001
6741	1.033030111900335e-001	1.047128548050900e-001
6746	1.018644051859058e-001	1.023292992280754e-001
6799	9.886105523727773e-002	1.000000000000000e-001
6822	9.763308264677750e-002	9.772372209558107e-002
6858	8.875399129235884e-002	8.912509381337455e-002
6892	8.644369256950035e-002	8.709635899560805e-002
6903	8.467023803184171e-002	8.511380382023763e-002
6910	7.726297369196200e-002	7.762471166286916e-002
6916	7.480117230812233e-002	7.585775750291836e-002
6917	7.286215671739471e-002	7.413102413009177e-002
6989	7.182979978063320e-002	7.244359600749903e-002
7116	7.076423041071955e-002	7.079457843841380e-002
7134	6.304479911861272e-002	6.309573444801933e-002
7187	6.163553635096619e-002	6.165950018614822e-002
7247	5.991898821370678e-002	6.025595860743578e-002
7263	5.857184624858081e-002	5.888436553555890e-002
7345	5.739978836012438e-002	5.754399373371569e-002
7377	5.533643345081130e-002	5.623413251903491e-002
7396	5.426405287125180e-002	5.495408738576246e-002
7412	4.871917334585163e-002	4.897788193684461e-002
7474	4.772676197486969e-002	4.786300923226383e-002
7521	4.642864402080771e-002	4.677351412871982e-002
7615	4.092714767928973e-002	4.168693834703355e-002
7635	3.930754060433828e-002	3.981071705534973e-002
7706	3.862078252002665e-002	3.890451449942807e-002
7749	3.797571485954854e-002	3.801893963205612e-002
7780	3.542307627422392e-002	3.548133892335755e-002
7866	3.450824147120613e-002	3.467368504525317e-002
7936	3.380452554110047e-002	3.388441561392026e-002
7983	3.157808389298478e-002	3.162277660168379e-002
8063	3.066291376498731e-002	3.090295432513590e-002
8094	2.997108874297305e-002	3.019951720402016e-002
8151	2.945651653511339e-002	2.951209226666385e-002
8221	2.843596271180693e-002	2.884031503126606e-002
8222	2.813723869038931e-002	2.818382931264454e-002
8444	2.753032707243064e-002	2.754228703338166e-002
8459	2.691321167565375e-002	2.691534803926915e-002
8620	2.629673092529994e-002	2.630267991895382e-002
8667	2.544086996793860e-002	2.570395782768863e-002
8683	2.328131411363943e-002	2.344228815319923e-002
8733	2.273315456460923e-002	2.290867652767774e-002
8737	2.115272853499040e-002	2.137962089502233e-002
8795	2.071440885632769e-002	2.089296130854040e-002
8843	2.037032138416162e-002	2.041737944669530e-002
8854	1.983999544029680e-002	1.995262314968880e-002
8892	1.860062391512940e-002	1.862087136662868e-002
8991	1.818988550959655e-002	1.819700858609984e-002
9110	1.775879479470366e-002	1.778279410038923e-002
9186	1.735476651098189e-002	1.737800828749376e-002
9314	1.693285167265191e-002	1.698243652461744e-002
9391	1.653044160637629e-002	1.659586907437561e-002
9533	1.576173268783909e-002	1.584893192461113e-002
9646	1.548196065384810e-002	1.548816618912481e-002
9664	1.513468160641496e-002	1.513561248436208e-002
9827	1.477570330161082e-002	1.479108388168207e-002
9944	1.442153899247889e-002	1.445439770745927e-002
10057	1.346487457120482e-002	1.348962882591653e-002
10285	1.317190460568785e-002	1.318256738556408e-002
10379	1.286656856103108e-002	1.288249551693134e-002
10485	1.250924926103503e-002	1.258925411794168e-002
10606	1.229899805409040e-002	1.230268770812382e-002
10896	1.199918144496581e-002	1.202264434617413e-002
11202	1.174892541953632e-002	1.174897554939530e-002
12004	1.148105347783024e-002	1.148153621496883e-002
12838	1.121995301106926e-002	1.122018454301964e-002
16316	1.096378762635164e-002	1.096478196143185e-002
2000001	1.085904260256732e-002	1.096478196143185e-002
%
% index = 2471, name = bbob_f008_i03_d20__bbob_f008_i05_d20
% instance = 2, reference value = 9.900094990422600e-001
% function evaluation | indicator value | target hit
1	9.180627922286814e+005	9.332543007969905e+005
2	2.244746535718879e+005	2.290867652767775e+005
3	1.731101322929332e+005	1.737800828749376e+005
5	1.260638887854607e+005	1.288249551693135e+005
18	5.666893938248114e+004	5.754399373371567e+004
292	4.935499205380178e+004	5.011872336272725e+004
330	4.755329135961793e+004	4.786300923226380e+004
333	3.949671125299604e+004	3.981071705534969e+004
350	2.281595408624464e+004	2.290867652767775e+004
446	2.182222578138225e+004	2.187761623949552e+004
563	2.095184389683136e+004	2.137962089502232e+004
596	1.771868430836677e+004	1.778279410038923e+004
717	1.711325066436466e+004	1.737800828749376e+004
718	1.395696282910122e+004	1.412537544622756e+004
733	1.252330296231380e+004	1.258925411794166e+004
802	1.221594853201127e+004	1.230268770812381e+004
806	6.513819653488282e+003	6.606934480075958e+003
1058	3.463187229004798e+003	3.467368504525316e+003
1093	3.120481547277605e+003	3.162277660168380e+003
1193	2.936778042076445e+003	2.951209226666387e+003
1262	9.574667057469326e+002	9.772372209558112e+002
1616	9.115486218854252e+002	9.120108393559096e+002
1725	7.219378422353292e+002	7.244359600749899e+002
1853	6.627456550667276e+002	6.760829753919819e+002
1888	5.961320649066020e+002	6.025595860743575e+002
2022	3.743148504418537e+002	3.801893963205613e+002
2134	3.530175246930760e+002	3.548133892335753e+002
2230	3.259070494742246e+002	3.311311214825911e+002
2239	2.766606740060466e+002	2.818382931264455e+002
2291	2.732226296406216e+002	2.754228703338166e+002
2303	1.436324392364025e+002	1.445439770745928e+002
2472	1.365074805642102e+002	1.380384264602885e+002
2637	9.299067060866058e+001	9.332543007969910e+001
2793	8.935626028083334e+001	9.120108393559097e+001
2827	8.651455151134861e+001	8.709635899560806e+001
2838	3.871066863395371e+001	3.890451449942807e+001
2905	3.764837064819627e+001	3.801893963205612e+001
3099	3.660140533854287e+001	3.715352290971726e+001
3262	2.881112053264168e+001	2.884031503126606e+001
3266	9.620178452270153e+000	9.772372209558107e+000
3429	8.462622664736635e+000	8.511380382023766e+000
3454	7.567893982368255e+000	7.585775750291838e+000
3538	5.682858071542685e+000	5.754399373371570e+000
3763	4.705603555007744e+000	4.786300923226384e+000
3803	3.294730672538857e+000	3.311311214825911e+000
3937	3.090810416361760e+000	3.162277660168379e+000
4053	2.450228846602760e+000	2.454708915685031e+000
4106	1.945125055004260e+000	1.949844599758045e+000
4114	1.894826974914829e+000	1.905460717963247e+000
4289	1.311481433111260e+000	1.318256738556407e+000
4352	9.869731310397205e-001	1.000000000000000e+000
4474	9.439752784993105e-001	9.549925860214360e-001
4479	9.266857818233639e-001	9.332543007969910e-001
4565	8.434048929285933e-001	8.511380382023764e-001
4669	7.650380670201582e-001	7.762471166286917e-001
4778	6.655993685606326e-001	6.760829753919818e-001
4839	6.399655161266794e-001	6.456542290346555e-001
4940	5.941251421250784e-001	6.025595860743578e-001
4989	5.435309259541648e-001	5.495408738576245e-001
5013	5.057962747536859e-001	5.128613839913648e-001
5068	5.007172761445180e-001	5.011872336272722e-001
5105	4.851303723582824e-001	4.897788193684462e-001
5133	4.766017911055575e-001	4.786300923226383e-001
5180	4.127967242752284e-001	4.168693834703354e-001
5183	4.022213459123402e-001	4.073802778041127e-001
5189	3.806459731961660e-001	3.890451449942806e-001
5201	3.761724343963612e-001	3.801893963205612e-001
5249	3.529432334447898e-001	3.548133892335755e-001
5267	3.425995703252104e-001	3.467368504525316e-001
5278	3.351786335555644e-001	3.388441561392026e-001
5299	3.231986815366339e-001	3.235936569296283e-001
5307	3.072586968383024e-001	3.090295432513591e-001
5401	2.834958045145902e-001	2.884031503126606e-001
5406	2.656462192943599e-001	2.691534803926916e-001
5418	2.505127887228239e-001	2.511886431509580e-001
5421	2.443518030462419e-001	2.454708915685031e-001
5470	2.375136484932411e-001	2.398832919019490e-001
5480	2.336087194717564e-001	2.344228815319922e-001
5550	2.210297776156750e-001	2.238721138568340e-001
5576	2.157060211320120e-001	2.187761623949552e-001
5578	2.131357412684757e-001	2.137962089502232e-001
5624	2.038919630555274e-001	2.041737944669530e-001
5628	1.859159795061152e-001	1.862087136662868e-001
5638	1.813912980540624e-001	1.819700858609984e-001
5696	1.630146807583527e-001	1.659586907437561e-001
5707	1.619480939609935e-001	1.621810097358930e-001
5797	1.571053317746424e-001	1.584893192461113e-001
5804	1.461809070533370e-001	1.479108388168208e-001
5822	1.386347405460656e-001	1.412537544622755e-001
5830	1.348117455519010e-001	1.348962882591654e-001
5843	1.293132876184716e-001	1.318256738556407e-001
5852	1.273627090645736e-001	1.288249551693134e-001
5873	1.207077775495248e-001	1.230268770812382e-001
5881	1.201326707666141e-001	1.202264434617413e-001
5942	1.166626713514608e-001	1.174897554939529e-001
5984	1.127648315353647e-001	1.148153621496883e-001
6012	1.117035081989525e-001	1.122018454301964e-001
6019	1.025285065366791e-001	1.047128548050900e-001
6031	9.547904081033454e-002	9.549925860214359e-002
6058	9.331037992589231e-002	9.332543007969910e-002
6111	9.052891996627499e-002	9.120108393559097e-002
6181	8.884843064011239e-002	8.912509381337455e-002
6191	8.617190688862608e-002	8.709635899560805e-002
6255	8.146424382783812e-002	8.317637711026708e-002
6277	8.120340902819123e-002	8.128305161640990e-002
6290	7.928782589186356e-002	7.943282347242814e-002
6337	7.684646867415379e-002	7.762471166286916e-002
6361	7.443229457123690e-002	7.585775750291836e-002
6367	7.317471371036743e-002	7.413102413009177e-002
6387	7.048314469174544e-002	7.079457843841380e-002
6401	6.788319139041554e-002	6.918309709189366e-002
6403	6.709643961541767e-002	6.760829753919818e-002
6475	6.599708133589155e-002	6.606934480075961e-002
6574	6.416462609357865e-002	6.456542290346556e-002
6591	5.938273189409926e-002	6.025595860743578e-002
6624	5.840559385988164e-002	5.888436553555890e-002
6677	5.736255035590132e-002	5.754399373371569e-002
6722	5.410358969539486e-002	5.495408738576246e-002
6763	5.358201622910164e-002	5.370317963702527e-002
6827	5.233374820967474e-002	5.248074602497726e-002
6885	5.066056928367946e-002	5.128613839913648e-002
6890	5.007807703890921e-002	5.011872336272722e-002
6939	4.750282659396865e-002	4.786300923226383e-002
6974	4.673975454129931e-002	4.677351412871982e-002
6984	4.543687887147152e-002	4.570881896148749e-002
7009	4.455959738083515e-002	4.466835921509630e-002
7063	4.364552085284346e-002	4.365158322401658e-002
7092	4.201401616989153e-002	4.265795188015926e-002
7111	4.093561048956362e-002	4.168693834703355e-002
7116	4.054467081661506e-002	4.073802778041128e-002
7143	3.862763565700222e-002	3.890451449942807e-002
7174	3.787611556391690e-002	3.801893963205612e-002
7186	3.714425520242493e-002	3.715352290971726e-002
7251	3.628708274670123e-002	3.630780547701014e-002
7328	3.546041909655406e-002	3.548133892335755e-002
7365	3.433427944119916e-002	3.467368504525317e-002
7433	3.377705567177103e-002	3.388441561392026e-002
7460	3.285215569927402e-002	3.311311214825911e-002
7527	3.077229723188224e-002	3.090295432513590e-002
7614	3.018321421335402e-002	3.019951720402016e-002
7652	2.800848650203291e-002	2.818382931264454e-002
7692	2.738688646417054e-002	2.754228703338166e-002
7777	2.682221837582366e-002	2.691534803926915e-002
7848	2.623589835352491e-002	2.630267991895382e-002
7943	2.555420314859491e-002	2.570395782768863e-002
7944	2.490594735283047e-002	2.511886431509579e-002
7950	2.422099722089754e-002	2.454708915685030e-002
7979	2.396122241934995e-002	2.398832919019490e-002
8027	2.338851656810159e-002	2.344228815319923e-002
8156	2.280658781143707e-002	2.290867652767774e-002
8172	2.229643063481102e-002	2.238721138568340e-002
8192	2.170958346190643e-002	2.187761623949553e-002
8199	2.136132237709576e-002	2.137962089502233e-002
8226	2.084273350464061e-002	2.089296130854040e-002
8294	1.932132242721474e-002	1.949844599758046e-002
8397	1.898663426351432e-002	1.905460717963247e-002
8450	1.861840371953061e-002	1.862087136662868e-002
8552	1.811147011862213e-002	1.819700858609984e-002
8665	1.763291516024179e-002	1.778279410038923e-002
8679	1.737689002208220e-002	1.737800828749376e-002
8751	1.697522386192929e-002	1.698243652461744e-002
8832	1.656929022912090e-002	1.659586907437561e-002
8865	1.553161787645363e-002	1.584893192461113e-002
8880	1.540510489579750e-002	1.548816618912481e-002
8932	1.455685967004083e-002	1.479108388168207e-002
8961	1.444627380298380e-002	1.445439770745927e-002
9008	1.410733151587085e-002	1.412537544622754e-002
9080	1.361737601511848e-002	1.380384264602885e-002
9208	1.348783581850988e-002	1.348962882591653e-002
9326	1.318245776471272e-002	1.318256738556408e-002
9369	1.249195997609476e-002	1.258925411794168e-002
9446	1.220987678671037e-002	1.230268770812382e-002
9569	1.202257370328463e-002	1.202264434617413e-002
9699	1.174556533907012e-002	1.174897554939530e-002
9855	1.127301185083696e-002	1.148153621496883e-002
9871	1.104330688636956e-002	1.122018454301964e-002
9918	1.095134062106784e-002	1.096478196143185e-002
10053	1.061480175011420e-002	1.071519305237607e-002
10156	1.047037741170009e-002	1.047128548050900e-002
10299	1.020329286115784e-002	1.023292992280754e-002
10422	9.685779068053901e-003	9.772372209558112e-003
10531	9.506167260259768e-003	9.549925860214359e-003
10610	9.332235389747146e-003	9.332543007969915e-003
10890	9.099056864569244e-003	9.120108393559097e-003
11287	8.911585041818326e-003	8.912509381337459e-003
11636	8.709598530131202e-003	8.709635899560805e-003
12261	8.510387474565118e-003	8.511380382023768e-003
13899	8.317370233657306e-003	8.317637711026709e-003
2000001	8.251077767632786e-003	8.317637711026709e-003
%
% index = 2472, name = bbob_f008_i07_d20__bbob_f008_i08_d20
% instance = 3, reference value = 9.937357235797431e-001
% function evaluation | indicator value | target hit
1	1.932270616306410e+006	1.949844599758046e+006
2	3.715562375340848e+005	3.801893963205612e+005
6	2.559116826215029e+005	2.570395782768865e+005
10	2.200006742918523e+005	2.238721138568338e+005
22	2.103653970431298e+005	2.137962089502233e+005
24	1.739976735705998e+005	1.778279410038923e+005
56	1.594864339472312e+005	1.621810097358930e+005
96	1.409775555290057e+005	1.412537544622755e+005
273	1.084278359565871e+005	1.096478196143185e+005
362	4.274995503370535e+004	4.365158322401656e+004
590	3.249433342989760e+004	3.311311214825908e+004
880	2.694588278502397e+004	2.754228703338169e+004
974	2.483752788798005e+004	2.511886431509582e+004
1043	1.696689404047298e+004	1.698243652461746e+004
1049	1.466821702409360e+004	1.479108388168207e+004
1051	1.339736907197661e+004	1.348962882591653e+004
1104	1.240114946697651e+004	1.258925411794166e+004
1132	1.185604818818253e+004	1.202264434617413e+004
1240	1.135523986023920e+004	1.148153621496882e+004
1269	5.860780077798256e+003	5.888436553555890e+003
1596	5.685498784361160e+003	5.754399373371567e+003
1628	3.320626195806582e+003	3.388441561392024e+003
1697	2.536732488675082e+003	2.570395782768865e+003
1733	2.122546199810530e+003	2.137962089502233e+003
1802	2.082569356324407e+003	2.089296130854039e+003
1904	1.494592601326899e+003	1.513561248436209e+003
2146	1.473080154661352e+003	1.479108388168207e+003
2153	7.118002512849031e+002	7.244359600749899e+002
2327	3.826888008385336e+002	3.890451449942805e+002
2604	3.300779214714963e+002	3.311311214825911e+002
2781	1.915567229128455e+002	1.949844599758046e+002
2937	1.389113207136808e+002	1.412537544622754e+002
3053	9.353498989849749e+001	9.549925860214358e+001
3221	7.094553395242650e+001	7.244359600749903e+001
3267	5.040573300264941e+001	5.128613839913648e+001
3402	4.903409482484814e+001	5.011872336272722e+001
3405	4.884981344909294e+001	4.897788193684461e+001
3556	4.333130258214608e+001	4.365158322401658e+001
3586	4.005100346629872e+001	4.073802778041128e+001
3606	3.730325460896952e+001	3.801893963205612e+001
3643	3.506229184017737e+001	3.548133892335755e+001
3698	3.382577265614021e+001	3.388441561392025e+001
3733	3.118011977518441e+001	3.162277660168379e+001
3778	2.469659342709154e+001	2.511886431509580e+001
3921	1.880121581603214e+001	1.905460717963247e+001
4052	1.766205684682327e+001	1.778279410038923e+001
4232	1.302814465576573e+001	1.318256738556407e+001
4410	1.268917727761571e+001	1.288249551693134e+001
4563	1.046818318409399e+001	1.047128548050900e+001
4592	9.598131122641586e+000	9.772372209558107e+000
4643	8.934775926304706e+000	9.120108393559097e+000
4714	8.768770093311122e+000	8.912509381337454e+000
4729	6.391409708794146e+000	6.456542290346556e+000
4801	4.156685907670290e+000	4.168693834703354e+000
4823	3.738963975455003e+000	3.801893963205612e+000
5059	3.507351204229599e+000	3.548133892335755e+000
5174	3.460928099392701e+000	3.467368504525317e+000
5322	3.343588230863752e+000	3.388441561392026e+000
5367	3.230455870217946e+000	3.235936569296283e+000
5417	3.128534655967250e+000	3.162277660168379e+000
5426	2.456932283987219e+000	2.511886431509580e+000
5548	2.168042890312307e+000	2.187761623949553e+000
5612	1.945444325163899e+000	1.949844599758045e+000
5692	1.852375420024243e+000	1.862087136662868e+000
5708	1.805801456935363e+000	1.819700858609983e+000
5736	1.584835043587503e+000	1.584893192461114e+000
5941	1.351518132804771e+000	1.380384264602885e+000
6023	1.049544018939243e+000	1.071519305237606e+000
6147	1.043401271211743e+000	1.047128548050900e+000
6275	9.225577650065340e-001	9.332543007969910e-001
6736	9.061052084045878e-001	9.120108393559098e-001
6772	8.792148118218685e-001	8.912509381337456e-001
6776	8.678450562697009e-001	8.709635899560806e-001
6809	8.418069832711494e-001	8.511380382023764e-001
6891	8.310329709525866e-001	8.317637711026710e-001
6931	8.074768368613344e-001	8.128305161640993e-001
6967	7.640072648709888e-001	7.762471166286917e-001
6977	7.469110353173103e-001	7.585775750291838e-001
7009	7.370051660498507e-001	7.413102413009175e-001
7082	7.026121947976268e-001	7.079457843841379e-001
7092	6.853565383164626e-001	6.918309709189364e-001
7185	5.871546342556122e-001	5.888436553555889e-001
7274	5.652903108537396e-001	5.754399373371569e-001
7287	5.242364599334872e-001	5.248074602497725e-001
7292	5.117538831590633e-001	5.128613839913648e-001
7439	4.923424570970677e-001	5.011872336272722e-001
7461	4.568513648497502e-001	4.570881896148750e-001
7560	4.447095319929594e-001	4.466835921509632e-001
7581	4.336208696369313e-001	4.365158322401660e-001
7605	4.201985396802869e-001	4.265795188015927e-001
7628	4.166515646928716e-001	4.168693834703354e-001
7638	3.983142420933890e-001	4.073802778041127e-001
7658	3.979435639723885e-001	3.981071705534973e-001
7697	3.816246270560488e-001	3.890451449942806e-001
7720	3.449709205375937e-001	3.467368504525316e-001
7743	3.345877810154753e-001	3.388441561392026e-001
7789	3.281386578588660e-001	3.311311214825911e-001
7808	3.197935451089053e-001	3.235936569296283e-001
7819	3.143203189873101e-001	3.162277660168379e-001
7845	2.984711567931047e-001	3.019951720402016e-001
7871	2.921611474242890e-001	2.951209226666385e-001
7907	2.802903965301563e-001	2.818382931264454e-001
7926	2.726422863025740e-001	2.754228703338166e-001
7960	2.685287045275738e-001	2.691534803926916e-001
7993	2.135475655367743e-001	2.137962089502232e-001
8134	2.056075012201288e-001	2.089296130854039e-001
8159	2.023383550751190e-001	2.041737944669530e-001
8172	1.955222256583905e-001	1.995262314968880e-001
8174	1.939015804899960e-001	1.949844599758046e-001
8195	1.859402078135305e-001	1.862087136662868e-001
8228	1.817932439320487e-001	1.819700858609984e-001
8234	1.633552380813041e-001	1.659586907437561e-001
8252	1.618306188890956e-001	1.621810097358930e-001
8270	1.552855841940264e-001	1.584893192461113e-001
8283	1.482742968314473e-001	1.513561248436208e-001
8301	1.455556257521121e-001	1.479108388168208e-001
8321	1.364141290264067e-001	1.380384264602885e-001
8384	1.334577426003708e-001	1.348962882591654e-001
8397	1.295827471834566e-001	1.318256738556407e-001
8412	1.249427071339053e-001	1.258925411794167e-001
8445	1.185882092573096e-001	1.202264434617413e-001
8453	1.168487585050959e-001	1.174897554939529e-001
8530	1.142033824749796e-001	1.148153621496883e-001
8565	1.097828837021448e-001	1.122018454301964e-001
8572	1.095494602880255e-001	1.096478196143185e-001
8589	1.069556005030693e-001	1.071519305237607e-001
8613	1.040831244731826e-001	1.047128548050900e-001
8639	9.680616563982225e-002	9.772372209558107e-002
8657	8.712020900341611e-002	8.912509381337455e-002
8662	8.641956439642451e-002	8.709635899560805e-002
8705	8.281916091964225e-002	8.317637711026708e-002
8727	8.100546482329241e-002	8.128305161640990e-002
8749	7.477372860719600e-002	7.585775750291836e-002
8765	7.203737010524658e-002	7.244359600749903e-002
8787	6.990461403685633e-002	7.079457843841380e-002
8840	6.596874685018728e-002	6.606934480075961e-002
8884	6.326362440464084e-002	6.456542290346556e-002
8891	6.141368867239294e-002	6.165950018614822e-002
8907	6.019111358731488e-002	6.025595860743578e-002
8970	5.835800503907951e-002	5.888436553555890e-002
8986	5.728955453417006e-002	5.754399373371569e-002
9003	5.530609209968740e-002	5.623413251903491e-002
9031	5.493319798415308e-002	5.495408738576246e-002
9087	5.358594513755843e-002	5.370317963702527e-002
9163	5.229497872221145e-002	5.248074602497726e-002
9222	5.058931603945860e-002	5.128613839913648e-002
9248	4.988460787428273e-002	5.011872336272722e-002
9255	4.591462871201746e-002	4.677351412871982e-002
9260	4.523230178169668e-002	4.570881896148749e-002
9284	4.461391556048155e-002	4.466835921509630e-002
9363	4.364395189160408e-002	4.365158322401658e-002
9373	4.051182160061784e-002	4.073802778041128e-002
9380	3.850912965658460e-002	3.890451449942807e-002
9390	3.690264292231604e-002	3.715352290971726e-002
9421	3.625503124591867e-002	3.630780547701014e-002
9560	3.546998586543049e-002	3.548133892335755e-002
9604	3.466713666610932e-002	3.467368504525317e-002
9688	3.375474747576668e-002	3.388441561392026e-002
9829	3.208270062122487e-002	3.235936569296283e-002
9874	3.133778440605894e-002	3.162277660168379e-002
9902	3.060575069026683e-002	3.090295432513590e-002
9916	2.845863700926476e-002	2.884031503126606e-002
9959	2.804313261399338e-002	2.818382931264454e-002
10024	2.750910203419643e-002	2.754228703338166e-002
10144	2.686291735562552e-002	2.691534803926915e-002
10197	2.618132735410572e-002	2.630267991895382e-002
10269	2.514317999816118e-002	2.570395782768863e-002
10279	2.485994848879480e-002	2.511886431509579e-002
10390	2.453160548701761e-002	2.454708915685030e-002
10441	2.389533884474537e-002	2.398832919019490e-002
10485	2.339525813799503e-002	2.344228815319923e-002
10546	2.287273471046669e-002	2.290867652767774e-002
10639	2.236376251918659e-002	2.238721138568340e-002
10658	2.185179323903452e-002	2.187761623949553e-002
10731	2.136582858530345e-002	2.137962089502233e-002
10814	2.087093804237372e-002	2.089296130854040e-002
10897	2.010429526756752e-002	2.041737944669530e-002
10903	1.990331159298020e-002	1.995262314968880e-002
10991	1.947042046738590e-002	1.949844599758046e-002
11025	1.870325629951308e-002	1.905460717963247e-002
11097	1.861754900201851e-002	1.862087136662868e-002
11160	1.811652167431288e-002	1.819700858609984e-002
11264	1.770864201364442e-002	1.778279410038923e-002
11356	1.712004197806061e-002	1.737800828749376e-002
11373	1.696802109677276e-002	1.698243652461744e-002
11400	1.514969601318339e-002	1.548816618912481e-002
11412	1.382006208306019e-002	1.412537544622754e-002
11413	1.375897887821242e-002	1.380384264602885e-002
11515	1.345818187706882e-002	1.348962882591653e-002
11586	1.308743156625991e-002	1.318256738556408e-002
11620	1.268104555908489e-002	1.288249551693134e-002
11621	1.258215774925575e-002	1.258925411794168e-002
11704	1.230134858849552e-002	1.230268770812382e-002
11783	1.202186519016035e-002	1.202264434617413e-002
11841	1.174789384269914e-002	1.174897554939530e-002
11966	1.146132980588344e-002	1.148153621496883e-002
12021	1.118293329460862e-002	1.122018454301964e-002
12167	1.096464730250091e-002	1.096478196143185e-002
12292	1.065569021536406e-002	1.071519305237607e-002
12398	1.046240545116017e-002	1.047128548050900e-002
12526	1.022285948153645e-002	1.023292992280754e-002
12642	9.999799307742308e-003	1.000000000000000e-002
12799	9.520927695501502e-003	9.549925860214359e-003
12901	9.330005543330855e-003	9.332543007969915e-003
12913	9.072900036192766e-003	9.120108393559097e-003
13028	8.902571617976141e-003	8.912509381337459e-003
13186	8.695161697388043e-003	8.709635899560805e-003
13474	8.511171013105390e-003	8.511380382023768e-003
13705	8.305668532926358e-003	8.317637711026709e-003
14021	8.126780665903333e-003	8.128305161640995e-003
14359	7.940974917137300e-003	7.943282347242814e-003
14591	7.762340788257327e-003	7.762471166286920e-003
15243	7.585586329360350e-003	7.585775750291836e-003
16215	7.412256697332698e-003	7.413102413009177e-003
17423	7.244092873097907e-003	7.244359600749898e-003
632773	7.079335529684872e-003	7.079457843841380e-003
2000001	7.038341874866849e-003	7.079457843841380e-003
%
% index = 2473, name = bbob_f008_i09_d20__bbob_f008_i10_d20
% instance = 4, reference value = 9.945216535881520e-001
% function evaluation | indicator value | target hit
1	7.466641342701424e+005	7.585775750291835e+005
2	1.390358652199068e+005	1.412537544622755e+005
6	9.506533178532218e+004	9.549925860214369e+004
10	9.330512924408414e+004	9.332543007969904e+004
21	7.892779133814719e+004	7.943282347242822e+004
24	6.657917463145556e+004	6.760829753919819e+004
56	6.355114721175654e+004	6.456542290346549e+004
96	5.340021264229163e+004	5.370317963702533e+004
207	3.035769789984907e+004	3.090295432513592e+004
256	2.456914257411640e+004	2.511886431509582e+004
387	1.979916500518527e+004	1.995262314968879e+004
411	1.105398175656240e+004	1.122018454301963e+004
608	9.402534537259478e+003	9.549925860214360e+003
771	7.973144773578036e+003	8.128305161640995e+003
849	4.969444817494107e+003	5.011872336272725e+003
1068	4.015882810360905e+003	4.073802778041126e+003
1147	2.860246439898976e+003	2.884031503126606e+003
1239	2.628201346409866e+003	2.630267991895381e+003
1263	1.209862888934258e+003	1.230268770812381e+003
1457	9.745500964118535e+002	9.772372209558112e+002
1542	5.994504074322341e+002	6.025595860743575e+002
1939	3.540808455668613e+002	3.548133892335753e+002
2182	3.048274908794886e+002	3.090295432513592e+002
2200	2.926853346862819e+002	2.951209226666387e+002
2242	2.441104121445554e+002	2.454708915685031e+002
2323	2.389690670857832e+002	2.398832919019490e+002
2328	1.792056754003881e+002	1.819700858609982e+002
2386	1.353104392916002e+002	1.380384264602885e+002
2596	1.046997119364795e+002	1.047128548050900e+002
2723	9.722523710122121e+001	9.772372209558107e+001
2741	7.995845064245860e+001	8.128305161640991e+001
2770	7.650811251585843e+001	7.762471166286916e+001
2836	7.450839176241816e+001	7.585775750291836e+001
2894	4.658734685790169e+001	4.677351412871981e+001
3105	4.338122873731098e+001	4.365158322401658e+001
3115	3.937940725202867e+001	3.981071705534973e+001
3174	2.589349861538940e+001	2.630267991895381e+001
3346	2.525373657401362e+001	2.570395782768863e+001
3376	2.074574978218103e+001	2.089296130854040e+001
3384	1.882119063250128e+001	1.905460717963247e+001
3555	1.655872244035848e+001	1.659586907437561e+001
3562	1.565264949449774e+001	1.584893192461113e+001
3601	1.302364353479631e+001	1.318256738556407e+001
3685	1.023330279325942e+001	1.047128548050900e+001
3708	8.494884322524651e+000	8.511380382023766e+000
3783	7.439478932636718e+000	7.585775750291838e+000
3863	6.754827018297189e+000	6.760829753919817e+000
3946	4.068703833349253e+000	4.073802778041127e+000
4021	3.905519216255412e+000	3.981071705534972e+000
4073	3.619014786644285e+000	3.630780547701014e+000
4300	2.914625204861766e+000	2.951209226666386e+000
4398	2.556164320665979e+000	2.570395782768864e+000
4642	1.666128278590152e+000	1.698243652461744e+000
4755	1.250565694882738e+000	1.258925411794167e+000
4968	1.113043474831652e+000	1.122018454301963e+000
5003	9.865370933844307e-001	1.000000000000000e+000
5100	9.516950694768240e-001	9.549925860214360e-001
5115	9.299722025919130e-001	9.332543007969910e-001
5166	9.098760611371302e-001	9.120108393559098e-001
5222	8.263591427634106e-001	8.317637711026710e-001
5341	7.953072721416433e-001	8.128305161640993e-001
5360	7.828790402286509e-001	7.943282347242815e-001
5366	7.639400291777463e-001	7.762471166286917e-001
5369	7.438294794750394e-001	7.585775750291838e-001
5444	7.145660568364354e-001	7.244359600749900e-001
5451	6.831170541922754e-001	6.918309709189364e-001
5452	6.754435197963292e-001	6.760829753919818e-001
5469	6.589703407763466e-001	6.606934480075960e-001
5536	4.564202723426744e-001	4.570881896148750e-001
5734	4.412678132495819e-001	4.466835921509632e-001
5737	4.289666666775351e-001	4.365158322401660e-001
5795	3.680953384255384e-001	3.715352290971726e-001
5830	3.447316924009725e-001	3.467368504525316e-001
5867	3.375197848587789e-001	3.388441561392026e-001
5898	3.185360506183997e-001	3.235936569296283e-001
5900	2.866037511918751e-001	2.884031503126606e-001
5935	2.758094685689695e-001	2.818382931264454e-001
5945	2.734113932818236e-001	2.754228703338166e-001
6072	2.610256898377728e-001	2.630267991895382e-001
6118	2.379486987653466e-001	2.398832919019490e-001
6255	2.178973883591837e-001	2.187761623949552e-001
6259	2.092043234238710e-001	2.137962089502232e-001
6289	1.999039937739220e-001	2.041737944669530e-001
6304	1.981643522110513e-001	1.995262314968880e-001
6379	1.942876650560050e-001	1.949844599758046e-001
6545	1.889490958516749e-001	1.905460717963247e-001
6570	1.698391689876639e-001	1.737800828749375e-001
6593	1.641281466148834e-001	1.659586907437561e-001
6633	1.602266959484580e-001	1.621810097358930e-001
6662	1.524458439244738e-001	1.548816618912481e-001
6669	1.466522317171550e-001	1.479108388168208e-001
6677	1.440406491595921e-001	1.445439770745928e-001
6704	1.409223883469157e-001	1.412537544622755e-001
6744	1.377341231993206e-001	1.380384264602885e-001
6792	1.234042643044784e-001	1.258925411794167e-001
6865	1.220298357614564e-001	1.230268770812382e-001
6867	1.193443832382743e-001	1.202264434617413e-001
7040	1.154956536240098e-001	1.174897554939529e-001
7065	1.147025214718533e-001	1.148153621496883e-001
7075	1.079632867852911e-001	1.096478196143185e-001
7117	1.071270219757684e-001	1.071519305237607e-001
7125	1.012943921794186e-001	1.023292992280754e-001
7175	9.993475168195587e-002	1.000000000000000e-001
7212	9.644907887225718e-002	9.772372209558107e-002
7249	8.945681879130396e-002	9.120108393559097e-002
7259	8.725290621621007e-002	8.912509381337455e-002
7314	8.693155563199917e-002	8.709635899560805e-002
7362	8.248828168996392e-002	8.317637711026708e-002
7402	6.814094604784104e-002	6.918309709189366e-002
7431	6.760431460206529e-002	6.760829753919818e-002
7444	6.587722180704880e-002	6.606934480075961e-002
7459	6.394350731249954e-002	6.456542290346556e-002
7467	6.293699186279533e-002	6.309573444801933e-002
7513	5.870350679572445e-002	5.888436553555890e-002
7795	5.739315640612164e-002	5.754399373371569e-002
7909	5.607714131431651e-002	5.623413251903491e-002
7999	5.494306863832765e-002	5.495408738576246e-002
8072	5.368915244257744e-002	5.370317963702527e-002
8083	5.112788058061268e-002	5.128613839913648e-002
8237	5.007088722733377e-002	5.011872336272722e-002
8297	4.410708099928429e-002	4.466835921509630e-002
8306	4.128595540702784e-002	4.168693834703355e-002
8322	4.050438692408931e-002	4.073802778041128e-002
8424	3.968060664492146e-002	3.981071705534973e-002
8613	3.888544450368847e-002	3.890451449942807e-002
8647	3.731683315620327e-002	3.801893963205612e-002
8670	3.670314323119484e-002	3.715352290971726e-002
8680	3.576389535574431e-002	3.630780547701014e-002
8719	3.500095708112438e-002	3.548133892335755e-002
8784	3.436853472280721e-002	3.467368504525317e-002
8879	3.385426095357680e-002	3.388441561392026e-002
8937	3.309706655380085e-002	3.311311214825911e-002
9065	3.174585506455729e-002	3.235936569296283e-002
9144	3.161384066959938e-002	3.162277660168379e-002
9221	3.019792483334072e-002	3.019951720402016e-002
9380	2.658072908677800e-002	2.691534803926915e-002
9412	2.259323350261655e-002	2.290867652767774e-002
9496	2.091888188822177e-002	2.137962089502233e-002
9519	2.089154205342825e-002	2.089296130854040e-002
9600	2.032653223783265e-002	2.041737944669530e-002
9641	1.914661735301815e-002	1.949844599758046e-002
9693	1.895889784722937e-002	1.905460717963247e-002
9815	1.860897799046468e-002	1.862087136662868e-002
9888	1.803879880825676e-002	1.819700858609984e-002
9966	1.734893519703062e-002	1.737800828749376e-002
10062	1.694778770973571e-002	1.698243652461744e-002
10104	1.659321277349068e-002	1.659586907437561e-002
10237	1.540701570156722e-002	1.548816618912481e-002
10302	1.336080934463935e-002	1.348962882591653e-002
10352	1.294260934958336e-002	1.318256738556408e-002
10404	1.282932555144378e-002	1.288249551693134e-002
10444	1.195682852751001e-002	1.202264434617413e-002
10509	1.138411247501248e-002	1.148153621496883e-002
10644	1.058158939943621e-002	1.071519305237607e-002
10667	1.047065069844266e-002	1.047128548050900e-002
10852	1.023287020887598e-002	1.023292992280754e-002
11136	9.997428518369267e-003	1.000000000000000e-002
11185	8.656290739740391e-003	8.709635899560805e-003
11397	8.504467660312209e-003	8.511380382023768e-003
11647	8.317600410534198e-003	8.317637711026709e-003
11773	7.859457608417886e-003	7.943282347242814e-003
11888	7.685881412763496e-003	7.762471166286920e-003
12013	7.583477767078795e-003	7.585775750291836e-003
12398	7.412649612016042e-003	7.413102413009177e-003
13038	7.243231869734079e-003	7.244359600749898e-003
14735	7.079190608579644e-003	7.079457843841380e-003
2000001	7.011043668919137e-003	7.079457843841380e-003
%
% index = 2474, name = bbob_f008_i11_d20__bbob_f008_i12_d20
% instance = 5, reference value = 9.953006967541440e-001
% function evaluation | indicator value | target hit
1	1.838351349443172e+006	1.862087136662866e+006
2	4.903942628990721e+005	5.011872336272725e+005
3	4.274608231378932e+005	4.365158322401656e+005
5	3.612659808855238e+005	3.630780547701010e+005
10	3.082334499460918e+005	3.090295432513592e+005
11	1.971261308608557e+005	1.995262314968879e+005
50	1.153125265080338e+005	1.174897554939530e+005
493	1.103047508104065e+005	1.122018454301963e+005
513	6.864986605714934e+004	6.918309709189362e+004
596	5.607916404098990e+004	5.623413251903491e+004
652	5.031365017114444e+004	5.128613839913648e+004
663	4.915194854035961e+004	5.011872336272725e+004
675	3.528067809092354e+004	3.548133892335753e+004
689	3.164623338225839e+004	3.235936569296281e+004
720	3.121918070462913e+004	3.162277660168379e+004
883	2.300295967718256e+004	2.344228815319923e+004
1110	1.763161196511774e+004	1.778279410038923e+004
1155	1.641864721255938e+004	1.659586907437560e+004
1315	1.517958411610455e+004	1.548816618912483e+004
1353	1.250179369545387e+004	1.258925411794166e+004
1360	1.048059300559561e+004	1.071519305237607e+004
1502	6.303851565051512e+003	6.309573444801930e+003
1542	5.871664101507914e+003	5.888436553555890e+003
1612	4.724624573661888e+003	4.786300923226385e+003
1879	3.480985413757602e+003	3.548133892335753e+003
1899	1.607704660324011e+003	1.621810097358930e+003
2273	1.339624103861089e+003	1.348962882591653e+003
2391	1.215328167319611e+003	1.230268770812381e+003
2392	7.782569881432100e+002	7.943282347242813e+002
2511	6.543434702850379e+002	6.606934480075958e+002
2561	4.650965836787412e+002	4.677351412871981e+002
2601	1.591130195213088e+002	1.621810097358930e+002
2659	1.566904667769634e+002	1.584893192461114e+002
3129	1.042236540947781e+002	1.047128548050900e+002
3471	7.991787400657768e+001	8.128305161640991e+001
3692	6.342174978766796e+001	6.456542290346556e+001
3737	5.348477995974699e+001	5.370317963702527e+001
3882	5.112463740295602e+001	5.128613839913648e+001
3890	3.983502407843665e+001	4.073802778041128e+001
3892	3.406110060240810e+001	3.467368504525317e+001
3983	1.121157986131011e+001	1.122018454301964e+001
4157	1.039735576423635e+001	1.047128548050900e+001
4407	8.387394427085400e+000	8.511380382023766e+000
4572	7.482149482459491e+000	7.585775750291838e+000
4575	6.503933667004187e+000	6.606934480075959e+000
4740	5.564583746370383e+000	5.623413251903491e+000
4788	5.431211715088958e+000	5.495408738576245e+000
4806	3.932584996075367e+000	3.981071705534972e+000
5147	3.377447730607466e+000	3.388441561392026e+000
5245	3.214825054584943e+000	3.235936569296283e+000
5257	2.690390527750333e+000	2.691534803926916e+000
5284	2.382430515879980e+000	2.398832919019490e+000
5393	1.582296786315977e+000	1.584893192461114e+000
5635	1.278266231501854e+000	1.288249551693134e+000
5835	1.171763381377144e+000	1.174897554939530e+000
5877	1.079877002155879e+000	1.096478196143185e+000
5896	8.885272332367520e-001	8.912509381337456e-001
5908	7.756048025193405e-001	7.762471166286917e-001
6182	6.936726274353857e-001	7.079457843841379e-001
6196	6.877464816083621e-001	6.918309709189364e-001
6206	6.689161234408034e-001	6.760829753919818e-001
6235	6.556194438564640e-001	6.606934480075960e-001
6236	6.187844118854016e-001	6.309573444801933e-001
6259	5.660611075486676e-001	5.754399373371569e-001
6299	5.502898296731640e-001	5.623413251903491e-001
6375	5.243601086873924e-001	5.248074602497725e-001
6473	4.481500263216087e-001	4.570881896148750e-001
6499	4.465126892475185e-001	4.466835921509632e-001
6512	4.256587999013465e-001	4.265795188015927e-001
6531	3.612602204267914e-001	3.630780547701014e-001
6566	3.111020596201178e-001	3.162277660168379e-001
6574	3.085554352673572e-001	3.090295432513591e-001
6723	3.008884169301289e-001	3.019951720402016e-001
6822	2.836878201305693e-001	2.884031503126606e-001
6848	2.373154684481384e-001	2.398832919019490e-001
6892	2.288401402060996e-001	2.290867652767773e-001
6966	2.234246725756974e-001	2.238721138568340e-001
7028	2.163863427307277e-001	2.187761623949552e-001
7045	2.122291853644811e-001	2.137962089502232e-001
7059	2.008512929351165e-001	2.041737944669530e-001
7075	1.911844147618091e-001	1.949844599758046e-001
7084	1.867072395160138e-001	1.905460717963247e-001
7106	1.852398290572584e-001	1.862087136662868e-001
7247	1.812530914163436e-001	1.819700858609984e-001
7272	1.730219016593237e-001	1.737800828749375e-001
7335	1.686577618792100e-001	1.698243652461744e-001
7355	1.612066449520438e-001	1.621810097358930e-001
7407	1.574846289964267e-001	1.584893192461113e-001
7435	1.220575006510791e-001	1.230268770812382e-001
7440	1.191004154514463e-001	1.202264434617413e-001
7448	1.158452984823604e-001	1.174897554939529e-001
7469	1.147343443666777e-001	1.148153621496883e-001
7477	1.121308478181209e-001	1.122018454301964e-001
7628	1.094719358896550e-001	1.096478196143185e-001
7671	1.071089878166317e-001	1.071519305237607e-001
7706	9.387903486693161e-002	9.549925860214359e-002
7727	8.922453380137252e-002	9.120108393559097e-002
7740	8.911449270692318e-002	8.912509381337455e-002
7764	8.670040604656593e-002	8.709635899560805e-002
7850	8.412222197286945e-002	8.511380382023763e-002
7875	8.239479239761838e-002	8.317637711026708e-002
7906	8.118753892960084e-002	8.128305161640990e-002
7927	7.900838092254847e-002	7.943282347242814e-002
7971	7.210812162822111e-002	7.244359600749903e-002
7983	6.574429691833672e-002	6.606934480075961e-002
8031	6.168403032332537e-002	6.309573444801933e-002
8050	6.160781809360838e-002	6.165950018614822e-002
8084	5.892324181895559e-002	6.025595860743578e-002
8086	5.883136080323304e-002	5.888436553555890e-002
8118	5.700072976894699e-002	5.754399373371569e-002
8149	5.618345523816370e-002	5.623413251903491e-002
8313	5.251915530053464e-002	5.370317963702527e-002
8314	5.126459673472583e-002	5.128613839913648e-002
8411	4.709451682700938e-002	4.786300923226383e-002
8446	4.672297323041819e-002	4.677351412871982e-002
8538	4.557911244940949e-002	4.570881896148749e-002
8682	4.452696196279982e-002	4.466835921509630e-002
8694	4.351365201518120e-002	4.365158322401658e-002
8803	3.319911287549715e-002	3.388441561392026e-002
8811	3.304897826729891e-002	3.311311214825911e-002
8853	3.214392183815618e-002	3.235936569296283e-002
8963	3.156941535769697e-002	3.162277660168379e-002
9030	3.088835105320842e-002	3.090295432513590e-002
9116	2.798987287492238e-002	2.818382931264454e-002
9305	2.737728578890464e-002	2.754228703338166e-002
9324	2.670754890590144e-002	2.691534803926915e-002
9410	2.628337444926410e-002	2.630267991895382e-002
9527	2.569413873289483e-002	2.570395782768863e-002
9634	2.511582570640736e-002	2.511886431509579e-002
9675	2.449632172776928e-002	2.454708915685030e-002
9690	2.165988969704280e-002	2.187761623949553e-002
9759	2.127123224177052e-002	2.137962089502233e-002
9884	2.088062204485464e-002	2.089296130854040e-002
10035	2.039448453822912e-002	2.041737944669530e-002
10058	1.712683288375616e-002	1.737800828749376e-002
10133	1.694435285473073e-002	1.698243652461744e-002
10237	1.658614223512256e-002	1.659586907437561e-002
10521	1.621636536935045e-002	1.621810097358930e-002
10793	1.570069002753538e-002	1.584893192461113e-002
11004	1.548099043362283e-002	1.548816618912481e-002
11268	1.509579706614106e-002	1.513561248436208e-002
11280	1.394999529151209e-002	1.412537544622754e-002
11429	1.379926018619460e-002	1.380384264602885e-002
11765	1.346438337800526e-002	1.348962882591653e-002
12009	1.242927186663889e-002	1.258925411794168e-002
12210	1.229723432484398e-002	1.230268770812382e-002
12298	1.197562731030544e-002	1.202264434617413e-002
12633	1.164841586329368e-002	1.174897554939530e-002
12714	1.058309367062804e-002	1.071519305237607e-002
12782	1.039377992728796e-002	1.047128548050900e-002
12872	9.964318214660817e-003	1.000000000000000e-002
13397	9.770477441950698e-003	9.772372209558112e-003
15772	9.544836200154894e-003	9.549925860214359e-003
2000001	9.393324614469067e-003	9.549925860214359e-003
%
% index = 2475, name = bbob_f008_i13_d20__bbob_f008_i14_d20
% instance = 6, reference value = 9.924199889585140e-001
% function evaluation | indicator value | target hit
1	1.313044762639921e+006	1.318256738556407e+006
2	2.503108091950899e+005	2.511886431509582e+005
6	1.699248993183629e+005	1.737800828749376e+005
10	1.603023028170579e+005	1.621810097358930e+005
21	1.448521879473155e+005	1.479108388168207e+005
22	1.429283687723152e+005	1.445439770745928e+005
24	1.166852934277879e+005	1.174897554939530e+005
56	1.129713839005161e+005	1.148153621496882e+005
96	9.912298682026357e+004	1.000000000000000e+005
160	9.342996841941659e+004	9.549925860214369e+004
239	8.420273079074065e+004	8.511380382023759e+004
243	6.483705527582219e+004	6.606934480075965e+004
269	6.185435828258531e+004	6.309573444801930e+004
293	5.493844981207686e+004	5.495408738576248e+004
539	4.132350180075638e+004	4.168693834703355e+004
545	2.258280668418233e+004	2.290867652767775e+004
750	2.108885218423604e+004	2.137962089502232e+004
755	1.492380806679650e+004	1.513561248436207e+004
1179	7.598967648628105e+003	7.762471166286920e+003
1250	7.363569288450831e+003	7.413102413009177e+003
1322	3.721905885015352e+003	3.801893963205613e+003
1526	2.981804535226459e+003	3.019951720402016e+003
1803	2.746016433860284e+003	2.754228703338166e+003
1870	1.954227602169498e+003	1.995262314968879e+003
1950	1.511044056315817e+003	1.513561248436209e+003
2196	1.230937718518605e+003	1.258925411794168e+003
2211	1.029156579949036e+003	1.047128548050900e+003
2254	7.454234492722603e+002	7.585775750291836e+002
2455	6.542889157434861e+002	6.606934480075958e+002
2459	4.186954363640126e+002	4.265795188015925e+002
2541	3.353175451928885e+002	3.388441561392024e+002
2594	3.137052846897173e+002	3.162277660168379e+002
2680	2.554503003957310e+002	2.570395782768865e+002
2900	1.654708101770127e+002	1.659586907437561e+002
3004	1.582821220547539e+002	1.584893192461114e+002
3008	1.081605021670251e+002	1.096478196143185e+002
3054	7.513864935345835e+001	7.585775750291836e+001
3096	5.752010458699461e+001	5.754399373371570e+001
3128	5.467853723822702e+001	5.495408738576246e+001
3347	4.747122230120407e+001	4.786300923226383e+001
3435	3.733005064563470e+001	3.801893963205612e+001
3646	3.183467112398663e+001	3.235936569296283e+001
3710	2.800459050413655e+001	2.818382931264453e+001
3813	2.666441453955406e+001	2.691534803926916e+001
3819	2.548569527413153e+001	2.570395782768863e+001
3958	2.495195273967452e+001	2.511886431509580e+001
4042	2.076791721278159e+001	2.089296130854040e+001
4051	1.767708712314411e+001	1.778279410038923e+001
4060	1.722086167024622e+001	1.737800828749375e+001
4134	1.232561836285779e+001	1.258925411794168e+001
4184	1.046343782706321e+001	1.047128548050900e+001
4275	1.016040028518256e+001	1.023292992280754e+001
4347	4.889789125644017e+000	4.897788193684462e+000
4537	3.993572314065973e+000	4.073802778041127e+000
4635	3.089027478636685e+000	3.090295432513591e+000
4712	2.195504782585057e+000	2.238721138568339e+000
4909	1.814528344610483e+000	1.819700858609983e+000
4988	1.218811013701887e+000	1.230268770812382e+000
5277	9.801792568363550e-001	1.000000000000000e+000
5499	9.467476967643187e-001	9.549925860214360e-001
5545	8.889466247186962e-001	8.912509381337456e-001
5595	8.688050630208130e-001	8.709635899560806e-001
5637	7.691962919734507e-001	7.762471166286917e-001
5655	7.580711695192204e-001	7.585775750291838e-001
5685	6.692957768006563e-001	6.760829753919818e-001
5696	6.392621848238913e-001	6.456542290346555e-001
5727	5.795028467786083e-001	5.888436553555889e-001
5863	5.245373177782748e-001	5.248074602497725e-001
5979	5.051750662652400e-001	5.128613839913648e-001
5986	4.763552018884436e-001	4.786300923226383e-001
6050	4.651766782991761e-001	4.677351412871982e-001
6054	4.493092030488690e-001	4.570881896148750e-001
6116	4.458907720553652e-001	4.466835921509632e-001
6119	4.292819353432904e-001	4.365158322401660e-001
6125	3.761071169112569e-001	3.801893963205612e-001
6193	3.688347034213672e-001	3.715352290971726e-001
6219	3.395600701961014e-001	3.467368504525316e-001
6326	3.183818023896153e-001	3.235936569296283e-001
6330	3.025065243191745e-001	3.090295432513591e-001
6368	2.868506101911456e-001	2.884031503126606e-001
6410	2.814094216885320e-001	2.818382931264454e-001
6411	2.544778873835248e-001	2.570395782768864e-001
6477	2.504300127146206e-001	2.511886431509580e-001
6485	2.434157616400819e-001	2.454708915685031e-001
6493	2.324154718944570e-001	2.344228815319922e-001
6502	2.277104513180125e-001	2.290867652767773e-001
6569	2.237095899903100e-001	2.238721138568340e-001
6607	2.157014090980248e-001	2.187761623949552e-001
6614	2.024811950106190e-001	2.041737944669530e-001
6648	1.995215048022113e-001	1.995262314968880e-001
6727	1.933002608364079e-001	1.949844599758046e-001
6752	1.861061144420447e-001	1.862087136662868e-001
6787	1.809456872843237e-001	1.819700858609984e-001
6805	1.758369426335819e-001	1.778279410038923e-001
6825	1.723395423866614e-001	1.737800828749375e-001
6877	1.696210490635974e-001	1.698243652461744e-001
6906	1.650881365821072e-001	1.659586907437561e-001
6928	1.598351850695945e-001	1.621810097358930e-001
6965	1.481209151259896e-001	1.513561248436208e-001
6971	1.476975034011937e-001	1.479108388168208e-001
6978	1.299219739172047e-001	1.318256738556407e-001
6997	1.166844887285959e-001	1.174897554939529e-001
7008	1.148090037185272e-001	1.148153621496883e-001
7071	1.117820750603730e-001	1.122018454301964e-001
7131	9.907119566698541e-002	1.000000000000000e-001
7176	9.765806286633672e-002	9.772372209558107e-002
7216	9.406641658880954e-002	9.549925860214359e-002
7235	9.169165309779304e-002	9.332543007969910e-002
7241	9.016727450032969e-002	9.120108393559097e-002
7253	8.566904065807068e-002	8.709635899560805e-002
7283	8.056682168751972e-002	8.128305161640990e-002
7317	7.688475506291159e-002	7.762471166286916e-002
7425	7.507384585223331e-002	7.585775750291836e-002
7453	7.318596322417537e-002	7.413102413009177e-002
7474	7.131053227240747e-002	7.244359600749903e-002
7492	7.068280481907319e-002	7.079457843841380e-002
7552	6.916078534820758e-002	6.918309709189366e-002
7590	6.686404047930727e-002	6.760829753919818e-002
7657	6.575463743356935e-002	6.606934480075961e-002
7697	6.445880772086021e-002	6.456542290346556e-002
7729	6.301264432923381e-002	6.309573444801933e-002
7756	5.971791378657010e-002	6.025595860743578e-002
7785	5.821257700586568e-002	5.888436553555890e-002
7855	5.748078797890921e-002	5.754399373371569e-002
7868	5.283139206613541e-002	5.370317963702527e-002
7898	5.012458001149123e-002	5.128613839913648e-002
7915	5.001364656263829e-002	5.011872336272722e-002
7999	4.878215898055716e-002	4.897788193684461e-002
8068	4.757747839855020e-002	4.786300923226383e-002
8125	4.640582489475220e-002	4.677351412871982e-002
8171	4.557159433235802e-002	4.570881896148749e-002
8197	4.452918476422541e-002	4.466835921509630e-002
8258	4.283134490613250e-002	4.365158322401658e-002
8268	4.246396368631522e-002	4.265795188015926e-002
8269	3.782358604995473e-002	3.801893963205612e-002
8307	3.604056161794389e-002	3.630780547701014e-002
8332	3.450100395836597e-002	3.467368504525317e-002
8399	3.387187080617071e-002	3.388441561392026e-002
8545	3.286482487125220e-002	3.311311214825911e-002
8639	3.235128103306317e-002	3.235936569296283e-002
8731	2.899953794836563e-002	2.951209226666385e-002
8739	2.879449444579429e-002	2.884031503126606e-002
8842	2.775004303396422e-002	2.818382931264454e-002
8877	2.703593499013968e-002	2.754228703338166e-002
8912	2.598755640781802e-002	2.630267991895382e-002
8932	2.435197483975204e-002	2.454708915685030e-002
9002	2.240467676817237e-002	2.290867652767774e-002
9004	2.237344559073462e-002	2.238721138568340e-002
9183	2.183989213440585e-002	2.187761623949553e-002
9286	2.137468698294520e-002	2.137962089502233e-002
9344	2.078024453605287e-002	2.089296130854040e-002
9460	2.041509844891853e-002	2.041737944669530e-002
9616	1.985685193538123e-002	1.995262314968880e-002
9719	1.948744570086880e-002	1.949844599758046e-002
9728	1.853589702505754e-002	1.862087136662868e-002
9899	1.799987957677562e-002	1.819700858609984e-002
9942	1.739088090914509e-002	1.778279410038923e-002
9956	1.737345647614130e-002	1.737800828749376e-002
10167	1.694733109305935e-002	1.698243652461744e-002
10313	1.657582178105022e-002	1.659586907437561e-002
10480	1.501186646323705e-002	1.513561248436208e-002
10544	1.478553674788408e-002	1.479108388168207e-002
10687	1.408976597864109e-002	1.412537544622754e-002
10731	1.323376713321978e-002	1.348962882591653e-002
10815	1.297542613525271e-002	1.318256738556408e-002
10916	1.285862864246479e-002	1.288249551693134e-002
10973	1.013630630902718e-002	1.023292992280754e-002
11185	9.996431348992196e-003	1.000000000000000e-002
11604	9.766836195160389e-003	9.772372209558112e-003
11793	9.530675194864724e-003	9.549925860214359e-003
12588	9.329473195518356e-003	9.332543007969915e-003
2000001	9.158131228262478e-003	9.332543007969915e-003
%
% index = 2476, name = bbob_f008_i15_d20__bbob_f008_i16_d20
% instance = 7, reference value = 9.910928044498680e-001
% function evaluation | indicator value | target hit
1	9.853914497277448e+005	1.000000000000000e+006
2	1.963121124842271e+005	1.995262314968879e+005
6	1.317749118177267e+005	1.318256738556408e+005
10	1.176872678459315e+005	1.202264434617413e+005
21	1.079149407638313e+005	1.096478196143185e+005
24	9.222786876724100e+004	9.332543007969904e+004
56	9.026921411567982e+004	9.120108393559097e+004
96	7.444999262590990e+004	7.585775750291836e+004
178	6.809634814543794e+004	6.918309709189362e+004
269	5.124246435654213e+004	5.128613839913648e+004
338	3.324768273626608e+004	3.388441561392028e+004
398	2.200827788389818e+004	2.238721138568338e+004
545	2.168135474456754e+004	2.187761623949552e+004
590	1.922392270647613e+004	1.949844599758046e+004
600	1.072957261653793e+004	1.096478196143185e+004
719	1.003399962614977e+004	1.023292992280754e+004
834	9.301766886240366e+003	9.332543007969915e+003
998	8.635195068205652e+003	8.709635899560806e+003
1027	7.737754959916912e+003	7.762471166286920e+003
1064	5.797718799737745e+003	5.888436553555890e+003
1078	4.448315804574101e+003	4.466835921509631e+003
1241	3.302978103010576e+003	3.311311214825911e+003
1283	2.536892209907446e+003	2.570395782768865e+003
1359	2.019926419708405e+003	2.041737944669530e+003
1476	1.594358914740786e+003	1.621810097358930e+003
1727	1.480707251890179e+003	1.513561248436209e+003
1812	1.427783504850590e+003	1.445439770745928e+003
1827	1.013136641851806e+003	1.023292992280754e+003
1841	5.346675604533095e+002	5.370317963702527e+002
2210	4.134671906329577e+002	4.168693834703355e+002
2334	3.740592585575488e+002	3.801893963205613e+002
2368	3.511553576930378e+002	3.548133892335753e+002
2371	2.204565445115590e+002	2.238721138568340e+002
2480	1.778254331879612e+002	1.778279410038923e+002
2599	1.087962823140329e+002	1.096478196143185e+002
2819	6.681127137078593e+001	6.760829753919819e+001
3150	5.415596996835758e+001	5.495408738576246e+001
3238	4.206011664299748e+001	4.265795188015925e+001
3324	2.300125892679545e+001	2.344228815319923e+001
3708	1.921700300180774e+001	1.949844599758045e+001
3712	1.653804384597388e+001	1.659586907437561e+001
3806	1.142044771521073e+001	1.148153621496883e+001
3900	9.763049137094811e+000	9.772372209558107e+000
3999	8.836998961361980e+000	8.912509381337454e+000
4024	8.179748430491777e+000	8.317637711026711e+000
4080	7.341781666937618e+000	7.413102413009175e+000
4106	6.891971515411830e+000	6.918309709189365e+000
4194	5.557063746343805e+000	5.623413251903491e+000
4261	3.078901274099104e+000	3.090295432513591e+000
4513	2.937906252577198e+000	2.951209226666386e+000
4541	2.335530356078467e+000	2.344228815319922e+000
4544	2.081835261420343e+000	2.089296130854040e+000
4571	2.011797005813449e+000	2.041737944669529e+000
4701	1.948767853899440e+000	1.949844599758045e+000
4729	1.854119920141868e+000	1.862087136662868e+000
4734	1.814552394935181e+000	1.819700858609983e+000
4739	1.582280971442375e+000	1.584893192461114e+000
4775	1.302826218951368e+000	1.318256738556407e+000
4858	1.254308289106368e+000	1.258925411794167e+000
4888	1.131761886797368e+000	1.148153621496883e+000
4991	1.111047675426368e+000	1.122018454301963e+000
5133	1.033174838994868e+000	1.047128548050900e+000
5204	8.969822023923310e-001	9.120108393559098e-001
5245	8.119705739728870e-001	8.128305161640993e-001
5334	7.872771073500841e-001	7.943282347242815e-001
5363	7.687539283330699e-001	7.762471166286917e-001
5438	6.384534969826908e-001	6.456542290346555e-001
5460	6.238293443399272e-001	6.309573444801933e-001
5462	5.864479238501071e-001	5.888436553555889e-001
5516	5.418482429639443e-001	5.495408738576245e-001
5594	5.206548824232402e-001	5.248074602497725e-001
5612	5.093950230614621e-001	5.128613839913648e-001
5638	5.007658042059311e-001	5.011872336272722e-001
5702	4.651751844254463e-001	4.677351412871982e-001
5748	4.371455077632362e-001	4.466835921509632e-001
5749	4.360832505058198e-001	4.365158322401660e-001
5767	4.225704652296857e-001	4.265795188015927e-001
5827	4.157733594105687e-001	4.168693834703354e-001
5866	3.858989139157664e-001	3.890451449942806e-001
5885	3.746708238147234e-001	3.801893963205612e-001
5915	3.678885306693731e-001	3.715352290971726e-001
5924	3.615203485610024e-001	3.630780547701014e-001
5955	3.411292736959285e-001	3.467368504525316e-001
6023	3.288482848399043e-001	3.311311214825911e-001
6054	3.022860311278908e-001	3.090295432513591e-001
6075	2.946303377051091e-001	2.951209226666385e-001
6125	2.880425868632103e-001	2.884031503126606e-001
6217	2.703264220810412e-001	2.754228703338166e-001
6235	2.635538438576744e-001	2.691534803926916e-001
6251	2.618601459186137e-001	2.630267991895382e-001
6317	2.562675793679849e-001	2.570395782768864e-001
6342	2.508920373966773e-001	2.511886431509580e-001
6386	2.449609898100905e-001	2.454708915685031e-001
6467	2.372491658665198e-001	2.398832919019490e-001
6472	2.344097962232455e-001	2.344228815319922e-001
6493	2.287904599471683e-001	2.290867652767773e-001
6549	2.237683682767199e-001	2.238721138568340e-001
6564	2.107690212025495e-001	2.137962089502232e-001
6572	2.080252711197289e-001	2.089296130854039e-001
6579	2.006367334697362e-001	2.041737944669530e-001
6586	1.992103156554038e-001	1.995262314968880e-001
6620	1.939092434601420e-001	1.949844599758046e-001
6626	1.905364141928443e-001	1.905460717963247e-001
6682	1.841690681874910e-001	1.862087136662868e-001
6691	1.813287434313727e-001	1.819700858609984e-001
6752	1.707390656933812e-001	1.737800828749375e-001
6769	1.690911418350428e-001	1.698243652461744e-001
6780	1.655052250387444e-001	1.659586907437561e-001
6851	1.605307580017815e-001	1.621810097358930e-001
6856	1.580874988498286e-001	1.584893192461113e-001
6869	1.531496533628758e-001	1.548816618912481e-001
6910	1.479958291642202e-001	1.513561248436208e-001
6928	1.474564071178963e-001	1.479108388168208e-001
6973	1.444886591433907e-001	1.445439770745928e-001
7050	1.397473990487996e-001	1.412537544622755e-001
7084	1.350847200994528e-001	1.380384264602885e-001
7117	1.279694476074058e-001	1.288249551693134e-001
7159	1.252138744038251e-001	1.258925411794167e-001
7261	1.225301972378293e-001	1.230268770812382e-001
7407	1.200258851281216e-001	1.202264434617413e-001
7429	1.174660388315016e-001	1.174897554939529e-001
7485	1.116018339709443e-001	1.122018454301964e-001
7544	1.095472926984820e-001	1.096478196143185e-001
7603	1.070951073984577e-001	1.071519305237607e-001
7606	1.045363166075269e-001	1.047128548050900e-001
7631	1.021493227028549e-001	1.023292992280754e-001
7678	9.961255381792022e-002	1.000000000000000e-001
7755	9.743479765228802e-002	9.772372209558107e-002
7774	9.548632989554584e-002	9.549925860214359e-002
7870	9.117632249893359e-002	9.120108393559097e-002
7914	8.657677798456265e-002	8.709635899560805e-002
8005	8.505659530834409e-002	8.511380382023763e-002
8029	8.284502452768539e-002	8.317637711026708e-002
8069	8.119065003684656e-002	8.128305161640990e-002
8120	7.942101839909388e-002	7.943282347242814e-002
8218	7.760222549270934e-002	7.762471166286916e-002
8373	7.585319301347537e-002	7.585775750291836e-002
8489	7.394567040986089e-002	7.413102413009177e-002
8613	7.243794271963222e-002	7.244359600749903e-002
8749	7.073261880268111e-002	7.079457843841380e-002
8873	6.909426904226335e-002	6.918309709189366e-002
8996	6.731495255210784e-002	6.760829753919818e-002
9035	6.571695795598065e-002	6.606934480075961e-002
9123	6.439324064072582e-002	6.456542290346556e-002
9198	6.294144948730607e-002	6.309573444801933e-002
9242	6.143246511699141e-002	6.165950018614822e-002
9295	5.864673938343745e-002	5.888436553555890e-002
9367	5.752525526280128e-002	5.754399373371569e-002
9418	5.610162471564062e-002	5.623413251903491e-002
9510	5.495393303351981e-002	5.495408738576246e-002
9558	5.365730150513626e-002	5.370317963702527e-002
9643	5.247283910258427e-002	5.248074602497726e-002
9812	5.123825436538254e-002	5.128613839913648e-002
9892	5.003250809865745e-002	5.011872336272722e-002
9991	4.896212620869844e-002	4.897788193684461e-002
10043	4.758817294806206e-002	4.786300923226383e-002
10092	4.522011823769145e-002	4.570881896148749e-002
10104	4.455753131812545e-002	4.466835921509630e-002
10134	4.346781324296267e-002	4.365158322401658e-002
10248	4.260843571881889e-002	4.265795188015926e-002
10254	4.165247608113742e-002	4.168693834703355e-002
10376	4.066764702494086e-002	4.073802778041128e-002
10455	3.970841639455980e-002	3.981071705534973e-002
10577	3.870216458422437e-002	3.890451449942807e-002
10637	3.798627877389760e-002	3.801893963205612e-002
10733	3.695571707870871e-002	3.715352290971726e-002
10796	3.628125825001760e-002	3.630780547701014e-002
10962	3.547421119554728e-002	3.548133892335755e-002
11102	3.466667687384428e-002	3.467368504525317e-002
11192	3.377211699869920e-002	3.388441561392026e-002
11264	3.307847349158943e-002	3.311311214825911e-002
11410	3.233747334552584e-002	3.235936569296283e-002
11444	3.161102113643910e-002	3.162277660168379e-002
11459	3.076219620384579e-002	3.090295432513590e-002
11606	3.019006196535734e-002	3.019951720402016e-002
11721	2.939149933060925e-002	2.951209226666385e-002
11819	2.881430259666196e-002	2.884031503126606e-002
11880	2.802076850923485e-002	2.818382931264454e-002
11964	2.751402501923606e-002	2.754228703338166e-002
12023	2.680936240727938e-002	2.691534803926915e-002
12038	2.559525096089754e-002	2.570395782768863e-002
12142	2.511105624015919e-002	2.511886431509579e-002
12209	2.443310876314386e-002	2.454708915685030e-002
12247	2.397054067088811e-002	2.398832919019490e-002
12346	2.324311221209685e-002	2.344228815319923e-002
12496	2.289548049818091e-002	2.290867652767774e-002
12629	2.237409777828359e-002	2.238721138568340e-002
12840	2.184521069274026e-002	2.187761623949553e-002
12975	2.128904952647170e-002	2.137962089502233e-002
13015	2.070123360857179e-002	2.089296130854040e-002
13125	2.037438152916926e-002	2.041737944669530e-002
13279	1.993869225140477e-002	1.995262314968880e-002
13424	1.947514105237691e-002	1.949844599758046e-002
13531	1.904186590161294e-002	1.905460717963247e-002
13611	1.848809564880549e-002	1.862087136662868e-002
13777	1.819230040677011e-002	1.819700858609984e-002
13911	1.777640118460311e-002	1.778279410038923e-002
13975	1.609754164899213e-002	1.621810097358930e-002
14049	1.584631607884102e-002	1.584893192461113e-002
14083	1.540121909282810e-002	1.548816618912481e-002
14250	1.510650701757688e-002	1.513561248436208e-002
14393	1.360219247105909e-002	1.380384264602885e-002
14451	1.320809281176316e-002	1.348962882591653e-002
14452	1.318128256376883e-002	1.318256738556408e-002
14550	1.286023492589794e-002	1.288249551693134e-002
14619	1.251391352784814e-002	1.258925411794168e-002
14648	1.228833823161768e-002	1.230268770812382e-002
14775	1.201611902265898e-002	1.202264434617413e-002
14882	1.174802747533366e-002	1.174897554939530e-002
15077	1.147562080528475e-002	1.148153621496883e-002
15324	1.121649643292633e-002	1.122018454301964e-002
15497	1.095705840907779e-002	1.096478196143185e-002
15508	1.071209193602873e-002	1.071519305237607e-002
15533	1.009429883010815e-002	1.023292992280754e-002
15663	9.997255298717533e-003	1.000000000000000e-002
15905	9.687421276578401e-003	9.772372209558112e-003
16019	9.546032863916421e-003	9.549925860214359e-003
16182	9.295280592194977e-003	9.332543007969915e-003
16409	9.093786016652672e-003	9.120108393559097e-003
16719	8.912338735322600e-003	8.912509381337459e-003
16970	8.686225299028405e-003	8.709635899560805e-003
17190	8.508732855619705e-003	8.511380382023768e-003
17403	8.315277243588715e-003	8.317637711026709e-003
17922	8.127542776203423e-003	8.128305161640995e-003
18768	7.942610182898213e-003	7.943282347242814e-003
20520	7.762431276648441e-003	7.762471166286920e-003
2000001	7.664988919071414e-003	7.762471166286920e-003
%
% index = 2477, name = bbob_f008_i17_d20__bbob_f008_i18_d20
% instance = 8, reference value = 9.904252116058810e-001
% function evaluation | indicator value | target hit
1	9.501188073008690e+005	9.549925860214368e+005
2	1.301529978902889e+005	1.318256738556408e+005
3	1.242197943135959e+005	1.258925411794166e+005
5	6.521223714868209e+004	6.606934480075965e+004
269	6.028558655219062e+004	6.165950018614822e+004
273	5.250757842245894e+004	5.370317963702533e+004
309	2.594003781595727e+004	2.630267991895381e+004
495	2.297787883827416e+004	2.344228815319923e+004
595	1.680021398265008e+004	1.698243652461746e+004
713	1.283570187154817e+004	1.288249551693135e+004
923	1.232912980471271e+004	1.258925411794166e+004
956	1.131947506521675e+004	1.148153621496882e+004
998	1.020842292047955e+004	1.023292992280754e+004
1161	6.048237453250774e+003	6.165950018614823e+003
1348	5.281649530252163e+003	5.370317963702527e+003
1383	3.762272580785302e+003	3.801893963205613e+003
1540	2.890264788680827e+003	2.951209226666387e+003
1669	2.509252483164293e+003	2.511886431509580e+003
1680	2.358219604832741e+003	2.398832919019490e+003
1838	2.200832854484570e+003	2.238721138568340e+003
1854	1.753518000953986e+003	1.778279410038923e+003
1875	1.704564027226946e+003	1.737800828749376e+003
1893	8.432872351802699e+002	8.511380382023768e+002
1922	4.778355479578547e+002	4.786300923226385e+002
2369	3.493313602881309e+002	3.548133892335753e+002
2505	2.410726243515597e+002	2.454708915685031e+002
2627	2.027381929236873e+002	2.041737944669530e+002
2761	1.672384982195543e+002	1.698243652461744e+002
2789	1.597634405518641e+002	1.621810097358930e+002
2843	1.400425896722501e+002	1.412537544622754e+002
2933	1.022944401639003e+002	1.023292992280754e+002
3062	6.335977917326303e+001	6.456542290346556e+001
3247	4.704863789996654e+001	4.786300923226383e+001
3376	2.625529998133684e+001	2.630267991895381e+001
3471	2.521047705497021e+001	2.570395782768863e+001
3623	1.715697206570266e+001	1.737800828749375e+001
3723	1.450117095321317e+001	1.479108388168207e+001
3869	9.313215522540752e+000	9.332543007969910e+000
3934	7.695102605770258e+000	7.762471166286917e+000
4046	6.881053866500420e+000	6.918309709189365e+000
4086	6.122663152275418e+000	6.165950018614822e+000
4185	4.172855875947211e+000	4.265795188015927e+000
4380	3.640929328232919e+000	3.715352290971725e+000
4524	3.582131961495508e+000	3.630780547701014e+000
4538	3.218568202659739e+000	3.235936569296283e+000
4561	2.965189302185286e+000	3.019951720402016e+000
4625	2.052044484828881e+000	2.089296130854040e+000
4779	1.692721391687617e+000	1.698243652461744e+000
4925	1.512747003664507e+000	1.513561248436208e+000
5172	1.460334589254381e+000	1.479108388168207e+000
5173	1.368524408794881e+000	1.380384264602885e+000
5268	1.237755727771881e+000	1.258925411794167e+000
5298	1.083791702223881e+000	1.096478196143185e+000
5355	9.552230457200363e-001	9.772372209558107e-001
5366	9.510503418530014e-001	9.549925860214360e-001
5383	9.326813961370021e-001	9.332543007969910e-001
5479	7.516947249827375e-001	7.585775750291838e-001
5558	7.323765142063958e-001	7.413102413009175e-001
5641	6.773316706777320e-001	6.918309709189364e-001
5741	6.471980915307883e-001	6.606934480075960e-001
5805	6.246957630979843e-001	6.309573444801933e-001
5824	6.112620607313664e-001	6.165950018614822e-001
5863	5.922263262546603e-001	6.025595860743578e-001
5894	5.790341170928830e-001	5.888436553555889e-001
5907	4.809150706821121e-001	4.897788193684462e-001
5938	4.722750849887268e-001	4.786300923226383e-001
5976	4.625010975714424e-001	4.677351412871982e-001
6056	4.560051231233943e-001	4.570881896148750e-001
6068	4.306884013045514e-001	4.365158322401660e-001
6084	3.745617389426458e-001	3.801893963205612e-001
6126	3.708362657890676e-001	3.715352290971726e-001
6154	3.607092635636426e-001	3.630780547701014e-001
6156	3.542789576523331e-001	3.548133892335755e-001
6161	3.189832975435014e-001	3.235936569296283e-001
6203	3.040444066302168e-001	3.090295432513591e-001
6206	3.010075350110536e-001	3.019951720402016e-001
6227	2.832474692314754e-001	2.884031503126606e-001
6242	2.801915838770086e-001	2.818382931264454e-001
6269	2.707422413035669e-001	2.754228703338166e-001
6282	2.639489072498815e-001	2.691534803926916e-001
6304	2.619927231067178e-001	2.630267991895382e-001
6305	2.551481394243151e-001	2.570395782768864e-001
6359	2.492033313476401e-001	2.511886431509580e-001
6404	2.444559830714366e-001	2.454708915685031e-001
6465	2.379807813979803e-001	2.398832919019490e-001
6483	2.226197948219199e-001	2.238721138568340e-001
6489	2.083388227598716e-001	2.089296130854039e-001
6505	2.025828602520892e-001	2.041737944669530e-001
6508	1.988772861930070e-001	1.995262314968880e-001
6573	1.872904265417665e-001	1.905460717963247e-001
6589	1.823684830607378e-001	1.862087136662868e-001
6598	1.813296170331081e-001	1.819700858609984e-001
6666	1.743393865277838e-001	1.778279410038923e-001
6673	1.727028572309826e-001	1.737800828749375e-001
6688	1.672335984701783e-001	1.698243652461744e-001
6707	1.440903627265374e-001	1.445439770745928e-001
6730	1.400397703104571e-001	1.412537544622755e-001
6733	1.257115792325398e-001	1.258925411794167e-001
6789	1.189752707963271e-001	1.202264434617413e-001
6970	1.169023927362271e-001	1.174897554939529e-001
7022	1.137686875891294e-001	1.148153621496883e-001
7038	1.114718345268870e-001	1.122018454301964e-001
7065	1.093971660313180e-001	1.096478196143185e-001
7076	1.056881873825394e-001	1.071519305237607e-001
7097	1.037287512002781e-001	1.047128548050900e-001
7106	1.005617997356419e-001	1.023292992280754e-001
7142	9.983061362864254e-002	1.000000000000000e-001
7179	9.467237716682442e-002	9.549925860214359e-002
7221	9.241419464031342e-002	9.332543007969910e-002
7235	8.924360596819725e-002	9.120108393559097e-002
7242	8.764850654976331e-002	8.912509381337455e-002
7264	8.605738565098764e-002	8.709635899560805e-002
7363	8.313924745372392e-002	8.317637711026708e-002
7380	7.392621526013266e-002	7.413102413009177e-002
7441	6.948641437166347e-002	7.079457843841380e-002
7463	6.316329350969097e-002	6.456542290346556e-002
7512	6.302957700235057e-002	6.309573444801933e-002
7523	4.543494625512035e-002	4.570881896148749e-002
7555	4.393188275070925e-002	4.466835921509630e-002
7652	4.360754239167342e-002	4.365158322401658e-002
7732	4.225397614331117e-002	4.265795188015926e-002
7773	4.153647121482074e-002	4.168693834703355e-002
7779	4.068528010974870e-002	4.073802778041128e-002
7797	3.979262642739179e-002	3.981071705534973e-002
7826	3.868508732279818e-002	3.890451449942807e-002
7868	3.799756928905518e-002	3.801893963205612e-002
7887	3.700096826614763e-002	3.715352290971726e-002
7907	3.628871904995701e-002	3.630780547701014e-002
7965	3.540987234641280e-002	3.548133892335755e-002
8040	3.400535911706915e-002	3.467368504525317e-002
8080	3.374595078356613e-002	3.388441561392026e-002
8110	3.307705071184897e-002	3.311311214825911e-002
8114	3.228373590149225e-002	3.235936569296283e-002
8233	3.161196871360006e-002	3.162277660168379e-002
8300	3.070061101417787e-002	3.090295432513590e-002
8372	2.997045331228798e-002	3.019951720402016e-002
8430	2.932578185261225e-002	2.951209226666385e-002
8555	2.883868984423810e-002	2.884031503126606e-002
8630	2.690071105174607e-002	2.691534803926915e-002
8734	2.630163085021464e-002	2.630267991895382e-002
8788	2.551786026512526e-002	2.570395782768863e-002
8884	2.508858530861280e-002	2.511886431509579e-002
9058	2.453644024919965e-002	2.454708915685030e-002
9148	2.385682539541312e-002	2.398832919019490e-002
9165	2.338234165992403e-002	2.344228815319923e-002
9216	2.215187225122062e-002	2.238721138568340e-002
9240	2.187344733753727e-002	2.187761623949553e-002
9318	2.032403924280801e-002	2.041737944669530e-002
9355	1.982874450938921e-002	1.995262314968880e-002
9431	1.928664140240388e-002	1.949844599758046e-002
9570	1.904135760491288e-002	1.905460717963247e-002
9584	1.797575044180089e-002	1.819700858609984e-002
9730	1.773443752494652e-002	1.778279410038923e-002
9917	1.633456630365160e-002	1.659586907437561e-002
9948	1.594631893546106e-002	1.621810097358930e-002
9992	1.577134514006284e-002	1.584893192461113e-002
10054	1.548636150172100e-002	1.548816618912481e-002
10144	1.501883045962005e-002	1.513561248436208e-002
10165	1.170458853669254e-002	1.174897554939530e-002
10223	1.136081567081193e-002	1.148153621496883e-002
10274	1.086362076339531e-002	1.096478196143185e-002
10287	1.058902375684145e-002	1.071519305237607e-002
10412	1.026716747842393e-002	1.047128548050900e-002
10442	1.016818523241170e-002	1.023292992280754e-002
10509	9.984243379516533e-003	1.000000000000000e-002
10539	9.622243780160300e-003	9.772372209558112e-003
10611	9.549134602658826e-003	9.549925860214359e-003
10732	8.379855349588850e-003	8.511380382023768e-003
10851	8.313218905010467e-003	8.317637711026709e-003
11036	8.124008244395742e-003	8.128305161640995e-003
11207	7.933472742231329e-003	7.943282347242814e-003
11262	7.546954819433016e-003	7.585775750291836e-003
11277	7.327405811611509e-003	7.413102413009177e-003
11368	7.182417931898111e-003	7.244359600749898e-003
11661	7.078656149116069e-003	7.079457843841380e-003
11913	6.911381681562356e-003	6.918309709189363e-003
12124	6.753410677543981e-003	6.760829753919818e-003
12728	6.606770889758140e-003	6.606934480075957e-003
14402	6.455300651144857e-003	6.456542290346556e-003
2000001	6.377622170862352e-003	6.456542290346556e-003
%
% index = 2478, name = bbob_f008_i19_d20__bbob_f008_i21_d20
% instance = 9, reference value = 9.925321959464410e-001
% function evaluation | indicator value | target hit
1	2.943621253971259e+006	2.951209226666384e+006
2	5.644371960853689e+005	5.754399373371566e+005
6	3.886543614281421e+005	3.890451449942805e+005
10	3.765982747235268e+005	3.801893963205612e+005
21	3.162822945322947e+005	3.235936569296281e+005
24	2.619318107723913e+005	2.630267991895382e+005
56	2.554651127919425e+005	2.570395782768865e+005
96	2.164618049443163e+005	2.187761623949552e+005
273	1.529170411480895e+005	1.548816618912483e+005
370	6.074176284146727e+004	6.165950018614822e+004
707	5.909547493474215e+004	6.025595860743581e+004
770	4.486230757019718e+004	4.570881896148752e+004
919	2.389221682091541e+004	2.398832919019490e+004
979	2.152210888274974e+004	2.187761623949552e+004
1008	1.661827029996300e+004	1.698243652461746e+004
1158	1.364752409000905e+004	1.380384264602884e+004
1269	1.284047434913995e+004	1.288249551693135e+004
1304	1.209313277473278e+004	1.230268770812381e+004
1454	4.572100799176248e+003	4.677351412871981e+003
1941	3.447238739250689e+003	3.467368504525316e+003
1987	2.059816550915784e+003	2.089296130854039e+003
2045	9.818051406676173e+002	1.000000000000000e+003
2246	7.470555673088438e+002	7.585775750291836e+002
2567	6.772904420179541e+002	6.918309709189363e+002
2712	4.271395178279064e+002	4.365158322401661e+002
2713	3.138759604970580e+002	3.162277660168379e+002
2812	2.666972614453333e+002	2.691534803926917e+002
3099	2.435065414508897e+002	2.454708915685031e+002
3224	1.020658003062059e+002	1.023292992280754e+002
3381	6.558570327824207e+001	6.606934480075961e+001
3557	6.030138807082152e+001	6.165950018614822e+001
3655	4.406018601128253e+001	4.466835921509630e+001
3784	3.658379262552430e+001	3.715352290971726e+001
3808	3.117447993163320e+001	3.162277660168379e+001
3868	1.354958716398649e+001	1.380384264602885e+001
4122	6.318786023845182e+000	6.456542290346556e+000
4278	4.938830923350476e+000	5.011872336272722e+000
4282	4.402786419342900e+000	4.466835921509632e+000
4442	3.720552461544584e+000	3.801893963205612e+000
4484	3.635276626393652e+000	3.715352290971725e+000
4676	3.060579112325410e+000	3.090295432513591e+000
4685	2.798403828025404e+000	2.818382931264454e+000
4847	2.054683395252381e+000	2.089296130854040e+000
5015	2.035557793193941e+000	2.041737944669529e+000
5023	1.251616820315142e+000	1.258925411794167e+000
5173	1.121065810278441e+000	1.122018454301963e+000
5224	9.875071031423199e-001	1.000000000000000e+000
5286	9.068664081633838e-001	9.120108393559098e-001
5519	8.779973829404835e-001	8.912509381337456e-001
5564	7.223083634877427e-001	7.244359600749900e-001
5572	6.908549070611110e-001	6.918309709189364e-001
5746	6.287553637241773e-001	6.309573444801933e-001
5760	6.030173268015771e-001	6.165950018614822e-001
5795	5.701848406786415e-001	5.754399373371569e-001
5800	5.577313211373545e-001	5.623413251903491e-001
5882	5.289694892695672e-001	5.370317963702527e-001
5948	5.229521680444000e-001	5.248074602497725e-001
5982	5.125101406776775e-001	5.128613839913648e-001
5995	4.317789408011885e-001	4.365158322401660e-001
6023	4.183160242986929e-001	4.265795188015927e-001
6027	4.082382177552456e-001	4.168693834703354e-001
6052	4.051543588532961e-001	4.073802778041127e-001
6188	3.403442215588592e-001	3.467368504525316e-001
6238	3.195778343611242e-001	3.235936569296283e-001
6320	3.096122075701192e-001	3.162277660168379e-001
6333	2.920054185948392e-001	2.951209226666385e-001
6352	2.618542141203044e-001	2.630267991895382e-001
6379	2.373307687740514e-001	2.398832919019490e-001
6424	2.271811237523048e-001	2.290867652767773e-001
6477	2.225413564232219e-001	2.238721138568340e-001
6516	2.186714127264900e-001	2.187761623949552e-001
6524	2.023033556197273e-001	2.041737944669530e-001
6526	1.669192880292936e-001	1.698243652461744e-001
6570	1.650656775797572e-001	1.659586907437561e-001
6618	1.571519266985066e-001	1.584893192461113e-001
6635	1.480371004178671e-001	1.513561248436208e-001
6708	1.426678377019138e-001	1.445439770745928e-001
6719	1.300450570992323e-001	1.318256738556407e-001
6798	1.274087650652940e-001	1.288249551693134e-001
6830	1.254316478957219e-001	1.258925411794167e-001
6898	1.207365030087396e-001	1.230268770812382e-001
6922	1.197272002718951e-001	1.202264434617413e-001
6943	1.167854732088849e-001	1.174897554939529e-001
6949	1.119909148699133e-001	1.122018454301964e-001
6973	1.092571171351030e-001	1.096478196143185e-001
7026	1.068835947034886e-001	1.071519305237607e-001
7089	9.918438055336065e-002	1.000000000000000e-001
7117	9.593119401067329e-002	9.772372209558107e-002
7158	9.005813684819752e-002	9.120108393559097e-002
7173	8.420566824401354e-002	8.511380382023763e-002
7245	8.267629717148450e-002	8.317637711026708e-002
7259	7.774116214605376e-002	7.943282347242814e-002
7315	7.533900440923003e-002	7.585775750291836e-002
7341	6.590456272853729e-002	6.606934480075961e-002
7405	6.055174397812946e-002	6.165950018614822e-002
7425	6.011346728689782e-002	6.025595860743578e-002
7430	5.863260738736298e-002	5.888436553555890e-002
7507	5.673790830152714e-002	5.754399373371569e-002
7553	5.596035904139052e-002	5.623413251903491e-002
7618	5.362518349372469e-002	5.370317963702527e-002
7749	5.204446075091362e-002	5.248074602497726e-002
7779	5.126422229789795e-002	5.128613839913648e-002
7787	4.705641537306682e-002	4.786300923226383e-002
7811	4.665519312684074e-002	4.677351412871982e-002
7947	4.553313408134230e-002	4.570881896148749e-002
7970	4.347749866612671e-002	4.365158322401658e-002
8097	4.143676367943638e-002	4.168693834703355e-002
8141	4.065674236491323e-002	4.073802778041128e-002
8247	3.975626793750076e-002	3.981071705534973e-002
8314	3.656554309784388e-002	3.715352290971726e-002
8316	3.624371909020796e-002	3.630780547701014e-002
8421	3.527106530883106e-002	3.548133892335755e-002
8424	3.373755600666217e-002	3.388441561392026e-002
8506	3.310061761339289e-002	3.311311214825911e-002
8643	3.129842623387069e-002	3.162277660168379e-002
8751	3.030163196821567e-002	3.090295432513590e-002
8783	3.008027355162679e-002	3.019951720402016e-002
8864	2.477610570392075e-002	2.511886431509579e-002
8892	2.407660964428438e-002	2.454708915685030e-002
8948	2.394143030664786e-002	2.398832919019490e-002
9097	2.325835081261418e-002	2.344228815319923e-002
9158	2.061396483903855e-002	2.089296130854040e-002
9206	2.040078272050960e-002	2.041737944669530e-002
9264	1.992798603835144e-002	1.995262314968880e-002
9310	1.948689273173809e-002	1.949844599758046e-002
9327	1.779661162028912e-002	1.819700858609984e-002
9333	1.777648263963683e-002	1.778279410038923e-002
9370	1.699316597892686e-002	1.737800828749376e-002
9410	1.692341345926363e-002	1.698243652461744e-002
9560	1.659340273355303e-002	1.659586907437561e-002
9863	1.621685389725203e-002	1.621810097358930e-002
10124	1.583253744420332e-002	1.584893192461113e-002
10488	1.381649956153686e-002	1.412537544622754e-002
10502	1.380325818402706e-002	1.380384264602885e-002
10872	1.348035645408496e-002	1.348962882591653e-002
11049	1.318242245459200e-002	1.318256738556408e-002
11239	1.280715823984013e-002	1.288249551693134e-002
11733	1.258864277599237e-002	1.258925411794168e-002
13802	1.229809994796427e-002	1.230268770812382e-002
2000001	1.205114766235904e-002	1.230268770812382e-002
%
% index = 2479, name = bbob_f008_i21_d20__bbob_f008_i22_d20
% instance = 10, reference value = 9.936364320011351e-001
% function evaluation | indicator value | target hit
1	1.523869711783951e+006	1.548816618912483e+006
2	2.976739962006919e+005	3.019951720402019e+005
6	1.903325378103954e+005	1.905460717963248e+005
21	1.702344887701929e+005	1.737800828749376e+005
24	1.395399642701122e+005	1.412537544622755e+005
56	1.369681546746405e+005	1.380384264602884e+005
96	1.125721898276723e+005	1.148153621496882e+005
160	1.056896262795882e+005	1.071519305237607e+005
291	1.043656680535749e+005	1.047128548050899e+005
417	8.606404628103021e+004	8.709635899560814e+004
455	3.286898710578214e+004	3.311311214825908e+004
613	2.872116295641094e+004	2.884031503126606e+004
675	2.597358932446716e+004	2.630267991895381e+004
777	2.500898158707762e+004	2.511886431509582e+004
812	1.892146888410424e+004	1.905460717963248e+004
833	1.813061000813040e+004	1.819700858609983e+004
902	1.647415361057451e+004	1.659586907437560e+004
1162	1.323280545765062e+004	1.348962882591653e+004
1211	1.123411246637003e+004	1.148153621496882e+004
1326	7.445250978911127e+003	7.585775750291836e+003
1327	6.757525551424075e+003	6.760829753919819e+003
1361	5.556748671071321e+003	5.623413251903491e+003
1363	5.461626846484405e+003	5.495408738576249e+003
1384	5.253926638389675e+003	5.370317963702527e+003
1443	5.111184902464423e+003	5.128613839913648e+003
1503	3.130846176512378e+003	3.162277660168380e+003
1716	3.041538249265928e+003	3.090295432513592e+003
1743	2.654026745532776e+003	2.691534803926917e+003
1778	2.263898657315353e+003	2.290867652767772e+003
1897	8.060184162226634e+002	8.128305161640996e+002
2163	7.726358132139112e+002	7.762471166286920e+002
2322	7.258692865479453e+002	7.413102413009177e+002
2384	6.635070381901594e+002	6.760829753919819e+002
2435	5.313299173782759e+002	5.370317963702527e+002
2582	3.603854432130551e+002	3.630780547701014e+002
2726	2.512590444432724e+002	2.570395782768865e+002
2871	2.389132624453631e+002	2.398832919019490e+002
2924	2.005974365369288e+002	2.041737944669530e+002
2941	1.107756803410653e+002	1.122018454301963e+002
3436	9.609220998533864e+001	9.772372209558107e+001
3470	2.934712722397163e+001	2.951209226666386e+001
3583	2.831454743779223e+001	2.884031503126606e+001
3860	2.783238057037164e+001	2.818382931264453e+001
3862	2.673405566198084e+001	2.691534803926916e+001
3918	2.409172487371615e+001	2.454708915685030e+001
3986	2.162292292511559e+001	2.187761623949553e+001
3994	1.221729471042425e+001	1.230268770812382e+001
4003	1.194503484761003e+001	1.202264434617413e+001
4203	8.830648735428312e+000	8.912509381337454e+000
4385	7.690620583780536e+000	7.762471166286917e+000
4439	6.316342478046655e+000	6.456542290346556e+000
4555	4.956110802025984e+000	5.011872336272722e+000
4661	3.778545822387559e+000	3.801893963205612e+000
4757	3.708977958306685e+000	3.715352290971725e+000
4866	1.216234477448635e+000	1.230268770812382e+000
5474	9.570296952798714e-001	9.772372209558107e-001
5599	9.492170998772174e-001	9.549925860214360e-001
5611	9.302898443232562e-001	9.332543007969910e-001
5662	8.368102956238639e-001	8.511380382023764e-001
5715	8.253011517752696e-001	8.317637711026710e-001
5748	8.024022716280445e-001	8.128305161640993e-001
5764	7.726870830259723e-001	7.762471166286917e-001
5795	6.888763429691565e-001	6.918309709189364e-001
5841	6.658666856984844e-001	6.760829753919818e-001
5842	6.503803031305346e-001	6.606934480075960e-001
5867	6.280671922031507e-001	6.309573444801933e-001
5881	5.890599259217899e-001	6.025595860743578e-001
5904	5.681253115537279e-001	5.754399373371569e-001
5909	5.323816355289424e-001	5.370317963702527e-001
5933	5.012209411076773e-001	5.128613839913648e-001
5961	4.928602027256197e-001	5.011872336272722e-001
5997	4.862438447191687e-001	4.897788193684462e-001
6011	3.932980809698256e-001	3.981071705534973e-001
6135	3.523762994153770e-001	3.548133892335755e-001
6193	3.399153325631583e-001	3.467368504525316e-001
6206	3.266474843188439e-001	3.311311214825911e-001
6259	2.758834821437349e-001	2.818382931264454e-001
6307	2.751628284163701e-001	2.754228703338166e-001
6349	2.614374713422933e-001	2.630267991895382e-001
6448	2.503512778336592e-001	2.511886431509580e-001
6513	2.454568246358369e-001	2.454708915685031e-001
6541	2.389983634102892e-001	2.398832919019490e-001
6542	1.917017894964236e-001	1.949844599758046e-001
6551	1.877963521190105e-001	1.905460717963247e-001
6649	1.858515632606251e-001	1.862087136662868e-001
6712	1.813052249800643e-001	1.819700858609984e-001
6734	1.728863441721059e-001	1.737800828749375e-001
6748	1.621182398680582e-001	1.621810097358930e-001
6770	1.536107376228221e-001	1.548816618912481e-001
6791	1.486405885983990e-001	1.513561248436208e-001
6799	1.410281946836189e-001	1.412537544622755e-001
6819	1.346555022976772e-001	1.348962882591654e-001
6878	1.305206719749839e-001	1.318256738556407e-001
6906	1.278428147985452e-001	1.288249551693134e-001
6910	1.134266821220566e-001	1.148153621496883e-001
6921	1.036424594264122e-001	1.047128548050900e-001
6966	1.022468859231362e-001	1.023292992280754e-001
7014	9.998401845505622e-002	1.000000000000000e-001
7061	9.754283837674049e-002	9.772372209558107e-002
7063	8.290829856209925e-002	8.317637711026708e-002
7157	8.114513304511428e-002	8.128305161640990e-002
7259	7.925915250182858e-002	7.943282347242814e-002
7343	7.750474878819624e-002	7.762471166286916e-002
7378	7.260715921959260e-002	7.413102413009177e-002
7508	7.243165093846504e-002	7.244359600749903e-002
7556	7.074006701249691e-002	7.079457843841380e-002
7571	6.748057701082100e-002	6.760829753919818e-002
7585	6.427979194363698e-002	6.456542290346556e-002
7619	6.027527798709531e-002	6.165950018614822e-002
7623	5.455870506319216e-002	5.495408738576246e-002
7805	5.345759443332998e-002	5.370317963702527e-002
7881	5.244463251143694e-002	5.248074602497726e-002
7985	5.027267015837911e-002	5.128613839913648e-002
7989	4.993600435640155e-002	5.011872336272722e-002
8030	4.629774707086143e-002	4.677351412871982e-002
8072	4.181741722583565e-002	4.265795188015926e-002
8112	4.166078338125856e-002	4.168693834703355e-002
8250	4.062055908632589e-002	4.073802778041128e-002
8260	3.940162327689889e-002	3.981071705534973e-002
8287	3.838277020880943e-002	3.890451449942807e-002
8337	3.798862541311499e-002	3.801893963205612e-002
8370	3.687812004794189e-002	3.715352290971726e-002
8387	3.630185791640728e-002	3.630780547701014e-002
8484	3.536757843501237e-002	3.548133892335755e-002
8701	3.455247780481430e-002	3.467368504525317e-002
8745	3.271774023760721e-002	3.311311214825911e-002
8759	3.135077814024012e-002	3.162277660168379e-002
8773	3.061988663326454e-002	3.090295432513590e-002
8793	2.808821747857970e-002	2.818382931264454e-002
8797	2.744972993612371e-002	2.754228703338166e-002
8893	2.660104247811357e-002	2.691534803926915e-002
8943	2.625102205910601e-002	2.630267991895382e-002
9062	2.258008752152396e-002	2.290867652767774e-002
9090	2.143346940673019e-002	2.187761623949553e-002
9119	2.137882066731733e-002	2.137962089502233e-002
9265	2.081968252216726e-002	2.089296130854040e-002
9290	2.040048395881311e-002	2.041737944669530e-002
9525	1.984545533932303e-002	1.995262314968880e-002
9719	1.791587303035591e-002	1.819700858609984e-002
9735	1.776831034618831e-002	1.778279410038923e-002
9884	1.689267427180496e-002	1.698243652461744e-002
9986	1.557673262734594e-002	1.584893192461113e-002
10006	1.506924431614176e-002	1.513561248436208e-002
10088	1.415559058555960e-002	1.445439770745927e-002
10123	1.412000088875998e-002	1.412537544622754e-002
10218	1.309630662639227e-002	1.318256738556408e-002
10338	1.288224163613783e-002	1.288249551693134e-002
10828	1.257174190939292e-002	1.258925411794168e-002
10932	1.118228032074453e-002	1.122018454301964e-002
11103	1.067749801619911e-002	1.071519305237607e-002
11159	1.025727341505178e-002	1.047128548050900e-002
11185	1.020511165161764e-002	1.023292992280754e-002
11410	9.100906714773482e-003	9.120108393559097e-003
11492	8.149753787401015e-003	8.317637711026709e-003
11533	8.127660037980267e-003	8.128305161640995e-003
12978	7.942832790472476e-003	7.943282347242814e-003
1350977	7.762074239232808e-003	7.762471166286920e-003
2000001	7.735891095993597e-003	7.762471166286920e-003
