%
% index = 1890, name = bbob_f006_i02_d10__bbob_f017_i04_d10
% instance = 1, reference value = 9.868142157200810e-001
% function evaluation | indicator value | target hit
1	6.363792573423080e+007	6.456542290346550e+007
2	4.733230220346106e+006	4.786300923226381e+006
6	3.132413969198081e+003	3.162277660168380e+003
160	2.925745907423243e+003	2.951209226666387e+003
237	2.273072240928180e+003	2.290867652767772e+003
591	1.045333558182981e+003	1.047128548050900e+003
658	8.519109031955964e+002	8.709635899560806e+002
692	6.381428592952603e+002	6.456542290346556e+002
1432	2.229738684151879e+002	2.238721138568340e+002
1953	1.516946744604022e+002	1.548816618912481e+002
2239	1.411040082285163e+002	1.412537544622754e+002
2265	5.868832170347363e+001	5.888436553555890e+001
2307	5.732429533339845e+001	5.754399373371570e+001
2323	3.760134740285171e+001	3.801893963205612e+001
2575	2.006265070938958e+001	2.041737944669530e+001
2597	1.987130517899973e+001	1.995262314968880e+001
2656	1.782093723452676e+001	1.819700858609983e+001
2737	1.654376537192651e+001	1.659586907437561e+001
2800	1.576046667452875e+001	1.584893192461113e+001
2873	1.176077391838821e+001	1.202264434617413e+001
3021	1.128183611319560e+001	1.148153621496883e+001
3185	4.209454026202581e+000	4.265795188015927e+000
3352	2.626839936700311e+000	2.630267991895382e+000
3619	1.512585960235581e+000	1.513561248436208e+000
3654	1.311940327351528e+000	1.318256738556407e+000
3661	1.137485986157581e+000	1.148153621496883e+000
3685	1.085661321369119e+000	1.096478196143185e+000
3902	1.044359655197581e+000	1.047128548050900e+000
3978	8.850382986331226e-001	8.912509381337456e-001
4217	8.702735471283980e-001	8.709635899560806e-001
4366	8.032118151973370e-001	8.128305161640993e-001
4369	6.917759127670002e-001	6.918309709189364e-001
4551	6.621624322191304e-001	6.760829753919818e-001
4552	5.562235769549189e-001	5.623413251903491e-001
4566	5.426553368791358e-001	5.495408738576245e-001
4570	5.109829190746260e-001	5.128613839913648e-001
4576	4.894641711520315e-001	4.897788193684462e-001
4793	4.719559988093499e-001	4.786300923226383e-001
4823	4.623698457976108e-001	4.677351412871982e-001
4871	4.222089276559085e-001	4.265795188015927e-001
4899	4.161770343979766e-001	4.168693834703354e-001
4995	3.910039476741030e-001	3.981071705534973e-001
5048	3.838000218013351e-001	3.890451449942806e-001
5085	3.680042708372818e-001	3.715352290971726e-001
5108	3.569014856174411e-001	3.630780547701014e-001
5129	3.502492037863131e-001	3.548133892335755e-001
5248	3.387290473391675e-001	3.388441561392026e-001
5278	2.683475581049493e-001	2.691534803926916e-001
5481	2.620191679222734e-001	2.630267991895382e-001
5593	2.378553271234301e-001	2.398832919019490e-001
5606	2.327969163510748e-001	2.344228815319922e-001
5807	2.268119383502388e-001	2.290867652767773e-001
5903	2.216196689138069e-001	2.238721138568340e-001
6149	2.180000049462734e-001	2.187761623949552e-001
6236	1.891497236057446e-001	1.905460717963247e-001
6537	1.852885912107198e-001	1.862087136662868e-001
6637	1.795774585121903e-001	1.819700858609984e-001
6642	1.681850370243836e-001	1.698243652461744e-001
7018	1.645618874335505e-001	1.659586907437561e-001
7104	1.616718612975588e-001	1.621810097358930e-001
7294	1.552027257081854e-001	1.584893192461113e-001
7421	1.546452530254611e-001	1.548816618912481e-001
7481	1.499695393966549e-001	1.513561248436208e-001
7669	1.471792675905498e-001	1.479108388168208e-001
7875	1.428564105319375e-001	1.445439770745928e-001
8216	1.408828360041707e-001	1.412537544622755e-001
8662	1.371133832839750e-001	1.380384264602885e-001
9024	1.340514511955898e-001	1.348962882591654e-001
9413	1.306801098642514e-001	1.318256738556407e-001
9517	1.284263995662220e-001	1.288249551693134e-001
9808	1.255248547927064e-001	1.258925411794167e-001
10059	1.220994211544662e-001	1.230268770812382e-001
10384	1.201122393321126e-001	1.202264434617413e-001
10769	1.163076557189124e-001	1.174897554939529e-001
11338	1.139298770952315e-001	1.148153621496883e-001
12048	1.069482268676664e-001	1.071519305237607e-001
12641	1.045044136999123e-001	1.047128548050900e-001
13089	1.014434274621920e-001	1.023292992280754e-001
13446	9.939858216637953e-002	1.000000000000000e-001
13651	9.765436964404040e-002	9.772372209558107e-002
15425	9.496241325421073e-002	9.549925860214359e-002
16709	9.299499494417662e-002	9.332543007969910e-002
17062	8.921710179864162e-002	9.120108393559097e-002
17593	8.748776038681549e-002	8.912509381337455e-002
17832	8.684302062265248e-002	8.709635899560805e-002
19359	8.502266715879703e-002	8.511380382023763e-002
21502	8.281120635063499e-002	8.317637711026708e-002
22393	8.091432207118054e-002	8.128305161640990e-002
25665	7.942343203364144e-002	7.943282347242814e-002
26053	7.713618180791426e-002	7.762471166286916e-002
26409	7.579483177309121e-002	7.585775750291836e-002
26697	7.393324435176685e-002	7.413102413009177e-002
27266	6.979822117224133e-002	7.079457843841380e-002
27621	6.610527755044149e-002	6.760829753919818e-002
27998	6.596496262350671e-002	6.606934480075961e-002
29828	6.439433532410110e-002	6.456542290346556e-002
33265	6.268770317522121e-002	6.309573444801933e-002
34201	5.787516080546273e-002	5.888436553555890e-002
35616	5.752205556103207e-002	5.754399373371569e-002
36586	5.622891139810404e-002	5.623413251903491e-002
42211	5.492448498575309e-002	5.495408738576246e-002
45459	5.356526207778334e-002	5.370317963702527e-002
49642	5.245061250815841e-002	5.248074602497726e-002
55781	5.038282552112361e-002	5.128613839913648e-002
58462	5.009108091675230e-002	5.011872336272722e-002
62458	4.878203679781201e-002	4.897788193684461e-002
65163	4.777609475679667e-002	4.786300923226383e-002
73853	4.674099813735233e-002	4.677351412871982e-002
79488	4.568308602030791e-002	4.570881896148749e-002
92760	4.460735604597976e-002	4.466835921509630e-002
104382	4.331146121206064e-002	4.365158322401658e-002
107434	4.228632481671668e-002	4.265795188015926e-002
116398	4.163248883873805e-002	4.168693834703355e-002
128497	4.030310617067978e-002	4.073802778041128e-002
132236	3.980947486156328e-002	3.981071705534973e-002
143063	3.870817049148423e-002	3.890451449942807e-002
152499	3.800670123006111e-002	3.801893963205612e-002
169248	3.642749043903160e-002	3.715352290971726e-002
169646	3.629841697560665e-002	3.630780547701014e-002
180635	3.548054216521668e-002	3.548133892335755e-002
195675	3.462818176506066e-002	3.467368504525317e-002
207692	3.307346095096175e-002	3.311311214825911e-002
224044	3.235747098147612e-002	3.235936569296283e-002
229933	3.083902461437615e-002	3.090295432513590e-002
263861	3.018731236909966e-002	3.019951720402016e-002
440819	2.951127250266661e-002	2.951209226666385e-002
1000001	2.913751936386566e-002	2.951209226666385e-002
%
% index = 1891, name = bbob_f006_i03_d10__bbob_f017_i05_d10
% instance = 2, reference value = 9.726754846102560e-001
% function evaluation | indicator value | target hit
1	5.649720825459711e+011	5.754399373371566e+011
2	1.256895600581401e+004	1.258925411794166e+004
9	8.207559462823227e+003	8.317637711026709e+003
24	6.931228636123269e+003	7.079457843841380e+003
101	6.465403445735538e+003	6.606934480075958e+003
202	4.958579833990915e+003	5.011872336272725e+003
326	4.284032049009231e+003	4.365158322401661e+003
474	3.068657543130264e+003	3.090295432513592e+003
484	2.779909323297738e+003	2.818382931264455e+003
793	2.571347886377975e+003	2.630267991895381e+003
971	1.641797069337809e+003	1.659586907437561e+003
998	4.334685391607392e+002	4.365158322401661e+002
1257	2.028155066873125e+002	2.041737944669530e+002
1848	1.366475178081133e+002	1.380384264602885e+002
1945	1.083906115477083e+002	1.096478196143185e+002
2067	1.067394050838031e+002	1.071519305237606e+002
2280	1.002828824605077e+002	1.023292992280754e+002
2347	9.640242836419522e+001	9.772372209558107e+001
2361	6.678181368536875e+001	6.760829753919819e+001
2362	4.399519568566576e+001	4.466835921509630e+001
2554	2.781733690997067e+001	2.818382931264453e+001
2705	9.767828346609875e+000	9.772372209558107e+000
2796	3.113296722499481e+000	3.162277660168379e+000
3281	2.187060812254920e+000	2.187761623949553e+000
3465	1.595939590063756e+000	1.621810097358930e+000
3644	9.312797548593639e-001	9.332543007969910e-001
3960	8.829932665286779e-001	8.912509381337456e-001
4019	8.362281784454092e-001	8.511380382023764e-001
4078	8.108915380218468e-001	8.128305161640993e-001
4158	7.828911524774191e-001	7.943282347242815e-001
4210	7.470830679358296e-001	7.585775750291838e-001
4311	7.134091554032329e-001	7.244359600749900e-001
4372	6.983628415280146e-001	7.079457843841379e-001
4397	6.813543160137832e-001	6.918309709189364e-001
4433	4.710641635966261e-001	4.786300923226383e-001
4514	4.671323388918318e-001	4.677351412871982e-001
4520	4.498695608652370e-001	4.570881896148750e-001
4577	4.454613317576470e-001	4.466835921509632e-001
4617	4.348285354737693e-001	4.365158322401660e-001
4620	4.235418322456417e-001	4.265795188015927e-001
4626	4.119818773028655e-001	4.168693834703354e-001
4659	4.058464398001392e-001	4.073802778041127e-001
4708	3.696294592903061e-001	3.715352290971726e-001
4759	3.616501085656394e-001	3.630780547701014e-001
4809	3.487641697449024e-001	3.548133892335755e-001
4864	3.466202462116597e-001	3.467368504525316e-001
5247	3.339615375339367e-001	3.388441561392026e-001
5297	3.290651715499556e-001	3.311311214825911e-001
5380	2.784788593859872e-001	2.818382931264454e-001
5530	2.735851719196935e-001	2.754228703338166e-001
5605	2.326598564524635e-001	2.344228815319922e-001
5855	2.182063247460310e-001	2.187761623949552e-001
6753	1.789283002325776e-001	1.819700858609984e-001
7000	1.774710557216929e-001	1.778279410038923e-001
7878	1.652320520285515e-001	1.659586907437561e-001
8189	1.477173441053720e-001	1.479108388168208e-001
9820	1.431663634242134e-001	1.445439770745928e-001
10236	1.373847501018972e-001	1.380384264602885e-001
10368	1.333387109886428e-001	1.348962882591654e-001
11666	1.250099747693455e-001	1.258925411794167e-001
12382	1.228297094245278e-001	1.230268770812382e-001
13264	1.104883058677515e-001	1.122018454301964e-001
13504	1.087133279142050e-001	1.096478196143185e-001
16071	1.069826176648876e-001	1.071519305237607e-001
18728	1.026434699309854e-001	1.047128548050900e-001
20217	1.022562218246532e-001	1.023292992280754e-001
25113	9.999867099977422e-002	1.000000000000000e-001
29159	9.566840449608316e-002	9.772372209558107e-002
29984	9.543887956387376e-002	9.549925860214359e-002
40171	9.332510498893920e-002	9.332543007969910e-002
45093	8.765200997811118e-002	8.912509381337455e-002
47916	8.707345748868822e-002	8.709635899560805e-002
79564	8.337605540346826e-002	8.511380382023763e-002
80875	8.243077223955231e-002	8.317637711026708e-002
100317	8.128082914435197e-002	8.128305161640990e-002
102398	7.915104948479301e-002	7.943282347242814e-002
1000001	7.871945761959276e-002	7.943282347242814e-002
%
% index = 1892, name = bbob_f006_i07_d10__bbob_f017_i08_d10
% instance = 3, reference value = 9.882278003296680e-001
% function evaluation | indicator value | target hit
1	1.270717820223073e+008	1.288249551693132e+008
2	2.792474626738435e+006	2.818382931264455e+006
4	2.499114393132622e+005	2.511886431509582e+005
5	2.005077208913662e+004	2.041737944669528e+004
6	2.771942480894636e+003	2.818382931264455e+003
237	2.062586417385534e+003	2.089296130854039e+003
411	9.516481319599996e+002	9.549925860214360e+002
648	9.074246594485705e+002	9.120108393559096e+002
741	5.984388899357509e+002	6.025595860743575e+002
848	5.700452829698289e+002	5.754399373371566e+002
855	4.542612302399185e+002	4.570881896148752e+002
1010	4.019898127738030e+002	4.073802778041126e+002
1012	3.448823972535576e+002	3.467368504525317e+002
1237	2.665195003082820e+002	2.691534803926917e+002
1286	1.100701653078721e+002	1.122018454301963e+002
1758	9.488519035546420e+001	9.549925860214358e+001
1816	8.638399520723567e+001	8.709635899560806e+001
1941	7.668469002045516e+001	7.762471166286916e+001
2177	7.094838839599149e+001	7.244359600749903e+001
2199	6.669138172965894e+001	6.760829753919819e+001
2298	2.720427506936717e+001	2.754228703338166e+001
2585	1.472735721266417e+001	1.479108388168207e+001
2819	1.385963140450017e+001	1.412537544622754e+001
2855	1.805828422454168e+000	1.819700858609983e+000
2982	1.415298631144668e+000	1.445439770745927e+000
3022	1.208931140991668e+000	1.230268770812382e+000
3090	1.104287966552168e+000	1.122018454301963e+000
3186	8.984007221206999e-001	9.120108393559098e-001
3273	8.128263447888899e-001	8.128305161640993e-001
3577	6.821856458505635e-001	6.918309709189364e-001
3593	6.488021363110792e-001	6.606934480075960e-001
3606	5.543554603250651e-001	5.623413251903491e-001
3710	5.494603824560618e-001	5.495408738576245e-001
3805	5.334375845604916e-001	5.370317963702527e-001
3852	5.204105667055952e-001	5.248074602497725e-001
3916	4.808540368569774e-001	4.897788193684462e-001
3971	4.762021434946592e-001	4.786300923226383e-001
3974	4.584715788548676e-001	4.677351412871982e-001
4000	4.564295861895105e-001	4.570881896148750e-001
4012	4.242899520155034e-001	4.265795188015927e-001
4031	3.909624343293972e-001	3.981071705534973e-001
4133	3.618832894050089e-001	3.630780547701014e-001
4397	3.401354860763616e-001	3.467368504525316e-001
4447	2.938875483784580e-001	2.951209226666385e-001
4449	2.869838029180315e-001	2.884031503126606e-001
4612	2.313022879521905e-001	2.344228815319922e-001
4626	2.234916942767702e-001	2.238721138568340e-001
4673	2.162945718383857e-001	2.187761623949552e-001
4869	1.835858280297807e-001	1.862087136662868e-001
5112	1.734057023659843e-001	1.737800828749375e-001
5134	1.654175062011544e-001	1.659586907437561e-001
5254	1.610814550421040e-001	1.621810097358930e-001
5309	1.578951804714541e-001	1.584893192461113e-001
5413	1.422460402462765e-001	1.445439770745928e-001
5768	1.393616526228639e-001	1.412537544622755e-001
6746	1.277987412405961e-001	1.288249551693134e-001
6752	1.220718596898948e-001	1.230268770812382e-001
7421	9.997840825315552e-002	1.000000000000000e-001
9822	8.643187212396608e-002	8.709635899560805e-002
10693	8.189732851677090e-002	8.317637711026708e-002
11124	7.977728459485856e-002	8.128305161640990e-002
12416	7.846981075974491e-002	7.943282347242814e-002
14632	7.561847907475428e-002	7.585775750291836e-002
15352	7.064208518618087e-002	7.079457843841380e-002
15604	6.894352935006209e-002	6.918309709189366e-002
16379	6.752203762435227e-002	6.760829753919818e-002
27797	6.545396802870473e-002	6.606934480075961e-002
30615	6.408351864554251e-002	6.456542290346556e-002
32545	6.232829879996815e-002	6.309573444801933e-002
54774	5.743745721629334e-002	5.754399373371569e-002
56892	5.462648006008197e-002	5.495408738576246e-002
62866	5.309632359985617e-002	5.370317963702527e-002
74615	5.120029974373952e-002	5.128613839913648e-002
100924	4.770926436715806e-002	4.786300923226383e-002
181235	4.647422092275377e-002	4.677351412871982e-002
1000001	4.615441245824359e-002	4.677351412871982e-002
%
% index = 1893, name = bbob_f006_i09_d10__bbob_f017_i10_d10
% instance = 4, reference value = 9.729091385352330e-001
% function evaluation | indicator value | target hit
1	1.028223321730218e+009	1.047128548050899e+009
2	1.222339729767070e+006	1.230268770812381e+006
4	8.477956141045370e+003	8.511380382023768e+003
6	4.753795872815372e+003	4.786300923226385e+003
10	3.248677178573506e+003	3.311311214825911e+003
353	2.935229622355322e+003	2.951209226666387e+003
377	1.852679958772526e+003	1.862087136662868e+003
690	1.466556406631599e+003	1.479108388168207e+003
1179	1.325026622709032e+003	1.348962882591653e+003
1239	1.191139995555322e+003	1.202264434617413e+003
1279	7.596801340502021e+002	7.762471166286920e+002
1285	5.752428027941489e+002	5.754399373371566e+002
1912	3.831572591058640e+002	3.890451449942805e+002
1938	2.065690502704908e+002	2.089296130854039e+002
1942	1.609033852813194e+002	1.621810097358930e+002
2200	1.082171144402756e+002	1.096478196143185e+002
2448	1.047036498118907e+002	1.047128548050900e+002
2460	8.068245956819970e+001	8.128305161640991e+001
2503	6.031630703351355e+001	6.165950018614822e+001
2835	4.253066392197628e+001	4.265795188015925e+001
3013	2.886367158708023e+001	2.951209226666386e+001
3020	2.169290193304573e+001	2.187761623949553e+001
3377	2.126962947835523e+001	2.137962089502232e+001
3496	1.071301972164920e+001	1.071519305237607e+001
3539	9.814594679524733e+000	1.000000000000000e+001
3706	7.099658611350233e+000	7.244359600749901e+000
3709	4.115304543046733e+000	4.168693834703354e+000
4095	3.835060373196233e+000	3.890451449942806e+000
4149	3.146643560449733e+000	3.162277660168379e+000
4237	1.819463386778233e+000	1.819700858609983e+000
4257	1.011730392683233e+000	1.023292992280754e+000
4367	7.776365889886203e-001	7.943282347242815e-001
4407	7.701227746252963e-001	7.762471166286917e-001
4471	7.058371624382878e-001	7.079457843841379e-001
4496	5.120317825638759e-001	5.128613839913648e-001
4572	4.556098101813254e-001	4.570881896148750e-001
4694	4.426402773722676e-001	4.466835921509632e-001
4721	4.346884751354802e-001	4.365158322401660e-001
4783	3.876214194747036e-001	3.890451449942806e-001
4845	3.737483197951141e-001	3.801893963205612e-001
5049	2.988677872678928e-001	3.019951720402016e-001
5122	2.867704642363650e-001	2.884031503126606e-001
5208	2.800203615051836e-001	2.818382931264454e-001
5349	2.728365544403105e-001	2.754228703338166e-001
5386	2.364304193426502e-001	2.398832919019490e-001
5422	2.321012089454396e-001	2.344228815319922e-001
5482	2.288996961746369e-001	2.290867652767773e-001
5575	1.975676429365773e-001	1.995262314968880e-001
5661	1.920717928404850e-001	1.949844599758046e-001
5677	1.900272051943405e-001	1.905460717963247e-001
5732	1.823746053333062e-001	1.862087136662868e-001
5789	1.790508648810379e-001	1.819700858609984e-001
5874	1.771424632345414e-001	1.778279410038923e-001
6117	1.717873151940728e-001	1.737800828749375e-001
6313	1.559899203793560e-001	1.584893192461113e-001
6455	1.539712079641215e-001	1.548816618912481e-001
6881	1.451228166108299e-001	1.479108388168208e-001
7207	1.439357117625105e-001	1.445439770745928e-001
7350	1.398957669528096e-001	1.412537544622755e-001
7700	1.374760192948777e-001	1.380384264602885e-001
7841	1.205467651745985e-001	1.230268770812382e-001
7884	1.196976409469402e-001	1.202264434617413e-001
7952	1.126040726605192e-001	1.148153621496883e-001
8023	1.100783269551362e-001	1.122018454301964e-001
8345	1.095057095086003e-001	1.096478196143185e-001
8736	1.068630043887763e-001	1.071519305237607e-001
8904	9.517855891243343e-002	9.549925860214359e-002
9064	9.322482197684701e-002	9.332543007969910e-002
9934	9.097127421269458e-002	9.120108393559097e-002
10551	7.678316415487740e-002	7.762471166286916e-002
11096	7.571611323482719e-002	7.585775750291836e-002
11353	7.393488645910618e-002	7.413102413009177e-002
13771	7.232035829708849e-002	7.244359600749903e-002
14992	7.065743532269320e-002	7.079457843841380e-002
15911	6.720580644360796e-002	6.760829753919818e-002
17952	6.450525668732177e-002	6.456542290346556e-002
21291	6.306447684490124e-002	6.309573444801933e-002
26033	6.165949280820504e-002	6.165950018614822e-002
31266	6.019985722645860e-002	6.025595860743578e-002
38004	5.881944165241548e-002	5.888436553555890e-002
44344	5.723683033581040e-002	5.754399373371569e-002
63920	5.526222501975608e-002	5.623413251903491e-002
71323	5.462992291421243e-002	5.495408738576246e-002
77528	5.353538172317374e-002	5.370317963702527e-002
90120	5.247826978203607e-002	5.248074602497726e-002
129339	5.128599689873370e-002	5.128613839913648e-002
207855	5.011542406021552e-002	5.011872336272722e-002
1000001	4.990286584026660e-002	5.011872336272722e-002
%
% index = 1894, name = bbob_f006_i11_d10__bbob_f017_i12_d10
% instance = 5, reference value = 9.579958408022010e-001
% function evaluation | indicator value | target hit
1	3.765885769766688e+011	3.801893963205613e+011
2	2.658318542864410e+005	2.691534803926914e+005
7	1.236033141388727e+004	1.258925411794166e+004
17	9.727810781585025e+003	9.772372209558111e+003
37	3.683249936444386e+003	3.715352290971724e+003
76	3.374324452474201e+003	3.388441561392024e+003
98	2.957715222441681e+003	3.019951720402016e+003
167	1.852336263259897e+003	1.862087136662868e+003
237	7.019626375432206e+002	7.079457843841381e+002
737	4.265627382574574e+002	4.265795188015925e+002
1154	2.880495455305967e+002	2.884031503126606e+002
1246	2.433121741066557e+002	2.454708915685031e+002
1401	9.894485289351374e+001	1.000000000000000e+002
1822	4.346448732678991e+001	4.365158322401658e+001
2135	3.653522641071195e+001	3.715352290971726e+001
2359	2.133984299478367e+001	2.137962089502232e+001
2532	1.848659594803020e+001	1.862087136662868e+001
2598	1.618344942972818e+001	1.621810097358930e+001
2830	1.431942095408370e+001	1.445439770745927e+001
2944	5.983413760556201e+000	6.025595860743578e+000
3193	2.172071249080201e+000	2.187761623949553e+000
3239	1.425320377550201e+000	1.445439770745927e+000
3288	7.583805073875514e-001	7.585775750291838e-001
3381	5.619257366348971e-001	5.623413251903491e-001
3450	4.671772801896748e-001	4.677351412871982e-001
3527	4.162502810428780e-001	4.168693834703354e-001
3588	3.536036617138152e-001	3.548133892335755e-001
3639	3.255654774298853e-001	3.311311214825911e-001
3671	2.864025502638227e-001	2.884031503126606e-001
3801	2.773691738338231e-001	2.818382931264454e-001
3824	2.739716386141446e-001	2.754228703338166e-001
3887	2.641205992257212e-001	2.691534803926916e-001
3921	2.531660452808064e-001	2.570395782768864e-001
3966	2.460029132232502e-001	2.511886431509580e-001
4025	2.422744505771488e-001	2.454708915685031e-001
4035	2.392762000935413e-001	2.398832919019490e-001
4078	2.293278372722850e-001	2.344228815319922e-001
4203	2.290321866491821e-001	2.290867652767773e-001
4241	2.183284924123271e-001	2.187761623949552e-001
4288	2.050732401478776e-001	2.089296130854039e-001
4404	1.854578500198538e-001	1.862087136662868e-001
4413	1.751822774624873e-001	1.778279410038923e-001
4460	1.708321027067072e-001	1.737800828749375e-001
4464	1.697943736978619e-001	1.698243652461744e-001
4698	1.659368437538304e-001	1.659586907437561e-001
4736	1.611839960411525e-001	1.621810097358930e-001
4794	1.527382305942533e-001	1.548816618912481e-001
4826	1.511772725662814e-001	1.513561248436208e-001
4903	1.461380864431634e-001	1.479108388168208e-001
4996	1.402517200575447e-001	1.412537544622755e-001
5008	1.376877526696980e-001	1.380384264602885e-001
5085	1.347457630986525e-001	1.348962882591654e-001
5219	1.291542550564896e-001	1.318256738556407e-001
5226	1.273826314114377e-001	1.288249551693134e-001
5299	1.255687179250483e-001	1.258925411794167e-001
5317	1.193010740899331e-001	1.202264434617413e-001
5379	1.169504923949664e-001	1.174897554939529e-001
5679	1.145914694678241e-001	1.148153621496883e-001
5713	1.121920940809714e-001	1.122018454301964e-001
6258	1.085473718704831e-001	1.096478196143185e-001
6780	1.071157749146995e-001	1.071519305237607e-001
7966	1.045838323876723e-001	1.047128548050900e-001
8118	1.002756599900053e-001	1.023292992280754e-001
8367	9.908093261517814e-002	1.000000000000000e-001
8641	9.565856840310594e-002	9.772372209558107e-002
8669	9.512823671825699e-002	9.549925860214359e-002
9441	9.328754966844755e-002	9.332543007969910e-002
10187	8.732707224955671e-002	8.912509381337455e-002
10384	8.561475528156270e-002	8.709635899560805e-002
10748	8.339599896974326e-002	8.511380382023763e-002
10938	8.230512300717063e-002	8.317637711026708e-002
11311	8.079937355862932e-002	8.128305161640990e-002
11673	7.918243081011422e-002	7.943282347242814e-002
13110	7.679738617368759e-002	7.762471166286916e-002
13625	7.566219879613456e-002	7.585775750291836e-002
14368	7.377129859409515e-002	7.413102413009177e-002
14752	7.197301024755154e-002	7.244359600749903e-002
16311	7.075498233380961e-002	7.079457843841380e-002
16977	6.878738025069875e-002	6.918309709189366e-002
17849	6.731771395320763e-002	6.760829753919818e-002
18142	6.543192379171625e-002	6.606934480075961e-002
19855	6.391108602507523e-002	6.456542290346556e-002
20292	6.303564523482186e-002	6.309573444801933e-002
21027	6.164633454778812e-002	6.165950018614822e-002
23675	6.014812899751387e-002	6.025595860743578e-002
25910	5.831441923725578e-002	5.888436553555890e-002
27546	5.682297918906210e-002	5.754399373371569e-002
28676	5.622209070834527e-002	5.623413251903491e-002
29055	5.481459528217070e-002	5.495408738576246e-002
31748	5.312082043872213e-002	5.370317963702527e-002
32742	5.247278091676233e-002	5.248074602497726e-002
38659	5.125132349853856e-002	5.128613839913648e-002
40522	4.995614056656783e-002	5.011872336272722e-002
41126	4.881230849195528e-002	4.897788193684461e-002
43927	4.779594960786260e-002	4.786300923226383e-002
48994	4.674759053928157e-002	4.677351412871982e-002
55446	4.549668561771136e-002	4.570881896148749e-002
60670	4.465704464678599e-002	4.466835921509630e-002
62181	4.364991445740662e-002	4.365158322401658e-002
65472	4.262873774962050e-002	4.265795188015926e-002
68672	4.168668603959469e-002	4.168693834703355e-002
72214	4.071259517104298e-002	4.073802778041128e-002
77504	3.980780274536844e-002	3.981071705534973e-002
97399	3.878161603566965e-002	3.890451449942807e-002
1000001	3.828669532074236e-002	3.890451449942807e-002
%
% index = 1895, name = bbob_f006_i13_d10__bbob_f017_i14_d10
% instance = 6, reference value = 9.624971010245270e-001
% function evaluation | indicator value | target hit
1	4.211472038636098e+012	4.265795188015934e+012
2	2.103603355985647e+004	2.137962089502232e+004
5	1.352767263068363e+004	1.380384264602884e+004
9	6.994156468974747e+003	7.079457843841380e+003
29	6.607976294070134e+003	6.760829753919819e+003
67	6.034225240419353e+003	6.165950018614823e+003
245	5.389612708062217e+003	5.495408738576249e+003
261	2.988328551228829e+003	3.019951720402016e+003
276	2.095410143643215e+003	2.137962089502233e+003
476	1.788044746845604e+003	1.819700858609983e+003
770	1.293754772495371e+003	1.318256738556408e+003
799	7.603626343699630e+002	7.762471166286920e+002
1095	3.234370099718748e+002	3.235936569296281e+002
1573	2.802615928415381e+002	2.818382931264455e+002
1838	2.594387828710174e+002	2.630267991895382e+002
1839	1.859001688095341e+002	1.862087136662867e+002
2074	1.653906887857081e+002	1.659586907437561e+002
2118	1.148268954479739e+002	1.174897554939529e+002
2155	1.132296831131703e+002	1.148153621496883e+002
2201	9.990614427392724e+001	1.000000000000000e+002
2219	9.492676317211425e+001	9.549925860214358e+001
2379	2.931649643767278e+001	2.951209226666386e+001
2486	1.480056974382703e+001	1.513561248436208e+001
2558	3.172155425798527e+000	3.235936569296283e+000
3163	2.061928240321027e+000	2.089296130854040e+000
3581	1.555714588074527e+000	1.584893192461114e+000
3770	1.519580928258527e+000	1.548816618912481e+000
3793	1.483504778077027e+000	1.513561248436208e+000
3841	9.015398079728457e-001	9.120108393559098e-001
3860	7.716656595306872e-001	7.762471166286917e-001
3927	6.929829763898987e-001	7.079457843841379e-001
4037	6.819395179662580e-001	6.918309709189364e-001
4070	6.277977355302412e-001	6.309573444801933e-001
4184	6.136699438594886e-001	6.165950018614822e-001
4272	5.539982167136922e-001	5.623413251903491e-001
4329	5.235015156154242e-001	5.248074602497725e-001
4363	4.757527948114179e-001	4.786300923226383e-001
4489	4.566141848561640e-001	4.570881896148750e-001
4564	4.333608451366189e-001	4.365158322401660e-001
4576	3.819250515769247e-001	3.890451449942806e-001
4645	3.314188932188599e-001	3.388441561392026e-001
4662	3.263505025249003e-001	3.311311214825911e-001
4860	3.221032968398241e-001	3.235936569296283e-001
4990	3.040447935799092e-001	3.090295432513591e-001
5089	2.942000594926117e-001	2.951209226666385e-001
5218	2.871920399231084e-001	2.884031503126606e-001
5580	2.755575855248514e-001	2.818382931264454e-001
5629	2.738275254780028e-001	2.754228703338166e-001
6015	2.411616015585563e-001	2.454708915685031e-001
6312	2.334769189441452e-001	2.344228815319922e-001
6649	2.289707530821613e-001	2.290867652767773e-001
7007	2.099481953843038e-001	2.137962089502232e-001
7323	2.057809626372026e-001	2.089296130854039e-001
7404	2.032670199560173e-001	2.041737944669530e-001
8089	1.975827243326771e-001	1.995262314968880e-001
8379	1.880093377616953e-001	1.905460717963247e-001
8715	1.805182869154588e-001	1.819700858609984e-001
9330	1.766437275001511e-001	1.778279410038923e-001
11233	1.737469577109106e-001	1.737800828749375e-001
15113	1.472913524751567e-001	1.479108388168208e-001
17086	1.443238051130474e-001	1.445439770745928e-001
22469	1.411422275692886e-001	1.412537544622755e-001
23412	1.345509390910190e-001	1.348962882591654e-001
25014	1.300248666710396e-001	1.318256738556407e-001
30947	1.287639571266975e-001	1.288249551693134e-001
36945	1.257636850806209e-001	1.258925411794167e-001
42715	1.214413684744394e-001	1.230268770812382e-001
43002	1.191662698870643e-001	1.202264434617413e-001
48714	1.110123850679514e-001	1.122018454301964e-001
49695	1.095868636638662e-001	1.096478196143185e-001
74467	1.053537367289389e-001	1.071519305237607e-001
89792	1.047053410018634e-001	1.047128548050900e-001
1000001	1.028671427487412e-001	1.047128548050900e-001
%
% index = 1896, name = bbob_f006_i15_d10__bbob_f017_i16_d10
% instance = 7, reference value = 9.931261741582720e-001
% function evaluation | indicator value | target hit
1	1.236815301034304e+007	1.258925411794166e+007
6	8.140709042090861e+002	8.317637711026708e+002
96	4.757753554418319e+002	4.786300923226385e+002
146	3.863572583036270e+002	3.890451449942805e+002
186	3.606968443097621e+002	3.630780547701014e+002
531	3.534043916495231e+002	3.548133892335753e+002
680	3.353795044136197e+002	3.388441561392024e+002
723	3.072320095145476e+002	3.090295432513592e+002
838	1.460684815570207e+002	1.479108388168207e+002
1210	1.188459841035645e+002	1.202264434617413e+002
1264	1.000788465296475e+002	1.023292992280754e+002
1302	5.278149558219482e+001	5.370317963702527e+001
1797	3.294547498321835e+001	3.311311214825911e+001
2023	2.187345608816874e+001	2.187761623949553e+001
2142	1.690438728191557e+001	1.698243652461744e+001
2288	1.335730653656475e+001	1.348962882591653e+001
2405	9.341736041377155e+000	9.549925860214358e+000
2406	9.182615730624820e+000	9.332543007969910e+000
2549	7.849872625665078e+000	7.943282347242816e+000
2818	3.582941918132772e+000	3.630780547701014e+000
2882	2.980921827994772e+000	3.019951720402016e+000
3158	2.178357575579772e+000	2.187761623949553e+000
3238	1.338817524243272e+000	1.348962882591654e+000
3365	1.123475488475272e+000	1.148153621496883e+000
3384	6.837997012235637e-001	6.918309709189364e-001
3640	6.607620081137833e-001	6.760829753919818e-001
3746	6.401203116799845e-001	6.456542290346555e-001
3784	5.606486650006116e-001	5.623413251903491e-001
3785	5.199018511179963e-001	5.248074602497725e-001
3910	4.772711498793540e-001	4.786300923226383e-001
3932	3.063623365140713e-001	3.090295432513591e-001
3958	2.733794159938398e-001	2.754228703338166e-001
3959	2.618413755461226e-001	2.630267991895382e-001
3971	2.119276617576170e-001	2.137962089502232e-001
4027	2.012269850796171e-001	2.041737944669530e-001
4156	1.993660292625767e-001	1.995262314968880e-001
4162	1.852080242101446e-001	1.862087136662868e-001
4193	1.725764449714131e-001	1.737800828749375e-001
4221	1.353244518041405e-001	1.380384264602885e-001
4240	1.307362921714091e-001	1.318256738556407e-001
4260	1.255621616722129e-001	1.258925411794167e-001
4348	1.009387844832987e-001	1.023292992280754e-001
4450	9.800517943055831e-002	1.000000000000000e-001
4523	8.622557469201786e-002	8.709635899560805e-002
4539	7.831465692612816e-002	7.943282347242814e-002
4617	6.809924675070755e-002	6.918309709189366e-002
4765	6.760236450234824e-002	6.760829753919818e-002
4809	4.451944184409207e-002	4.466835921509630e-002
4850	4.288513924224147e-002	4.365158322401658e-002
4977	4.126705884413839e-002	4.168693834703355e-002
5119	4.064582175843323e-002	4.073802778041128e-002
5311	3.776148452448891e-002	3.801893963205612e-002
5314	3.608638466193692e-002	3.630780547701014e-002
5393	3.520684463362667e-002	3.548133892335755e-002
5423	3.452227891415061e-002	3.467368504525317e-002
5525	3.239981334234088e-002	3.311311214825911e-002
5556	3.195777631440855e-002	3.235936569296283e-002
5572	2.973627312545801e-002	3.019951720402016e-002
5718	2.946911752223147e-002	2.951209226666385e-002
5729	2.859818596865482e-002	2.884031503126606e-002
5769	2.816467577256265e-002	2.818382931264454e-002
5933	2.466356643665590e-002	2.511886431509579e-002
5968	2.443828438998741e-002	2.454708915685030e-002
6155	2.380799893458618e-002	2.398832919019490e-002
6565	2.338038031191059e-002	2.344228815319923e-002
6645	2.287665449418119e-002	2.290867652767774e-002
6761	2.078954279047807e-002	2.089296130854040e-002
7150	2.013060008411860e-002	2.041737944669530e-002
7201	1.992989939535961e-002	1.995262314968880e-002
7714	1.949517103512688e-002	1.949844599758046e-002
7776	1.879391771669192e-002	1.905460717963247e-002
8276	1.837249590090440e-002	1.862087136662868e-002
8434	1.816206656841046e-002	1.819700858609984e-002
9330	1.744154603175385e-002	1.778279410038923e-002
10229	1.712360394868207e-002	1.737800828749376e-002
10603	1.685137685235083e-002	1.698243652461744e-002
10625	1.610193603982935e-002	1.621810097358930e-002
11798	1.584402833124088e-002	1.584893192461113e-002
12348	1.514164406039598e-002	1.548816618912481e-002
12531	1.513159881690851e-002	1.513561248436208e-002
15428	1.477991888869124e-002	1.479108388168207e-002
16239	1.424038304485265e-002	1.445439770745927e-002
16405	1.403500178618500e-002	1.412537544622754e-002
17323	1.379157977042633e-002	1.380384264602885e-002
18088	1.342012705744888e-002	1.348962882591653e-002
18908	1.318025077219820e-002	1.318256738556408e-002
21072	1.284989581171059e-002	1.288249551693134e-002
23366	1.257702809799555e-002	1.258925411794168e-002
24355	1.206026609740096e-002	1.230268770812382e-002
25613	1.202097796317447e-002	1.202264434617413e-002
29245	1.171436428053829e-002	1.174897554939530e-002
31088	1.138238199503061e-002	1.148153621496883e-002
34131	1.121625747294497e-002	1.122018454301964e-002
44356	1.092383287210486e-002	1.096478196143185e-002
49584	1.069055967200094e-002	1.071519305237607e-002
52322	1.046879526897859e-002	1.047128548050900e-002
57118	1.023097190070077e-002	1.023292992280754e-002
63881	9.980149937873772e-003	1.000000000000000e-002
71565	9.747709075761613e-003	9.772372209558112e-003
82291	9.460807130668769e-003	9.549925860214359e-003
88201	9.330741115322172e-003	9.332543007969915e-003
97328	8.905682451942343e-003	8.912509381337459e-003
108077	8.697610483565876e-003	8.709635899560805e-003
128093	8.502017839706610e-003	8.511380382023768e-003
150324	8.317630767469386e-003	8.317637711026709e-003
1000001	8.206061852824020e-003	8.317637711026709e-003
%
% index = 1897, name = bbob_f006_i17_d10__bbob_f017_i18_d10
% instance = 8, reference value = 9.653101171519570e-001
% function evaluation | indicator value | target hit
1	5.542002260148411e+010	5.623413251903490e+010
2	2.100558373406017e+008	2.137962089502232e+008
3	7.206449410390988e+004	7.244359600749906e+004
5	2.087896793397021e+004	2.089296130854041e+004
6	5.592670809627526e+003	5.623413251903491e+003
160	4.407457524163396e+003	4.466835921509631e+003
260	1.271963608092504e+003	1.288249551693134e+003
1111	9.323255839431392e+002	9.332543007969915e+002
1230	8.454368790114958e+002	8.511380382023768e+002
1669	7.357516448655472e+002	7.413102413009177e+002
1825	6.145882313822717e+002	6.165950018614822e+002
1908	3.916305562817545e+002	3.981071705534973e+002
2196	2.158347224645209e+002	2.187761623949552e+002
2204	1.134487391775301e+002	1.148153621496883e+002
2482	6.599965956839658e+001	6.606934480075961e+001
2538	4.119961132288621e+001	4.168693834703355e+001
2733	2.468217367790446e+001	2.511886431509580e+001
3027	2.403570266329346e+001	2.454708915685030e+001
3055	1.262988628824268e+001	1.288249551693134e+001
3229	1.041571827391833e+001	1.047128548050900e+001
3325	8.105448263019891e+000	8.128305161640993e+000
3326	2.392263260908278e+000	2.398832919019490e+000
3617	1.731227708085457e+000	1.737800828749375e+000
3732	1.091025114386957e+000	1.096478196143185e+000
4074	9.493473013626291e-001	9.549925860214360e-001
4128	8.949976989500589e-001	9.120108393559098e-001
4178	7.018629000203265e-001	7.079457843841379e-001
4363	6.668899124121328e-001	6.760829753919818e-001
4391	5.800671899629002e-001	5.888436553555889e-001
4573	5.683950172710121e-001	5.754399373371569e-001
4606	5.565114772780681e-001	5.623413251903491e-001
4637	4.824922997641837e-001	4.897788193684462e-001
4710	4.777210916034057e-001	4.786300923226383e-001
4932	4.376600603807864e-001	4.466835921509632e-001
4939	4.109791746030774e-001	4.168693834703354e-001
4943	3.952200780796603e-001	3.981071705534973e-001
4965	3.854099811290718e-001	3.890451449942806e-001
5012	3.767441832705890e-001	3.801893963205612e-001
5031	3.530172624627849e-001	3.548133892335755e-001
5048	3.436588482617530e-001	3.467368504525316e-001
5122	3.371483408634410e-001	3.388441561392026e-001
5177	3.018687604969544e-001	3.019951720402016e-001
5185	2.853962636516448e-001	2.884031503126606e-001
5218	2.466733007897159e-001	2.511886431509580e-001
5278	2.394455279333743e-001	2.398832919019490e-001
5375	2.246470779042187e-001	2.290867652767773e-001
5628	2.231939711219338e-001	2.238721138568340e-001
5671	2.156648701276649e-001	2.187761623949552e-001
5932	2.064608328245768e-001	2.089296130854039e-001
5992	1.997113542602954e-001	2.041737944669530e-001
6199	1.994397390649928e-001	1.995262314968880e-001
6610	1.766373088312095e-001	1.778279410038923e-001
6612	1.555670534090766e-001	1.584893192461113e-001
6751	1.386679761872621e-001	1.412537544622755e-001
6822	1.358020076416874e-001	1.380384264602885e-001
6932	1.314316829654605e-001	1.318256738556407e-001
7336	1.287774534394360e-001	1.288249551693134e-001
7777	1.247558696832828e-001	1.258925411794167e-001
7923	1.201969180708574e-001	1.202264434617413e-001
8548	1.043994389407459e-001	1.047128548050900e-001
9464	1.009086074640526e-001	1.023292992280754e-001
9669	9.966707006493747e-002	1.000000000000000e-001
10560	9.771713408518401e-002	9.772372209558107e-002
11808	9.523744189357086e-002	9.549925860214359e-002
12009	9.021119001177147e-002	9.120108393559097e-002
12239	8.863438902762577e-002	8.912509381337455e-002
14454	8.560392529000782e-002	8.709635899560805e-002
14624	8.508243987107456e-002	8.511380382023763e-002
15963	8.302970204086058e-002	8.317637711026708e-002
17032	7.984844265701907e-002	8.128305161640990e-002
17063	7.884042225226340e-002	7.943282347242814e-002
17934	7.663497908649264e-002	7.762471166286916e-002
18096	7.565074717813980e-002	7.585775750291836e-002
18951	7.280029956544021e-002	7.413102413009177e-002
19690	7.195845330531947e-002	7.244359600749903e-002
21386	6.951977093569040e-002	7.079457843841380e-002
22205	6.896654811929592e-002	6.918309709189366e-002
24328	6.614425684721814e-002	6.760829753919818e-002
24502	6.601657130230787e-002	6.606934480075961e-002
26954	6.386040966536077e-002	6.456542290346556e-002
27669	6.299674394937482e-002	6.309573444801933e-002
28637	6.146516779253419e-002	6.165950018614822e-002
30795	5.986847118398098e-002	6.025595860743578e-002
31993	5.834409006888996e-002	5.888436553555890e-002
36145	5.613048774350438e-002	5.623413251903491e-002
39616	5.489688595032838e-002	5.495408738576246e-002
43580	5.161308098267836e-002	5.248074602497726e-002
45141	5.119055213751433e-002	5.128613839913648e-002
47112	5.005400218928735e-002	5.011872336272722e-002
48184	4.897165438289874e-002	4.897788193684461e-002
49726	4.779214342219129e-002	4.786300923226383e-002
54056	4.604793440366750e-002	4.677351412871982e-002
56187	4.561494650542641e-002	4.570881896148749e-002
58764	4.466196289000668e-002	4.466835921509630e-002
62049	4.337226286551110e-002	4.365158322401658e-002
65722	4.256208178580234e-002	4.265795188015926e-002
68474	4.168455629652867e-002	4.168693834703355e-002
69482	3.899042982238254e-002	3.981071705534973e-002
70049	3.882843886270349e-002	3.890451449942807e-002
78360	3.790834439894264e-002	3.801893963205612e-002
82976	3.713626679818738e-002	3.715352290971726e-002
85165	3.603038668420189e-002	3.630780547701014e-002
96749	3.534909711565260e-002	3.548133892335755e-002
107138	3.455081648186498e-002	3.467368504525317e-002
110757	3.354966626384570e-002	3.388441561392026e-002
121737	3.302644394736287e-002	3.311311214825911e-002
122050	3.232770401002338e-002	3.235936569296283e-002
132563	3.143498715958548e-002	3.162277660168379e-002
137022	3.088493194791653e-002	3.090295432513590e-002
144509	2.999574484196321e-002	3.019951720402016e-002
149840	2.950097211751801e-002	2.951209226666385e-002
160104	2.883013343823448e-002	2.884031503126606e-002
181185	2.796277020164029e-002	2.818382931264454e-002
188987	2.754146252679379e-002	2.754228703338166e-002
209359	2.688833919636191e-002	2.691534803926915e-002
237172	2.630135700234837e-002	2.630267991895382e-002
308660	2.569000632318241e-002	2.570395782768863e-002
489741	2.511715353231270e-002	2.511886431509579e-002
1000001	2.506442577700729e-002	2.511886431509579e-002
%
% index = 1898, name = bbob_f006_i19_d10__bbob_f017_i21_d10
% instance = 9, reference value = 9.725700741496091e-001
% function evaluation | indicator value | target hit
1	8.517533195342960e+009	8.709635899560797e+009
2	1.847342788846169e+004	1.862087136662866e+004
6	3.126090822386536e+003	3.162277660168380e+003
237	1.420068963630537e+003	1.445439770745928e+003
576	1.128181977050822e+003	1.148153621496883e+003
789	1.020699439104663e+003	1.023292992280754e+003
1252	7.598031895357646e+002	7.762471166286920e+002
1283	5.981969979608297e+002	6.025595860743575e+002
1692	5.183161192198454e+002	5.248074602497728e+002
1747	3.491719021517965e+002	3.548133892335753e+002
1942	3.341947701048646e+002	3.388441561392024e+002
1957	3.169151029210012e+002	3.235936569296281e+002
2065	3.084007514460689e+002	3.090295432513592e+002
2094	1.340591232653854e+002	1.348962882591653e+002
2331	1.118212817086867e+002	1.122018454301963e+002
2477	9.929515411613494e+001	1.000000000000000e+002
2639	5.364248671430696e+001	5.370317963702527e+001
2767	4.096566662194240e+001	4.168693834703355e+001
2876	2.729876351851411e+001	2.754228703338166e+001
2992	2.097865958812514e+001	2.137962089502232e+001
3026	1.560785436490188e+001	1.584893192461113e+001
3125	1.384444525567819e+001	1.412537544622754e+001
3145	6.012386422446378e+000	6.025595860743578e+000
3324	5.809968259111981e+000	5.888436553555890e+000
3489	5.068903865311609e+000	5.128613839913649e+000
3504	4.744415844048109e+000	4.786300923226384e+000
3536	1.873703165531929e+000	1.905460717963247e+000
3679	1.649740583964109e+000	1.659586907437561e+000
3914	1.577561671806609e+000	1.584893192461114e+000
3936	1.196833046308109e+000	1.202264434617413e+000
3940	8.978011888436612e-001	9.120108393559098e-001
4088	8.402132097214556e-001	8.511380382023764e-001
4236	8.270143608917427e-001	8.317637711026710e-001
4297	7.850501986400660e-001	7.943282347242815e-001
4483	7.715214993330883e-001	7.762471166286917e-001
4492	7.273834316255092e-001	7.413102413009175e-001
4582	6.923269806948816e-001	7.079457843841379e-001
4588	6.746853039514156e-001	6.760829753919818e-001
4605	6.494755435013340e-001	6.606934480075960e-001
4637	6.325266118645132e-001	6.456542290346555e-001
4638	6.058904725933023e-001	6.165950018614822e-001
4659	5.994359713233478e-001	6.025595860743578e-001
4714	5.587714993862553e-001	5.623413251903491e-001
4744	4.492708597643200e-001	4.570881896148750e-001
4765	4.458598257564375e-001	4.466835921509632e-001
4774	3.956779641792592e-001	3.981071705534973e-001
4813	3.845475758528676e-001	3.890451449942806e-001
4833	3.791530337403973e-001	3.801893963205612e-001
4947	3.711186406077316e-001	3.715352290971726e-001
4980	3.434572109440091e-001	3.467368504525316e-001
5127	3.353696583063240e-001	3.388441561392026e-001
5300	3.309650876285124e-001	3.311311214825911e-001
5344	3.235935917555859e-001	3.235936569296283e-001
5374	2.938391304540367e-001	2.951209226666385e-001
5489	2.860055224097284e-001	2.884031503126606e-001
5511	2.525273824992006e-001	2.570395782768864e-001
5671	2.506892376694309e-001	2.511886431509580e-001
5745	2.393080436900770e-001	2.398832919019490e-001
6003	2.337485200734366e-001	2.344228815319922e-001
6012	2.279678549098672e-001	2.290867652767773e-001
6054	2.237893917624766e-001	2.238721138568340e-001
6151	2.155847236845522e-001	2.187761623949552e-001
6161	2.134435773579781e-001	2.137962089502232e-001
6529	2.072580354709874e-001	2.089296130854039e-001
6553	2.023840041335729e-001	2.041737944669530e-001
6561	1.988833003963858e-001	1.995262314968880e-001
6597	1.924824003203742e-001	1.949844599758046e-001
6654	1.874725584646366e-001	1.905460717963247e-001
6662	1.825238985448691e-001	1.862087136662868e-001
6672	1.815585205151222e-001	1.819700858609984e-001
6921	1.778258450509594e-001	1.778279410038923e-001
7041	1.737175158835665e-001	1.737800828749375e-001
7119	1.670895938942743e-001	1.698243652461744e-001
7568	1.650419451820862e-001	1.659586907437561e-001
7570	1.494176083982310e-001	1.513561248436208e-001
7861	1.454069467800799e-001	1.479108388168208e-001
7935	1.444497535027386e-001	1.445439770745928e-001
8174	1.381069484693025e-001	1.412537544622755e-001
8189	1.380131528224283e-001	1.380384264602885e-001
8206	1.324650038566549e-001	1.348962882591654e-001
8297	1.280639448856553e-001	1.288249551693134e-001
8870	1.253354860464855e-001	1.258925411794167e-001
9235	1.214991561919834e-001	1.230268770812382e-001
9307	1.165015327987744e-001	1.174897554939529e-001
9376	1.143365787635886e-001	1.148153621496883e-001
9750	1.088178821598329e-001	1.096478196143185e-001
10159	1.062505250829610e-001	1.071519305237607e-001
10303	1.039310712681759e-001	1.047128548050900e-001
11415	1.022213157710833e-001	1.023292992280754e-001
11709	9.688639652583631e-002	9.772372209558107e-002
11884	9.491711926892787e-002	9.549925860214359e-002
12086	9.328526665200632e-002	9.332543007969910e-002
12101	9.075919393590470e-002	9.120108393559097e-002
13566	8.715977062161862e-002	8.912509381337455e-002
13634	8.703510352757660e-002	8.709635899560805e-002
13805	8.443856572783837e-002	8.511380382023763e-002
14626	8.299804431902347e-002	8.317637711026708e-002
15451	8.051382587038136e-002	8.128305161640990e-002
16446	7.891162938194052e-002	7.943282347242814e-002
18375	7.760855937165190e-002	7.762471166286916e-002
18889	7.564695538969368e-002	7.585775750291836e-002
20400	7.351624900866927e-002	7.413102413009177e-002
20971	7.243351162302292e-002	7.244359600749903e-002
21423	6.846482057108583e-002	6.918309709189366e-002
22616	6.750146566164939e-002	6.760829753919818e-002
24910	6.592548388187647e-002	6.606934480075961e-002
25609	6.407042277056574e-002	6.456542290346556e-002
26053	6.220364246059917e-002	6.309573444801933e-002
27621	6.144758225191360e-002	6.165950018614822e-002
28318	6.023187488109583e-002	6.025595860743578e-002
30384	5.888091143620589e-002	5.888436553555890e-002
31873	5.750076677091021e-002	5.754399373371569e-002
32847	5.525311815146961e-002	5.623413251903491e-002
33313	5.459161308796223e-002	5.495408738576246e-002
36511	5.364253059806179e-002	5.370317963702527e-002
38621	5.247426565581903e-002	5.248074602497726e-002
42565	5.114861771242241e-002	5.128613839913648e-002
49710	4.980418449128610e-002	5.011872336272722e-002
51981	4.873332549347298e-002	4.897788193684461e-002
55632	4.747044297071679e-002	4.786300923226383e-002
59818	4.590629490740861e-002	4.677351412871982e-002
60914	4.549371117349910e-002	4.570881896148749e-002
66132	4.437157309379880e-002	4.466835921509630e-002
75393	4.360477559234832e-002	4.365158322401658e-002
84402	4.226507057554063e-002	4.265795188015926e-002
88297	4.167457063384294e-002	4.168693834703355e-002
96781	4.071168343669962e-002	4.073802778041128e-002
107160	3.978887395785757e-002	3.981071705534973e-002
126797	3.834460194422218e-002	3.890451449942807e-002
131845	3.781718014219304e-002	3.801893963205612e-002
156443	3.713360663226251e-002	3.715352290971726e-002
1000001	3.653247809050098e-002	3.715352290971726e-002
%
% index = 1899, name = bbob_f006_i21_d10__bbob_f017_i22_d10
% instance = 10, reference value = 9.982914649170260e-001
% function evaluation | indicator value | target hit
1	5.986375756749350e+009	6.025595860743568e+009
2	1.342177452596015e+008	1.348962882591656e+008
3	6.015847324392162e+006	6.025595860743581e+006
4	9.928620991912928e+005	1.000000000000000e+006
6	1.453921750482984e+003	1.479108388168207e+003
160	1.233433910680482e+003	1.258925411794168e+003
391	1.227518007704927e+003	1.230268770812381e+003
554	9.842192862736073e+002	1.000000000000000e+003
592	8.989557339814302e+002	9.120108393559096e+002
809	5.726412738285026e+002	5.754399373371566e+002
1176	4.758365085486773e+002	4.786300923226385e+002
1339	3.267268187873777e+002	3.311311214825911e+002
1386	2.565166329723372e+002	2.570395782768865e+002
1521	2.194634174077107e+002	2.238721138568340e+002
1596	1.810583480314046e+002	1.819700858609982e+002
1866	1.613397000922443e+002	1.621810097358930e+002
1918	1.113103205002258e+002	1.122018454301963e+002
1939	9.937586882617015e+001	1.000000000000000e+002
2131	7.583272435183854e+001	7.585775750291836e+001
2150	5.654676398217502e+001	5.754399373371570e+001
2151	5.428791813951729e+001	5.495408738576246e+001
2279	4.650565215984729e+001	4.677351412871981e+001
2323	3.487966593021884e+001	3.548133892335755e+001
2461	1.111240613072918e+001	1.122018454301964e+001
2768	7.477288853162445e+000	7.585775750291838e+000
2808	1.903471176583110e+000	1.905460717963247e+000
2934	1.809672217234700e+000	1.819700858609983e+000
3207	1.186618250548792e+000	1.202264434617413e+000
3335	8.146201862973539e-001	8.317637711026710e-001
3428	4.762445593341927e-001	4.786300923226383e-001
3546	4.339390043459012e-001	4.365158322401660e-001
3610	4.263942849377524e-001	4.265795188015927e-001
3631	4.080590908672253e-001	4.168693834703354e-001
3729	3.727941971844492e-001	3.801893963205612e-001
3765	3.705333062330758e-001	3.715352290971726e-001
3802	3.449281676055336e-001	3.467368504525316e-001
3838	3.180793994771791e-001	3.235936569296283e-001
3889	3.157426014415132e-001	3.162277660168379e-001
3903	2.481137012442101e-001	2.511886431509580e-001
4060	2.446920541808154e-001	2.454708915685031e-001
4073	2.393695238714493e-001	2.398832919019490e-001
4207	2.320493780815688e-001	2.344228815319922e-001
4215	2.172789413744038e-001	2.187761623949552e-001
4240	2.114613175715177e-001	2.137962089502232e-001
4396	1.908262800323075e-001	1.949844599758046e-001
4402	1.895077594998428e-001	1.905460717963247e-001
4482	1.687912608328117e-001	1.698243652461744e-001
4639	1.431587427599221e-001	1.445439770745928e-001
4650	1.367860750476830e-001	1.380384264602885e-001
4683	1.291043133897286e-001	1.318256738556407e-001
4684	1.265912949673357e-001	1.288249551693134e-001
4801	1.250219792408397e-001	1.258925411794167e-001
4996	1.182370930625288e-001	1.202264434617413e-001
5008	1.174443182626673e-001	1.174897554939529e-001
5015	1.113745430813664e-001	1.122018454301964e-001
5112	1.072424126329516e-001	1.096478196143185e-001
5124	1.064673339160578e-001	1.071519305237607e-001
5159	1.017959303256695e-001	1.023292992280754e-001
5279	9.661928684321841e-002	9.772372209558107e-002
5533	9.022736868926273e-002	9.120108393559097e-002
5683	8.908102431486897e-002	8.912509381337455e-002
6303	8.555345510671175e-002	8.709635899560805e-002
6443	7.770726619129209e-002	7.943282347242814e-002
6509	7.536552679979802e-002	7.585775750291836e-002
6565	7.111126205722174e-002	7.244359600749903e-002
7280	6.974130866709938e-002	7.079457843841380e-002
7976	6.869772905331650e-002	6.918309709189366e-002
8003	6.015177693853135e-002	6.025595860743578e-002
8631	5.492395097682301e-002	5.495408738576246e-002
9072	5.211454724415487e-002	5.248074602497726e-002
9568	4.588103125492449e-002	4.677351412871982e-002
10609	4.027263909925505e-002	4.073802778041128e-002
11668	3.824921689063321e-002	3.890451449942807e-002
11920	2.850935060161319e-002	2.884031503126606e-002
12126	2.798670853056584e-002	2.818382931264454e-002
20455	2.560569372526123e-002	2.570395782768863e-002
23365	2.465452949112545e-002	2.511886431509579e-002
45859	2.445920704185089e-002	2.454708915685030e-002
71467	2.398615447594021e-002	2.398832919019490e-002
108127	2.232643878602347e-002	2.238721138568340e-002
163904	2.128278870641276e-002	2.137962089502233e-002
278668	2.066058904196721e-002	2.089296130854040e-002
380255	1.987120952645205e-002	1.995262314968880e-002
383722	1.892990730860567e-002	1.905460717963247e-002
432646	1.660095034228137e-002	1.698243652461744e-002
452251	1.337998146877772e-002	1.348962882591653e-002
478653	1.303107529518932e-002	1.318256738556408e-002
512243	1.231809476895951e-002	1.258925411794168e-002
535322	1.193602795004789e-002	1.202264434617413e-002
1000001	1.193249317945611e-002	1.202264434617413e-002
