%
% index = 860, name = bbob_f008_i02_d03__bbob_f017_i04_d03
% instance = 1, reference value = 9.153476360639320e-001
% function evaluation | indicator value | target hit
1	2.474325074522248e+007	2.511886431509582e+007
2	1.526993060666171e+007	1.548816618912483e+007
3	6.611110576011429e+006	6.760829753919819e+006
6	6.282372737750411e+003	6.309573444801930e+003
153	1.035162540522490e+003	1.047128548050900e+003
205	7.717608484067048e+002	7.762471166286920e+002
309	4.248616621161955e+002	4.265795188015925e+002
435	2.714390669226012e+002	2.754228703338166e+002
443	1.632384575976234e+002	1.659586907437561e+002
472	2.053679696952574e+001	2.089296130854040e+001
557	2.892316065637377e+000	2.951209226666386e+000
1113	2.795671110798323e+000	2.818382931264454e+000
1177	1.545820296028432e+000	1.548816618912481e+000
1281	8.662865333153615e-001	8.709635899560806e-001
1426	6.911768675379272e-001	6.918309709189364e-001
1572	6.471606868426321e-001	6.606934480075960e-001
1588	6.034406127699739e-001	6.165950018614822e-001
1656	4.704586717597670e-001	4.786300923226383e-001
1692	4.139051310151143e-001	4.168693834703354e-001
1798	3.814802982212796e-001	3.890451449942806e-001
1884	3.759897063504006e-001	3.801893963205612e-001
1887	3.536744074811689e-001	3.548133892335755e-001
1962	3.380710983394474e-001	3.388441561392026e-001
1966	3.270445153317356e-001	3.311311214825911e-001
1997	3.101080426584396e-001	3.162277660168379e-001
2013	2.952489957784228e-001	3.019951720402016e-001
2031	2.903135130108246e-001	2.951209226666385e-001
2036	2.761024090184789e-001	2.818382931264454e-001
2085	2.399920989718948e-001	2.454708915685031e-001
2087	2.356385945888101e-001	2.398832919019490e-001
2158	2.321686392093002e-001	2.344228815319922e-001
2183	2.265286706285536e-001	2.290867652767773e-001
2202	2.144261333274539e-001	2.187761623949552e-001
2210	2.112206691722135e-001	2.137962089502232e-001
2222	2.017818968275437e-001	2.041737944669530e-001
2233	1.805589893806641e-001	1.819700858609984e-001
2314	1.658476304345786e-001	1.659586907437561e-001
2389	1.543179871646165e-001	1.548816618912481e-001
2457	1.360609260744048e-001	1.380384264602885e-001
2469	1.297257731604457e-001	1.318256738556407e-001
2471	1.276641082008055e-001	1.288249551693134e-001
2561	1.249608137006224e-001	1.258925411794167e-001
2578	1.178769548334900e-001	1.202264434617413e-001
2581	1.144236369385168e-001	1.148153621496883e-001
2589	1.113837704104586e-001	1.122018454301964e-001
2699	1.041518860652172e-001	1.047128548050900e-001
2721	1.002223335006629e-001	1.023292992280754e-001
2740	9.692765362482347e-002	9.772372209558107e-002
2762	9.276130536287874e-002	9.332543007969910e-002
2769	8.906803496809623e-002	8.912509381337455e-002
2910	8.650126624029109e-002	8.709635899560805e-002
2979	8.429601908190987e-002	8.511380382023763e-002
3000	8.153114149825325e-002	8.317637711026708e-002
3018	8.123033261745494e-002	8.128305161640990e-002
3277	7.942022312525165e-002	7.943282347242814e-002
3283	7.683133852634982e-002	7.762471166286916e-002
3450	6.985770445961037e-002	7.079457843841380e-002
3585	6.904752404845604e-002	6.918309709189366e-002
3628	6.592239778416342e-002	6.606934480075961e-002
3892	6.344818695282217e-002	6.456542290346556e-002
3937	6.237832454876147e-002	6.309573444801933e-002
3951	6.163862280405441e-002	6.165950018614822e-002
4230	6.017429884376169e-002	6.025595860743578e-002
4290	5.228682364215465e-002	5.248074602497726e-002
4600	5.104452148958949e-002	5.128613839913648e-002
4601	4.956578133778133e-002	5.011872336272722e-002
4728	4.268664979220860e-002	4.365158322401658e-002
4824	4.253845505291920e-002	4.265795188015926e-002
4970	4.150837028557308e-002	4.168693834703355e-002
5245	3.984626647189848e-002	4.073802778041128e-002
5260	3.970595747552663e-002	3.981071705534973e-002
5549	3.864031414415481e-002	3.890451449942807e-002
5776	3.785940249964526e-002	3.801893963205612e-002
5873	3.693478130089245e-002	3.715352290971726e-002
5935	3.612174060004858e-002	3.630780547701014e-002
6272	3.545422805459719e-002	3.548133892335755e-002
6568	3.452172134046971e-002	3.467368504525317e-002
7020	3.383898367849558e-002	3.388441561392026e-002
7484	3.310618424668887e-002	3.311311214825911e-002
7520	3.221393831573405e-002	3.235936569296283e-002
7878	3.158159596485566e-002	3.162277660168379e-002
8292	3.069835894764961e-002	3.090295432513590e-002
8977	3.018994891364568e-002	3.019951720402016e-002
9571	2.860355321863739e-002	2.884031503126606e-002
10142	2.817084607693698e-002	2.818382931264454e-002
10506	2.752178661719629e-002	2.754228703338166e-002
10828	2.690350317709733e-002	2.691534803926915e-002
11018	2.618228865859629e-002	2.630267991895382e-002
11327	1.850574960603180e-002	1.862087136662868e-002
11562	1.787069437029731e-002	1.819700858609984e-002
11593	1.777791374260140e-002	1.778279410038923e-002
11829	1.726857394072801e-002	1.737800828749376e-002
12163	1.693649220396831e-002	1.698243652461744e-002
13651	1.655701449582736e-002	1.659586907437561e-002
13932	1.611208142229070e-002	1.621810097358930e-002
14655	1.581215745396802e-002	1.584893192461113e-002
15572	1.539233561817099e-002	1.548816618912481e-002
16303	1.511660585744523e-002	1.513561248436208e-002
16828	1.479063568961025e-002	1.479108388168207e-002
17982	1.180469759876324e-002	1.202264434617413e-002
18205	1.143294895045799e-002	1.148153621496883e-002
18617	1.106006432977746e-002	1.122018454301964e-002
19145	1.095820330159436e-002	1.096478196143185e-002
20225	1.070968400017414e-002	1.071519305237607e-002
22328	1.044863732085932e-002	1.047128548050900e-002
22534	9.638366884936800e-003	9.772372209558112e-003
24708	9.544871233389762e-003	9.549925860214359e-003
24965	9.313093536086559e-003	9.332543007969915e-003
25826	9.119970700386504e-003	9.120108393559097e-003
28769	8.908594214968590e-003	8.912509381337459e-003
31514	8.703486832785101e-003	8.709635899560805e-003
33098	8.385915844792979e-003	8.511380382023768e-003
34696	8.317157760877270e-003	8.317637711026709e-003
37056	7.967667840346304e-003	8.128305161640995e-003
37797	7.931644139590577e-003	7.943282347242814e-003
38661	6.849841873297069e-003	6.918309709189363e-003
40274	6.666200698897895e-003	6.760829753919818e-003
41603	6.595998629340683e-003	6.606934480075957e-003
43314	6.456118838661706e-003	6.456542290346556e-003
48726	6.309108540744957e-003	6.309573444801930e-003
50667	5.738160560154082e-003	5.754399373371567e-003
60456	5.620910008735880e-003	5.623413251903491e-003
63526	5.458255749089980e-003	5.495408738576248e-003
63863	5.326234154024112e-003	5.370317963702527e-003
64271	5.205577894161761e-003	5.248074602497728e-003
65197	5.110663565509710e-003	5.128613839913648e-003
71604	5.004962065672913e-003	5.011872336272725e-003
73754	4.893720198430152e-003	4.897788193684461e-003
79348	4.762360360758278e-003	4.786300923226385e-003
87696	4.427944003460471e-003	4.466835921509631e-003
94198	4.355694124734022e-003	4.365158322401661e-003
101456	4.190402296485485e-003	4.265795188015926e-003
103165	4.168446828820005e-003	4.168693834703355e-003
106200	4.073748625083806e-003	4.073802778041126e-003
111716	3.957772720508346e-003	3.981071705534973e-003
120800	3.885603714539387e-003	3.890451449942805e-003
135293	3.801857290631983e-003	3.801893963205613e-003
142611	3.680080229554239e-003	3.715352290971724e-003
154008	3.629231531152688e-003	3.630780547701014e-003
156044	3.494570990988710e-003	3.548133892335753e-003
156362	3.127009226609800e-003	3.162277660168379e-003
158022	3.090285940477000e-003	3.090295432513592e-003
161958	2.838379306825511e-003	2.884031503126606e-003
166085	2.626236408204918e-003	2.630267991895381e-003
199941	2.561361991698652e-003	2.570395782768865e-003
206215	2.404739976287318e-003	2.454708915685031e-003
214551	2.398307233083430e-003	2.398832919019490e-003
220807	2.325456640269619e-003	2.344228815319923e-003
222414	2.243783805173982e-003	2.290867652767772e-003
227057	2.238232489783498e-003	2.238721138568340e-003
239070	2.171134789669016e-003	2.187761623949552e-003
240151	2.052940650284718e-003	2.089296130854039e-003
249862	2.037762276612121e-003	2.041737944669530e-003
257348	1.807668510927951e-003	1.819700858609983e-003
277409	1.775865548973465e-003	1.778279410038923e-003
279281	1.712038897740409e-003	1.737800828749376e-003
285124	1.693443231201464e-003	1.698243652461744e-003
294348	1.654661287430304e-003	1.659586907437561e-003
299578	1.557510299670883e-003	1.584893192461114e-003
299698	1.501552348650681e-003	1.513561248436209e-003
300001	1.501151749781271e-003	1.513561248436209e-003
%
% index = 861, name = bbob_f008_i03_d03__bbob_f017_i05_d03
% instance = 2, reference value = 9.221576047656950e-001
% function evaluation | indicator value | target hit
1	5.739530995343939e+006	5.754399373371567e+006
2	3.011464303422417e+006	3.019951720402019e+006
3	1.020864387405539e+006	1.023292992280754e+006
6	7.470795236108298e+002	7.585775750291836e+002
153	4.618616904487891e+002	4.677351412871981e+002
262	8.950448374664443e+001	9.120108393559097e+001
351	3.900546846258465e+000	3.981071705534972e+000
510	8.645575317102359e-001	8.709635899560806e-001
756	8.137139547066441e-001	8.317637711026710e-001
778	5.627159199080196e-001	5.754399373371569e-001
1058	4.679244235576281e-001	4.786300923226383e-001
1349	4.530998322980923e-001	4.570881896148750e-001
1438	4.446522821566182e-001	4.466835921509632e-001
1479	4.153529261495738e-001	4.168693834703354e-001
1485	4.020397154090580e-001	4.073802778041127e-001
1535	3.519391897030397e-001	3.548133892335755e-001
1565	3.081103476371404e-001	3.090295432513591e-001
1585	2.778384320425589e-001	2.818382931264454e-001
1616	2.725910058527623e-001	2.754228703338166e-001
1632	2.668813503845676e-001	2.691534803926916e-001
1666	2.223239097651129e-001	2.238721138568340e-001
1683	2.098024231253560e-001	2.137962089502232e-001
1692	1.959120151721380e-001	1.995262314968880e-001
1728	1.898639532629580e-001	1.905460717963247e-001
1788	1.847040397876014e-001	1.862087136662868e-001
1811	1.782598727338364e-001	1.819700858609984e-001
1813	1.759790008566420e-001	1.778279410038923e-001
1830	1.675347010798245e-001	1.698243652461744e-001
1950	1.602483177077015e-001	1.621810097358930e-001
2071	1.570720649702646e-001	1.584893192461113e-001
2093	1.538723975767010e-001	1.548816618912481e-001
2111	1.504850479534254e-001	1.513561248436208e-001
2125	1.267832212211136e-001	1.288249551693134e-001
2143	1.250708088678781e-001	1.258925411794167e-001
2187	1.124403448220663e-001	1.148153621496883e-001
2190	1.120419133590450e-001	1.122018454301964e-001
2201	1.090296190987274e-001	1.096478196143185e-001
2385	1.070779783176787e-001	1.071519305237607e-001
2394	9.986099198783860e-002	1.000000000000000e-001
2541	9.601598163475789e-002	9.772372209558107e-002
2584	9.053675392216765e-002	9.120108393559097e-002
2654	8.714638691047227e-002	8.912509381337455e-002
2747	8.695133099070695e-002	8.709635899560805e-002
2860	8.440600412566257e-002	8.511380382023763e-002
3131	7.257915660926517e-002	7.413102413009177e-002
3180	6.501346314852885e-002	6.606934480075961e-002
3338	6.405010145360346e-002	6.456542290346556e-002
3416	6.301354238822188e-002	6.309573444801933e-002
3730	5.402974554711248e-002	5.495408738576246e-002
3796	5.271486440742568e-002	5.370317963702527e-002
3806	5.225579387694390e-002	5.248074602497726e-002
3865	4.665694453242597e-002	4.677351412871982e-002
3946	4.549871770871061e-002	4.570881896148749e-002
4111	4.453390909954835e-002	4.466835921509630e-002
4269	4.227643225036215e-002	4.265795188015926e-002
4378	4.152780536224066e-002	4.168693834703355e-002
4504	4.051239051077393e-002	4.073802778041128e-002
4604	3.874757128538131e-002	3.890451449942807e-002
4824	3.699891788927701e-002	3.715352290971726e-002
5099	3.525757710222000e-002	3.548133892335755e-002
5655	3.446633336815319e-002	3.467368504525317e-002
6689	3.284180148621951e-002	3.311311214825911e-002
6816	3.175822792561489e-002	3.235936569296283e-002
7105	3.159106421155533e-002	3.162277660168379e-002
7866	2.783196497532703e-002	2.818382931264454e-002
8070	2.747756364814047e-002	2.754228703338166e-002
8266	2.686696133724886e-002	2.691534803926915e-002
8778	2.616231997259644e-002	2.630267991895382e-002
9572	2.569525533913830e-002	2.570395782768863e-002
9800	2.447678489450922e-002	2.454708915685030e-002
9929	2.398656851861170e-002	2.398832919019490e-002
10305	2.328823598452612e-002	2.344228815319923e-002
10580	2.249192335692440e-002	2.290867652767774e-002
10933	2.202350327100300e-002	2.238721138568340e-002
11248	2.149819585407953e-002	2.187761623949553e-002
11430	2.133311986386122e-002	2.137962089502233e-002
11934	2.000154633912887e-002	2.041737944669530e-002
12108	1.994876272157120e-002	1.995262314968880e-002
12551	1.941163092417053e-002	1.949844599758046e-002
14204	1.805557260383373e-002	1.819700858609984e-002
14803	1.694440396989005e-002	1.698243652461744e-002
14947	1.651795911305654e-002	1.659586907437561e-002
15333	1.621726717698746e-002	1.621810097358930e-002
15848	1.584394535792988e-002	1.584893192461113e-002
15995	1.527343827385497e-002	1.548816618912481e-002
16911	1.512948405800418e-002	1.513561248436208e-002
17023	1.442101292741160e-002	1.445439770745927e-002
18015	1.410877883518491e-002	1.412537544622754e-002
19159	1.370525911788023e-002	1.380384264602885e-002
19849	1.319962499062233e-002	1.348962882591653e-002
20321	1.316631310449612e-002	1.318256738556408e-002
21427	1.283579449471195e-002	1.288249551693134e-002
22413	1.255539852452048e-002	1.258925411794168e-002
23136	1.206629489878430e-002	1.230268770812382e-002
23303	1.196431074759141e-002	1.202264434617413e-002
23467	1.134318379596755e-002	1.148153621496883e-002
23861	1.120881129359497e-002	1.122018454301964e-002
24618	1.072795873265242e-002	1.096478196143185e-002
25223	1.063548488030597e-002	1.071519305237607e-002
25964	1.033051863672341e-002	1.047128548050900e-002
26122	1.001609206576060e-002	1.023292992280754e-002
26203	9.971015497771796e-003	1.000000000000000e-002
26413	9.609760487308217e-003	9.772372209558112e-003
27604	9.549563223137603e-003	9.549925860214359e-003
28019	9.038079731807258e-003	9.120108393559097e-003
29030	8.815947658746604e-003	8.912509381337459e-003
29903	8.662500430427489e-003	8.709635899560805e-003
30399	8.045835459994266e-003	8.128305161640995e-003
30692	7.821026606147030e-003	7.943282347242814e-003
31138	7.677290970218964e-003	7.762471166286920e-003
32570	7.584973273152107e-003	7.585775750291836e-003
33536	7.264531930614493e-003	7.413102413009177e-003
33932	7.204517609326833e-003	7.244359600749898e-003
34062	7.071311607969144e-003	7.079457843841380e-003
34587	6.609304077217160e-003	6.760829753919818e-003
34603	6.592522318227823e-003	6.606934480075957e-003
34636	6.363295782301104e-003	6.456542290346556e-003
35221	6.214802978123379e-003	6.309573444801930e-003
35949	6.110515380844950e-003	6.165950018614822e-003
37223	6.017700185651953e-003	6.025595860743574e-003
37566	5.873536864881790e-003	5.888436553555890e-003
37785	5.648416768004982e-003	5.754399373371567e-003
37840	5.598694887029687e-003	5.623413251903491e-003
39041	5.416522805405055e-003	5.495408738576248e-003
39410	5.319759872968177e-003	5.370317963702527e-003
39817	5.165746046520203e-003	5.248074602497728e-003
40097	4.805488214402853e-003	4.897788193684461e-003
40579	4.736489202753047e-003	4.786300923226385e-003
40690	4.670106808979946e-003	4.677351412871981e-003
42144	4.514501081147593e-003	4.570881896148752e-003
42483	4.452868822759082e-003	4.466835921509631e-003
42768	4.262520887285959e-003	4.265795188015926e-003
43065	4.107661411454133e-003	4.168693834703355e-003
43530	4.071547373507789e-003	4.073802778041126e-003
44751	3.858030482380093e-003	3.890451449942805e-003
44761	3.755438450490090e-003	3.801893963205613e-003
45019	3.545804353013216e-003	3.548133892335753e-003
45353	3.389505278599603e-003	3.467368504525317e-003
45452	3.388434407323060e-003	3.388441561392024e-003
45965	3.295566591110077e-003	3.311311214825911e-003
46938	3.235689036769740e-003	3.235936569296281e-003
48766	3.159828890971439e-003	3.162277660168379e-003
48796	3.081158320320077e-003	3.090295432513592e-003
49060	2.934750638464156e-003	2.951209226666387e-003
49070	2.753555713910005e-003	2.754228703338166e-003
50697	2.658539174458241e-003	2.691534803926917e-003
51014	2.547038222645459e-003	2.570395782768865e-003
51850	2.478708491822745e-003	2.511886431509579e-003
52142	2.445302697620111e-003	2.454708915685031e-003
52601	2.309002575595742e-003	2.344228815319923e-003
52742	2.284497146182396e-003	2.290867652767772e-003
54180	2.235927493990375e-003	2.238721138568340e-003
54634	2.158923405001345e-003	2.187761623949552e-003
54876	2.137775141358822e-003	2.137962089502233e-003
55046	2.085391057396135e-003	2.089296130854039e-003
55401	1.976624637843871e-003	1.995262314968879e-003
55551	1.938437136454141e-003	1.949844599758046e-003
57158	1.905241620934861e-003	1.905460717963246e-003
58307	1.827784900237939e-003	1.862087136662868e-003
58338	1.810128519541099e-003	1.819700858609983e-003
59028	1.769727601784954e-003	1.778279410038923e-003
59093	1.723968593521419e-003	1.737800828749376e-003
59979	1.697965985385519e-003	1.698243652461744e-003
60462	1.659068249028839e-003	1.659586907437561e-003
62079	1.600791564451476e-003	1.621810097358930e-003
62125	1.566131531830273e-003	1.584893192461114e-003
62686	1.525806756969450e-003	1.548816618912481e-003
63405	1.509121969620941e-003	1.513561248436209e-003
63543	1.476477659736020e-003	1.479108388168207e-003
66081	1.398893037924398e-003	1.412537544622754e-003
66274	1.293048949330244e-003	1.318256738556408e-003
66682	1.287702457452911e-003	1.288249551693134e-003
67320	1.246597423388951e-003	1.258925411794168e-003
67891	1.226282289961023e-003	1.230268770812381e-003
68456	1.142112288117447e-003	1.148153621496883e-003
69670	1.107825578168797e-003	1.122018454301963e-003
69686	1.037923125904561e-003	1.047128548050900e-003
69754	9.972842538764626e-004	1.000000000000000e-003
70247	9.771954547233008e-004	9.772372209558111e-004
71464	9.489766814967382e-004	9.549925860214359e-004
72488	9.328838207803836e-004	9.332543007969915e-004
73419	9.112251451134368e-004	9.120108393559096e-004
74446	8.581893775579941e-004	8.709635899560805e-004
74877	8.418207573923642e-004	8.511380382023768e-004
75437	8.237248007414433e-004	8.317637711026709e-004
75879	8.034305854114354e-004	8.128305161640995e-004
75913	7.904954332105252e-004	7.943282347242813e-004
76803	7.759161113237711e-004	7.762471166286919e-004
77260	7.561605284975848e-004	7.585775750291835e-004
77698	7.412823673609292e-004	7.413102413009177e-004
79019	7.234525862059860e-004	7.244359600749898e-004
79950	7.037339337655491e-004	7.079457843841380e-004
80313	6.871788930511436e-004	6.918309709189362e-004
80843	6.724821223706989e-004	6.760829753919819e-004
82447	6.606310845099772e-004	6.606934480075958e-004
83168	6.193435592569685e-004	6.309573444801930e-004
84116	6.165042228076789e-004	6.165950018614822e-004
86343	6.024296123529060e-004	6.025595860743575e-004
89368	5.888178496745722e-004	5.888436553555889e-004
90879	5.706744538157560e-004	5.754399373371566e-004
92207	5.610746562760838e-004	5.623413251903491e-004
94190	5.444560775722529e-004	5.495408738576249e-004
94745	5.272641728653049e-004	5.370317963702527e-004
94940	5.236321711514780e-004	5.248074602497728e-004
96324	5.128471288283754e-004	5.128613839913648e-004
97075	4.947278333294891e-004	5.011872336272725e-004
97653	4.732414086223713e-004	4.786300923226385e-004
97823	4.662363176676232e-004	4.677351412871981e-004
97833	4.530595775610324e-004	4.570881896148752e-004
98855	4.466373667756374e-004	4.466835921509631e-004
99410	4.360967484965395e-004	4.365158322401661e-004
99777	4.196917955661128e-004	4.265795188015926e-004
99937	4.017918875860449e-004	4.073802778041126e-004
100691	3.978442488150602e-004	3.981071705534974e-004
101604	3.817753783639244e-004	3.890451449942804e-004
101618	3.711370383338020e-004	3.715352290971724e-004
101964	3.390312644044879e-004	3.467368504525317e-004
102040	3.388440805719428e-004	3.388441561392024e-004
103037	3.289338132108632e-004	3.311311214825911e-004
103117	3.177149297683979e-004	3.235936569296281e-004
103607	3.103206110881551e-004	3.162277660168379e-004
103644	3.076107548170004e-004	3.090295432513592e-004
104036	2.983647055875283e-004	3.019951720402016e-004
104199	2.925978763803627e-004	2.951209226666387e-004
104883	2.847095057585403e-004	2.884031503126606e-004
105241	2.796472220560897e-004	2.818382931264455e-004
106287	2.714898926484688e-004	2.754228703338166e-004
106520	2.678904823597561e-004	2.691534803926917e-004
107392	2.625145333848833e-004	2.630267991895381e-004
107587	2.427303147173321e-004	2.454708915685031e-004
107728	2.374559016220523e-004	2.398832919019490e-004
108740	2.300829766187507e-004	2.344228815319923e-004
108797	2.153067589886204e-004	2.187761623949552e-004
109067	2.131263592755062e-004	2.137962089502232e-004
109191	2.085924379567894e-004	2.089296130854039e-004
110478	2.041236965268922e-004	2.041737944669530e-004
110716	1.967573024156399e-004	1.995262314968879e-004
110721	1.927582000140760e-004	1.949844599758046e-004
111243	1.883235645608883e-004	1.905460717963246e-004
111647	1.739659729379506e-004	1.778279410038923e-004
111724	1.737704170395871e-004	1.737800828749376e-004
112513	1.698166666010970e-004	1.698243652461744e-004
114940	1.659456817821869e-004	1.659586907437562e-004
116109	1.619010920989039e-004	1.621810097358930e-004
117757	1.584563627577973e-004	1.584893192461114e-004
120067	1.548748684667700e-004	1.548816618912481e-004
121399	1.497169241799767e-004	1.513561248436209e-004
123708	1.478902656768533e-004	1.479108388168207e-004
125707	1.445078425635904e-004	1.445439770745928e-004
127038	1.409416133090202e-004	1.412537544622754e-004
128046	1.380113911725323e-004	1.380384264602885e-004
129711	1.318170189761325e-004	1.318256738556407e-004
131666	1.274162592589390e-004	1.288249551693134e-004
134539	1.258862061311872e-004	1.258925411794167e-004
137868	1.219989779949193e-004	1.230268770812381e-004
139842	1.202253458821856e-004	1.202264434617413e-004
140875	1.174562742002339e-004	1.174897554939529e-004
146133	1.148117733681398e-004	1.148153621496883e-004
150109	1.121985331413722e-004	1.122018454301963e-004
152577	1.079011239056849e-004	1.096478196143185e-004
154144	1.046561040023430e-004	1.047128548050900e-004
158890	1.023277179410531e-004	1.023292992280754e-004
165333	9.990909352630695e-005	1.000000000000000e-004
170522	9.592684258097339e-005	9.772372209558112e-005
173008	9.549841355938060e-005	9.549925860214369e-005
176261	9.268896603642496e-005	9.332543007969905e-005
182524	9.119973921123403e-005	9.120108393559096e-005
184679	8.901565913799203e-005	8.912509381337459e-005
190313	8.709399522943695e-005	8.709635899560814e-005
192450	8.509187360983272e-005	8.511380382023760e-005
195636	8.172681115248270e-005	8.317637711026709e-005
196866	8.070753504363371e-005	8.128305161640995e-005
200041	7.938523137918097e-005	7.943282347242822e-005
201172	7.735686417575938e-005	7.762471166286911e-005
204312	7.550216215179706e-005	7.585775750291836e-005
209081	7.401455427602510e-005	7.413102413009178e-005
209410	7.157478881447688e-005	7.244359600749906e-005
210712	6.995976674206705e-005	7.079457843841373e-005
212975	6.890950228366499e-005	6.918309709189363e-005
216616	6.760814353423683e-005	6.760829753919819e-005
218377	6.455428044427336e-005	6.456542290346549e-005
221079	6.303185086942165e-005	6.309573444801929e-005
225793	5.869913697720275e-005	5.888436553555884e-005
227819	5.751070247572709e-005	5.754399373371566e-005
235467	5.556401054440663e-005	5.623413251903491e-005
241749	5.494894805102568e-005	5.495408738576248e-005
251761	5.369267239430098e-005	5.370317963702533e-005
255129	5.244831382866799e-005	5.248074602497723e-005
259579	5.101899024373413e-005	5.128613839913648e-005
261678	5.011154910461446e-005	5.011872336272725e-005
264831	4.855164121730926e-005	4.897788193684466e-005
265678	4.745487711710350e-005	4.786300923226380e-005
266962	4.563789797984441e-005	4.570881896148752e-005
268147	4.451612426858986e-005	4.466835921509635e-005
274896	4.285289358918476e-005	4.365158322401657e-005
276925	4.257686771280689e-005	4.265795188015926e-005
285546	4.168618476008135e-005	4.168693834703355e-005
297199	4.056732069512847e-005	4.073802778041130e-005
300001	4.016196575307163e-005	4.073802778041130e-005
%
% index = 862, name = bbob_f008_i07_d03__bbob_f017_i08_d03
% instance = 3, reference value = 9.681993020567000e-001
% function evaluation | indicator value | target hit
1	1.560305589791698e+012	1.584893192461111e+012
2	3.330447927174413e+007	3.388441561392027e+007
5	2.027495477226383e+006	2.041737944669528e+006
6	2.701525784504826e+003	2.754228703338166e+003
153	9.024079582782969e+002	9.120108393559096e+002
216	5.719130215337501e+002	5.754399373371566e+002
278	3.196158156569412e+002	3.235936569296281e+002
313	2.761068747677863e+001	2.818382931264453e+001
472	1.001251156170277e+001	1.023292992280754e+001
802	2.759640521378700e+000	2.818382931264454e+000
900	1.952973660079884e+000	1.995262314968880e+000
927	1.136454598593700e+000	1.148153621496883e+000
1029	1.013800584985200e+000	1.023292992280754e+000
1064	7.465700822510846e-001	7.585775750291838e-001
1131	4.952096696322360e-001	5.011872336272722e-001
1227	3.801068819506480e-001	3.801893963205612e-001
1363	3.195094740483119e-001	3.235936569296283e-001
1463	3.097191445777962e-001	3.162277660168379e-001
1474	2.301126568149998e-001	2.344228815319922e-001
1498	2.286163990270624e-001	2.290867652767773e-001
1528	1.807597881323874e-001	1.819700858609984e-001
1532	1.769385659486650e-001	1.778279410038923e-001
1550	1.441843864865310e-001	1.445439770745928e-001
1568	1.335043683397510e-001	1.348962882591654e-001
1656	1.278623954883367e-001	1.288249551693134e-001
1671	1.104702599661381e-001	1.122018454301964e-001
1705	1.023109618602465e-001	1.023292992280754e-001
1722	9.603012631071550e-002	9.772372209558107e-002
1726	8.920107776890252e-002	9.120108393559097e-002
1779	8.640365548805096e-002	8.709635899560805e-002
1791	8.259188951819196e-002	8.317637711026708e-002
1809	8.005156721269180e-002	8.128305161640990e-002
1851	6.916195071946951e-002	6.918309709189366e-002
1884	6.333266815479677e-002	6.456542290346556e-002
1886	6.285735697507378e-002	6.309573444801933e-002
1936	6.164036430804243e-002	6.165950018614822e-002
1944	5.873639940664766e-002	5.888436553555890e-002
2009	5.566639377206772e-002	5.623413251903491e-002
2019	5.487454804301184e-002	5.495408738576246e-002
2068	5.280707285947539e-002	5.370317963702527e-002
2082	5.111617711562988e-002	5.128613839913648e-002
2109	4.790598262364165e-002	4.897788193684461e-002
2134	4.772002501808959e-002	4.786300923226383e-002
2136	4.375211158195491e-002	4.466835921509630e-002
2137	4.223500209427888e-002	4.265795188015926e-002
2141	3.878572889965881e-002	3.890451449942807e-002
2282	3.800298925907275e-002	3.801893963205612e-002
2339	3.591446200623849e-002	3.630780547701014e-002
2350	3.546025057991631e-002	3.548133892335755e-002
2393	3.310337275741015e-002	3.311311214825911e-002
2495	3.213832714929288e-002	3.235936569296283e-002
2607	3.146454095653362e-002	3.162277660168379e-002
2751	3.038578813679249e-002	3.090295432513590e-002
2781	3.018803335890719e-002	3.019951720402016e-002
2900	2.951002510293910e-002	2.951209226666385e-002
2958	2.854641508389388e-002	2.884031503126606e-002
2968	2.805929955708508e-002	2.818382931264454e-002
3005	2.749866479509344e-002	2.754228703338166e-002
3047	2.547146838787817e-002	2.570395782768863e-002
3101	2.492574614338428e-002	2.511886431509579e-002
3282	2.448158391906297e-002	2.454708915685030e-002
3896	2.393547849018762e-002	2.398832919019490e-002
4129	2.311889012382928e-002	2.344228815319923e-002
4135	2.289538238184452e-002	2.290867652767774e-002
4235	2.237264020773178e-002	2.238721138568340e-002
4581	2.186890758075644e-002	2.187761623949553e-002
4674	2.136879374210521e-002	2.137962089502233e-002
4862	2.078490001843947e-002	2.089296130854040e-002
4953	2.016080347509819e-002	2.041737944669530e-002
5316	1.989766053019459e-002	1.995262314968880e-002
5694	1.921621420554898e-002	1.949844599758046e-002
6106	1.854881067524949e-002	1.862087136662868e-002
6363	1.811771467956613e-002	1.819700858609984e-002
6456	1.778015970358438e-002	1.778279410038923e-002
7078	1.732469606562670e-002	1.737800828749376e-002
7382	1.690386278018785e-002	1.698243652461744e-002
7495	1.633414182962689e-002	1.659586907437561e-002
7579	1.617744385857900e-002	1.621810097358930e-002
7880	1.569454165328821e-002	1.584893192461113e-002
8260	1.547615873740260e-002	1.548816618912481e-002
9501	1.505094596632861e-002	1.513561248436208e-002
10079	1.467713044780405e-002	1.479108388168207e-002
10413	1.445161201147716e-002	1.445439770745927e-002
11292	1.383894650780848e-002	1.412537544622754e-002
11446	1.364039550227225e-002	1.380384264602885e-002
12480	1.313341885814889e-002	1.318256738556408e-002
12807	1.285766375648922e-002	1.288249551693134e-002
13661	1.251357886097382e-002	1.258925411794168e-002
14302	1.225094257962300e-002	1.230268770812382e-002
14821	1.200565672767817e-002	1.202264434617413e-002
16323	1.174639678997635e-002	1.174897554939530e-002
17473	1.143267008552196e-002	1.148153621496883e-002
17863	1.090939293914206e-002	1.096478196143185e-002
19952	1.059604954019588e-002	1.071519305237607e-002
21658	1.029153715492803e-002	1.047128548050900e-002
22697	1.017411535213286e-002	1.023292992280754e-002
24418	9.929266966372086e-003	1.000000000000000e-002
25121	9.711838821407470e-003	9.772372209558112e-003
26671	9.548081604152769e-003	9.549925860214359e-003
27581	9.190094228821222e-003	9.332543007969915e-003
27934	9.113130181750639e-003	9.120108393559097e-003
29028	8.872858182760846e-003	8.912509381337459e-003
30131	8.683743448616665e-003	8.709635899560805e-003
31308	8.308156523593624e-003	8.317637711026709e-003
32350	7.894811909522903e-003	7.943282347242814e-003
33075	7.701164772526692e-003	7.762471166286920e-003
33504	7.424772430450033e-003	7.585775750291836e-003
33947	7.409537224454921e-003	7.413102413009177e-003
37799	7.220049281911778e-003	7.244359600749898e-003
40136	7.058473434944923e-003	7.079457843841380e-003
41056	6.707364865082277e-003	6.760829753919818e-003
44669	6.601500597138599e-003	6.606934480075957e-003
45516	6.378782665516947e-003	6.456542290346556e-003
46547	6.293782570269801e-003	6.309573444801930e-003
47131	5.967552559004830e-003	6.025595860743574e-003
50907	5.856324564628035e-003	5.888436553555890e-003
52253	5.753743418462687e-003	5.754399373371567e-003
55153	5.572908266703758e-003	5.623413251903491e-003
57939	5.488254854100538e-003	5.495408738576248e-003
60687	5.350549999409204e-003	5.370317963702527e-003
64513	5.246713128712055e-003	5.248074602497728e-003
65081	5.123596422225485e-003	5.128613839913648e-003
69587	4.886242068884106e-003	4.897788193684461e-003
71512	4.782995230889542e-003	4.786300923226385e-003
80091	4.602810405189062e-003	4.677351412871981e-003
84871	4.570499764218305e-003	4.570881896148752e-003
89876	4.461186436879094e-003	4.466835921509631e-003
105932	4.303029033078110e-003	4.365158322401661e-003
107429	4.256532028711568e-003	4.265795188015926e-003
115487	4.146154862021079e-003	4.168693834703355e-003
122734	4.044909918948791e-003	4.073802778041126e-003
131332	3.930917877010165e-003	3.981071705534973e-003
135216	3.848326089751164e-003	3.890451449942805e-003
144320	3.782422181057066e-003	3.801893963205613e-003
148840	3.695245224898391e-003	3.715352290971724e-003
150114	3.604426266255789e-003	3.630780547701014e-003
150979	3.456461853663884e-003	3.467368504525317e-003
160921	3.264231891688119e-003	3.311311214825911e-003
165815	3.232118618222923e-003	3.235936569296281e-003
176092	3.153249394869384e-003	3.162277660168379e-003
180329	2.966153587556475e-003	3.019951720402016e-003
181586	2.934398873494448e-003	2.951209226666387e-003
182726	2.866760214336073e-003	2.884031503126606e-003
184962	2.740009883781092e-003	2.754228703338166e-003
186574	2.691306459088327e-003	2.691534803926917e-003
191922	2.619922207455105e-003	2.630267991895381e-003
197614	2.490872448282056e-003	2.511886431509579e-003
201410	2.453379117103194e-003	2.454708915685031e-003
205390	2.331343354948667e-003	2.344228815319923e-003
212256	2.280600690084844e-003	2.290867652767772e-003
222164	2.194162042500225e-003	2.238721138568340e-003
226025	2.187605150595129e-003	2.187761623949552e-003
230481	1.942435455640212e-003	1.949844599758046e-003
241195	1.845110500943381e-003	1.862087136662868e-003
241442	1.795018178723296e-003	1.819700858609983e-003
255686	1.722753644197494e-003	1.737800828749376e-003
270014	1.691163395470596e-003	1.698243652461744e-003
273538	1.624138298838895e-003	1.659586907437561e-003
279593	1.621098198428816e-003	1.621810097358930e-003
287101	1.580271145401602e-003	1.584893192461114e-003
290678	1.500891950341754e-003	1.513561248436209e-003
300001	1.483410445437983e-003	1.513561248436209e-003
%
% index = 863, name = bbob_f008_i09_d03__bbob_f017_i10_d03
% instance = 4, reference value = 9.060914403133240e-001
% function evaluation | indicator value | target hit
1	2.270269009241025e+007	2.290867652767775e+007
4	2.991074233417904e+006	3.019951720402019e+006
5	2.247413505959902e+006	2.290867652767775e+006
6	7.002076617429659e+003	7.079457843841380e+003
13	4.438230975692282e+003	4.466835921509631e+003
67	2.997034272092155e+003	3.019951720402016e+003
153	3.877874509974082e+002	3.890451449942805e+002
409	3.665422046077734e+002	3.715352290971724e+002
432	2.752943984048260e+001	2.754228703338166e+001
674	1.078301122713476e+001	1.096478196143185e+001
700	2.513871784864486e+000	2.570395782768864e+000
836	2.244041599869606e+000	2.290867652767773e+000
973	9.001556825163598e-001	9.120108393559098e-001
1120	7.526467058712899e-001	7.585775750291838e-001
1150	4.272551012272129e-001	4.365158322401660e-001
1343	3.219896291654785e-001	3.235936569296283e-001
1347	2.802620387464029e-001	2.818382931264454e-001
1452	2.315749366951840e-001	2.344228815319922e-001
1565	1.865553322595458e-001	1.905460717963247e-001
1614	1.803623872112703e-001	1.819700858609984e-001
1656	1.325171381839110e-001	1.348962882591654e-001
1664	1.231896584315226e-001	1.258925411794167e-001
1686	1.125788184721817e-001	1.148153621496883e-001
1735	1.072708822033961e-001	1.096478196143185e-001
1739	1.048461589368726e-001	1.071519305237607e-001
1753	1.044863705765118e-001	1.047128548050900e-001
1768	1.016902239152446e-001	1.023292992280754e-001
1833	9.790198232609293e-002	1.000000000000000e-001
1835	9.734448975072196e-002	9.772372209558107e-002
1902	8.407641386593023e-002	8.511380382023763e-002
1903	7.610767283878583e-002	7.762471166286916e-002
1958	7.241558411128057e-002	7.244359600749903e-002
2026	7.045362599993110e-002	7.079457843841380e-002
2034	6.744857318891251e-002	6.760829753919818e-002
2087	6.569618210191119e-002	6.606934480075961e-002
2100	6.425281765042357e-002	6.456542290346556e-002
2111	5.631914196937204e-002	5.754399373371569e-002
2123	5.312601900760161e-002	5.370317963702527e-002
2181	4.510802778406942e-002	4.570881896148749e-002
2191	4.278271290238633e-002	4.365158322401658e-002
2202	4.216282732127785e-002	4.265795188015926e-002
2206	3.607412959680334e-002	3.630780547701014e-002
2254	3.506097803765296e-002	3.548133892335755e-002
2265	3.398195395336590e-002	3.467368504525317e-002
2277	3.341647320021468e-002	3.388441561392026e-002
2346	3.305630800683146e-002	3.311311214825911e-002
2359	3.206987969677044e-002	3.235936569296283e-002
2381	3.077443648301725e-002	3.090295432513590e-002
2446	2.957322576070398e-002	3.019951720402016e-002
2467	2.911096266659785e-002	2.951209226666385e-002
2486	2.802267306184580e-002	2.818382931264454e-002
2542	2.734938443044310e-002	2.754228703338166e-002
2551	2.682453279265007e-002	2.691534803926915e-002
2592	2.568653345995187e-002	2.570395782768863e-002
2622	2.504821951821523e-002	2.511886431509579e-002
2625	2.392553343877946e-002	2.398832919019490e-002
2680	2.284149554677506e-002	2.290867652767774e-002
2709	2.187596870678177e-002	2.187761623949553e-002
2730	2.129749743061271e-002	2.137962089502233e-002
2747	1.931088061925601e-002	1.949844599758046e-002
2748	1.894016832223033e-002	1.905460717963247e-002
2777	1.825400526408738e-002	1.862087136662868e-002
2786	1.702622698509859e-002	1.737800828749376e-002
2936	1.684214804625495e-002	1.698243652461744e-002
2974	1.637492221255121e-002	1.659586907437561e-002
2992	1.619755022695202e-002	1.621810097358930e-002
2994	1.526963520034075e-002	1.548816618912481e-002
3085	1.492930582621255e-002	1.513561248436208e-002
3152	1.473769536851310e-002	1.479108388168207e-002
3166	1.356330554306506e-002	1.380384264602885e-002
3264	1.346878377637018e-002	1.348962882591653e-002
3496	1.310090703363331e-002	1.318256738556408e-002
3635	1.281998215398339e-002	1.288249551693134e-002
3735	1.248758598385991e-002	1.258925411794168e-002
3753	1.220100347765407e-002	1.230268770812382e-002
3802	1.195584295991836e-002	1.202264434617413e-002
4030	1.172519556475815e-002	1.174897554939530e-002
4101	1.147687475777626e-002	1.148153621496883e-002
4144	1.107287548352420e-002	1.122018454301964e-002
4187	1.088544536614644e-002	1.096478196143185e-002
4201	1.052848348441027e-002	1.071519305237607e-002
4219	1.037927353007151e-002	1.047128548050900e-002
4272	1.019610525913839e-002	1.023292992280754e-002
4587	9.772565073860262e-003	1.000000000000000e-002
4601	9.771638989428122e-003	9.772372209558112e-003
4656	9.509792118047367e-003	9.549925860214359e-003
4786	9.222567905904033e-003	9.332543007969915e-003
4863	9.045898293243315e-003	9.120108393559097e-003
4928	8.791585471300545e-003	8.912509381337459e-003
5012	8.665240987802858e-003	8.709635899560805e-003
5279	7.785623526502916e-003	7.943282347242814e-003
5306	7.762426302091563e-003	7.762471166286920e-003
5414	7.569478327657642e-003	7.585775750291836e-003
5533	7.408307475057829e-003	7.413102413009177e-003
5801	7.194641384931311e-003	7.244359600749898e-003
5938	7.057633378560690e-003	7.079457843841380e-003
6038	6.908722500751696e-003	6.918309709189363e-003
6254	6.638438906405586e-003	6.760829753919818e-003
6351	6.598511831943155e-003	6.606934480075957e-003
6388	6.397768268532889e-003	6.456542290346556e-003
6570	6.176379234190677e-003	6.309573444801930e-003
6578	6.151570371718651e-003	6.165950018614822e-003
6640	6.006128448396653e-003	6.025595860743574e-003
7010	5.872940349558986e-003	5.888436553555890e-003
7030	5.706734556841231e-003	5.754399373371567e-003
7353	5.621735584458221e-003	5.623413251903491e-003
7450	5.468354705424283e-003	5.495408738576248e-003
7540	5.193202306710831e-003	5.248074602497728e-003
7701	5.110518048022539e-003	5.128613839913648e-003
8070	4.996932930046660e-003	5.011872336272725e-003
8409	4.897487221352748e-003	4.897788193684461e-003
8502	4.635025308035279e-003	4.677351412871981e-003
8830	4.439977220897950e-003	4.466835921509631e-003
8972	4.311416086690612e-003	4.365158322401661e-003
9093	4.251195238540229e-003	4.265795188015926e-003
9114	4.114756659426400e-003	4.168693834703355e-003
9232	4.042323118942925e-003	4.073802778041126e-003
9369	3.894189435139861e-003	3.981071705534973e-003
9453	3.859557739865016e-003	3.890451449942805e-003
9756	3.743390680715830e-003	3.801893963205613e-003
9797	3.673173832693277e-003	3.715352290971724e-003
9864	3.422181834269455e-003	3.467368504525317e-003
9958	3.384120408432167e-003	3.388441561392024e-003
10228	3.249434722217726e-003	3.311311214825911e-003
10308	3.219861211646080e-003	3.235936569296281e-003
10407	3.043916228950616e-003	3.090295432513592e-003
10437	2.993969184231893e-003	3.019951720402016e-003
10627	2.892238084964749e-003	2.951209226666387e-003
10739	2.870066241402403e-003	2.884031503126606e-003
10929	2.584922430607262e-003	2.630267991895381e-003
11043	2.569336233940067e-003	2.570395782768865e-003
11293	2.472057203197764e-003	2.511886431509579e-003
11657	2.427888986818449e-003	2.454708915685031e-003
11824	2.392897261194293e-003	2.398832919019490e-003
12395	2.326014392873610e-003	2.344228815319923e-003
12723	2.288764928617293e-003	2.290867652767772e-003
13123	1.975071967170394e-003	1.995262314968879e-003
13421	1.892706763768737e-003	1.905460717963246e-003
13446	1.853059471038532e-003	1.862087136662868e-003
14139	1.818286859078588e-003	1.819700858609983e-003
14229	1.766968351766152e-003	1.778279410038923e-003
14331	1.660630129290408e-003	1.698243652461744e-003
14390	1.659541390401143e-003	1.659586907437561e-003
14762	1.600415993729398e-003	1.621810097358930e-003
14834	1.582281731998703e-003	1.584893192461114e-003
15637	1.543590241173565e-003	1.548816618912481e-003
16286	1.512915922626146e-003	1.513561248436209e-003
16774	1.420537658672116e-003	1.445439770745928e-003
17088	1.412397489313544e-003	1.412537544622754e-003
17240	1.376327943675482e-003	1.380384264602885e-003
17621	1.347013461282187e-003	1.348962882591653e-003
17718	1.304075708697616e-003	1.318256738556408e-003
17857	1.269692861024629e-003	1.288249551693134e-003
18669	1.258512560046832e-003	1.258925411794168e-003
18901	1.191293241984637e-003	1.202264434617413e-003
19384	1.174407992249771e-003	1.174897554939529e-003
19713	1.136342575719151e-003	1.148153621496883e-003
19973	1.054331176428502e-003	1.071519305237606e-003
20676	1.028589945307523e-003	1.047128548050900e-003
20780	1.023018335490344e-003	1.023292992280754e-003
21036	9.746877512656349e-004	9.772372209558111e-004
21378	9.549742454124655e-004	9.549925860214359e-004
21754	9.261918913555656e-004	9.332543007969915e-004
22281	8.811339820734565e-004	8.912509381337459e-004
22425	8.593092384936441e-004	8.709635899560805e-004
22636	8.504148392677324e-004	8.511380382023768e-004
23691	8.047560863175818e-004	8.128305161640995e-004
24153	7.925661206115153e-004	7.943282347242813e-004
25781	7.757590528836289e-004	7.762471166286919e-004
26291	7.580185227229475e-004	7.585775750291835e-004
27346	7.358277677266267e-004	7.413102413009177e-004
27798	7.241954846470833e-004	7.244359600749898e-004
28241	6.941455210702774e-004	7.079457843841380e-004
28340	6.852838336767197e-004	6.918309709189362e-004
29573	6.758147671979131e-004	6.760829753919819e-004
30131	6.592330744671360e-004	6.606934480075958e-004
31729	6.436106930655106e-004	6.456542290346556e-004
33274	6.252096948794472e-004	6.309573444801930e-004
34025	6.164046344158125e-004	6.165950018614822e-004
35783	5.984122260853653e-004	6.025595860743575e-004
36355	5.836223819229991e-004	5.888436553555889e-004
36484	5.662244461398514e-004	5.754399373371566e-004
36693	5.590617341133530e-004	5.623413251903491e-004
36828	5.492620367016921e-004	5.495408738576249e-004
37715	5.341643119609607e-004	5.370317963702527e-004
38408	5.241411614904656e-004	5.248074602497728e-004
40570	5.127580609546323e-004	5.128613839913648e-004
41417	4.999803229575051e-004	5.011872336272725e-004
42529	4.822501881867058e-004	4.897788193684461e-004
43003	4.786196401195264e-004	4.786300923226385e-004
43410	4.653628163451273e-004	4.677351412871981e-004
44386	4.566790004810750e-004	4.570881896148752e-004
45839	4.444995465171520e-004	4.466835921509631e-004
46618	3.984589735201993e-004	4.073802778041126e-004
46751	3.977676400243047e-004	3.981071705534974e-004
49233	3.888478798681483e-004	3.890451449942804e-004
49260	3.769262933701612e-004	3.801893963205612e-004
50670	3.715094851397538e-004	3.715352290971724e-004
53859	3.615156717209356e-004	3.630780547701014e-004
54861	3.492208555049281e-004	3.548133892335753e-004
54995	3.453442423807518e-004	3.467368504525317e-004
56654	3.379096024211936e-004	3.388441561392024e-004
58479	3.298800315230110e-004	3.311311214825911e-004
58880	3.228814863135421e-004	3.235936569296281e-004
60679	3.122971025005805e-004	3.162277660168379e-004
62779	3.090238204840334e-004	3.090295432513592e-004
65020	3.018734894543185e-004	3.019951720402016e-004
68468	2.947211280498463e-004	2.951209226666387e-004
70958	2.841553728518687e-004	2.884031503126606e-004
71869	2.811671947270389e-004	2.818382931264455e-004
73914	2.753812242368703e-004	2.754228703338166e-004
77779	2.691206467051455e-004	2.691534803926917e-004
80513	2.629095717708863e-004	2.630267991895381e-004
83801	2.570069274816511e-004	2.570395782768865e-004
85037	2.511501936806049e-004	2.511886431509580e-004
91641	2.454352190267573e-004	2.454708915685031e-004
96916	2.398664106872950e-004	2.398832919019490e-004
102923	2.343616684096217e-004	2.344228815319923e-004
108231	2.290862222785739e-004	2.290867652767772e-004
115514	2.235493274025391e-004	2.238721138568340e-004
127338	2.186704949987961e-004	2.187761623949552e-004
137431	2.134444607477803e-004	2.137962089502232e-004
141612	1.996057701587617e-004	2.041737944669530e-004
142172	1.994729919053695e-004	1.995262314968879e-004
152263	1.947856470324583e-004	1.949844599758046e-004
165530	1.846170922562562e-004	1.862087136662868e-004
172654	1.767260479412780e-004	1.778279410038923e-004
175787	1.735110826522890e-004	1.737800828749376e-004
179761	1.696597902218766e-004	1.698243652461744e-004
198485	1.659411003122058e-004	1.659586907437562e-004
212335	1.621268149897270e-004	1.621810097358930e-004
234139	1.560717981016202e-004	1.584893192461114e-004
243343	1.547857516883688e-004	1.548816618912481e-004
257224	1.499582439239422e-004	1.513561248436209e-004
263436	1.472629054530827e-004	1.479108388168207e-004
274943	1.410846067176896e-004	1.412537544622754e-004
295612	1.325658240015626e-004	1.348962882591653e-004
300001	1.322044770116770e-004	1.348962882591653e-004
%
% index = 864, name = bbob_f008_i11_d03__bbob_f017_i12_d03
% instance = 5, reference value = 9.836892083767280e-001
% function evaluation | indicator value | target hit
1	1.991489802706757e+005	1.995262314968879e+005
2	8.954954849576340e+004	9.120108393559097e+004
6	7.075563952535536e+001	7.079457843841381e+001
150	2.586594793339204e+001	2.630267991895381e+001
153	1.453030612008157e+001	1.479108388168207e+001
252	7.022391000652332e+000	7.079457843841379e+000
445	3.075927041401499e+000	3.090295432513591e+000
490	1.818640191397728e+000	1.819700858609983e+000
514	8.163470051198158e-001	8.317637711026710e-001
650	7.716932544225220e-001	7.762471166286917e-001
786	7.043655444875001e-001	7.079457843841379e-001
818	3.123866812302647e-001	3.162277660168379e-001
869	2.845515097393200e-001	2.884031503126606e-001
908	2.813520230181255e-001	2.818382931264454e-001
917	1.939580830215159e-001	1.949844599758046e-001
920	1.803520355055107e-001	1.819700858609984e-001
986	1.264582751004457e-001	1.288249551693134e-001
1036	1.040071107871532e-001	1.047128548050900e-001
1072	7.160814513163560e-002	7.244359600749903e-002
1148	6.923388582657775e-002	7.079457843841380e-002
1181	6.199562589294083e-002	6.309573444801933e-002
1214	5.622666260098219e-002	5.623413251903491e-002
1257	5.482847137679237e-002	5.495408738576246e-002
1270	5.243556839032815e-002	5.248074602497726e-002
1285	4.748074169205707e-002	4.786300923226383e-002
1295	4.607739946633715e-002	4.677351412871982e-002
1313	4.394891928014666e-002	4.466835921509630e-002
1322	4.124127983409576e-002	4.168693834703355e-002
1324	4.029367242714810e-002	4.073802778041128e-002
1329	3.929676003507909e-002	3.981071705534973e-002
1334	3.598066615252682e-002	3.630780547701014e-002
1366	3.405047359664215e-002	3.467368504525317e-002
1413	3.321833902126370e-002	3.388441561392026e-002
1429	3.309076889206086e-002	3.311311214825911e-002
1458	3.080620864278794e-002	3.090295432513590e-002
1468	2.689696774459327e-002	2.691534803926915e-002
1476	2.593760417068525e-002	2.630267991895382e-002
1477	2.495266737006363e-002	2.511886431509579e-002
1488	2.421422509706239e-002	2.454708915685030e-002
1493	2.385368722021719e-002	2.398832919019490e-002
1498	2.337814836885610e-002	2.344228815319923e-002
1572	2.218545640649128e-002	2.238721138568340e-002
1578	2.174090318767885e-002	2.187761623949553e-002
1590	1.884616560824060e-002	1.905460717963247e-002
1649	1.851563244817511e-002	1.862087136662868e-002
1680	1.785388667980814e-002	1.819700858609984e-002
1681	1.706641406322840e-002	1.737800828749376e-002
1705	1.683455948590262e-002	1.698243652461744e-002
1740	1.617989578339185e-002	1.621810097358930e-002
1784	1.563443083160632e-002	1.584893192461113e-002
1835	1.540147202718234e-002	1.548816618912481e-002
1929	1.450284787901401e-002	1.479108388168207e-002
1944	1.352181319205015e-002	1.380384264602885e-002
1988	1.302081510117248e-002	1.318256738556408e-002
1995	1.111845447845605e-002	1.122018454301964e-002
2090	1.084126088654869e-002	1.096478196143185e-002
2136	1.065004829123761e-002	1.071519305237607e-002
2198	1.043807542599928e-002	1.047128548050900e-002
2267	1.023263436821609e-002	1.023292992280754e-002
2291	9.874787084650061e-003	1.000000000000000e-002
2378	9.476753388799608e-003	9.549925860214359e-003
2428	9.150404850644001e-003	9.332543007969915e-003
2450	9.071175651032992e-003	9.120108393559097e-003
2479	8.635399393698950e-003	8.709635899560805e-003
2501	7.918690998477751e-003	7.943282347242814e-003
2515	7.715493192834266e-003	7.762471166286920e-003
2654	7.506420387947688e-003	7.585775750291836e-003
2731	7.185941807250074e-003	7.244359600749898e-003
2927	6.922720102496061e-003	7.079457843841380e-003
2935	6.910898585168246e-003	6.918309709189363e-003
3146	6.713127050917200e-003	6.760829753919818e-003
3360	6.562305233232091e-003	6.606934480075957e-003
3416	6.447413119045953e-003	6.456542290346556e-003
3481	6.226271834724684e-003	6.309573444801930e-003
3518	5.964382629518261e-003	6.025595860743574e-003
3597	5.773032227809338e-003	5.888436553555890e-003
3603	5.748633049914464e-003	5.754399373371567e-003
3756	5.400830439427629e-003	5.495408738576248e-003
3842	5.338997700015002e-003	5.370317963702527e-003
4093	5.238458690708270e-003	5.248074602497728e-003
4188	4.941989315695117e-003	5.011872336272725e-003
4331	4.775895712580303e-003	4.786300923226385e-003
4502	4.525003919032877e-003	4.570881896148752e-003
4561	4.456988219418756e-003	4.466835921509631e-003
4673	4.353041187675766e-003	4.365158322401661e-003
4871	4.197795932803561e-003	4.265795188015926e-003
5069	4.094427688559943e-003	4.168693834703355e-003
5114	4.065515957966115e-003	4.073802778041126e-003
5269	3.953535483838699e-003	3.981071705534973e-003
5686	3.866954659760502e-003	3.890451449942805e-003
6063	3.700553073263557e-003	3.715352290971724e-003
6140	3.535437481132497e-003	3.548133892335753e-003
6243	3.373656208920495e-003	3.388441561392024e-003
6880	3.299988001732035e-003	3.311311214825911e-003
7301	3.231504595533563e-003	3.235936569296281e-003
7705	3.157241964901414e-003	3.162277660168379e-003
8248	3.025079301980482e-003	3.090295432513592e-003
8343	3.014341350961569e-003	3.019951720402016e-003
8685	2.942005419277249e-003	2.951209226666387e-003
8872	2.879451910841491e-003	2.884031503126606e-003
9197	2.788872552548782e-003	2.818382931264455e-003
9745	2.751537752843980e-003	2.754228703338166e-003
10505	2.690256639468647e-003	2.691534803926917e-003
11114	2.622117255383638e-003	2.630267991895381e-003
11435	2.531100417336618e-003	2.570395782768865e-003
11603	2.508495841086478e-003	2.511886431509579e-003
11694	2.354912899989015e-003	2.398832919019490e-003
11913	2.179603524843254e-003	2.187761623949552e-003
12815	2.124455479268761e-003	2.137962089502233e-003
12934	2.080757013083190e-003	2.089296130854039e-003
12979	2.016873198855240e-003	2.041737944669530e-003
14280	1.993309250528097e-003	1.995262314968879e-003
14478	1.935370511830126e-003	1.949844599758046e-003
14639	1.886901720627110e-003	1.905460717963246e-003
14690	1.857084303508616e-003	1.862087136662868e-003
15290	1.801624087650500e-003	1.819700858609983e-003
16516	1.726014691387889e-003	1.737800828749376e-003
16731	1.681092464465239e-003	1.698243652461744e-003
17747	1.658646843989309e-003	1.659586907437561e-003
17784	1.608700775168170e-003	1.621810097358930e-003
18073	1.522415067874872e-003	1.548816618912481e-003
18319	1.511665031461829e-003	1.513561248436209e-003
19655	1.479075848513811e-003	1.479108388168207e-003
21148	1.427473741195340e-003	1.445439770745928e-003
21833	1.412480104776681e-003	1.412537544622754e-003
23421	1.375472318116411e-003	1.380384264602885e-003
25060	1.347375359923464e-003	1.348962882591653e-003
28648	1.318129320774686e-003	1.318256738556408e-003
31528	1.280980972595436e-003	1.288249551693134e-003
37025	1.244408800058494e-003	1.258925411794168e-003
40289	1.230211666162107e-003	1.230268770812381e-003
59380	1.202194022627556e-003	1.202264434617413e-003
300001	1.175250439369835e-003	1.202264434617413e-003
%
% index = 865, name = bbob_f008_i13_d03__bbob_f017_i14_d03
% instance = 6, reference value = 9.566192837257730e-001
% function evaluation | indicator value | target hit
1	2.681969698420573e+006	2.691534803926914e+006
4	3.167927860593936e+005	3.235936569296281e+005
6	6.256922897400839e+002	6.309573444801930e+002
153	1.047034832018123e+002	1.047128548050900e+002
355	8.218414884355789e+001	8.317637711026708e+001
362	6.231684172405552e+001	6.309573444801933e+001
364	3.181827808688273e+000	3.235936569296283e+000
571	2.170569243289273e+000	2.187761623949553e+000
608	1.890170701822273e+000	1.905460717963247e+000
609	3.913006684658278e-001	3.981071705534973e-001
867	3.418414046994714e-001	3.467368504525316e-001
957	2.748750404529627e-001	2.754228703338166e-001
1008	2.397989917630369e-001	2.398832919019490e-001
1032	2.269781457568694e-001	2.290867652767773e-001
1093	2.004312753376397e-001	2.041737944669530e-001
1135	1.897326748529669e-001	1.905460717963247e-001
1158	1.836396532315523e-001	1.862087136662868e-001
1188	1.756143671970547e-001	1.778279410038923e-001
1219	1.533717745713750e-001	1.548816618912481e-001
1224	1.430568090348459e-001	1.445439770745928e-001
1270	1.278555639936316e-001	1.288249551693134e-001
1294	1.103597374804149e-001	1.122018454301964e-001
1331	1.092889613788823e-001	1.096478196143185e-001
1441	1.065549575408126e-001	1.071519305237607e-001
1445	9.158648867251040e-002	9.332543007969910e-002
1452	9.103175070503033e-002	9.120108393559097e-002
1458	8.903945704420002e-002	8.912509381337455e-002
1483	8.626217087779375e-002	8.709635899560805e-002
1510	8.084126619367937e-002	8.128305161640990e-002
1527	7.764740100377732e-002	7.943282347242814e-002
1538	7.649711939136572e-002	7.762471166286916e-002
1572	7.437346552446844e-002	7.585775750291836e-002
1626	7.137639922031902e-002	7.244359600749903e-002
1643	6.637590153586737e-002	6.760829753919818e-002
1650	6.553791360237060e-002	6.606934480075961e-002
1793	6.445350718704346e-002	6.456542290346556e-002
1829	6.080577998140169e-002	6.165950018614822e-002
1834	4.593954626246122e-002	4.677351412871982e-002
1945	4.461865355991990e-002	4.466835921509630e-002
1999	4.259985395050303e-002	4.265795188015926e-002
2067	4.118599048145788e-002	4.168693834703355e-002
2095	3.426803388107369e-002	3.467368504525317e-002
2100	3.381302229921668e-002	3.388441561392026e-002
2192	3.241563358162536e-002	3.311311214825911e-002
2209	3.225477696122014e-002	3.235936569296283e-002
2286	3.125711041117274e-002	3.162277660168379e-002
2377	3.034622745011462e-002	3.090295432513590e-002
2519	2.920158201689760e-002	2.951209226666385e-002
2587	2.843867899205177e-002	2.884031503126606e-002
2632	2.732161615432405e-002	2.754228703338166e-002
2881	2.683109845251741e-002	2.691534803926915e-002
3264	2.602783191623526e-002	2.630267991895382e-002
3336	2.525449718605166e-002	2.570395782768863e-002
3428	2.509297182665093e-002	2.511886431509579e-002
3454	2.329140813689201e-002	2.344228815319923e-002
3477	2.286797626459525e-002	2.290867652767774e-002
3824	2.237925144980235e-002	2.238721138568340e-002
3826	2.110330534965144e-002	2.137962089502233e-002
3871	2.089211442749595e-002	2.089296130854040e-002
4044	1.967020617658144e-002	1.995262314968880e-002
4138	1.943148663175043e-002	1.949844599758046e-002
4299	1.898168076263251e-002	1.905460717963247e-002
4637	1.861819428929901e-002	1.862087136662868e-002
5006	1.817052296903066e-002	1.819700858609984e-002
5818	1.776221563160096e-002	1.778279410038923e-002
6709	1.583467515159953e-002	1.584893192461113e-002
6883	1.538006992053909e-002	1.548816618912481e-002
7890	1.513489120303757e-002	1.513561248436208e-002
8680	1.477263433129084e-002	1.479108388168207e-002
10481	1.445186975503088e-002	1.445439770745927e-002
12480	1.411875159135778e-002	1.412537544622754e-002
12919	1.318736068555193e-002	1.348962882591653e-002
12939	1.285256859904660e-002	1.288249551693134e-002
14133	1.212682118808928e-002	1.230268770812382e-002
14455	1.202230200069709e-002	1.202264434617413e-002
15244	1.174634846006761e-002	1.174897554939530e-002
18698	1.147599287906420e-002	1.148153621496883e-002
19076	9.003819154418835e-003	9.120108393559097e-003
22498	8.907805951256065e-003	8.912509381337459e-003
30050	8.702038980453297e-003	8.709635899560805e-003
210313	8.506284603896352e-003	8.511380382023768e-003
300001	8.497483830779196e-003	8.511380382023768e-003
%
% index = 866, name = bbob_f008_i15_d03__bbob_f017_i16_d03
% instance = 7, reference value = 9.449616244861130e-001
% function evaluation | indicator value | target hit
1	1.146949406609090e+006	1.148153621496882e+006
2	5.651656245073484e+005	5.754399373371566e+005
3	1.890567818889826e+005	1.905460717963248e+005
6	1.748437996189038e+002	1.778279410038923e+002
277	1.810903427995319e+001	1.819700858609983e+001
376	3.732838424529121e+000	3.801893963205612e+000
691	2.968121701632640e+000	3.019951720402016e+000
701	2.819641329830959e+000	2.884031503126606e+000
708	1.122734320631613e+000	1.148153621496883e+000
800	4.896666835242202e-001	4.897788193684462e-001
835	4.683919677422843e-001	4.786300923226383e-001
867	4.064205579120602e-001	4.073802778041127e-001
983	3.719678317992122e-001	3.801893963205612e-001
996	3.418786765611199e-001	3.467368504525316e-001
1070	2.330352479321542e-001	2.344228815319922e-001
1230	1.757646218300091e-001	1.778279410038923e-001
1236	1.719393387528447e-001	1.737800828749375e-001
1312	1.541681342566912e-001	1.548816618912481e-001
1328	1.465262351642267e-001	1.479108388168208e-001
1393	1.361140763681406e-001	1.380384264602885e-001
1517	1.339854189948275e-001	1.348962882591654e-001
1656	1.264091542899096e-001	1.288249551693134e-001
1663	1.077466844671584e-001	1.096478196143185e-001
1771	9.864891911978613e-002	1.000000000000000e-001
1800	9.641620630336467e-002	9.772372209558107e-002
1803	8.656083418776261e-002	8.709635899560805e-002
1829	6.300094119537969e-002	6.309573444801933e-002
1881	5.777878875114939e-002	5.888436553555890e-002
1911	5.710608175277354e-002	5.754399373371569e-002
2068	5.140313543675257e-002	5.248074602497726e-002
2128	5.025310897488233e-002	5.128613839913648e-002
2131	4.587371891828962e-002	4.677351412871982e-002
2165	4.537583116539445e-002	4.570881896148749e-002
2488	4.401801374426828e-002	4.466835921509630e-002
2636	4.319080879155857e-002	4.365158322401658e-002
2728	4.219978259957935e-002	4.265795188015926e-002
2823	4.085069950578213e-002	4.168693834703355e-002
2849	4.014145905681699e-002	4.073802778041128e-002
3063	3.854145853963664e-002	3.890451449942807e-002
3349	3.801392541125870e-002	3.801893963205612e-002
3573	3.568536341958151e-002	3.630780547701014e-002
3662	3.509485423943826e-002	3.548133892335755e-002
3782	3.387333385441749e-002	3.388441561392026e-002
4215	3.233692642340724e-002	3.235936569296283e-002
4407	3.135816027082616e-002	3.162277660168379e-002
4746	3.049700168034919e-002	3.090295432513590e-002
5133	3.015966098530321e-002	3.019951720402016e-002
5372	2.753310237971995e-002	2.754228703338166e-002
5742	2.645345598686855e-002	2.691534803926915e-002
5913	2.595922435152842e-002	2.630267991895382e-002
6677	2.557989075448797e-002	2.570395782768863e-002
7493	2.492595069057579e-002	2.511886431509579e-002
7752	2.449009984672890e-002	2.454708915685030e-002
8782	2.387127145598567e-002	2.398832919019490e-002
8843	2.318123500988811e-002	2.344228815319923e-002
9057	2.260368857269990e-002	2.290867652767774e-002
10102	2.236552730072305e-002	2.238721138568340e-002
11375	2.183785687530071e-002	2.187761623949553e-002
13061	2.120798667624446e-002	2.137962089502233e-002
13222	2.082519781676318e-002	2.089296130854040e-002
13585	2.025197258360423e-002	2.041737944669530e-002
14129	1.945298549194885e-002	1.949844599758046e-002
15008	1.903667474777349e-002	1.905460717963247e-002
16692	1.858627825668935e-002	1.862087136662868e-002
18355	1.812669481368567e-002	1.819700858609984e-002
19072	1.770371610299026e-002	1.778279410038923e-002
20181	1.737036202170261e-002	1.737800828749376e-002
20977	1.690839946208067e-002	1.698243652461744e-002
21468	1.659382604840753e-002	1.659586907437561e-002
21607	1.579878006212510e-002	1.584893192461113e-002
21931	1.548493979918297e-002	1.548816618912481e-002
22994	1.505327884787655e-002	1.513561248436208e-002
23613	1.414178394562604e-002	1.445439770745927e-002
23832	1.412231185671931e-002	1.412537544622754e-002
24974	1.362644259376811e-002	1.380384264602885e-002
26148	1.343750729491666e-002	1.348962882591653e-002
26891	1.269399153832784e-002	1.288249551693134e-002
26902	1.198919334525916e-002	1.202264434617413e-002
28392	1.170434766699824e-002	1.174897554939530e-002
28760	1.129794712803522e-002	1.148153621496883e-002
29714	1.120440374292608e-002	1.122018454301964e-002
30009	1.092165978390636e-002	1.096478196143185e-002
30929	1.060794272298637e-002	1.071519305237607e-002
33111	1.034402641401544e-002	1.047128548050900e-002
33278	1.022321776101087e-002	1.023292992280754e-002
33982	9.930881447584583e-003	1.000000000000000e-002
35138	9.417110531599993e-003	9.549925860214359e-003
36210	9.321338504282184e-003	9.332543007969915e-003
36766	9.089691486251161e-003	9.120108393559097e-003
37864	8.715574948232718e-003	8.912509381337459e-003
37955	8.559658640455714e-003	8.709635899560805e-003
39749	8.429074640545098e-003	8.511380382023768e-003
40377	8.094519009206214e-003	8.128305161640995e-003
41791	7.763484921412100e-003	7.943282347242814e-003
41853	7.756715811147674e-003	7.762471166286920e-003
42416	7.238623523090015e-003	7.244359600749898e-003
44419	7.068373395881067e-003	7.079457843841380e-003
48229	6.917899662143956e-003	6.918309709189363e-003
48300	6.621054987758668e-003	6.760829753919818e-003
49245	6.605831556463437e-003	6.606934480075957e-003
51599	6.453118939511171e-003	6.456542290346556e-003
58438	6.295435920443904e-003	6.309573444801930e-003
60602	6.162282603954239e-003	6.165950018614822e-003
68458	5.888417722613171e-003	5.888436553555890e-003
77583	5.649007662888561e-003	5.754399373371567e-003
82863	5.535474965635667e-003	5.623413251903491e-003
89962	5.439273481436246e-003	5.495408738576248e-003
93047	5.272565389969453e-003	5.370317963702527e-003
97592	5.160177277376832e-003	5.248074602497728e-003
98894	5.128413412521571e-003	5.128613839913648e-003
99171	4.819371684539053e-003	4.897788193684461e-003
102845	4.664278755481699e-003	4.677351412871981e-003
112313	4.495624054473901e-003	4.570881896148752e-003
116333	4.458172583080677e-003	4.466835921509631e-003
137256	4.318698076821503e-003	4.365158322401661e-003
139268	4.206270335845974e-003	4.265795188015926e-003
146945	4.132828087392015e-003	4.168693834703355e-003
152622	3.977402643684624e-003	3.981071705534973e-003
152679	3.815731563278746e-003	3.890451449942805e-003
157152	3.801164176449157e-003	3.801893963205613e-003
174571	3.666885372651585e-003	3.715352290971724e-003
181771	3.613011000684674e-003	3.630780547701014e-003
188106	3.533920349069297e-003	3.548133892335753e-003
192273	3.465631543240644e-003	3.467368504525317e-003
192521	3.342439690193877e-003	3.388441561392024e-003
193396	3.303799415744435e-003	3.311311214825911e-003
200578	3.235907024010887e-003	3.235936569296281e-003
209190	3.161977970951635e-003	3.162277660168379e-003
220405	3.090088639158273e-003	3.090295432513592e-003
233471	2.829328354725158e-003	2.884031503126606e-003
238589	2.817043104348715e-003	2.818382931264455e-003
245735	2.712858833946008e-003	2.754228703338166e-003
251478	2.688231446130507e-003	2.691534803926917e-003
258038	2.606271896988477e-003	2.630267991895381e-003
259296	2.565362675548855e-003	2.570395782768865e-003
273869	2.506517614735193e-003	2.511886431509579e-003
278784	2.454055929229204e-003	2.454708915685031e-003
283620	2.383717503728788e-003	2.398832919019490e-003
289516	2.332219067740393e-003	2.344228815319923e-003
300001	2.293118705845365e-003	2.344228815319923e-003
%
% index = 867, name = bbob_f008_i17_d03__bbob_f017_i18_d03
% instance = 8, reference value = 9.957089545959390e-001
% function evaluation | indicator value | target hit
1	1.798173846751591e+014	1.819700858609983e+014
2	9.183053305441169e+007	9.332543007969905e+007
3	3.120026523315334e+007	3.162277660168379e+007
4	1.963567509641874e+007	1.995262314968879e+007
6	2.481173002892549e+004	2.511886431509582e+004
13	1.553386273121314e+004	1.584893192461114e+004
153	6.705343610292697e+002	6.760829753919819e+002
398	4.715088370066655e+002	4.786300923226385e+002
406	4.409518063386250e+002	4.466835921509630e+002
491	1.173873305607281e+002	1.174897554939529e+002
689	1.022901341085778e+002	1.023292992280754e+002
706	3.268226313776503e+001	3.311311214825911e+001
761	9.652262555158439e+000	9.772372209558107e+000
1116	7.111446469390605e+000	7.244359600749901e+000
1144	4.326689365746939e+000	4.365158322401660e+000
1207	1.119186631162939e+000	1.122018454301963e+000
1442	5.698543994210377e-001	5.754399373371569e-001
1582	4.536098019324653e-001	4.570881896148750e-001
1606	4.247237078286320e-001	4.265795188015927e-001
1733	2.954840516496808e-001	3.019951720402016e-001
1767	2.522328342660591e-001	2.570395782768864e-001
1772	2.100371274255952e-001	2.137962089502232e-001
1814	1.869214607223956e-001	1.905460717963247e-001
1832	1.279698070269135e-001	1.288249551693134e-001
2060	1.142399428418544e-001	1.148153621496883e-001
2080	1.001836678145263e-001	1.023292992280754e-001
2103	9.858888791623222e-002	1.000000000000000e-001
2120	5.097543679789218e-002	5.128613839913648e-002
2161	4.261473700119223e-002	4.265795188015926e-002
2171	4.123957815496293e-002	4.168693834703355e-002
2188	3.659561085046748e-002	3.715352290971726e-002
2200	3.031583573448426e-002	3.090295432513590e-002
2223	2.913454873519572e-002	2.951209226666385e-002
2373	2.690228312857967e-002	2.691534803926915e-002
2425	2.356063194206148e-002	2.398832919019490e-002
2440	1.713274940840370e-002	1.737800828749376e-002
2461	1.624202395132790e-002	1.659586907437561e-002
2467	1.556056115629600e-002	1.584893192461113e-002
2473	1.542907971384577e-002	1.548816618912481e-002
2504	1.502748976136259e-002	1.513561248436208e-002
2606	1.423481213290612e-002	1.445439770745927e-002
2616	1.180895906434776e-002	1.202264434617413e-002
2655	1.091368097399503e-002	1.096478196143185e-002
2696	1.010598090027348e-002	1.023292992280754e-002
2793	8.465326581895805e-003	8.511380382023768e-003
2815	8.133864368782384e-003	8.317637711026709e-003
2822	7.971347352294989e-003	8.128305161640995e-003
2832	7.916011722607141e-003	7.943282347242814e-003
2864	7.703085692241318e-003	7.762471166286920e-003
2869	7.452564097795156e-003	7.585775750291836e-003
2940	7.327845892517448e-003	7.413102413009177e-003
3036	7.109392832334471e-003	7.244359600749898e-003
3042	7.052066133721557e-003	7.079457843841380e-003
3128	6.880051923312869e-003	6.918309709189363e-003
3158	6.685703219485917e-003	6.760829753919818e-003
3367	6.554486101735479e-003	6.606934480075957e-003
3514	6.444432446481185e-003	6.456542290346556e-003
3711	6.268346774382594e-003	6.309573444801930e-003
3828	6.151546896851601e-003	6.165950018614822e-003
4257	6.019854632207666e-003	6.025595860743574e-003
5271	5.888125403436750e-003	5.888436553555890e-003
5582	4.342342982520675e-003	4.365158322401661e-003
6138	4.258891749404636e-003	4.265795188015926e-003
6846	4.128688073968823e-003	4.168693834703355e-003
6927	3.970544373894991e-003	3.981071705534973e-003
6965	3.815052899360349e-003	3.890451449942805e-003
6968	3.790630173326148e-003	3.801893963205613e-003
7434	3.712318708702922e-003	3.715352290971724e-003
7833	3.629936555675006e-003	3.630780547701014e-003
10064	3.541716088369951e-003	3.548133892335753e-003
11755	3.463832660790867e-003	3.467368504525317e-003
14495	3.315784607004879e-003	3.388441561392024e-003
15084	3.298925121252294e-003	3.311311214825911e-003
15874	2.857609682178852e-003	2.884031503126606e-003
16182	2.464978512049632e-003	2.511886431509579e-003
18077	2.446514657293952e-003	2.454708915685031e-003
21480	2.392230333076895e-003	2.398832919019490e-003
23337	2.031018078434199e-003	2.041737944669530e-003
25424	1.971295799685358e-003	1.995262314968879e-003
29763	1.928550864051637e-003	1.949844599758046e-003
32123	1.890063295187927e-003	1.905460717963246e-003
36712	1.857828915545534e-003	1.862087136662868e-003
37208	1.772466008568063e-003	1.778279410038923e-003
37259	1.688582095539348e-003	1.698243652461744e-003
40611	1.519323856255306e-003	1.548816618912481e-003
41000	1.513196231704539e-003	1.513561248436209e-003
43473	1.114193690310072e-003	1.122018454301963e-003
46864	1.096020716426671e-003	1.096478196143185e-003
50900	1.045546937464392e-003	1.047128548050900e-003
57071	1.008039181944143e-003	1.023292992280754e-003
59912	9.945538610753868e-004	1.000000000000000e-003
62092	8.596225688278780e-004	8.709635899560805e-004
66202	8.035551861458323e-004	8.128305161640995e-004
70691	7.797821199795330e-004	7.943282347242813e-004
72360	7.747100374481120e-004	7.762471166286919e-004
74025	6.838923162373334e-004	6.918309709189362e-004
76674	5.186346164952616e-004	5.248074602497728e-004
84623	5.128259640947430e-004	5.128613839913648e-004
102558	4.790084237379366e-004	4.897788193684461e-004
104738	4.784449468069330e-004	4.786300923226385e-004
107099	4.573833088887813e-004	4.677351412871981e-004
107888	4.539367390201665e-004	4.570881896148752e-004
109124	4.418649698954003e-004	4.466835921509631e-004
111746	4.273493896784775e-004	4.365158322401661e-004
111998	4.245159678013533e-004	4.265795188015926e-004
112354	4.141574337694909e-004	4.168693834703355e-004
115446	4.061164879685109e-004	4.073802778041126e-004
120109	3.979230158362990e-004	3.981071705534974e-004
130431	3.721143629030754e-004	3.801893963205612e-004
139988	3.625532518479746e-004	3.630780547701014e-004
146811	3.396001185118625e-004	3.467368504525317e-004
153385	3.388178269925213e-004	3.388441561392024e-004
157514	3.138983342597657e-004	3.162277660168379e-004
182305	3.087190669921469e-004	3.090295432513592e-004
195093	2.817571317148548e-004	2.818382931264455e-004
209639	2.737479610754878e-004	2.754228703338166e-004
210811	2.684858081454244e-004	2.691534803926917e-004
222346	2.305451791287938e-004	2.344228815319923e-004
226451	2.277039631068956e-004	2.290867652767772e-004
236029	2.235432680383065e-004	2.238721138568340e-004
253220	2.031368683639290e-004	2.041737944669530e-004
262439	1.978799411945786e-004	1.995262314968879e-004
264948	1.896096122965263e-004	1.905460717963246e-004
273115	1.656971160555187e-004	1.659586907437562e-004
275766	1.583506798337186e-004	1.584893192461114e-004
289838	1.490042003371439e-004	1.513561248436209e-004
290188	1.478732606553512e-004	1.479108388168207e-004
297145	1.418062521383323e-004	1.445439770745928e-004
298527	1.410318122256893e-004	1.412537544622754e-004
300001	1.409734351595082e-004	1.412537544622754e-004
%
% index = 868, name = bbob_f008_i19_d03__bbob_f017_i21_d03
% instance = 9, reference value = 9.873574547244089e-001
% function evaluation | indicator value | target hit
1	1.458834837588283e+006	1.479108388168207e+006
2	6.925294681463351e+005	7.079457843841374e+005
3	2.245232284117026e+005	2.290867652767775e+005
6	3.861020558993332e+002	3.890451449942805e+002
153	7.702415662925210e+001	7.762471166286916e+001
360	5.494416135607488e+001	5.495408738576246e+001
414	2.822385169166978e+001	2.884031503126606e+001
490	8.169693958951891e+000	8.317637711026711e+000
508	5.463457494129024e+000	5.495408738576245e+000
667	5.305059828418596e+000	5.370317963702528e+000
696	3.649013184735909e+000	3.715352290971725e+000
738	1.461167399916909e+000	1.479108388168207e+000
917	8.959734637743575e-001	9.120108393559098e-001
1093	8.106869477305608e-001	8.128305161640993e-001
1121	7.348838051229084e-001	7.413102413009175e-001
1222	5.573705065897124e-001	5.623413251903491e-001
1223	3.826374913701948e-001	3.890451449942806e-001
1242	3.603834313713693e-001	3.630780547701014e-001
1304	3.456421739742825e-001	3.467368504525316e-001
1392	2.874244136835005e-001	2.884031503126606e-001
1414	2.768535073419384e-001	2.818382931264454e-001
1440	2.476321442526493e-001	2.511886431509580e-001
1468	1.448761174338251e-001	1.479108388168208e-001
1484	1.443111274570804e-001	1.445439770745928e-001
1497	1.211067633220059e-001	1.230268770812382e-001
1498	1.189666998035039e-001	1.202264434617413e-001
1538	1.152771612972873e-001	1.174897554939529e-001
1574	1.066105213503913e-001	1.071519305237607e-001
1595	8.408380828937889e-002	8.511380382023763e-002
1620	7.117162239098940e-002	7.244359600749903e-002
1640	7.019576517633197e-002	7.079457843841380e-002
1657	6.865862277770218e-002	6.918309709189366e-002
1762	6.663493694410227e-002	6.760829753919818e-002
1846	6.493050975773096e-002	6.606934480075961e-002
1851	5.266127782615826e-002	5.370317963702527e-002
1858	5.220180532455587e-002	5.248074602497726e-002
1910	5.082432543773530e-002	5.128613839913648e-002
1922	4.917409547504281e-002	5.011872336272722e-002
1923	4.888051874743016e-002	4.897788193684461e-002
1944	4.758829355268424e-002	4.786300923226383e-002
1960	4.554606408602513e-002	4.570881896148749e-002
2022	4.447906655874112e-002	4.466835921509630e-002
2026	3.892096199839423e-002	3.981071705534973e-002
2053	3.534594165274541e-002	3.548133892335755e-002
2076	3.366413846432792e-002	3.388441561392026e-002
2078	3.262364324971134e-002	3.311311214825911e-002
2079	3.153531384161779e-002	3.162277660168379e-002
2223	2.973958473152472e-002	3.019951720402016e-002
2365	2.930291798158025e-002	2.951209226666385e-002
2368	2.834214638503041e-002	2.884031503126606e-002
2412	2.767572608158464e-002	2.818382931264454e-002
2413	2.750120102343123e-002	2.754228703338166e-002
2449	2.428510586430066e-002	2.454708915685030e-002
2492	2.101346913605684e-002	2.137962089502233e-002
2511	1.920494894958902e-002	1.949844599758046e-002
2574	1.603707611748528e-002	1.621810097358930e-002
2713	1.575792197853898e-002	1.584893192461113e-002
3091	1.483738038802918e-002	1.513561248436208e-002
3202	1.473676259533974e-002	1.479108388168207e-002
3351	1.436412906532936e-002	1.445439770745927e-002
3622	1.372425990592119e-002	1.380384264602885e-002
3722	1.338015185140407e-002	1.348962882591653e-002
3759	1.306483735496467e-002	1.318256738556408e-002
3933	1.287105653985232e-002	1.288249551693134e-002
4234	1.257105986111107e-002	1.258925411794168e-002
4474	1.225578792967275e-002	1.230268770812382e-002
4703	1.121549555578771e-002	1.122018454301964e-002
5341	1.075638455283257e-002	1.096478196143185e-002
5368	1.069678176347355e-002	1.071519305237607e-002
5545	1.035897844610656e-002	1.047128548050900e-002
6311	1.001251618035159e-002	1.023292992280754e-002
6397	9.949708581174943e-003	1.000000000000000e-002
7145	9.727208254747377e-003	9.772372209558112e-003
7909	9.410002926336092e-003	9.549925860214359e-003
8778	9.277743168917163e-003	9.332543007969915e-003
8964	8.905684486309018e-003	8.912509381337459e-003
9196	8.654794500861818e-003	8.709635899560805e-003
11538	8.507774708241822e-003	8.511380382023768e-003
11957	8.110909024089841e-003	8.128305161640995e-003
11980	7.880734030738523e-003	7.943282347242814e-003
12971	7.473270965681400e-003	7.585775750291836e-003
13190	7.219219092380658e-003	7.244359600749898e-003
13228	6.967176597008185e-003	7.079457843841380e-003
14491	6.591133955156980e-003	6.606934480075957e-003
14628	6.412371396604555e-003	6.456542290346556e-003
15478	6.195993564952373e-003	6.309573444801930e-003
16228	6.155471821873704e-003	6.165950018614822e-003
19369	5.997125686087679e-003	6.025595860743574e-003
20177	5.779746090545879e-003	5.888436553555890e-003
20875	5.753861295202611e-003	5.754399373371567e-003
23510	5.585739985582872e-003	5.623413251903491e-003
24833	5.453276190019007e-003	5.495408738576248e-003
26084	5.151959630943170e-003	5.248074602497728e-003
26534	5.128319505483092e-003	5.128613839913648e-003
26565	4.761856421467536e-003	4.786300923226385e-003
30079	4.485286832644597e-003	4.570881896148752e-003
30240	4.462182375612023e-003	4.466835921509631e-003
32469	4.349925679319799e-003	4.365158322401661e-003
32471	4.167400756469264e-003	4.168693834703355e-003
32599	3.930873801578083e-003	3.981071705534973e-003
33914	3.865172513606852e-003	3.890451449942805e-003
35671	3.753311542001425e-003	3.801893963205613e-003
36745	3.714386043708995e-003	3.715352290971724e-003
38393	3.343083998635366e-003	3.388441561392024e-003
40132	3.146684692472812e-003	3.162277660168379e-003
45901	3.082700981921982e-003	3.090295432513592e-003
53441	3.016806578920783e-003	3.019951720402016e-003
56710	2.914273834218051e-003	2.951209226666387e-003
64124	2.871207911752993e-003	2.884031503126606e-003
136021	2.818382075098325e-003	2.818382931264455e-003
300001	2.797228876179059e-003	2.818382931264455e-003
%
% index = 869, name = bbob_f008_i21_d03__bbob_f017_i22_d03
% instance = 10, reference value = 9.766660599733360e-001
% function evaluation | indicator value | target hit
1	2.507483926854050e+008	2.511886431509582e+008
3	5.826995634833632e+007	5.888436553555884e+007
4	3.454320104769794e+007	3.467368504525317e+007
5	3.283795498451817e+007	3.311311214825908e+007
6	3.440200027864520e+004	3.467368504525317e+004
13	1.950699309147662e+004	1.995262314968879e+004
116	8.754096085669440e+003	8.912509381337459e+003
153	9.558234137841188e+002	9.772372209558112e+002
415	1.699994929083157e+002	1.737800828749376e+002
637	1.582663357181409e+002	1.584893192461114e+002
723	8.430676308073051e+001	8.511380382023764e+001
822	2.208743159791153e+001	2.238721138568340e+001
968	3.010946036825336e+000	3.019951720402016e+000
1212	8.792316674910615e-001	8.912509381337456e-001
1254	7.696082712504124e-001	7.762471166286917e-001
1568	2.861270619946971e-001	2.884031503126606e-001
1685	2.557438498623745e-001	2.570395782768864e-001
1905	2.194216571299776e-001	2.238721138568340e-001
1921	1.846710708470555e-001	1.862087136662868e-001
2066	1.602621463839420e-001	1.621810097358930e-001
2071	1.183865904415017e-001	1.202264434617413e-001
2133	1.016593708688167e-001	1.023292992280754e-001
2199	9.642438353367344e-002	9.772372209558107e-002
2232	9.476228510318807e-002	9.549925860214359e-002
2285	8.908882894502335e-002	8.912509381337455e-002
2295	8.486894319315108e-002	8.511380382023763e-002
2385	7.712026442224251e-002	7.762471166286916e-002
2449	6.660546144518798e-002	6.760829753919818e-002
2465	6.566847158822065e-002	6.606934480075961e-002
2505	6.066806057300889e-002	6.165950018614822e-002
2512	4.774980325659428e-002	4.786300923226383e-002
2551	4.130046753411698e-002	4.168693834703355e-002
2622	4.062151151722204e-002	4.073802778041128e-002
2664	3.251687486248245e-002	3.311311214825911e-002
2700	3.120068299934686e-002	3.162277660168379e-002
2737	2.823112935052252e-002	2.884031503126606e-002
2781	2.703534166066890e-002	2.754228703338166e-002
2829	2.442357723635424e-002	2.454708915685030e-002
2832	2.252996314424960e-002	2.290867652767774e-002
2894	2.209456969872448e-002	2.238721138568340e-002
2904	2.163944410954055e-002	2.187761623949553e-002
2918	2.104658323110176e-002	2.137962089502233e-002
2928	2.037564283698545e-002	2.041737944669530e-002
2958	1.990679200845336e-002	1.995262314968880e-002
3069	1.944099395588750e-002	1.949844599758046e-002
3078	1.904390908366149e-002	1.905460717963247e-002
3098	1.844909372033388e-002	1.862087136662868e-002
3116	1.813429320576532e-002	1.819700858609984e-002
3184	1.707854757843785e-002	1.737800828749376e-002
3292	1.692649406028135e-002	1.698243652461744e-002
3326	1.626649302846417e-002	1.659586907437561e-002
3387	1.586665158661282e-002	1.621810097358930e-002
3410	1.535160259491053e-002	1.548816618912481e-002
3487	1.498464361541252e-002	1.513561248436208e-002
3629	1.477659246771590e-002	1.479108388168207e-002
3746	1.435235979210559e-002	1.445439770745927e-002
3822	1.410368673450246e-002	1.412537544622754e-002
3890	1.373724782795904e-002	1.380384264602885e-002
3954	1.302179355096478e-002	1.318256738556408e-002
3990	1.287277962459987e-002	1.288249551693134e-002
4351	1.252844053336688e-002	1.258925411794168e-002
4466	1.183604327126386e-002	1.202264434617413e-002
4495	1.174133284786472e-002	1.174897554939530e-002
4507	1.119931178950062e-002	1.122018454301964e-002
4549	1.059653500343827e-002	1.071519305237607e-002
4782	1.042160693730110e-002	1.047128548050900e-002
5004	1.022998685285903e-002	1.023292992280754e-002
5072	9.974468956415628e-003	1.000000000000000e-002
5278	9.767999552256601e-003	9.772372209558112e-003
5518	9.524216763128979e-003	9.549925860214359e-003
6510	9.314717305463183e-003	9.332543007969915e-003
6735	9.037300587635522e-003	9.120108393559097e-003
7060	8.908998318056582e-003	8.912509381337459e-003
7403	8.318389259166614e-003	8.511380382023768e-003
7458	8.302394982510619e-003	8.317637711026709e-003
7500	7.785982195533725e-003	7.943282347242814e-003
7509	7.652684539033561e-003	7.762471166286920e-003
7742	7.482340843385060e-003	7.585775750291836e-003
7917	7.405877238851333e-003	7.413102413009177e-003
8246	7.075637731591145e-003	7.079457843841380e-003
8442	6.848905935834093e-003	6.918309709189363e-003
8747	6.757614886880980e-003	6.760829753919818e-003
9061	6.569621190281483e-003	6.606934480075957e-003
9648	6.385938077435149e-003	6.456542290346556e-003
9934	6.304473191969473e-003	6.309573444801930e-003
10446	6.160509830660077e-003	6.165950018614822e-003
10949	5.994760310391589e-003	6.025595860743574e-003
11348	5.794939696141088e-003	5.888436553555890e-003
11409	5.749131060236778e-003	5.754399373371567e-003
11644	5.619721466881944e-003	5.623413251903491e-003
12697	5.482499031710941e-003	5.495408738576248e-003
13662	5.362801793551530e-003	5.370317963702527e-003
14798	5.247314295198424e-003	5.248074602497728e-003
16149	5.127384364261411e-003	5.128613839913648e-003
16609	4.658819778288859e-003	4.677351412871981e-003
17326	4.567719782041735e-003	4.570881896148752e-003
18387	4.465290645011444e-003	4.466835921509631e-003
18953	4.326953087072538e-003	4.365158322401661e-003
19379	4.229100705312794e-003	4.265795188015926e-003
20051	4.108146901218746e-003	4.168693834703355e-003
20203	4.055018560799595e-003	4.073802778041126e-003
20517	3.966293758471129e-003	3.981071705534973e-003
21807	3.865271772898637e-003	3.890451449942805e-003
22641	3.661565631579600e-003	3.715352290971724e-003
23216	3.529404656003155e-003	3.548133892335753e-003
23599	3.451064270646120e-003	3.467368504525317e-003
25221	3.354309785050136e-003	3.388441561392024e-003
27147	3.299710787598165e-003	3.311311214825911e-003
27372	3.232847500956537e-003	3.235936569296281e-003
27534	3.157440042980353e-003	3.162277660168379e-003
30278	3.058052967844005e-003	3.090295432513592e-003
32382	2.996192694873501e-003	3.019951720402016e-003
33784	2.948944296112477e-003	2.951209226666387e-003
35098	2.689082344901173e-003	2.691534803926917e-003
36710	2.629443040691681e-003	2.630267991895381e-003
39340	2.559508652808962e-003	2.570395782768865e-003
41029	2.509371849075737e-003	2.511886431509579e-003
49547	2.447054175520158e-003	2.454708915685031e-003
52981	2.398617685420046e-003	2.398832919019490e-003
55432	2.343860581888624e-003	2.344228815319923e-003
56887	2.232328857548871e-003	2.238721138568340e-003
57015	2.183577658573022e-003	2.187761623949552e-003
62042	2.135640976392850e-003	2.137962089502233e-003
65686	2.063933859746570e-003	2.089296130854039e-003
70899	2.018277511146582e-003	2.041737944669530e-003
76001	1.993690361109191e-003	1.995262314968879e-003
78517	1.904749479777923e-003	1.905460717963246e-003
82143	1.831682173073834e-003	1.862087136662868e-003
85183	1.818791245549400e-003	1.819700858609983e-003
89665	1.766602898312430e-003	1.778279410038923e-003
104390	1.731615301393874e-003	1.737800828749376e-003
108441	1.670691863857932e-003	1.698243652461744e-003
118894	1.659558576900144e-003	1.659586907437561e-003
144915	1.608009116858766e-003	1.621810097358930e-003
169958	1.584062998093327e-003	1.584893192461114e-003
185451	1.538970481954949e-003	1.548816618912481e-003
196386	1.513198919516956e-003	1.513561248436209e-003
210516	1.473037713121239e-003	1.479108388168207e-003
234224	1.445433146490260e-003	1.445439770745928e-003
252109	1.375635223282767e-003	1.380384264602885e-003
274799	1.339437311221325e-003	1.348962882591653e-003
300001	1.329667250314692e-003	1.348962882591653e-003
