%
% index = 1040, name = bbob_f017_i02_d03__bbob_f017_i04_d03
% instance = 1, reference value = 9.691438023942470e-001
% function evaluation | indicator value | target hit
1	3.235522475181544e+004	3.235936569296281e+004
6	4.834784174402132e+001	4.897788193684461e+001
259	3.430033060971420e+001	3.467368504525317e+001
307	1.457506599842247e+000	1.479108388168207e+000
452	1.331604852722747e+000	1.348962882591654e+000
465	5.346178014349193e-001	5.370317963702527e-001
712	4.270188496104144e-001	4.365158322401660e-001
732	4.077612361648605e-001	4.168693834703354e-001
781	3.913093585322027e-001	3.981071705534973e-001
829	3.208645866226988e-001	3.235936569296283e-001
839	3.085299339017577e-001	3.090295432513591e-001
871	2.409810693690454e-001	2.454708915685031e-001
887	2.355165927914898e-001	2.398832919019490e-001
994	2.285374030129755e-001	2.290867652767773e-001
1009	2.192172429643574e-001	2.238721138568340e-001
1059	2.061796979750715e-001	2.089296130854039e-001
1155	2.016136745743722e-001	2.041737944669530e-001
1207	1.867037352183992e-001	1.905460717963247e-001
1243	1.843254096427318e-001	1.862087136662868e-001
1280	1.686691997913018e-001	1.698243652461744e-001
1326	1.553941298853829e-001	1.584893192461113e-001
1332	1.379318056004412e-001	1.380384264602885e-001
1351	1.336637132318175e-001	1.348962882591654e-001
1379	1.283572475160425e-001	1.288249551693134e-001
1402	1.075301242438388e-001	1.096478196143185e-001
1443	8.754845987834059e-002	8.912509381337455e-002
1479	8.627973514798515e-002	8.709635899560805e-002
1526	7.975716470687444e-002	8.128305161640990e-002
1553	7.077642070998569e-002	7.079457843841380e-002
1573	6.471005359777848e-002	6.606934480075961e-002
1591	6.377941186587577e-002	6.456542290346556e-002
1616	6.291605372327269e-002	6.309573444801933e-002
1640	5.427010819005418e-002	5.495408738576246e-002
1681	4.896332405407622e-002	4.897788193684461e-002
1775	4.714583339526812e-002	4.786300923226383e-002
1818	4.526705994571534e-002	4.570881896148749e-002
1973	4.406589058581067e-002	4.466835921509630e-002
2077	4.357279833167316e-002	4.365158322401658e-002
2406	3.584418863645122e-002	3.630780547701014e-002
2621	3.505500361994951e-002	3.548133892335755e-002
2625	3.421490671706784e-002	3.467368504525317e-002
2660	3.207555290097708e-002	3.235936569296283e-002
2889	3.054245533463285e-002	3.090295432513590e-002
3116	3.017954312043070e-002	3.019951720402016e-002
3369	2.920022124967836e-002	2.951209226666385e-002
3747	2.883772844081711e-002	2.884031503126606e-002
3841	2.713741805652736e-002	2.754228703338166e-002
3935	2.209824083560863e-002	2.238721138568340e-002
3953	2.177480687078903e-002	2.187761623949553e-002
4267	2.108631766918967e-002	2.137962089502233e-002
4524	2.088397873337944e-002	2.089296130854040e-002
4690	2.030904519841870e-002	2.041737944669530e-002
4962	1.863076443400669e-002	1.905460717963247e-002
5059	1.794514290425553e-002	1.819700858609984e-002
5126	1.760526235674165e-002	1.778279410038923e-002
5628	1.711696963097942e-002	1.737800828749376e-002
5801	1.648713583252814e-002	1.659586907437561e-002
6166	1.547793914739259e-002	1.548816618912481e-002
6265	1.490392317327016e-002	1.513561248436208e-002
6428	1.478912685807365e-002	1.479108388168207e-002
6638	1.440745162698420e-002	1.445439770745927e-002
6837	1.404431128728323e-002	1.412537544622754e-002
6866	1.338634350098389e-002	1.348962882591653e-002
7439	1.310982884670886e-002	1.318256738556408e-002
7654	1.257819809693694e-002	1.258925411794168e-002
7908	1.217275705005150e-002	1.230268770812382e-002
8219	1.188026277508247e-002	1.202264434617413e-002
8256	1.174700857525135e-002	1.174897554939530e-002
8296	1.124642471876391e-002	1.148153621496883e-002
8637	1.095192627077246e-002	1.096478196143185e-002
9001	1.066106484161067e-002	1.071519305237607e-002
9272	1.035524119493547e-002	1.047128548050900e-002
9431	1.018987601081567e-002	1.023292992280754e-002
10050	9.934846011001697e-003	1.000000000000000e-002
10586	9.654401776309829e-003	9.772372209558112e-003
10633	9.368857559163724e-003	9.549925860214359e-003
10784	9.303434799573851e-003	9.332543007969915e-003
11054	9.001151101947325e-003	9.120108393559097e-003
11073	8.772116385788786e-003	8.912509381337459e-003
11479	8.557201447812912e-003	8.709635899560805e-003
11490	8.507737768143286e-003	8.511380382023768e-003
12669	8.126854499295400e-003	8.128305161640995e-003
13904	7.891579019468131e-003	7.943282347242814e-003
14751	7.740637581809207e-003	7.762471166286920e-003
14814	7.190624532711243e-003	7.244359600749898e-003
15027	7.067024637304353e-003	7.079457843841380e-003
15624	6.397366546680106e-003	6.456542290346556e-003
16213	6.289997921075319e-003	6.309573444801930e-003
16587	6.023659138812976e-003	6.025595860743574e-003
17598	5.867864350080354e-003	5.888436553555890e-003
18074	5.722659277306197e-003	5.754399373371567e-003
18284	5.517495876803613e-003	5.623413251903491e-003
18491	5.477111251151801e-003	5.495408738576248e-003
18596	5.358644311468930e-003	5.370317963702527e-003
18968	5.215382140496661e-003	5.248074602497728e-003
19823	5.107904519873641e-003	5.128613839913648e-003
21010	5.004174562121877e-003	5.011872336272725e-003
21509	4.896816099217549e-003	4.897788193684461e-003
22048	4.730958572515598e-003	4.786300923226385e-003
22407	4.642576954380195e-003	4.677351412871981e-003
23148	4.564298366936614e-003	4.570881896148752e-003
24500	4.466208905147706e-003	4.466835921509631e-003
25417	4.346988674655772e-003	4.365158322401661e-003
25694	4.261842839426655e-003	4.265795188015926e-003
26198	4.126907156813853e-003	4.168693834703355e-003
27602	4.073724164168624e-003	4.073802778041126e-003
28146	3.960628715830361e-003	3.981071705534973e-003
30337	3.834119022315341e-003	3.890451449942805e-003
31288	3.801312850129079e-003	3.801893963205613e-003
32338	3.693887407011043e-003	3.715352290971724e-003
33121	3.630510076379934e-003	3.630780547701014e-003
34775	3.522158895035821e-003	3.548133892335753e-003
36719	3.451302158618219e-003	3.467368504525317e-003
38364	3.382732771267882e-003	3.388441561392024e-003
40800	3.291177120806954e-003	3.311311214825911e-003
42163	3.235638876008640e-003	3.235936569296281e-003
46614	3.125783394308579e-003	3.162277660168379e-003
47794	3.089126746396054e-003	3.090295432513592e-003
48939	2.928676228657223e-003	2.951209226666387e-003
49701	2.738878108085929e-003	2.754228703338166e-003
52308	2.626701870524828e-003	2.630267991895381e-003
52701	2.557565257350181e-003	2.570395782768865e-003
54957	2.511798057440062e-003	2.511886431509579e-003
57206	2.331520385382757e-003	2.344228815319923e-003
59162	2.227159239070575e-003	2.238721138568340e-003
61513	2.180494245250686e-003	2.187761623949552e-003
62771	2.034976789828780e-003	2.041737944669530e-003
70773	1.994197382954921e-003	1.995262314968879e-003
74864	1.947958028936325e-003	1.949844599758046e-003
79871	1.904177561272813e-003	1.905460717963246e-003
83383	1.858161619477938e-003	1.862087136662868e-003
90317	1.819563903451504e-003	1.819700858609983e-003
96462	1.777756207427150e-003	1.778279410038923e-003
101079	1.735650673717837e-003	1.737800828749376e-003
112263	1.697945654646871e-003	1.698243652461744e-003
120854	1.648765166893829e-003	1.659586907437561e-003
123852	1.621718369229197e-003	1.621810097358930e-003
129143	1.580777148512014e-003	1.584893192461114e-003
130026	1.539355101858653e-003	1.548816618912481e-003
132156	1.508029775781017e-003	1.513561248436209e-003
134431	1.476673602541223e-003	1.479108388168207e-003
140987	1.444683668675117e-003	1.445439770745928e-003
146398	1.410193664820425e-003	1.412537544622754e-003
150477	1.370696472734023e-003	1.380384264602885e-003
159225	1.339740864787165e-003	1.348962882591653e-003
164167	1.315824266485022e-003	1.318256738556408e-003
170454	1.239436199259258e-003	1.258925411794168e-003
176369	1.222105910351323e-003	1.230268770812381e-003
186590	1.147255973167560e-003	1.148153621496883e-003
192299	1.106777209177512e-003	1.122018454301963e-003
196980	1.094267744615074e-003	1.096478196143185e-003
199494	1.071404016924182e-003	1.071519305237606e-003
231313	1.004891128993601e-003	1.023292992280754e-003
235695	9.975284195571366e-004	1.000000000000000e-003
266474	9.744169075160958e-004	9.772372209558111e-004
297374	9.153809537892910e-004	9.332543007969915e-004
300001	9.144179603884917e-004	9.332543007969915e-004
%
% index = 1041, name = bbob_f017_i03_d03__bbob_f017_i05_d03
% instance = 2, reference value = 9.673189670896560e-001
% function evaluation | indicator value | target hit
1	3.674413020295752e+008	3.715352290971728e+008
4	6.576882311796952e+005	6.606934480075964e+005
6	1.150316769462489e+002	1.174897554939529e+002
411	4.417382708554083e+001	4.466835921509630e+001
436	7.741464982728461e+000	7.762471166286917e+000
498	3.519015699029156e+000	3.548133892335755e+000
608	6.400856568560804e-001	6.456542290346555e-001
616	5.196273744757379e-001	5.248074602497725e-001
861	4.468230312237789e-001	4.570881896148750e-001
913	3.024060974713321e-001	3.090295432513591e-001
1023	2.787025946085320e-001	2.818382931264454e-001
1055	2.584311460186554e-001	2.630267991895382e-001
1125	1.911589549573136e-001	1.949844599758046e-001
1225	1.883995309110306e-001	1.905460717963247e-001
1256	1.608398107714955e-001	1.621810097358930e-001
1269	1.570288183968850e-001	1.584893192461113e-001
1355	1.392575855998214e-001	1.412537544622755e-001
1386	1.365605453300107e-001	1.380384264602885e-001
1407	1.299720553712094e-001	1.318256738556407e-001
1453	1.267364844543256e-001	1.288249551693134e-001
1454	1.246540068911276e-001	1.258925411794167e-001
1479	1.159062492515806e-001	1.174897554939529e-001
1502	1.133659760078903e-001	1.148153621496883e-001
1514	1.120116484541061e-001	1.122018454301964e-001
1529	1.084680161274159e-001	1.096478196143185e-001
1550	1.021309294168362e-001	1.023292992280754e-001
1561	9.956468188489687e-002	1.000000000000000e-001
1617	9.310608166339351e-002	9.332543007969910e-002
1662	9.068391505513240e-002	9.120108393559097e-002
1694	8.175281573784021e-002	8.317637711026708e-002
1714	8.108336471349620e-002	8.128305161640990e-002
1715	7.737740923383296e-002	7.762471166286916e-002
1757	7.581520188508439e-002	7.585775750291836e-002
1803	7.123602107360405e-002	7.244359600749903e-002
1816	6.857501613165939e-002	6.918309709189366e-002
1823	6.430438132172767e-002	6.456542290346556e-002
1918	6.300074130791045e-002	6.309573444801933e-002
1946	6.073106090183156e-002	6.165950018614822e-002
2022	6.016674095538555e-002	6.025595860743578e-002
2099	5.769024509159482e-002	5.888436553555890e-002
2103	5.725581489255416e-002	5.754399373371569e-002
2327	5.603242438276113e-002	5.623413251903491e-002
2404	5.456357384365018e-002	5.495408738576246e-002
2444	5.331693773221113e-002	5.370317963702527e-002
2484	4.932855968804062e-002	5.011872336272722e-002
2503	4.805526411714856e-002	4.897788193684461e-002
2543	4.695392235151474e-002	4.786300923226383e-002
2549	4.622593514249751e-002	4.677351412871982e-002
2593	4.400717788576458e-002	4.466835921509630e-002
2766	4.327867911923788e-002	4.365158322401658e-002
2770	4.265653101484535e-002	4.265795188015926e-002
2855	4.002730450296921e-002	4.073802778041128e-002
2871	3.731800349266012e-002	3.801893963205612e-002
2889	3.631911868631743e-002	3.715352290971726e-002
3003	3.628021890973188e-002	3.630780547701014e-002
3267	3.538087058796435e-002	3.548133892335755e-002
3337	3.449727233257394e-002	3.467368504525317e-002
3390	3.337168487657694e-002	3.388441561392026e-002
3421	3.293968427616845e-002	3.311311214825911e-002
3542	3.192960809415057e-002	3.235936569296283e-002
3788	3.145429621254037e-002	3.162277660168379e-002
3983	3.070175442745193e-002	3.090295432513590e-002
3996	2.970994052167397e-002	3.019951720402016e-002
4013	2.814941896075429e-002	2.818382931264454e-002
4102	2.752485069778154e-002	2.754228703338166e-002
4248	2.579378989045456e-002	2.630267991895382e-002
4274	2.515671372567929e-002	2.570395782768863e-002
4409	2.504802511428472e-002	2.511886431509579e-002
4460	2.433903490797862e-002	2.454708915685030e-002
4580	2.395268416230312e-002	2.398832919019490e-002
4667	2.333515530758257e-002	2.344228815319923e-002
4938	2.287156807170387e-002	2.290867652767774e-002
5147	2.214701543748432e-002	2.238721138568340e-002
5185	2.173195029283037e-002	2.187761623949553e-002
5296	2.116559558407860e-002	2.137962089502233e-002
5298	1.859859122615792e-002	1.862087136662868e-002
5609	1.817184649583059e-002	1.819700858609984e-002
5817	1.754018856371131e-002	1.778279410038923e-002
5944	1.711546670299236e-002	1.737800828749376e-002
6077	1.684948477033954e-002	1.698243652461744e-002
6249	1.627549215515534e-002	1.659586907437561e-002
6273	1.607057509716925e-002	1.621810097358930e-002
6459	1.512770704049649e-002	1.513561248436208e-002
7037	1.478517458276529e-002	1.479108388168207e-002
7628	1.440355077726829e-002	1.445439770745927e-002
7760	1.405793040943193e-002	1.412537544622754e-002
7942	1.370347836898045e-002	1.380384264602885e-002
8143	1.347060956067370e-002	1.348962882591653e-002
8194	1.265768544530577e-002	1.288249551693134e-002
8211	1.255157787381001e-002	1.258925411794168e-002
8754	1.221994221130962e-002	1.230268770812382e-002
8902	1.200547790384388e-002	1.202264434617413e-002
8943	1.159695587578458e-002	1.174897554939530e-002
9059	1.095643678811031e-002	1.096478196143185e-002
9492	1.064996086035674e-002	1.071519305237607e-002
10051	1.032290372681211e-002	1.047128548050900e-002
10101	1.013845627805399e-002	1.023292992280754e-002
10501	9.952558961768165e-003	1.000000000000000e-002
10505	9.556878607018038e-003	9.772372209558112e-003
10619	9.127624286132563e-003	9.332543007969915e-003
10642	9.084235959402776e-003	9.120108393559097e-003
11185	8.878829762993701e-003	8.912509381337459e-003
12381	8.707443334113441e-003	8.709635899560805e-003
12671	8.505210117939366e-003	8.511380382023768e-003
12809	8.007491575576120e-003	8.128305161640995e-003
13040	7.849178342754337e-003	7.943282347242814e-003
13184	7.700688568097802e-003	7.762471166286920e-003
13453	7.526167213096957e-003	7.585775750291836e-003
13495	7.394321318528463e-003	7.413102413009177e-003
13514	7.236365986958981e-003	7.244359600749898e-003
14375	7.026732380553846e-003	7.079457843841380e-003
14574	6.882457483827098e-003	6.918309709189363e-003
15290	6.734425176595171e-003	6.760829753919818e-003
16643	6.560258896251558e-003	6.606934480075957e-003
17213	6.389658418236133e-003	6.456542290346556e-003
17286	6.289006313465628e-003	6.309573444801930e-003
17890	6.086069128337091e-003	6.165950018614822e-003
18128	5.975109815977819e-003	6.025595860743574e-003
18678	5.867414543470506e-003	5.888436553555890e-003
19111	5.708007656947012e-003	5.754399373371567e-003
20277	5.618246852574615e-003	5.623413251903491e-003
20715	5.451074439611237e-003	5.495408738576248e-003
20961	5.311104401170885e-003	5.370317963702527e-003
21674	4.964485062346924e-003	5.011872336272725e-003
22106	4.889972241558738e-003	4.897788193684461e-003
22348	4.745529135424809e-003	4.786300923226385e-003
22791	4.670779616940735e-003	4.677351412871981e-003
23470	4.542982399244666e-003	4.570881896148752e-003
24074	4.458742121911441e-003	4.466835921509631e-003
24499	4.344283924814452e-003	4.365158322401661e-003
25290	4.262549173025709e-003	4.265795188015926e-003
25821	4.165314051413183e-003	4.168693834703355e-003
27144	3.978710899138371e-003	3.981071705534973e-003
28238	3.870402408093665e-003	3.890451449942805e-003
29826	3.797097951345640e-003	3.801893963205613e-003
30652	3.705634922125167e-003	3.715352290971724e-003
31171	3.505556843502178e-003	3.548133892335753e-003
31423	3.466694737622511e-003	3.467368504525317e-003
33228	3.384559421879874e-003	3.388441561392024e-003
35293	3.309319008123923e-003	3.311311214825911e-003
37006	3.235066283157395e-003	3.235936569296281e-003
38292	3.139239727557475e-003	3.162277660168379e-003
39869	3.073610210020616e-003	3.090295432513592e-003
42700	3.019569679511780e-003	3.019951720402016e-003
46580	2.913621207297434e-003	2.951209226666387e-003
47348	2.882248416972599e-003	2.884031503126606e-003
47609	2.797621850485710e-003	2.818382931264455e-003
51281	2.740444505218487e-003	2.754228703338166e-003
51708	2.600662679449028e-003	2.630267991895381e-003
55042	2.567814257769752e-003	2.570395782768865e-003
57772	2.511058644468101e-003	2.511886431509579e-003
59914	2.405730735092870e-003	2.454708915685031e-003
60819	2.398137664197497e-003	2.398832919019490e-003
62001	2.250948186276469e-003	2.290867652767772e-003
62438	2.238534526626923e-003	2.238721138568340e-003
62747	2.137921767760509e-003	2.137962089502233e-003
63281	2.088963695762280e-003	2.089296130854039e-003
65512	2.024943229980480e-003	2.041737944669530e-003
65637	1.992723393370643e-003	1.995262314968879e-003
67099	1.949641340150188e-003	1.949844599758046e-003
69833	1.893679970273565e-003	1.905460717963246e-003
74039	1.857538114016899e-003	1.862087136662868e-003
76744	1.818743224535013e-003	1.819700858609983e-003
81753	1.748513056839096e-003	1.778279410038923e-003
82017	1.710290507959456e-003	1.737800828749376e-003
84477	1.697743961011966e-003	1.698243652461744e-003
88144	1.654231623711588e-003	1.659586907437561e-003
96441	1.621282647883082e-003	1.621810097358930e-003
104273	1.584519542131124e-003	1.584893192461114e-003
107509	1.536533396890416e-003	1.548816618912481e-003
113972	1.513366937773486e-003	1.513561248436209e-003
118886	1.457793655858741e-003	1.479108388168207e-003
123915	1.445248230577234e-003	1.445439770745928e-003
129099	1.401942057513650e-003	1.412537544622754e-003
134330	1.372279853899427e-003	1.380384264602885e-003
139840	1.328034637506415e-003	1.348962882591653e-003
140605	1.308429262454336e-003	1.318256738556408e-003
144553	1.274881724770749e-003	1.288249551693134e-003
154144	1.258262169140267e-003	1.258925411794168e-003
159793	1.229801750637916e-003	1.230268770812381e-003
163438	1.176849796887369e-003	1.202264434617413e-003
165075	1.174790516291324e-003	1.174897554939529e-003
171851	1.128416441710911e-003	1.148153621496883e-003
175455	1.121977306639543e-003	1.122018454301963e-003
175656	1.066417701775624e-003	1.071519305237606e-003
179704	1.030712888888674e-003	1.047128548050900e-003
182375	1.023239393913022e-003	1.023292992280754e-003
193748	9.986855247394733e-004	1.000000000000000e-003
201643	9.772228804949545e-004	9.772372209558111e-004
215194	9.529137185894099e-004	9.549925860214359e-004
222248	9.328330597940804e-004	9.332543007969915e-004
223869	9.065579546477798e-004	9.120108393559096e-004
236607	8.848906589641326e-004	8.912509381337459e-004
239162	8.436946509489118e-004	8.511380382023768e-004
249276	8.150860955221662e-004	8.317637711026709e-004
249886	8.061578442095652e-004	8.128305161640995e-004
253178	7.866142201841120e-004	7.943282347242813e-004
260031	7.761818816377497e-004	7.762471166286919e-004
271926	7.584438789123293e-004	7.585775750291835e-004
278368	7.370084992759374e-004	7.413102413009177e-004
283450	7.169643878428555e-004	7.244359600749898e-004
286735	6.968770328283913e-004	7.079457843841380e-004
287178	6.803423531236419e-004	6.918309709189362e-004
287713	6.727788975547933e-004	6.760829753919819e-004
291423	6.559990156910223e-004	6.606934480075958e-004
300001	6.520046053452022e-004	6.606934480075958e-004
%
% index = 1042, name = bbob_f017_i07_d03__bbob_f017_i08_d03
% instance = 3, reference value = 9.130011042678320e-001
% function evaluation | indicator value | target hit
1	9.141580356294528e+011	9.332543007969924e+011
2	1.884030115664133e+007	1.905460717963248e+007
5	3.773692684400792e+005	3.801893963205612e+005
6	8.173203504716071e+001	8.317637711026708e+001
599	2.054477517489527e+001	2.089296130854040e+001
605	1.898162096128222e+001	1.905460717963247e+001
633	1.549744710569444e+001	1.584893192461113e+001
677	2.898595383903234e+000	2.951209226666386e+000
727	2.407246701663603e+000	2.454708915685031e+000
802	1.116402151529965e+000	1.122018454301963e+000
851	7.689702701585552e-001	7.762471166286917e-001
902	7.157057200517822e-001	7.244359600749900e-001
1044	6.901454843292760e-001	6.918309709189364e-001
1161	5.500748973285031e-001	5.623413251903491e-001
1179	4.892482628616804e-001	4.897788193684462e-001
1191	4.150453604011477e-001	4.168693834703354e-001
1209	3.910593539966883e-001	3.981071705534973e-001
1258	2.862876942176281e-001	2.884031503126606e-001
1271	2.665024870833826e-001	2.691534803926916e-001
1367	2.474986140164257e-001	2.511886431509580e-001
1376	2.308635973159782e-001	2.344228815319922e-001
1424	2.257230153263320e-001	2.290867652767773e-001
1467	1.978780794214315e-001	1.995262314968880e-001
1580	1.912790575668463e-001	1.949844599758046e-001
1605	1.825782920021449e-001	1.862087136662868e-001
1606	1.797069378724664e-001	1.819700858609984e-001
1639	1.629650182509068e-001	1.659586907437561e-001
1676	1.275226383947488e-001	1.288249551693134e-001
1723	1.251233694401824e-001	1.258925411794167e-001
1743	1.218356800771476e-001	1.230268770812382e-001
1827	1.095772597972390e-001	1.096478196143185e-001
1860	1.066417761499078e-001	1.071519305237607e-001
2104	1.024359980433904e-001	1.047128548050900e-001
2169	9.273030741573929e-002	9.332543007969910e-002
2198	9.092778878589003e-002	9.120108393559097e-002
2274	8.866694297051925e-002	8.912509381337455e-002
2326	8.310279064290693e-002	8.317637711026708e-002
2444	7.878071242664653e-002	7.943282347242814e-002
2490	7.743069946559056e-002	7.762471166286916e-002
2587	7.471453547566076e-002	7.585775750291836e-002
2603	7.179650698247442e-002	7.244359600749903e-002
2677	7.059727338247424e-002	7.079457843841380e-002
2877	6.914800773910146e-002	6.918309709189366e-002
2922	6.696850045239000e-002	6.760829753919818e-002
3182	6.526401791812675e-002	6.606934480075961e-002
3270	6.198091698105890e-002	6.309573444801933e-002
3278	5.696950747710727e-002	5.754399373371569e-002
3818	5.273620968206683e-002	5.370317963702527e-002
3837	5.192858660931587e-002	5.248074602497726e-002
3877	5.108803993807232e-002	5.128613839913648e-002
4045	4.917480171006583e-002	5.011872336272722e-002
4128	4.815183405488266e-002	4.897788193684461e-002
4367	4.566045128914975e-002	4.570881896148749e-002
4408	4.323429903606790e-002	4.365158322401658e-002
4550	4.230658999506809e-002	4.265795188015926e-002
4642	4.056549057308234e-002	4.073802778041128e-002
5124	3.941760643898473e-002	3.981071705534973e-002
5186	3.834498867896852e-002	3.890451449942807e-002
5338	3.658445666728705e-002	3.715352290971726e-002
5732	3.469544914292067e-002	3.548133892335755e-002
5787	3.464617251250446e-002	3.467368504525317e-002
6132	3.245524947930745e-002	3.311311214825911e-002
6154	3.233859839582487e-002	3.235936569296283e-002
6428	3.160575510024077e-002	3.162277660168379e-002
6533	3.085210950492856e-002	3.090295432513590e-002
7484	3.002566717759903e-002	3.019951720402016e-002
7864	2.919679752817495e-002	2.951209226666385e-002
8219	2.836822815570894e-002	2.884031503126606e-002
8585	2.794481275168714e-002	2.818382931264454e-002
8869	2.692994846463992e-002	2.754228703338166e-002
8877	2.640616965126297e-002	2.691534803926915e-002
9007	2.564894945065799e-002	2.570395782768863e-002
9389	2.497752655303875e-002	2.511886431509579e-002
9621	2.453781192107696e-002	2.454708915685030e-002
9730	2.342694625511410e-002	2.344228815319923e-002
10202	2.250629961996864e-002	2.290867652767774e-002
10274	2.205306658311856e-002	2.238721138568340e-002
10323	2.105255947901163e-002	2.137962089502233e-002
10691	2.064178112765436e-002	2.089296130854040e-002
10781	1.994335989426932e-002	1.995262314968880e-002
11133	1.857037563665631e-002	1.862087136662868e-002
11298	1.803939141017585e-002	1.819700858609984e-002
11634	1.770218767604681e-002	1.778279410038923e-002
11732	1.719479099010979e-002	1.737800828749376e-002
12091	1.592342704657623e-002	1.621810097358930e-002
12418	1.577401228555253e-002	1.584893192461113e-002
12488	1.522279842918628e-002	1.548816618912481e-002
12830	1.496500450173510e-002	1.513561248436208e-002
12909	1.477386786471313e-002	1.479108388168207e-002
13109	1.438998890537779e-002	1.445439770745927e-002
13483	1.412234606706386e-002	1.412537544622754e-002
14140	1.353955900131654e-002	1.380384264602885e-002
14362	1.346335711420754e-002	1.348962882591653e-002
14837	1.317536996580937e-002	1.318256738556408e-002
15156	1.285512058516303e-002	1.288249551693134e-002
15169	1.252814875444985e-002	1.258925411794168e-002
16180	1.223656326695732e-002	1.230268770812382e-002
16989	1.188965945531251e-002	1.202264434617413e-002
17555	1.174362676046459e-002	1.174897554939530e-002
18136	1.140464126230611e-002	1.148153621496883e-002
18706	1.117028647760032e-002	1.122018454301964e-002
18933	1.096405789665689e-002	1.096478196143185e-002
20159	1.070760828412032e-002	1.071519305237607e-002
20239	1.040846471968149e-002	1.047128548050900e-002
21332	1.023192447666377e-002	1.023292992280754e-002
22116	9.957086000582094e-003	1.000000000000000e-002
22811	9.763126949896450e-003	9.772372209558112e-003
23009	9.372707278094694e-003	9.549925860214359e-003
23356	9.322686441165851e-003	9.332543007969915e-003
23812	9.108365008055674e-003	9.120108393559097e-003
24596	8.714414606422416e-003	8.912509381337459e-003
24679	8.684344267918309e-003	8.709635899560805e-003
25605	8.510217218026805e-003	8.511380382023768e-003
26860	8.213233250628615e-003	8.317637711026709e-003
27431	8.068043133344638e-003	8.128305161640995e-003
29248	7.939662711127338e-003	7.943282347242814e-003
31461	7.591398605490407e-003	7.762471166286920e-003
31551	7.577338168091252e-003	7.585775750291836e-003
32892	7.397501548323193e-003	7.413102413009177e-003
33530	7.236991880570587e-003	7.244359600749898e-003
35946	7.065803288052730e-003	7.079457843841380e-003
38314	6.914179138385546e-003	6.918309709189363e-003
40162	6.760746211302848e-003	6.760829753919818e-003
43213	6.602146064862091e-003	6.606934480075957e-003
45655	6.445541598130045e-003	6.456542290346556e-003
48617	6.297574464521172e-003	6.309573444801930e-003
52343	6.165579966911916e-003	6.165950018614822e-003
53071	5.888682679696333e-003	6.025595860743574e-003
53073	5.888404279079662e-003	5.888436553555890e-003
57565	5.739430817015112e-003	5.754399373371567e-003
59349	5.541106891286951e-003	5.623413251903491e-003
61379	5.246647190602194e-003	5.248074602497728e-003
61874	5.119944970472412e-003	5.128613839913648e-003
64734	4.912320633333800e-003	5.011872336272725e-003
65024	4.888765606289147e-003	4.897788193684461e-003
67143	4.740411914984533e-003	4.786300923226385e-003
69404	4.622655720886271e-003	4.677351412871981e-003
70524	4.568302582074413e-003	4.570881896148752e-003
73543	4.466185779039789e-003	4.466835921509631e-003
78506	4.364393101098929e-003	4.365158322401661e-003
84304	4.265778788522745e-003	4.265795188015926e-003
92155	4.168340405236615e-003	4.168693834703355e-003
95610	4.073344206569463e-003	4.073802778041126e-003
108126	3.980826689902739e-003	3.981071705534973e-003
112741	3.882593512616772e-003	3.890451449942805e-003
116322	3.793242466820002e-003	3.801893963205613e-003
124585	3.706021130588266e-003	3.715352290971724e-003
133077	3.629849980479216e-003	3.630780547701014e-003
145969	3.544784440881577e-003	3.548133892335753e-003
149912	3.461092966148494e-003	3.467368504525317e-003
150571	3.190396086106939e-003	3.235936569296281e-003
160298	3.158317014753886e-003	3.162277660168379e-003
169665	3.087327012259777e-003	3.090295432513592e-003
179757	2.996640218644320e-003	3.019951720402016e-003
191720	2.949798267629977e-003	2.951209226666387e-003
231719	2.882300799954551e-003	2.884031503126606e-003
291634	2.817256035442251e-003	2.818382931264455e-003
300001	2.812557667395965e-003	2.818382931264455e-003
%
% index = 1043, name = bbob_f017_i09_d03__bbob_f017_i10_d03
% instance = 4, reference value = 8.264724921589089e-001
% function evaluation | indicator value | target hit
1	3.427128635351672e+004	3.467368504525317e+004
6	1.253971734931306e+002	1.258925411794168e+002
391	9.918859047656474e+001	1.000000000000000e+002
479	7.328060514726342e+001	7.413102413009177e+001
530	3.671099551436427e+001	3.715352290971726e+001
543	2.573325072691927e+001	2.630267991895381e+001
600	1.047194447784281e+001	1.071519305237607e+001
704	6.642023526700119e+000	6.760829753919817e+000
792	4.648029412914412e+000	4.677351412871983e+000
828	4.464293668299064e+000	4.466835921509632e+000
883	1.979050278847746e+000	1.995262314968880e+000
893	1.630238099902973e+000	1.659586907437561e+000
1087	1.565718310400909e+000	1.584893192461114e+000
1101	1.521335021850462e+000	1.548816618912481e+000
1123	1.279719564930909e+000	1.288249551693134e+000
1198	8.420170196509090e-001	8.511380382023764e-001
1230	7.600383345176909e-001	7.762471166286917e-001
1272	6.722129579521545e-001	6.760829753919818e-001
1329	6.268687286989815e-001	6.309573444801933e-001
1456	5.573764689852960e-001	5.623413251903491e-001
1473	5.180156995134062e-001	5.248074602497725e-001
1479	4.566785223371020e-001	4.570881896148750e-001
1636	3.266883678123383e-001	3.311311214825911e-001
1731	3.162756849958085e-001	3.235936569296283e-001
1779	3.152262407633980e-001	3.162277660168379e-001
1846	3.082757832421561e-001	3.090295432513591e-001
1862	2.782197401803610e-001	2.818382931264454e-001
1919	2.588028945787461e-001	2.630267991895382e-001
1931	2.429302147840996e-001	2.454708915685031e-001
1959	2.320425943683312e-001	2.344228815319922e-001
1969	2.220873573224749e-001	2.238721138568340e-001
1984	2.156445001841884e-001	2.187761623949552e-001
2043	1.960094614068288e-001	1.995262314968880e-001
2153	1.928655700683627e-001	1.949844599758046e-001
2172	1.864950979134493e-001	1.905460717963247e-001
2207	1.850758074215172e-001	1.862087136662868e-001
2356	1.772608481512745e-001	1.778279410038923e-001
2623	1.617512518305048e-001	1.621810097358930e-001
2841	1.580369260343606e-001	1.584893192461113e-001
2945	1.442551275902382e-001	1.445439770745928e-001
2964	1.409496343138601e-001	1.412537544622755e-001
3135	1.294597476700606e-001	1.318256738556407e-001
3231	1.282427232425578e-001	1.288249551693134e-001
3278	1.249820585972592e-001	1.258925411794167e-001
3415	1.123048664298774e-001	1.148153621496883e-001
3524	1.109639040546152e-001	1.122018454301964e-001
3557	1.096474194225731e-001	1.096478196143185e-001
3588	1.062446037221292e-001	1.071519305237607e-001
3657	1.001112997260881e-001	1.023292992280754e-001
3666	9.986824387278759e-002	1.000000000000000e-001
3829	9.644510941025031e-002	9.772372209558107e-002
3932	9.389704841626190e-002	9.549925860214359e-002
3951	9.283568641579243e-002	9.332543007969910e-002
4072	9.052211978207603e-002	9.120108393559097e-002
4098	8.472694145682680e-002	8.511380382023763e-002
4101	7.973196031019036e-002	8.128305161640990e-002
4102	7.905156666306323e-002	7.943282347242814e-002
4133	7.377570220443086e-002	7.413102413009177e-002
4237	7.085219826950595e-002	7.244359600749903e-002
4458	7.043159058839454e-002	7.079457843841380e-002
4746	6.914561066345237e-002	6.918309709189366e-002
5176	6.651611914198086e-002	6.760829753919818e-002
5233	6.568987590920916e-002	6.606934480075961e-002
5508	6.442163845117610e-002	6.456542290346556e-002
5676	6.291753322737359e-002	6.309573444801933e-002
5891	5.973836442291691e-002	6.025595860743578e-002
5992	5.842477428232540e-002	5.888436553555890e-002
6157	5.668224040624115e-002	5.754399373371569e-002
6181	5.599123338913303e-002	5.623413251903491e-002
6323	5.483416881383108e-002	5.495408738576246e-002
6331	5.294779695432861e-002	5.370317963702527e-002
6344	5.214946591695835e-002	5.248074602497726e-002
6596	5.105030008490552e-002	5.128613839913648e-002
6668	4.942979593010322e-002	5.011872336272722e-002
7050	4.839422761031920e-002	4.897788193684461e-002
7239	4.691477167016434e-002	4.786300923226383e-002
7245	4.649077755064224e-002	4.677351412871982e-002
7393	4.563885318564709e-002	4.570881896148749e-002
7433	4.441358834814713e-002	4.466835921509630e-002
7677	4.348501817273920e-002	4.365158322401658e-002
8256	4.207352547275534e-002	4.265795188015926e-002
8399	4.085282747472852e-002	4.168693834703355e-002
8626	4.071984219103020e-002	4.073802778041128e-002
8709	3.896709310218627e-002	3.981071705534973e-002
8745	3.846727630065805e-002	3.890451449942807e-002
8861	3.650614122843587e-002	3.715352290971726e-002
9059	3.393734043255958e-002	3.467368504525317e-002
9062	3.326717662400680e-002	3.388441561392026e-002
9073	3.310089648294901e-002	3.311311214825911e-002
9371	3.221490078424927e-002	3.235936569296283e-002
9706	3.093537383429790e-002	3.162277660168379e-002
9838	3.083331445422111e-002	3.090295432513590e-002
9906	2.943611293654469e-002	2.951209226666385e-002
10293	2.850826324471456e-002	2.884031503126606e-002
10404	2.779384681808872e-002	2.818382931264454e-002
10713	2.742685126744004e-002	2.754228703338166e-002
11145	2.687766266516245e-002	2.691534803926915e-002
11364	2.590480858558730e-002	2.630267991895382e-002
11705	2.568576765659492e-002	2.570395782768863e-002
12017	2.456911904031178e-002	2.511886431509579e-002
12151	2.449960569643483e-002	2.454708915685030e-002
13045	2.397392254216624e-002	2.398832919019490e-002
13953	2.341813112415181e-002	2.344228815319923e-002
14557	2.289404659865502e-002	2.290867652767774e-002
14716	2.237116790048177e-002	2.238721138568340e-002
14999	2.186516657981685e-002	2.187761623949553e-002
15543	2.127098013780748e-002	2.137962089502233e-002
16256	2.071358703466641e-002	2.089296130854040e-002
16786	2.037592622194206e-002	2.041737944669530e-002
17327	1.989062426861887e-002	1.995262314968880e-002
17771	1.866515457539175e-002	1.905460717963247e-002
18153	1.859986902327082e-002	1.862087136662868e-002
19355	1.704253522931010e-002	1.737800828749376e-002
20002	1.697212626320588e-002	1.698243652461744e-002
20495	1.659420909842169e-002	1.659586907437561e-002
20639	1.618050479873379e-002	1.621810097358930e-002
21600	1.576965858575929e-002	1.584893192461113e-002
21881	1.548233271611210e-002	1.548816618912481e-002
22538	1.507259418578055e-002	1.513561248436208e-002
23051	1.431437375647793e-002	1.445439770745927e-002
23555	1.406717638684241e-002	1.412537544622754e-002
24163	1.379537698738964e-002	1.380384264602885e-002
25145	1.348833809105987e-002	1.348962882591653e-002
25396	1.223451095805694e-002	1.230268770812382e-002
26175	1.191669303958454e-002	1.202264434617413e-002
26625	1.173515653288959e-002	1.174897554939530e-002
27299	1.127317227402747e-002	1.148153621496883e-002
27528	1.103058273751489e-002	1.122018454301964e-002
27931	1.063445190230550e-002	1.071519305237607e-002
28532	1.046179012361215e-002	1.047128548050900e-002
28762	1.021419186476091e-002	1.023292992280754e-002
29616	9.992745248871060e-003	1.000000000000000e-002
30824	9.763008763485126e-003	9.772372209558112e-003
31806	9.536667732983339e-003	9.549925860214359e-003
32784	9.284988812583550e-003	9.332543007969915e-003
33991	8.809702218508742e-003	8.912509381337459e-003
34554	8.652748851018854e-003	8.709635899560805e-003
34812	8.482033016649515e-003	8.511380382023768e-003
34893	8.295211319570006e-003	8.317637711026709e-003
35190	7.801655655172102e-003	7.943282347242814e-003
35246	7.710819191397489e-003	7.762471166286920e-003
35691	7.538577220603915e-003	7.585775750291836e-003
36274	7.347046185216422e-003	7.413102413009177e-003
36460	6.901618898001338e-003	6.918309709189363e-003
37037	6.747386247212939e-003	6.760829753919818e-003
38678	6.576132993248884e-003	6.606934480075957e-003
40367	6.326612627215345e-003	6.456542290346556e-003
40396	6.270505472757426e-003	6.309573444801930e-003
41681	6.117967128665747e-003	6.165950018614822e-003
41810	6.009856690679660e-003	6.025595860743574e-003
43455	5.887371040546263e-003	5.888436553555890e-003
44444	5.749598087899432e-003	5.754399373371567e-003
44980	5.541560777719834e-003	5.623413251903491e-003
45058	5.411347601569805e-003	5.495408738576248e-003
46250	5.352491722469766e-003	5.370317963702527e-003
47497	5.232299815978392e-003	5.248074602497728e-003
47862	5.077412243369772e-003	5.128613839913648e-003
48722	4.991317124196981e-003	5.011872336272725e-003
49730	4.895118569296586e-003	4.897788193684461e-003
51359	4.707685681579532e-003	4.786300923226385e-003
51708	4.660635658037315e-003	4.677351412871981e-003
53249	4.570042387955997e-003	4.570881896148752e-003
54527	4.464251193191604e-003	4.466835921509631e-003
57438	4.349738550174509e-003	4.365158322401661e-003
60004	4.264212242399701e-003	4.265795188015926e-003
60601	4.162804199245085e-003	4.168693834703355e-003
61625	3.943056142884593e-003	3.981071705534973e-003
62932	3.889020842546831e-003	3.890451449942805e-003
65520	3.790843265727317e-003	3.801893963205613e-003
69425	3.715331930223997e-003	3.715352290971724e-003
70169	3.473426161503368e-003	3.548133892335753e-003
71074	3.444132735003769e-003	3.467368504525317e-003
74840	3.388321074439760e-003	3.388441561392024e-003
79350	3.309690224352235e-003	3.311311214825911e-003
79855	3.149629102600082e-003	3.162277660168379e-003
83096	3.088842278464732e-003	3.090295432513592e-003
91619	2.897155595936507e-003	2.951209226666387e-003
92104	2.826426422304018e-003	2.884031503126606e-003
92348	2.818084402083310e-003	2.818382931264455e-003
93458	2.745196156578977e-003	2.754228703338166e-003
98253	2.542234955607237e-003	2.570395782768865e-003
104581	2.511547570957617e-003	2.511886431509579e-003
108722	2.387773195321574e-003	2.398832919019490e-003
118620	2.344218592057135e-003	2.344228815319923e-003
120684	2.251948515688995e-003	2.290867652767772e-003
121862	2.199617556158051e-003	2.238721138568340e-003
123807	2.183690478572475e-003	2.187761623949552e-003
126218	2.126206872165248e-003	2.137962089502233e-003
128217	2.087768976355098e-003	2.089296130854039e-003
132951	2.041282887545126e-003	2.041737944669530e-003
135423	1.993242488773417e-003	1.995262314968879e-003
139910	1.929432885486526e-003	1.949844599758046e-003
144524	1.904875912864923e-003	1.905460717963246e-003
146457	1.861866224546316e-003	1.862087136662868e-003
150218	1.818931696881077e-003	1.819700858609983e-003
152442	1.772190647278849e-003	1.778279410038923e-003
153923	1.733181863501243e-003	1.737800828749376e-003
157359	1.697566874998668e-003	1.698243652461744e-003
163956	1.603173039324335e-003	1.621810097358930e-003
164191	1.568154419037127e-003	1.584893192461114e-003
168232	1.545160613624752e-003	1.548816618912481e-003
172548	1.504208021789300e-003	1.513561248436209e-003
173548	1.478908942946999e-003	1.479108388168207e-003
175944	1.423566379141650e-003	1.445439770745928e-003
176004	1.407511391559146e-003	1.412537544622754e-003
182684	1.357701560244173e-003	1.380384264602885e-003
186175	1.348465146135180e-003	1.348962882591653e-003
191321	1.316542216959760e-003	1.318256738556408e-003
205116	1.288197135602576e-003	1.288249551693134e-003
218419	1.257809632842832e-003	1.258925411794168e-003
232036	1.202874355948680e-003	1.230268770812381e-003
233099	1.202243466604469e-003	1.202264434617413e-003
242391	1.174042037973222e-003	1.174897554939529e-003
249284	1.118845783841693e-003	1.122018454301963e-003
282655	1.094318889194978e-003	1.096478196143185e-003
300001	1.080712356631874e-003	1.096478196143185e-003
%
% index = 1044, name = bbob_f017_i11_d03__bbob_f017_i12_d03
% instance = 5, reference value = 9.908882175557940e-001
% function evaluation | indicator value | target hit
1	5.376499777984896e+006	5.495408738576248e+006
2	1.224170895658297e+004	1.230268770812381e+004
6	7.784033756551831e+000	7.943282347242816e+000
262	2.601372767624101e+000	2.630267991895382e+000
482	2.560680546735294e+000	2.570395782768864e+000
565	2.295887008603294e+000	2.344228815319922e+000
591	1.930650448785276e-001	1.949844599758046e-001
788	1.646929312254057e-001	1.659586907437561e-001
804	1.586387912573705e-001	1.621810097358930e-001
838	1.551461459281847e-001	1.584893192461113e-001
840	1.514792391613055e-001	1.548816618912481e-001
869	1.384342436144169e-001	1.412537544622755e-001
871	1.320823673304206e-001	1.348962882591654e-001
885	1.312108434577013e-001	1.318256738556407e-001
889	1.227722729523789e-001	1.230268770812382e-001
931	1.131570646070144e-001	1.148153621496883e-001
946	1.102117976286462e-001	1.122018454301964e-001
975	1.093149250575605e-001	1.096478196143185e-001
1012	8.211122318751252e-002	8.317637711026708e-002
1032	7.075730753192333e-002	7.079457843841380e-002
1071	5.840246555148809e-002	5.888436553555890e-002
1079	5.476327469700748e-002	5.495408738576246e-002
1089	5.335822326238660e-002	5.370317963702527e-002
1119	4.898617969892039e-002	5.011872336272722e-002
1130	4.533829346987439e-002	4.570881896148749e-002
1142	4.303462892072818e-002	4.365158322401658e-002
1148	4.262855154202749e-002	4.265795188015926e-002
1154	3.843740976571908e-002	3.890451449942807e-002
1180	3.800943475707874e-002	3.801893963205612e-002
1203	3.607601572875741e-002	3.630780547701014e-002
1213	3.369614961874778e-002	3.388441561392026e-002
1223	3.285050530168332e-002	3.311311214825911e-002
1242	2.909960866199624e-002	2.951209226666385e-002
1253	2.319480148886788e-002	2.344228815319923e-002
1267	2.281774268812375e-002	2.290867652767774e-002
1281	2.218635732402097e-002	2.238721138568340e-002
1283	2.120559848043047e-002	2.137962089502233e-002
1294	2.048658268934467e-002	2.089296130854040e-002
1315	2.004542736872894e-002	2.041737944669530e-002
1316	1.984628434116009e-002	1.995262314968880e-002
1353	1.806053198457436e-002	1.819700858609984e-002
1361	1.765068555546268e-002	1.778279410038923e-002
1374	1.686485964718743e-002	1.698243652461744e-002
1389	1.644766672346054e-002	1.659586907437561e-002
1392	1.536951551006305e-002	1.548816618912481e-002
1400	1.510969137486018e-002	1.513561248436208e-002
1417	1.475242018253042e-002	1.479108388168207e-002
1464	1.435269154329866e-002	1.445439770745927e-002
1531	1.338655985583004e-002	1.348962882591653e-002
1532	1.314627193945461e-002	1.318256738556408e-002
1711	1.281071726600869e-002	1.288249551693134e-002
1716	1.226842236777492e-002	1.230268770812382e-002
1759	1.174407076072492e-002	1.174897554939530e-002
1869	1.146322237095931e-002	1.148153621496883e-002
1928	1.117030222752535e-002	1.122018454301964e-002
2194	1.094740812436545e-002	1.096478196143185e-002
2199	1.047648908456800e-002	1.071519305237607e-002
2221	1.040570415092190e-002	1.047128548050900e-002
2258	9.752306563012958e-003	9.772372209558112e-003
2313	9.542464346885438e-003	9.549925860214359e-003
2345	9.162618024803781e-003	9.332543007969915e-003
2448	9.072467456074262e-003	9.120108393559097e-003
2491	8.857755925850919e-003	8.912509381337459e-003
2826	8.525034159553857e-003	8.709635899560805e-003
2833	8.478213662862610e-003	8.511380382023768e-003
3181	8.306091807733895e-003	8.317637711026709e-003
3289	8.098169502716579e-003	8.128305161640995e-003
3482	7.488100985754920e-003	7.585775750291836e-003
3696	7.391195508957282e-003	7.413102413009177e-003
3907	7.068550791535788e-003	7.079457843841380e-003
4110	6.901944201269661e-003	6.918309709189363e-003
4143	6.737687255352509e-003	6.760829753919818e-003
4244	6.590377607509135e-003	6.606934480075957e-003
4365	5.720505328968173e-003	5.754399373371567e-003
4621	5.551294443987720e-003	5.623413251903491e-003
4656	5.486112258146214e-003	5.495408738576248e-003
5134	5.364983840359772e-003	5.370317963702527e-003
5231	5.242875570492966e-003	5.248074602497728e-003
5883	5.060154534165196e-003	5.128613839913648e-003
6518	4.612631064596973e-003	4.677351412871981e-003
6622	4.557458980179785e-003	4.570881896148752e-003
7414	4.452606862542785e-003	4.466835921509631e-003
7716	4.287746242168322e-003	4.365158322401661e-003
7887	4.209489390986643e-003	4.265795188015926e-003
7986	4.040949419519713e-003	4.073802778041126e-003
8079	3.940208463039441e-003	3.981071705534973e-003
8332	3.868165352017727e-003	3.890451449942805e-003
9008	3.752557981497651e-003	3.801893963205613e-003
9180	3.699830805494853e-003	3.715352290971724e-003
9309	3.552255404652649e-003	3.630780547701014e-003
9948	3.519293426060388e-003	3.548133892335753e-003
10192	3.435652808277401e-003	3.467368504525317e-003
10291	3.381583990966885e-003	3.388441561392024e-003
10417	3.209738624168956e-003	3.235936569296281e-003
10544	3.042653391003292e-003	3.090295432513592e-003
10565	2.924282518030563e-003	2.951209226666387e-003
11504	2.881941520462283e-003	2.884031503126606e-003
11615	2.813861018524211e-003	2.818382931264455e-003
12439	2.744983354540653e-003	2.754228703338166e-003
13454	2.684727377644136e-003	2.691534803926917e-003
14514	2.629121366249043e-003	2.630267991895381e-003
15684	2.493009174770577e-003	2.511886431509579e-003
15898	2.431398614592184e-003	2.454708915685031e-003
15912	2.366716688786963e-003	2.398832919019490e-003
16225	2.306540585408357e-003	2.344228815319923e-003
16227	2.256282801960108e-003	2.290867652767772e-003
16694	2.198232679374579e-003	2.238721138568340e-003
16848	2.163552864958174e-003	2.187761623949552e-003
18375	2.136901713929107e-003	2.137962089502233e-003
19171	2.082553392294684e-003	2.089296130854039e-003
20122	2.041378872360333e-003	2.041737944669530e-003
21252	1.975299171280920e-003	1.995262314968879e-003
21580	1.891331256811402e-003	1.905460717963246e-003
22106	1.851187020989076e-003	1.862087136662868e-003
23322	1.804140322329673e-003	1.819700858609983e-003
23605	1.771109027858930e-003	1.778279410038923e-003
25315	1.737098916702928e-003	1.737800828749376e-003
26289	1.571489158639139e-003	1.584893192461114e-003
27117	1.542256005050757e-003	1.548816618912481e-003
28113	1.510986507181733e-003	1.513561248436209e-003
29870	1.475246582971379e-003	1.479108388168207e-003
31039	1.439263552779346e-003	1.445439770745928e-003
33331	1.411739394449718e-003	1.412537544622754e-003
34498	1.378841455223934e-003	1.380384264602885e-003
35710	1.348932609347653e-003	1.348962882591653e-003
37421	1.316154157905425e-003	1.318256738556408e-003
38605	1.286646080822074e-003	1.288249551693134e-003
39099	1.238601180962529e-003	1.258925411794168e-003
39897	1.229110097387021e-003	1.230268770812381e-003
40754	1.200631143528974e-003	1.202264434617413e-003
42706	1.163246104545102e-003	1.174897554939529e-003
43707	1.146778673703719e-003	1.148153621496883e-003
46477	1.115633043485387e-003	1.122018454301963e-003
48434	1.086775788957217e-003	1.096478196143185e-003
50346	1.062346358290278e-003	1.071519305237606e-003
51891	1.042153241188171e-003	1.047128548050900e-003
52904	1.006682228709144e-003	1.023292992280754e-003
53321	9.949185738186150e-004	1.000000000000000e-003
55713	9.769526807601459e-004	9.772372209558111e-004
58843	9.548848853702108e-004	9.549925860214359e-004
59998	9.230142780061179e-004	9.332543007969915e-004
60839	9.079229167840985e-004	9.120108393559096e-004
61427	8.716111548817684e-004	8.912509381337459e-004
61605	8.706239727763743e-004	8.709635899560805e-004
64439	8.510493589348744e-004	8.511380382023768e-004
68659	8.313417472971540e-004	8.317637711026709e-004
71230	8.123688062356971e-004	8.128305161640995e-004
73673	7.943098817601024e-004	7.943282347242813e-004
78491	7.752576754425089e-004	7.762471166286919e-004
79855	7.566376435554911e-004	7.585775750291835e-004
83808	7.282098484160393e-004	7.413102413009177e-004
84056	7.237006232848620e-004	7.244359600749898e-004
86705	7.075123635530423e-004	7.079457843841380e-004
90082	6.909597929172229e-004	6.918309709189362e-004
92111	6.755781756677681e-004	6.760829753919819e-004
93804	6.606090040631729e-004	6.606934480075958e-004
97882	6.447096420657550e-004	6.456542290346556e-004
104838	5.901785447135488e-004	6.025595860743575e-004
105098	5.880257525631150e-004	5.888436553555889e-004
106293	5.462933166322515e-004	5.495408738576249e-004
110768	5.369140505481207e-004	5.370317963702527e-004
123460	5.244251544930245e-004	5.248074602497728e-004
130171	5.127285316020025e-004	5.128613839913648e-004
142675	5.004662954156691e-004	5.011872336272725e-004
151583	4.892143922401449e-004	4.897788193684461e-004
162237	4.768978829513548e-004	4.786300923226385e-004
162929	4.655559449721070e-004	4.677351412871981e-004
169664	4.527848242623644e-004	4.570881896148752e-004
177003	4.460510792521077e-004	4.466835921509631e-004
186412	4.363902517313667e-004	4.365158322401661e-004
202674	4.256306723252612e-004	4.265795188015926e-004
206424	4.164866658370459e-004	4.168693834703355e-004
211834	4.070199918895234e-004	4.073802778041126e-004
221355	3.979101856502743e-004	3.981071705534974e-004
230555	3.889858048315986e-004	3.890451449942804e-004
243894	3.797915407381947e-004	3.801893963205612e-004
248195	3.708831487809761e-004	3.715352290971724e-004
280628	3.630378557988312e-004	3.630780547701014e-004
298141	3.535438745010389e-004	3.548133892335753e-004
300001	3.533617952837798e-004	3.548133892335753e-004
%
% index = 1045, name = bbob_f017_i13_d03__bbob_f017_i14_d03
% instance = 6, reference value = 9.824353972841710e-001
% function evaluation | indicator value | target hit
1	4.294144196466396e+003	4.365158322401661e+003
4	4.153515022052196e+003	4.168693834703355e+003
6	1.565047547097138e+001	1.584893192461113e+001
256	1.257334090576445e+001	1.258925411794168e+001
352	1.893880805777121e+000	1.905460717963247e+000
513	6.860607854341108e-001	6.918309709189364e-001
589	6.562705026697797e-001	6.606934480075960e-001
618	5.106414691554813e-001	5.128613839913648e-001
714	4.639898256437083e-001	4.677351412871982e-001
720	3.395975634363012e-001	3.467368504525316e-001
733	1.808408555807414e-001	1.819700858609984e-001
903	1.676491596997161e-001	1.698243652461744e-001
916	1.632083522966537e-001	1.659586907437561e-001
946	1.409821579945813e-001	1.412537544622755e-001
966	1.265404004705771e-001	1.288249551693134e-001
979	1.049375013970427e-001	1.071519305237607e-001
1045	9.637522498018780e-002	9.772372209558107e-002
1093	9.238546245777912e-002	9.332543007969910e-002
1121	8.506338859821760e-002	8.511380382023763e-002
1209	5.741877328051592e-002	5.754399373371569e-002
1255	5.536320998443955e-002	5.623413251903491e-002
1365	5.413664837544308e-002	5.495408738576246e-002
1401	4.915270756928869e-002	5.011872336272722e-002
1427	4.883036099180904e-002	4.897788193684461e-002
1470	4.467588517478360e-002	4.570881896148749e-002
1495	4.393110223607188e-002	4.466835921509630e-002
1505	4.355884011028033e-002	4.365158322401658e-002
1529	4.054215870279776e-002	4.073802778041128e-002
1554	3.847726642578664e-002	3.890451449942807e-002
1561	3.760718638768801e-002	3.801893963205612e-002
1581	3.588226093471059e-002	3.630780547701014e-002
1771	3.445557963537815e-002	3.467368504525317e-002
1994	3.331033397728667e-002	3.388441561392026e-002
2037	3.311119110517069e-002	3.311311214825911e-002
2227	3.218815029507871e-002	3.235936569296283e-002
2274	3.127815214817176e-002	3.162277660168379e-002
2283	3.025279329368180e-002	3.090295432513590e-002
2304	3.015347242769739e-002	3.019951720402016e-002
2338	2.761134878682758e-002	2.818382931264454e-002
2460	2.654617193079811e-002	2.691534803926915e-002
2486	2.454023483696866e-002	2.454708915685030e-002
2644	2.395089485148938e-002	2.398832919019490e-002
2664	2.278626634510317e-002	2.290867652767774e-002
2769	2.143336110328187e-002	2.187761623949553e-002
2792	2.096494858994114e-002	2.137962089502233e-002
2820	1.980288142946840e-002	1.995262314968880e-002
2887	1.945716796285180e-002	1.949844599758046e-002
2947	1.862660982602016e-002	1.905460717963247e-002
3035	1.827526235122090e-002	1.862087136662868e-002
3056	1.792427619554915e-002	1.819700858609984e-002
3083	1.699785896566775e-002	1.737800828749376e-002
3803	1.698242531872551e-002	1.698243652461744e-002
4122	1.637291439894240e-002	1.659586907437561e-002
4462	1.612759111117901e-002	1.621810097358930e-002
4568	1.576897635652774e-002	1.584893192461113e-002
5024	1.541456615169190e-002	1.548816618912481e-002
5184	1.494744296882666e-002	1.513561248436208e-002
5237	1.441713550858392e-002	1.445439770745927e-002
5605	1.400323573990059e-002	1.412537544622754e-002
5822	1.378405520768822e-002	1.380384264602885e-002
5986	1.344804314028725e-002	1.348962882591653e-002
6384	1.304399519234933e-002	1.318256738556408e-002
6598	1.282482587135769e-002	1.288249551693134e-002
7555	1.258862398869709e-002	1.258925411794168e-002
7988	1.134729689548863e-002	1.148153621496883e-002
8539	1.121179911695014e-002	1.122018454301964e-002
9106	1.096151513650756e-002	1.096478196143185e-002
9932	1.046079545629586e-002	1.047128548050900e-002
10199	1.012192183060257e-002	1.023292992280754e-002
10706	9.885719971987284e-003	1.000000000000000e-002
11096	9.707201265519938e-003	9.772372209558112e-003
11857	9.536572659139875e-003	9.549925860214359e-003
12068	9.029515059698179e-003	9.120108393559097e-003
12383	8.909340975296942e-003	8.912509381337459e-003
12707	8.630399623623442e-003	8.709635899560805e-003
13542	8.500678290213504e-003	8.511380382023768e-003
13724	8.170299198858255e-003	8.317637711026709e-003
13995	7.952943720332395e-003	8.128305161640995e-003
14060	7.677050434596877e-003	7.762471166286920e-003
14190	7.546868197066070e-003	7.585775750291836e-003
14881	7.210297344184879e-003	7.244359600749898e-003
15541	6.827008723272798e-003	6.918309709189363e-003
15559	6.754136958871948e-003	6.760829753919818e-003
15935	6.523863766532689e-003	6.606934480075957e-003
16216	6.417234449867637e-003	6.456542290346556e-003
17512	6.299062237473563e-003	6.309573444801930e-003
18327	6.101094801000850e-003	6.165950018614822e-003
18721	6.019570195390900e-003	6.025595860743574e-003
18848	5.775696058156643e-003	5.888436553555890e-003
19295	5.722783640334295e-003	5.754399373371567e-003
19618	5.107604113832376e-003	5.128613839913648e-003
20401	5.011468189206503e-003	5.011872336272725e-003
20879	4.857215609030297e-003	4.897788193684461e-003
21199	4.772191090974154e-003	4.786300923226385e-003
21533	4.668823335540973e-003	4.677351412871981e-003
22317	4.570062551458198e-003	4.570881896148752e-003
23359	4.460332276819301e-003	4.466835921509631e-003
24370	4.363786937183534e-003	4.365158322401661e-003
24973	4.196802271447031e-003	4.265795188015926e-003
25746	4.166172778070743e-003	4.168693834703355e-003
26295	3.870114128390223e-003	3.890451449942805e-003
28479	3.758121784212309e-003	3.801893963205613e-003
28904	3.627136498900119e-003	3.630780547701014e-003
29651	3.506139020390098e-003	3.548133892335753e-003
29679	3.404288301245617e-003	3.467368504525317e-003
30003	3.385154926648704e-003	3.388441561392024e-003
32241	3.304843938393809e-003	3.311311214825911e-003
33992	3.233726337303788e-003	3.235936569296281e-003
34931	3.131221993527888e-003	3.162277660168379e-003
36201	3.077030217135457e-003	3.090295432513592e-003
37145	3.012987603470907e-003	3.019951720402016e-003
38321	2.950781867882113e-003	2.951209226666387e-003
39233	2.836573368574791e-003	2.884031503126606e-003
40140	2.816629932219206e-003	2.818382931264455e-003
41737	2.736294843850962e-003	2.754228703338166e-003
43748	2.672530094061876e-003	2.691534803926917e-003
45733	2.600149945029773e-003	2.630267991895381e-003
45911	2.532624592002541e-003	2.570395782768865e-003
46560	2.507740507163181e-003	2.511886431509579e-003
49089	2.425119481380134e-003	2.454708915685031e-003
49584	2.395781623769633e-003	2.398832919019490e-003
51102	2.331296370176927e-003	2.344228815319923e-003
52273	2.283716459947294e-003	2.290867652767772e-003
53195	2.236467820858512e-003	2.238721138568340e-003
55888	2.186687751828398e-003	2.187761623949552e-003
58112	2.136432156848223e-003	2.137962089502233e-003
58203	2.064076484117439e-003	2.089296130854039e-003
59164	2.036305015472362e-003	2.041737944669530e-003
64352	1.980974549596781e-003	1.995262314968879e-003
67721	1.945203840804877e-003	1.949844599758046e-003
68821	1.868203301493399e-003	1.905460717963246e-003
70348	1.755300846492891e-003	1.778279410038923e-003
70897	1.733482489681748e-003	1.737800828749376e-003
73716	1.680913320972421e-003	1.698243652461744e-003
75086	1.655402819815133e-003	1.659586907437561e-003
81975	1.617268690545459e-003	1.621810097358930e-003
83350	1.566937784202360e-003	1.584893192461114e-003
84315	1.548512749329212e-003	1.548816618912481e-003
92131	1.479417734557731e-003	1.513561248436209e-003
92599	1.475894209461037e-003	1.479108388168207e-003
96735	1.442865588320186e-003	1.445439770745928e-003
97265	1.404424218504063e-003	1.412537544622754e-003
104936	1.378608071272769e-003	1.380384264602885e-003
109360	1.348174141533876e-003	1.348962882591653e-003
113720	1.313025113228727e-003	1.318256738556408e-003
115975	1.286831168270441e-003	1.288249551693134e-003
122514	1.240412973746885e-003	1.258925411794168e-003
128065	1.228910043852172e-003	1.230268770812381e-003
130946	1.200930643155629e-003	1.202264434617413e-003
140648	1.174860025067503e-003	1.174897554939529e-003
156171	1.147084981306334e-003	1.148153621496883e-003
167602	1.116648178553170e-003	1.122018454301963e-003
183372	1.096207081665690e-003	1.096478196143185e-003
188799	1.069492575684228e-003	1.071519305237606e-003
204994	1.047095597702996e-003	1.047128548050900e-003
219474	1.023172869339506e-003	1.023292992280754e-003
225904	9.612720226193083e-004	9.772372209558111e-004
231218	9.471783819725577e-004	9.549925860214359e-004
240927	9.327752621606233e-004	9.332543007969915e-004
256965	9.111414151933284e-004	9.120108393559096e-004
270824	8.912380160469580e-004	8.912509381337459e-004
291064	8.707314494719176e-004	8.709635899560805e-004
300001	8.563682384613580e-004	8.709635899560805e-004
%
% index = 1046, name = bbob_f017_i15_d03__bbob_f017_i16_d03
% instance = 7, reference value = 9.203066012457770e-001
% function evaluation | indicator value | target hit
1	4.347473980619779e+004	4.365158322401656e+004
6	1.421201668640892e+002	1.445439770745928e+002
501	3.064456363615527e+000	3.090295432513591e+000
787	9.342883827587769e-001	9.549925860214360e-001
1115	7.062745256900027e-001	7.079457843841379e-001
1171	6.440230042130956e-001	6.456542290346555e-001
1246	4.242935027627752e-001	4.265795188015927e-001
1365	4.152183369697474e-001	4.168693834703354e-001
1479	4.063233218796938e-001	4.073802778041127e-001
1481	3.846815249971083e-001	3.890451449942806e-001
1491	3.784141288505942e-001	3.801893963205612e-001
1500	3.294629523885015e-001	3.311311214825911e-001
1521	3.181693242918277e-001	3.235936569296283e-001
1530	3.083876429945187e-001	3.090295432513591e-001
1558	2.888924286364814e-001	2.951209226666385e-001
1561	2.858294245857213e-001	2.884031503126606e-001
1589	2.803795065852106e-001	2.818382931264454e-001
1636	2.678088345539259e-001	2.691534803926916e-001
1668	2.574699831154470e-001	2.630267991895382e-001
1682	2.385718268558158e-001	2.398832919019490e-001
1690	2.251176369736628e-001	2.290867652767773e-001
1694	2.193805958198497e-001	2.238721138568340e-001
1705	1.959219377926087e-001	1.995262314968880e-001
1707	1.703391724014083e-001	1.737800828749375e-001
1728	1.668041241776701e-001	1.698243652461744e-001
1852	1.657935860607142e-001	1.659586907437561e-001
1871	1.567419541296743e-001	1.584893192461113e-001
1874	1.326865618346294e-001	1.348962882591654e-001
1905	1.106995591003414e-001	1.122018454301964e-001
1949	1.096239892694465e-001	1.096478196143185e-001
2046	8.771912234771739e-002	8.912509381337455e-002
2149	8.670901887299676e-002	8.709635899560805e-002
2175	8.285693477571532e-002	8.317637711026708e-002
2250	8.033701775806135e-002	8.128305161640990e-002
2313	7.915454736764849e-002	7.943282347242814e-002
2366	7.547180071098358e-002	7.585775750291836e-002
2469	7.334239250379027e-002	7.413102413009177e-002
2562	7.243329891260597e-002	7.244359600749903e-002
2753	6.362229486989435e-002	6.456542290346556e-002
2944	6.132501879565910e-002	6.165950018614822e-002
2972	5.998150754437992e-002	6.025595860743578e-002
2977	5.808514556909317e-002	5.888436553555890e-002
3012	5.720745804690375e-002	5.754399373371569e-002
3386	5.613972139019430e-002	5.623413251903491e-002
3405	5.390356957842335e-002	5.495408738576246e-002
3481	5.355564676678470e-002	5.370317963702527e-002
3569	5.227882021085784e-002	5.248074602497726e-002
3578	5.011322169812893e-002	5.011872336272722e-002
3645	4.859540274716456e-002	4.897788193684461e-002
3655	4.724910781016223e-002	4.786300923226383e-002
3672	4.466328907603157e-002	4.466835921509630e-002
3793	4.213733789159113e-002	4.265795188015926e-002
3950	4.112192043574248e-002	4.168693834703355e-002
4075	4.060080912494690e-002	4.073802778041128e-002
4272	3.979105335382982e-002	3.981071705534973e-002
4403	3.766262006264065e-002	3.801893963205612e-002
4460	3.706132047115851e-002	3.715352290971726e-002
4911	3.620054942766604e-002	3.630780547701014e-002
5115	3.491818965316407e-002	3.548133892335755e-002
5134	3.433347966981626e-002	3.467368504525317e-002
5269	3.312207714855742e-002	3.388441561392026e-002
5522	3.290689309693984e-002	3.311311214825911e-002
5736	3.219916789942556e-002	3.235936569296283e-002
5904	3.098352135653459e-002	3.162277660168379e-002
6201	3.082630520918006e-002	3.090295432513590e-002
6230	2.910028300090461e-002	2.951209226666385e-002
6342	2.881198147994413e-002	2.884031503126606e-002
6475	2.800954805367040e-002	2.818382931264454e-002
6794	2.677711722471354e-002	2.691534803926915e-002
7420	2.617598002997457e-002	2.630267991895382e-002
7488	2.560458023662759e-002	2.570395782768863e-002
7717	2.502301497311543e-002	2.511886431509579e-002
7943	2.446135812288452e-002	2.454708915685030e-002
8399	2.391714862224714e-002	2.398832919019490e-002
8574	2.310237939924942e-002	2.344228815319923e-002
8651	2.267028353014799e-002	2.290867652767774e-002
8784	2.181628879038078e-002	2.187761623949553e-002
9190	2.119267281573156e-002	2.137962089502233e-002
9452	2.070510265676728e-002	2.089296130854040e-002
9643	2.041579448480213e-002	2.041737944669530e-002
10100	1.995162267100725e-002	1.995262314968880e-002
10389	1.949206045371654e-002	1.949844599758046e-002
10751	1.901806239544079e-002	1.905460717963247e-002
11373	1.857885278482530e-002	1.862087136662868e-002
11390	1.818973062880103e-002	1.819700858609984e-002
11804	1.776119818213184e-002	1.778279410038923e-002
12247	1.697409079391177e-002	1.698243652461744e-002
12412	1.632050362511894e-002	1.659586907437561e-002
12533	1.617712797720339e-002	1.621810097358930e-002
12875	1.579180438219097e-002	1.584893192461113e-002
12891	1.541580817298360e-002	1.548816618912481e-002
13317	1.485408167749347e-002	1.513561248436208e-002
13845	1.471991694187846e-002	1.479108388168207e-002
14628	1.434675984578315e-002	1.445439770745927e-002
14721	1.388774893245470e-002	1.412537544622754e-002
15000	1.370518495457307e-002	1.380384264602885e-002
15561	1.345759939292068e-002	1.348962882591653e-002
16578	1.317358559469861e-002	1.318256738556408e-002
17912	1.287505237144715e-002	1.288249551693134e-002
18429	1.235481355194923e-002	1.258925411794168e-002
18564	1.229737739470094e-002	1.230268770812382e-002
19228	1.200311749481442e-002	1.202264434617413e-002
19751	1.158354224338865e-002	1.174897554939530e-002
19993	1.145059150978567e-002	1.148153621496883e-002
20946	1.122010069936408e-002	1.122018454301964e-002
22188	1.084122791391751e-002	1.096478196143185e-002
22843	1.067864747124292e-002	1.071519305237607e-002
24125	1.044987909361450e-002	1.047128548050900e-002
25598	1.023263333597890e-002	1.023292992280754e-002
25715	9.975944907195111e-003	1.000000000000000e-002
27005	9.770405348214273e-003	9.772372209558112e-003
27894	9.510356218323524e-003	9.549925860214359e-003
29255	9.180208452993943e-003	9.332543007969915e-003
29906	9.015067700694157e-003	9.120108393559097e-003
30493	8.537345575945099e-003	8.709635899560805e-003
30660	8.510558192747153e-003	8.511380382023768e-003
31868	7.704853202646245e-003	7.762471166286920e-003
32468	7.575783270108882e-003	7.585775750291836e-003
33495	6.797617860996419e-003	6.918309709189363e-003
33725	6.760400966984603e-003	6.760829753919818e-003
35119	6.602850557988260e-003	6.606934480075957e-003
35963	6.433536875910861e-003	6.456542290346556e-003
38979	6.304010680662997e-003	6.309573444801930e-003
40281	6.014428037769304e-003	6.025595860743574e-003
42282	5.873254263622285e-003	5.888436553555890e-003
45181	5.676075117309498e-003	5.754399373371567e-003
45964	5.584139890914996e-003	5.623413251903491e-003
48766	5.454455227906996e-003	5.495408738576248e-003
50682	5.041754936878862e-003	5.128613839913648e-003
50852	5.009380547476350e-003	5.011872336272725e-003
53113	4.837723315943898e-003	4.897788193684461e-003
55175	4.782830376481528e-003	4.786300923226385e-003
59137	4.677269274680262e-003	4.677351412871981e-003
62710	4.570703384325747e-003	4.570881896148752e-003
66373	4.442745183872332e-003	4.466835921509631e-003
71892	4.361918794325126e-003	4.365158322401661e-003
78596	4.260153684313983e-003	4.265795188015926e-003
81815	4.162139564101164e-003	4.168693834703355e-003
86262	4.051636480365661e-003	4.073802778041126e-003
89582	3.910400841224293e-003	3.981071705534973e-003
91432	3.884194815737652e-003	3.890451449942805e-003
96393	3.795560517690144e-003	3.801893963205613e-003
103150	3.685084055341958e-003	3.715352290971724e-003
104612	3.626796913777319e-003	3.630780547701014e-003
111310	3.547552445715918e-003	3.548133892335753e-003
127641	3.357894049475840e-003	3.388441561392024e-003
140920	3.304366262473102e-003	3.311311214825911e-003
151279	3.167696474616344e-003	3.235936569296281e-003
153031	3.162052630082401e-003	3.162277660168379e-003
155566	3.020681680913517e-003	3.090295432513592e-003
156116	3.019141539157388e-003	3.019951720402016e-003
165820	2.946101115803401e-003	2.951209226666387e-003
174439	2.874030545847672e-003	2.884031503126606e-003
181506	2.796307428483913e-003	2.818382931264455e-003
190428	2.752998656373351e-003	2.754228703338166e-003
213251	2.687099395996540e-003	2.691534803926917e-003
223556	2.584782385066542e-003	2.630267991895381e-003
231596	2.566829672248305e-003	2.570395782768865e-003
247036	2.511677845606353e-003	2.511886431509579e-003
286767	2.439341502605497e-003	2.454708915685031e-003
290745	2.264787903741738e-003	2.290867652767772e-003
298159	2.238526743523428e-003	2.238721138568340e-003
300001	2.236531501055961e-003	2.238721138568340e-003
%
% index = 1047, name = bbob_f017_i17_d03__bbob_f017_i18_d03
% instance = 8, reference value = 9.075399405204920e-001
% function evaluation | indicator value | target hit
1	4.088032870533421e+014	4.168693834703346e+014
2	5.021037734796233e+005	5.128613839913648e+005
6	1.045294716312632e+003	1.047128548050900e+003
41	8.882373131781078e+002	8.912509381337459e+002
146	5.736241440898841e+002	5.754399373371566e+002
153	5.087774153289765e+002	5.128613839913649e+002
174	2.279372520497856e+002	2.290867652767772e+002
292	8.547197270006853e+001	8.709635899560806e+001
487	3.685109199289459e+001	3.715352290971726e+001
521	1.045489924235124e+001	1.047128548050900e+001
712	4.316548888718492e+000	4.365158322401660e+000
721	1.310336860617992e+000	1.318256738556407e+000
740	9.032775334254167e-001	9.120108393559098e-001
815	8.721316697752453e-001	8.912509381337456e-001
1046	7.021709393953044e-001	7.079457843841379e-001
1154	5.059122837863238e-001	5.128613839913648e-001
1332	4.652306852341310e-001	4.677351412871982e-001
1362	4.561011150532282e-001	4.570881896148750e-001
1396	4.381991987837450e-001	4.466835921509632e-001
1429	4.348201607201470e-001	4.365158322401660e-001
1434	4.233476814586621e-001	4.265795188015927e-001
1468	3.880728104657775e-001	3.890451449942806e-001
1477	3.415775376467650e-001	3.467368504525316e-001
1483	3.067954038611952e-001	3.090295432513591e-001
1497	2.894904378735719e-001	2.951209226666385e-001
1526	2.871425508275626e-001	2.884031503126606e-001
1538	2.383842528947681e-001	2.398832919019490e-001
1569	2.245926869339748e-001	2.290867652767773e-001
1639	2.184376590195898e-001	2.187761623949552e-001
1658	2.094261686364566e-001	2.137962089502232e-001
1689	2.082094606743988e-001	2.089296130854039e-001
1727	1.979752448554604e-001	1.995262314968880e-001
1944	1.921889962036754e-001	1.949844599758046e-001
1956	1.877425451561451e-001	1.905460717963247e-001
1965	1.693659650140811e-001	1.698243652461744e-001
1976	1.658405982662085e-001	1.659586907437561e-001
2018	1.484751229696278e-001	1.513561248436208e-001
2051	1.455057053832487e-001	1.479108388168208e-001
2075	1.443571755901446e-001	1.445439770745928e-001
2302	1.376734919225383e-001	1.380384264602885e-001
2335	1.209647106827783e-001	1.230268770812382e-001
2348	1.195277074890355e-001	1.202264434617413e-001
2495	1.121049582603170e-001	1.122018454301964e-001
2498	1.059085342205266e-001	1.071519305237607e-001
2580	9.767351300631288e-002	9.772372209558107e-002
2802	9.545359446706425e-002	9.549925860214359e-002
2829	9.214880922609037e-002	9.332543007969910e-002
2873	8.807284671866489e-002	8.912509381337455e-002
2879	8.474696203540366e-002	8.511380382023763e-002
2954	8.305681501581541e-002	8.317637711026708e-002
3149	7.887003231354228e-002	7.943282347242814e-002
3237	7.761362357059243e-002	7.762471166286916e-002
3581	7.561853063306001e-002	7.585775750291836e-002
3659	7.368227400259897e-002	7.413102413009177e-002
3801	7.219766029688912e-002	7.244359600749903e-002
3837	6.966260423960491e-002	7.079457843841380e-002
3853	6.872817498171702e-002	6.918309709189366e-002
3924	6.549753045248752e-002	6.606934480075961e-002
4315	6.342741978048894e-002	6.456542290346556e-002
4491	6.231085985744589e-002	6.309573444801933e-002
4535	6.160394688254689e-002	6.165950018614822e-002
4536	5.990103051000184e-002	6.025595860743578e-002
4539	5.864958146657251e-002	5.888436553555890e-002
4585	5.721408099201109e-002	5.754399373371569e-002
4928	5.549401279350996e-002	5.623413251903491e-002
4940	5.389144840533089e-002	5.495408738576246e-002
5041	5.327913204610546e-002	5.370317963702527e-002
5082	5.229925258012225e-002	5.248074602497726e-002
5166	4.924754189344471e-002	5.011872336272722e-002
5231	4.765497564301524e-002	4.786300923226383e-002
5363	4.676301083227819e-002	4.677351412871982e-002
5609	4.569142663271619e-002	4.570881896148749e-002
5685	4.312060276637686e-002	4.365158322401658e-002
5719	4.260151520330580e-002	4.265795188015926e-002
6199	4.120132645086849e-002	4.168693834703355e-002
6314	4.053459970409346e-002	4.073802778041128e-002
6438	3.776751679286838e-002	3.801893963205612e-002
6864	3.714858984808067e-002	3.715352290971726e-002
7018	3.614579119752059e-002	3.630780547701014e-002
7317	3.449076494863479e-002	3.467368504525317e-002
8002	3.154861680102972e-002	3.162277660168379e-002
8091	3.012424525172863e-002	3.019951720402016e-002
8495	2.910734408876348e-002	2.951209226666385e-002
8502	2.879354510046872e-002	2.884031503126606e-002
8679	2.814084750246970e-002	2.818382931264454e-002
8730	2.707352289713483e-002	2.754228703338166e-002
8798	2.679768596373455e-002	2.691534803926915e-002
8888	2.587944605408499e-002	2.630267991895382e-002
8896	2.523305430205558e-002	2.570395782768863e-002
8903	2.479881699808695e-002	2.511886431509579e-002
9269	2.443144744429060e-002	2.454708915685030e-002
9330	2.312154273176081e-002	2.344228815319923e-002
9750	2.284799612865585e-002	2.290867652767774e-002
9826	2.206298139348284e-002	2.238721138568340e-002
9900	2.185683622684631e-002	2.187761623949553e-002
10072	2.060777063933095e-002	2.089296130854040e-002
10275	1.976582238746572e-002	1.995262314968880e-002
10368	1.948784604028231e-002	1.949844599758046e-002
10657	1.870525116003874e-002	1.905460717963247e-002
11005	1.836695684325473e-002	1.862087136662868e-002
11057	1.794520431478541e-002	1.819700858609984e-002
11442	1.770254449426056e-002	1.778279410038923e-002
11704	1.735682895521562e-002	1.737800828749376e-002
12330	1.696075057570856e-002	1.698243652461744e-002
12468	1.654796448981444e-002	1.659586907437561e-002
12737	1.569853711974323e-002	1.584893192461113e-002
12961	1.494503705523154e-002	1.513561248436208e-002
13059	1.453985195079799e-002	1.479108388168207e-002
13238	1.444799729103918e-002	1.445439770745927e-002
13907	1.409770515894537e-002	1.412537544622754e-002
14218	1.375244140265197e-002	1.380384264602885e-002
14702	1.333126548693930e-002	1.348962882591653e-002
14948	1.309265998711318e-002	1.318256738556408e-002
15810	1.207260629725293e-002	1.230268770812382e-002
15881	1.202129801021434e-002	1.202264434617413e-002
16756	1.173953305723685e-002	1.174897554939530e-002
17633	1.146727899511824e-002	1.148153621496883e-002
17922	1.069809805424216e-002	1.071519305237607e-002
18714	1.042523126000361e-002	1.047128548050900e-002
18866	1.015114959005092e-002	1.023292992280754e-002
20309	9.983402170309130e-003	1.000000000000000e-002
20836	9.772190202895992e-003	9.772372209558112e-003
21588	9.517759623968058e-003	9.549925860214359e-003
22712	9.313917978761688e-003	9.332543007969915e-003
23784	9.118332929270334e-003	9.120108393559097e-003
24974	8.908022697149853e-003	8.912509381337459e-003
26894	8.669531348107329e-003	8.709635899560805e-003
28278	8.461647619918189e-003	8.511380382023768e-003
29086	8.117897283974829e-003	8.128305161640995e-003
30854	7.933376678444404e-003	7.943282347242814e-003
31636	7.755723284432858e-003	7.762471166286920e-003
33399	7.584361867575162e-003	7.585775750291836e-003
34986	7.363402967778931e-003	7.413102413009177e-003
35921	7.236227421817398e-003	7.244359600749898e-003
38073	7.068200469687591e-003	7.079457843841380e-003
39946	6.907808546565364e-003	6.918309709189363e-003
42032	6.756608077635229e-003	6.760829753919818e-003
45494	6.598330037012934e-003	6.606934480075957e-003
47472	6.279661937439340e-003	6.309573444801930e-003
49244	6.159489827014308e-003	6.165950018614822e-003
54481	6.021916057392551e-003	6.025595860743574e-003
55665	5.887115920594432e-003	5.888436553555890e-003
57870	5.747366462256154e-003	5.754399373371567e-003
60932	5.580486888028036e-003	5.623413251903491e-003
62324	5.484033455363968e-003	5.495408738576248e-003
66295	5.369970806690327e-003	5.370317963702527e-003
69555	5.242965688687318e-003	5.248074602497728e-003
74998	5.113751469654315e-003	5.128613839913648e-003
79558	5.007612795279615e-003	5.011872336272725e-003
80114	4.896402195170735e-003	4.897788193684461e-003
81530	4.786080279075011e-003	4.786300923226385e-003
90425	4.677125771448631e-003	4.677351412871981e-003
97724	4.434593295101985e-003	4.466835921509631e-003
104140	4.361068406232405e-003	4.365158322401661e-003
111416	4.220362608910899e-003	4.265795188015926e-003
118562	4.164249207484483e-003	4.168693834703355e-003
132824	4.073646551699284e-003	4.073802778041126e-003
136949	3.980591002002987e-003	3.981071705534973e-003
156493	3.890360508357671e-003	3.890451449942805e-003
163678	3.798563087968443e-003	3.801893963205613e-003
180295	3.711593402084379e-003	3.715352290971724e-003
192505	3.630774289464123e-003	3.630780547701014e-003
206507	3.533069646951881e-003	3.548133892335753e-003
208319	3.394626091205000e-003	3.467368504525317e-003
209653	3.387821362354604e-003	3.388441561392024e-003
235916	3.310259141348415e-003	3.311311214825911e-003
247419	3.235321174208328e-003	3.235936569296281e-003
263358	3.149069187444065e-003	3.162277660168379e-003
271435	3.081869859922648e-003	3.090295432513592e-003
291282	3.018297057559516e-003	3.019951720402016e-003
300001	3.004896826652503e-003	3.019951720402016e-003
%
% index = 1048, name = bbob_f017_i19_d03__bbob_f017_i21_d03
% instance = 9, reference value = 8.389368809548420e-001
% function evaluation | indicator value | target hit
1	3.899485201067592e+008	3.981071705534969e+008
2	3.348930906961593e+004	3.388441561392028e+004
6	2.463836956296926e+002	2.511886431509580e+002
138	1.018711544906000e+002	1.023292992280754e+002
542	7.458986614182925e+001	7.585775750291836e+001
549	6.037260568422431e+001	6.165950018614822e+001
569	1.787263903823367e+001	1.819700858609983e+001
619	8.353347974160746e+000	8.511380382023766e+000
728	2.022161302202259e+000	2.041737944669529e+000
880	1.942842845388342e+000	1.949844599758045e+000
907	1.699321042084859e+000	1.737800828749375e+000
1002	1.249571933803842e+000	1.258925411794167e+000
1029	7.290567077607669e-001	7.413102413009175e-001
1146	6.908276850043368e-001	6.918309709189364e-001
1238	6.183076267273051e-001	6.309573444801933e-001
1269	5.802615260763373e-001	5.888436553555889e-001
1317	5.657861230298374e-001	5.754399373371569e-001
1347	5.161315095851429e-001	5.248074602497725e-001
1350	5.128179839278440e-001	5.128613839913648e-001
1390	4.356449616937156e-001	4.365158322401660e-001
1447	4.259712218613321e-001	4.265795188015927e-001
1458	4.035917370991727e-001	4.073802778041127e-001
1494	3.978365800810447e-001	3.981071705534973e-001
1521	3.273099727249857e-001	3.311311214825911e-001
1525	3.195085049650728e-001	3.235936569296283e-001
1537	3.001229924016109e-001	3.019951720402016e-001
1577	2.943409317281064e-001	2.951209226666385e-001
1584	2.323554283490896e-001	2.344228815319922e-001
1628	2.290445173900474e-001	2.290867652767773e-001
1707	2.187059634701792e-001	2.187761623949552e-001
1711	2.113814647854806e-001	2.137962089502232e-001
1739	1.962842578117238e-001	1.995262314968880e-001
1866	1.893102646958639e-001	1.905460717963247e-001
1960	1.632652037267824e-001	1.659586907437561e-001
2055	1.473877075386763e-001	1.479108388168208e-001
2117	1.433058526302166e-001	1.445439770745928e-001
2207	1.398678491981473e-001	1.412537544622755e-001
2234	1.326061494588421e-001	1.348962882591654e-001
2242	1.296272460639348e-001	1.318256738556407e-001
2284	1.277169483665677e-001	1.288249551693134e-001
2479	1.252864064125518e-001	1.258925411794167e-001
2487	1.102598957116922e-001	1.122018454301964e-001
2704	1.095787088293236e-001	1.096478196143185e-001
2714	1.009344733351548e-001	1.023292992280754e-001
2772	9.892438914116819e-002	1.000000000000000e-001
2776	8.339798905308371e-002	8.511380382023763e-002
2778	8.224252568609403e-002	8.317637711026708e-002
2802	8.108367174293929e-002	8.128305161640990e-002
2869	7.923770297190647e-002	7.943282347242814e-002
2900	7.517332678199784e-002	7.585775750291836e-002
3008	7.409323634857934e-002	7.413102413009177e-002
3417	7.182814185831576e-002	7.244359600749903e-002
3475	6.993367183912025e-002	7.079457843841380e-002
3643	6.881869557182041e-002	6.918309709189366e-002
3690	6.601390220333314e-002	6.606934480075961e-002
4081	6.259869611379143e-002	6.309573444801933e-002
4117	5.937253749626015e-002	6.025595860743578e-002
4211	5.858990903984485e-002	5.888436553555890e-002
4447	5.737825190251600e-002	5.754399373371569e-002
4477	5.381704861197545e-002	5.495408738576246e-002
4551	5.136431774903805e-002	5.248074602497726e-002
4575	5.107607920173218e-002	5.128613839913648e-002
4724	5.002390142678903e-002	5.011872336272722e-002
4766	4.829080398032037e-002	4.897788193684461e-002
4772	4.784833978069314e-002	4.786300923226383e-002
4810	4.634069052895518e-002	4.677351412871982e-002
4823	4.562976547724562e-002	4.570881896148749e-002
4954	4.394960269707082e-002	4.466835921509630e-002
5081	4.361136300902213e-002	4.365158322401658e-002
5177	4.245656373362639e-002	4.265795188015926e-002
5534	4.164984287023255e-002	4.168693834703355e-002
5842	4.069712923191415e-002	4.073802778041128e-002
6007	3.947889638115554e-002	3.981071705534973e-002
6078	3.840074602480592e-002	3.890451449942807e-002
6119	3.786812016391472e-002	3.801893963205612e-002
6404	3.713483278371799e-002	3.715352290971726e-002
6901	3.623634073520066e-002	3.630780547701014e-002
7307	3.545824371369966e-002	3.548133892335755e-002
7842	3.447118343840905e-002	3.467368504525317e-002
7850	3.343823237256360e-002	3.388441561392026e-002
8045	3.310561740307327e-002	3.311311214825911e-002
8437	3.073007440696440e-002	3.090295432513590e-002
8751	2.997393965730077e-002	3.019951720402016e-002
8765	2.882608732222669e-002	2.884031503126606e-002
9247	2.769530175090140e-002	2.818382931264454e-002
9428	2.744084808708525e-002	2.754228703338166e-002
9791	2.685015687219305e-002	2.691534803926915e-002
10108	2.595830575956781e-002	2.630267991895382e-002
10155	2.559551026026752e-002	2.570395782768863e-002
10344	2.509311278920989e-002	2.511886431509579e-002
10465	2.413115107180552e-002	2.454708915685030e-002
11002	2.312194516992194e-002	2.344228815319923e-002
11206	2.274557235538632e-002	2.290867652767774e-002
12017	2.235402059933489e-002	2.238721138568340e-002
12815	2.184030064758491e-002	2.187761623949553e-002
13519	2.095284846431544e-002	2.137962089502233e-002
13810	2.086207552301200e-002	2.089296130854040e-002
14343	2.041253444952007e-002	2.041737944669530e-002
14864	1.995023859702472e-002	1.995262314968880e-002
15607	1.949403574161734e-002	1.949844599758046e-002
16228	1.904592450512499e-002	1.905460717963247e-002
17642	1.861212185591699e-002	1.862087136662868e-002
18037	1.816241811424924e-002	1.819700858609984e-002
19079	1.766175398041625e-002	1.778279410038923e-002
19328	1.696029705065671e-002	1.698243652461744e-002
21615	1.642828859478296e-002	1.659586907437561e-002
22658	1.614205449261441e-002	1.621810097358930e-002
23749	1.584639901661200e-002	1.584893192461113e-002
25167	1.541435926581880e-002	1.548816618912481e-002
25606	1.509462665273653e-002	1.513561248436208e-002
26654	1.478989049970847e-002	1.479108388168207e-002
28919	1.440447048519411e-002	1.445439770745927e-002
29418	1.396496376235590e-002	1.412537544622754e-002
30107	1.377044118881399e-002	1.380384264602885e-002
31682	1.346321024926245e-002	1.348962882591653e-002
33546	1.309898030132173e-002	1.318256738556408e-002
34728	1.287360235133939e-002	1.288249551693134e-002
39393	1.256887894080194e-002	1.258925411794168e-002
42667	1.229445261030915e-002	1.230268770812382e-002
44320	1.168289161839242e-002	1.174897554939530e-002
48053	1.144787151391935e-002	1.148153621496883e-002
56027	1.116412943567557e-002	1.122018454301964e-002
59569	1.096260197945498e-002	1.096478196143185e-002
65415	1.070459120996015e-002	1.071519305237607e-002
69843	1.045837696032503e-002	1.047128548050900e-002
77010	1.023184053347082e-002	1.023292992280754e-002
82615	9.995526905137164e-003	1.000000000000000e-002
91278	9.738422841887751e-003	9.772372209558112e-003
93877	9.500971707057326e-003	9.549925860214359e-003
100602	8.792133700404436e-003	8.912509381337459e-003
103684	8.707111725570371e-003	8.709635899560805e-003
115263	8.507648146526270e-003	8.511380382023768e-003
127146	8.317466590873179e-003	8.317637711026709e-003
144793	8.080987223786806e-003	8.128305161640995e-003
147353	7.942205317489681e-003	7.943282347242814e-003
164058	7.212779862004415e-003	7.244359600749898e-003
172860	6.672315790096528e-003	6.760829753919818e-003
178541	6.597314694646084e-003	6.606934480075957e-003
188336	6.451054658917044e-003	6.456542290346556e-003
197246	6.308814826464726e-003	6.309573444801930e-003
242354	6.031553421942393e-003	6.165950018614822e-003
244247	5.982375828137099e-003	6.025595860743574e-003
251633	5.885413247213478e-003	5.888436553555890e-003
263121	5.660995664615864e-003	5.754399373371567e-003
264867	5.592230407604371e-003	5.623413251903491e-003
275374	5.493035072967167e-003	5.495408738576248e-003
278935	5.360596148280772e-003	5.370317963702527e-003
300001	5.277104244743924e-003	5.370317963702527e-003
%
% index = 1049, name = bbob_f017_i21_d03__bbob_f017_i22_d03
% instance = 10, reference value = 7.926721938798990e-001
% function evaluation | indicator value | target hit
1	4.206323942549683e+004	4.265795188015926e+004
6	1.555662613409017e+002	1.584893192461114e+002
303	6.014192162201231e+001	6.025595860743578e+001
327	1.131437447987648e+001	1.148153621496883e+001
468	7.073695711030870e+000	7.079457843841379e+000
584	4.388391296182863e+000	4.466835921509632e+000
592	2.374992144800476e+000	2.398832919019490e+000
751	1.981934141561283e+000	1.995262314968880e+000
891	1.075114995074399e+000	1.096478196143185e+000
929	1.058889818866899e+000	1.071519305237606e+000
953	7.055691564868259e-001	7.079457843841379e-001
1029	6.553771698685067e-001	6.606934480075960e-001
1197	4.973735008969925e-001	5.011872336272722e-001
1230	4.687990709213935e-001	4.786300923226383e-001
1268	4.566744660153423e-001	4.570881896148750e-001
1269	4.117025245662863e-001	4.168693834703354e-001
1313	3.553041688398938e-001	3.630780547701014e-001
1364	3.547342754949152e-001	3.548133892335755e-001
1469	2.847491829489642e-001	2.884031503126606e-001
1498	2.799875033922299e-001	2.818382931264454e-001
1560	2.410955101176303e-001	2.454708915685031e-001
1667	2.391392325378248e-001	2.398832919019490e-001
1883	2.318231765427589e-001	2.344228815319922e-001
1911	2.244664483075773e-001	2.290867652767773e-001
1989	2.127715354875329e-001	2.137962089502232e-001
2112	2.077589986118834e-001	2.089296130854039e-001
2126	1.732401054829392e-001	1.737800828749375e-001
2223	1.616202183316452e-001	1.621810097358930e-001
2394	1.525209605448751e-001	1.548816618912481e-001
2413	1.505434983208205e-001	1.513561248436208e-001
2588	1.460668655116014e-001	1.479108388168208e-001
2642	1.444608676389373e-001	1.445439770745928e-001
2736	1.400549281832886e-001	1.412537544622755e-001
2811	1.329727169474534e-001	1.348962882591654e-001
2856	1.313032331397167e-001	1.318256738556407e-001
3359	1.284438658331294e-001	1.288249551693134e-001
3459	1.255809364431070e-001	1.258925411794167e-001
3496	1.213436415792938e-001	1.230268770812382e-001
3571	1.201830906555278e-001	1.202264434617413e-001
4141	1.084605598795205e-001	1.096478196143185e-001
4533	1.070729810057396e-001	1.071519305237607e-001
4762	1.038075527157849e-001	1.047128548050900e-001
5134	9.988267100377024e-002	1.000000000000000e-001
5177	9.764178224923015e-002	9.772372209558107e-002
5429	9.303092953123515e-002	9.332543007969910e-002
6037	8.999161560067182e-002	9.120108393559097e-002
6443	8.803747867630607e-002	8.912509381337455e-002
6807	8.401139698294236e-002	8.511380382023763e-002
7043	8.184455486187370e-002	8.317637711026708e-002
7231	8.117311344702216e-002	8.128305161640990e-002
7474	7.877232838168102e-002	7.943282347242814e-002
7871	7.669037430288250e-002	7.762471166286916e-002
8009	7.368892848100683e-002	7.413102413009177e-002
8936	7.048937132300115e-002	7.079457843841380e-002
9083	6.833759682692109e-002	6.918309709189366e-002
9613	6.660988587599759e-002	6.760829753919818e-002
9960	6.585042057909951e-002	6.606934480075961e-002
10421	6.435625734429629e-002	6.456542290346556e-002
10647	6.305606047079371e-002	6.309573444801933e-002
11068	5.896839459674297e-002	6.025595860743578e-002
11147	5.821515499196361e-002	5.888436553555890e-002
11350	5.753866957363152e-002	5.754399373371569e-002
11870	5.565065506617895e-002	5.623413251903491e-002
12691	5.480565370506130e-002	5.495408738576246e-002
12710	5.290134353717446e-002	5.370317963702527e-002
13634	5.242207674873967e-002	5.248074602497726e-002
13866	5.090733461166219e-002	5.128613839913648e-002
14535	4.983417996115669e-002	5.011872336272722e-002
14945	4.872327481220751e-002	4.897788193684461e-002
15418	4.774925645974570e-002	4.786300923226383e-002
15748	4.675844683303998e-002	4.677351412871982e-002
16486	4.533602445180074e-002	4.570881896148749e-002
16793	4.465842992534286e-002	4.466835921509630e-002
17028	4.356356329053690e-002	4.365158322401658e-002
18861	4.250326093568424e-002	4.265795188015926e-002
19262	4.168677709400781e-002	4.168693834703355e-002
19641	3.985900047922131e-002	4.073802778041128e-002
20141	3.975185111372503e-002	3.981071705534973e-002
20593	3.859839950157185e-002	3.890451449942807e-002
20969	3.801752329183639e-002	3.801893963205612e-002
21551	3.529929544588273e-002	3.548133892335755e-002
21959	3.459438026598549e-002	3.467368504525317e-002
22663	3.379012910721790e-002	3.388441561392026e-002
23680	3.306595104989152e-002	3.311311214825911e-002
24126	3.175970694094399e-002	3.235936569296283e-002
24398	3.161864881131238e-002	3.162277660168379e-002
25327	2.966175660501313e-002	3.019951720402016e-002
25537	2.944316621854459e-002	2.951209226666385e-002
26795	2.880726084353591e-002	2.884031503126606e-002
27742	2.818360907283601e-002	2.818382931264454e-002
29622	2.745382223286086e-002	2.754228703338166e-002
32324	2.691349314568492e-002	2.691534803926915e-002
34523	2.581332068126252e-002	2.630267991895382e-002
35099	2.568806477186880e-002	2.570395782768863e-002
37000	2.511864117933671e-002	2.511886431509579e-002
38007	2.445375346162404e-002	2.454708915685030e-002
41122	2.383664249762885e-002	2.398832919019490e-002
45194	2.344056744660739e-002	2.344228815319923e-002
47430	2.266803033394682e-002	2.290867652767774e-002
49562	2.238654231170911e-002	2.238721138568340e-002
51468	2.184174667169048e-002	2.187761623949553e-002
54369	2.137931275698379e-002	2.137962089502233e-002
56220	2.085259746054391e-002	2.089296130854040e-002
58450	2.038802468661216e-002	2.041737944669530e-002
59691	1.923173324069949e-002	1.949844599758046e-002
61752	1.903404889603133e-002	1.905460717963247e-002
64237	1.851538672645381e-002	1.862087136662868e-002
64560	1.819260483964758e-002	1.819700858609984e-002
69679	1.776896703827358e-002	1.778279410038923e-002
75598	1.737718938370081e-002	1.737800828749376e-002
78999	1.698143511108274e-002	1.698243652461744e-002
81243	1.596001110077228e-002	1.621810097358930e-002
83923	1.573268305438369e-002	1.584893192461113e-002
87664	1.547500854632944e-002	1.548816618912481e-002
91707	1.480422647858415e-002	1.513561248436208e-002
92383	1.478961164809878e-002	1.479108388168207e-002
100032	1.445322378932579e-002	1.445439770745927e-002
114837	1.398631426146058e-002	1.412537544622754e-002
122281	1.377174863304986e-002	1.380384264602885e-002
141573	1.341421149384681e-002	1.348962882591653e-002
148434	1.317270517739544e-002	1.318256738556408e-002
203083	1.287814266332787e-002	1.288249551693134e-002
209290	1.201678192626199e-002	1.202264434617413e-002
221341	1.174264889353494e-002	1.174897554939530e-002
238607	1.140226918165954e-002	1.148153621496883e-002
250058	1.120447314044160e-002	1.122018454301964e-002
260570	1.087851023461717e-002	1.096478196143185e-002
264434	1.071302809070718e-002	1.071519305237607e-002
265200	1.000647477245575e-002	1.023292992280754e-002
266459	9.980997990109208e-003	1.000000000000000e-002
277516	9.474904271029150e-003	9.549925860214359e-003
278100	8.943238038119250e-003	9.120108393559097e-003
279011	8.526379944613582e-003	8.709635899560805e-003
280388	8.282038566695404e-003	8.317637711026709e-003
285643	8.076694300460430e-003	8.128305161640995e-003
291199	7.693938539015233e-003	7.762471166286920e-003
295885	7.584741223169211e-003	7.585775750291836e-003
300001	7.488434533195032e-003	7.585775750291836e-003
