%
% index = 1000, name = bbob_f015_i02_d03__bbob_f015_i04_d03
% instance = 1, reference value = 9.034556572830900e-001
% function evaluation | indicator value | target hit
1	5.499408849301733e+008	5.623413251903491e+008
2	8.956581265930922e+007	9.120108393559097e+007
3	1.206447389379006e+007	1.230268770812381e+007
6	1.671089481198255e+001	1.698243652461744e+001
138	1.543162721332981e+001	1.548816618912481e+001
262	1.241254969736152e+001	1.258925411794168e+001
374	2.831329454033701e+000	2.884031503126606e+000
405	1.405259676364590e+000	1.412537544622754e+000
632	8.440250798795020e-001	8.511380382023764e-001
720	7.510498708986597e-001	7.585775750291838e-001
859	7.369553490013864e-001	7.413102413009175e-001
881	6.020573618983025e-001	6.025595860743578e-001
1004	5.031362614267452e-001	5.128613839913648e-001
1052	4.971856792031223e-001	5.011872336272722e-001
1151	4.568435446901150e-001	4.570881896148750e-001
1178	4.358073636269783e-001	4.365158322401660e-001
1204	4.181850932455467e-001	4.265795188015927e-001
1208	3.216374415758773e-001	3.235936569296283e-001
1239	2.682929881989501e-001	2.691534803926916e-001
1342	2.530317552959456e-001	2.570395782768864e-001
1350	2.473305501359178e-001	2.511886431509580e-001
1423	2.431660609137207e-001	2.454708915685031e-001
1538	2.390865041293760e-001	2.398832919019490e-001
1556	2.303251336693225e-001	2.344228815319922e-001
1575	2.244713957315198e-001	2.290867652767773e-001
1593	2.212515572790909e-001	2.238721138568340e-001
1624	2.184910661830672e-001	2.187761623949552e-001
1640	2.114717050575175e-001	2.137962089502232e-001
1690	2.039825909127210e-001	2.041737944669530e-001
1694	1.992906555433981e-001	1.995262314968880e-001
1716	1.945692457216244e-001	1.949844599758046e-001
1725	1.857482784091378e-001	1.862087136662868e-001
1734	1.780685502347783e-001	1.819700858609984e-001
1736	1.713037710040358e-001	1.737800828749375e-001
1738	1.623011950392597e-001	1.659586907437561e-001
1774	1.621745533376319e-001	1.621810097358930e-001
1815	1.568853620128499e-001	1.584893192461113e-001
1877	1.472288508037040e-001	1.479108388168208e-001
1953	1.318573617534108e-001	1.348962882591654e-001
2025	1.304643219775015e-001	1.318256738556407e-001
2143	1.270801475319822e-001	1.288249551693134e-001
2153	1.258460276723177e-001	1.258925411794167e-001
2288	1.170305521056795e-001	1.174897554939529e-001
2337	1.121790855099786e-001	1.122018454301964e-001
2684	1.058381424231656e-001	1.071519305237607e-001
2774	9.944528914375606e-002	1.000000000000000e-001
3362	9.694420456066577e-002	9.772372209558107e-002
3403	9.340359952703847e-002	9.549925860214359e-002
3519	9.329371953612797e-002	9.332543007969910e-002
3571	8.466641754987903e-002	8.511380382023763e-002
3638	8.257690946149232e-002	8.317637711026708e-002
3782	7.855954713190083e-002	7.943282347242814e-002
3961	7.758847385487733e-002	7.762471166286916e-002
4009	7.451697478530506e-002	7.585775750291836e-002
4131	7.401901617259077e-002	7.413102413009177e-002
4136	7.235924091392831e-002	7.244359600749903e-002
4238	6.425504387436953e-002	6.456542290346556e-002
4435	6.262762099904318e-002	6.309573444801933e-002
4617	6.047118033307697e-002	6.165950018614822e-002
4791	5.765334010823520e-002	5.888436553555890e-002
4804	5.634714678952790e-002	5.754399373371569e-002
4810	5.528740731158643e-002	5.623413251903491e-002
4962	5.386043442975297e-002	5.495408738576246e-002
5295	5.330401693445586e-002	5.370317963702527e-002
5428	5.186562113668680e-002	5.248074602497726e-002
5795	5.117013462094766e-002	5.128613839913648e-002
6030	4.709090076225175e-002	4.786300923226383e-002
6413	4.627233424157617e-002	4.677351412871982e-002
6982	4.525869257487825e-002	4.570881896148749e-002
7518	4.417251297299496e-002	4.466835921509630e-002
7904	4.287642942236836e-002	4.365158322401658e-002
8096	4.255542461811068e-002	4.265795188015926e-002
8254	4.111164837019177e-002	4.168693834703355e-002
8256	4.049332770815539e-002	4.073802778041128e-002
8629	3.932867815348440e-002	3.981071705534973e-002
8748	3.842979890109832e-002	3.890451449942807e-002
8943	3.799674692520871e-002	3.801893963205612e-002
8965	3.291476620860856e-002	3.311311214825911e-002
9429	3.196360723471625e-002	3.235936569296283e-002
9707	2.964054775707015e-002	3.019951720402016e-002
9713	2.896265083424787e-002	2.951209226666385e-002
9893	2.882228187192693e-002	2.884031503126606e-002
10316	2.811882933457610e-002	2.818382931264454e-002
10649	2.749521409417943e-002	2.754228703338166e-002
10725	2.657608970599257e-002	2.691534803926915e-002
10912	2.623987023046737e-002	2.630267991895382e-002
10950	2.553260679895686e-002	2.570395782768863e-002
11029	2.430613556421246e-002	2.454708915685030e-002
11203	2.386403855709529e-002	2.398832919019490e-002
11318	2.321549643547960e-002	2.344228815319923e-002
11771	2.242563375329554e-002	2.290867652767774e-002
11861	2.230372188944174e-002	2.238721138568340e-002
12145	2.169739817328231e-002	2.187761623949553e-002
12359	2.132911085328726e-002	2.137962089502233e-002
12534	2.075808978931004e-002	2.089296130854040e-002
12971	1.998906944010293e-002	2.041737944669530e-002
13010	1.979850641816283e-002	1.995262314968880e-002
13051	1.768992993745000e-002	1.778279410038923e-002
13212	1.667203441834320e-002	1.698243652461744e-002
13299	1.603480383304501e-002	1.621810097358930e-002
13409	1.556109758146917e-002	1.584893192461113e-002
13412	1.470230327221245e-002	1.479108388168207e-002
13499	1.378761011637741e-002	1.380384264602885e-002
13886	1.322929255744765e-002	1.348962882591653e-002
13887	1.314859702924498e-002	1.318256738556408e-002
14533	1.287650882675318e-002	1.288249551693134e-002
14999	1.258421419334410e-002	1.258925411794168e-002
15347	1.179469530490340e-002	1.202264434617413e-002
15627	1.169230854341785e-002	1.174897554939530e-002
15754	1.146131131999029e-002	1.148153621496883e-002
16394	1.102837934205359e-002	1.122018454301964e-002
16491	1.095467497594405e-002	1.096478196143185e-002
16596	1.045522397999565e-002	1.047128548050900e-002
17389	1.022756685066650e-002	1.023292992280754e-002
17583	9.988975323492744e-003	1.000000000000000e-002
17771	9.739546313195180e-003	9.772372209558112e-003
18240	9.164105440288339e-003	9.332543007969915e-003
18279	9.023341385928752e-003	9.120108393559097e-003
18315	8.893095932832829e-003	8.912509381337459e-003
18621	8.706710855162614e-003	8.709635899560805e-003
18810	8.438694537601155e-003	8.511380382023768e-003
19146	8.266935108412032e-003	8.317637711026709e-003
19483	8.109008213420199e-003	8.128305161640995e-003
19590	7.904803544544925e-003	7.943282347242814e-003
19896	7.747287481276954e-003	7.762471166286920e-003
20166	7.585556696199092e-003	7.585775750291836e-003
20237	7.405211605678752e-003	7.413102413009177e-003
21117	7.243530360376727e-003	7.244359600749898e-003
21743	6.562044457953498e-003	6.606934480075957e-003
22148	6.454170952891247e-003	6.456542290346556e-003
22788	6.304070129678596e-003	6.309573444801930e-003
23158	6.163668775084563e-003	6.165950018614822e-003
23901	6.016233313675179e-003	6.025595860743574e-003
24126	5.880731028379160e-003	5.888436553555890e-003
24368	5.740149879497003e-003	5.754399373371567e-003
24701	5.516778483998452e-003	5.623413251903491e-003
24800	5.437743143455354e-003	5.495408738576248e-003
25781	5.366718070600740e-003	5.370317963702527e-003
26389	5.246667445838127e-003	5.248074602497728e-003
26748	5.114841892327804e-003	5.128613839913648e-003
27289	4.992977918412245e-003	5.011872336272725e-003
28102	4.869599549226611e-003	4.897788193684461e-003
28619	4.778254841664276e-003	4.786300923226385e-003
28792	4.590078851675505e-003	4.677351412871981e-003
28875	4.529523728217355e-003	4.570881896148752e-003
29233	4.413969820965757e-003	4.466835921509631e-003
30073	4.364183367932983e-003	4.365158322401661e-003
30821	4.252063136374829e-003	4.265795188015926e-003
32391	4.167816186088746e-003	4.168693834703355e-003
32573	4.047011097583653e-003	4.073802778041126e-003
32713	3.969952740506932e-003	3.981071705534973e-003
33305	3.725063266031281e-003	3.801893963205613e-003
33853	3.698869162973129e-003	3.715352290971724e-003
35726	3.630579734751560e-003	3.630780547701014e-003
37931	3.540886617548478e-003	3.548133892335753e-003
39390	3.466736471332554e-003	3.467368504525317e-003
39943	3.388311993492765e-003	3.388441561392024e-003
41439	3.311048608525380e-003	3.311311214825911e-003
42629	3.235633348344091e-003	3.235936569296281e-003
44760	3.160421877153374e-003	3.162277660168379e-003
46131	3.083550502135712e-003	3.090295432513592e-003
46208	3.017831595024334e-003	3.019951720402016e-003
48897	2.951207377658638e-003	2.951209226666387e-003
50651	2.879220136118188e-003	2.884031503126606e-003
52853	2.795459461041538e-003	2.818382931264455e-003
53168	2.732796343316801e-003	2.754228703338166e-003
55032	2.690600914724617e-003	2.691534803926917e-003
56355	2.623298308060407e-003	2.630267991895381e-003
58800	2.560319843912029e-003	2.570395782768865e-003
61551	2.494885383546364e-003	2.511886431509579e-003
62080	2.446886720879227e-003	2.454708915685031e-003
63309	2.397698707543250e-003	2.398832919019490e-003
64985	2.339650567115492e-003	2.344228815319923e-003
67745	2.288319998172805e-003	2.290867652767772e-003
69489	2.236037958420090e-003	2.238721138568340e-003
70991	2.153175584571732e-003	2.187761623949552e-003
71485	2.102590795436510e-003	2.137962089502233e-003
71748	2.080205917955991e-003	2.089296130854039e-003
76068	2.020163264373709e-003	2.041737944669530e-003
77722	1.992448926381840e-003	1.995262314968879e-003
79931	1.902566481230439e-003	1.905460717963246e-003
82854	1.861802903579624e-003	1.862087136662868e-003
86497	1.819092959001067e-003	1.819700858609983e-003
89883	1.775812131521781e-003	1.778279410038923e-003
95998	1.732247705096723e-003	1.737800828749376e-003
99890	1.683802433425363e-003	1.698243652461744e-003
100766	1.657286883499975e-003	1.659586907437561e-003
105854	1.311158411821833e-003	1.318256738556408e-003
109231	1.287007891891401e-003	1.288249551693134e-003
113867	1.178257496793789e-003	1.202264434617413e-003
114606	1.174884375164220e-003	1.174897554939529e-003
117407	1.136451586364884e-003	1.148153621496883e-003
117645	1.104029566021181e-003	1.122018454301963e-003
118842	1.021603743755262e-003	1.023292992280754e-003
120241	9.640848159823134e-004	9.772372209558111e-004
122641	9.542358944053531e-004	9.549925860214359e-004
123372	9.250514453456038e-004	9.332543007969915e-004
124016	9.109095665038591e-004	9.120108393559096e-004
124847	8.840852907935348e-004	8.912509381337459e-004
125181	8.700828958961848e-004	8.709635899560805e-004
129053	8.350004541559652e-004	8.511380382023768e-004
129557	8.306395413845147e-004	8.317637711026709e-004
130892	8.044974050426257e-004	8.128305161640995e-004
132619	7.766227501638801e-004	7.943282347242813e-004
132883	7.739962635009423e-004	7.762471166286919e-004
133474	7.359126755682732e-004	7.413102413009177e-004
137016	7.224136865546793e-004	7.244359600749898e-004
139358	7.079097541886625e-004	7.079457843841380e-004
144495	6.888049713693611e-004	6.918309709189362e-004
144683	6.756121700153273e-004	6.760829753919819e-004
146736	6.510319369219531e-004	6.606934480075958e-004
147634	6.445171801288119e-004	6.456542290346556e-004
150860	6.294090496977711e-004	6.309573444801930e-004
151439	6.165943206211111e-004	6.165950018614822e-004
151651	6.023404212333050e-004	6.025595860743575e-004
154273	5.816985039257538e-004	5.888436553555889e-004
156138	5.743897439011159e-004	5.754399373371566e-004
156514	5.555084128491261e-004	5.623413251903491e-004
156708	5.390639046753964e-004	5.495408738576249e-004
157501	5.344178352489903e-004	5.370317963702527e-004
159803	5.158026751436173e-004	5.248074602497728e-004
159902	5.103732719775600e-004	5.128613839913648e-004
160212	4.997117502065773e-004	5.011872336272725e-004
160907	4.836061980791895e-004	4.897788193684461e-004
162512	4.757644119534055e-004	4.786300923226385e-004
164507	4.672008417405671e-004	4.677351412871981e-004
167877	4.568293610388574e-004	4.570881896148752e-004
168199	3.969881124565866e-004	3.981071705534974e-004
168500	3.833292430421853e-004	3.890451449942804e-004
168874	3.743337180369677e-004	3.801893963205612e-004
169019	3.617056454825463e-004	3.630780547701014e-004
171950	3.532742612448736e-004	3.548133892335753e-004
174620	3.449433849167516e-004	3.467368504525317e-004
174756	3.350496838706585e-004	3.388441561392024e-004
175938	3.310256779811560e-004	3.311311214825911e-004
176117	3.226796044262237e-004	3.235936569296281e-004
181128	3.124343317382206e-004	3.162277660168379e-004
181398	3.076934061458925e-004	3.090295432513592e-004
182750	3.016874604013786e-004	3.019951720402016e-004
185010	2.946120533804386e-004	2.951209226666387e-004
187722	2.860870032499463e-004	2.884031503126606e-004
191188	2.817256069949092e-004	2.818382931264455e-004
196064	2.749499682468404e-004	2.754228703338166e-004
201335	2.687365321496493e-004	2.691534803926917e-004
208755	2.625493191873440e-004	2.630267991895381e-004
221747	2.568276841230510e-004	2.570395782768865e-004
229112	2.500990163657457e-004	2.511886431509580e-004
234070	2.445126567833800e-004	2.454708915685031e-004
244181	2.398596064162595e-004	2.398832919019490e-004
248517	2.331240086588249e-004	2.344228815319923e-004
253123	2.289631359346789e-004	2.290867652767772e-004
264448	2.235935594382399e-004	2.238721138568340e-004
276195	2.187705907533699e-004	2.187761623949552e-004
293720	2.137689662188302e-004	2.137962089502232e-004
300001	2.122589968547306e-004	2.137962089502232e-004
%
% index = 1001, name = bbob_f015_i03_d03__bbob_f015_i05_d03
% instance = 2, reference value = 9.624079332682460e-001
% function evaluation | indicator value | target hit
1	4.687143620557121e+013	4.786300923226381e+013
2	6.167009488626395e+005	6.309573444801930e+005
4	7.427984791174079e+003	7.585775750291836e+003
6	6.442889325476381e+002	6.456542290346556e+002
24	3.986634372818170e+002	4.073802778041126e+002
143	2.053973654861337e+001	2.089296130854040e+001
372	1.358240020420354e+001	1.380384264602885e+001
382	1.288511338227754e+001	1.318256738556407e+001
485	7.709027505272745e+000	7.762471166286917e+000
499	5.103281226329461e+000	5.128613839913649e+000
570	2.691119584860545e+000	2.691534803926916e+000
611	9.518388120491035e-001	9.549925860214360e-001
720	4.228256142324131e-001	4.265795188015927e-001
942	4.081123387166408e-001	4.168693834703354e-001
947	3.871487968630648e-001	3.890451449942806e-001
1041	3.660209719917476e-001	3.715352290971726e-001
1119	3.629939791950896e-001	3.630780547701014e-001
1170	3.430347486596588e-001	3.467368504525316e-001
1173	3.368762263478529e-001	3.388441561392026e-001
1210	2.892231793681025e-001	2.951209226666385e-001
1212	2.701685198470285e-001	2.754228703338166e-001
1266	2.656040419745549e-001	2.691534803926916e-001
1277	2.085579838780600e-001	2.089296130854039e-001
1319	2.021139579321274e-001	2.041737944669530e-001
1380	1.970825851636813e-001	1.995262314968880e-001
1419	1.554225835931864e-001	1.584893192461113e-001
1422	1.536225072366957e-001	1.548816618912481e-001
1423	1.464685369479089e-001	1.479108388168208e-001
1424	1.422304540305822e-001	1.445439770745928e-001
1434	1.323628644409823e-001	1.348962882591654e-001
1460	1.265178229453573e-001	1.288249551693134e-001
1473	1.235396163282527e-001	1.258925411794167e-001
1496	1.197197662389048e-001	1.202264434617413e-001
1554	1.159156135598718e-001	1.174897554939529e-001
1614	1.020405729709029e-001	1.023292992280754e-001
1706	9.736116873499434e-002	9.772372209558107e-002
1731	8.928661379457381e-002	9.120108393559097e-002
1741	8.821548574353821e-002	8.912509381337455e-002
1791	8.613397223096198e-002	8.709635899560805e-002
1793	8.223640769776552e-002	8.317637711026708e-002
1823	7.867802168585225e-002	7.943282347242814e-002
1881	7.712220148302063e-002	7.762471166286916e-002
2023	7.175806803280871e-002	7.244359600749903e-002
2067	6.915338931174830e-002	6.918309709189366e-002
2071	6.312085366421782e-002	6.456542290346556e-002
2109	6.306330620321732e-002	6.309573444801933e-002
2133	5.843172478342973e-002	5.888436553555890e-002
2314	5.741358630208804e-002	5.754399373371569e-002
2373	5.467313297547383e-002	5.495408738576246e-002
2530	5.297941071332124e-002	5.370317963702527e-002
2539	5.189027944307634e-002	5.248074602497726e-002
2566	5.095826876741905e-002	5.128613839913648e-002
2608	5.010768167809565e-002	5.011872336272722e-002
2614	4.565363440171488e-002	4.570881896148749e-002
2711	4.353450515774648e-002	4.365158322401658e-002
2911	3.912435855977681e-002	3.981071705534973e-002
2940	3.839952639195343e-002	3.890451449942807e-002
2974	3.746056590501057e-002	3.801893963205612e-002
3034	3.680998287407788e-002	3.715352290971726e-002
3175	3.588089612007439e-002	3.630780547701014e-002
3245	3.424823529846366e-002	3.467368504525317e-002
3283	3.342382714489611e-002	3.388441561392026e-002
3298	3.303578677632224e-002	3.311311214825911e-002
3436	3.083226268458383e-002	3.090295432513590e-002
3710	2.821162533464205e-002	2.884031503126606e-002
3763	2.813459829546161e-002	2.818382931264454e-002
3800	2.744505188713031e-002	2.754228703338166e-002
3837	2.665442228490900e-002	2.691534803926915e-002
4299	2.495420756192412e-002	2.511886431509579e-002
4688	2.359824809887690e-002	2.398832919019490e-002
4718	2.170782114802794e-002	2.187761623949553e-002
5231	2.070903721286577e-002	2.089296130854040e-002
5860	2.012992310971062e-002	2.041737944669530e-002
5903	1.989235262269495e-002	1.995262314968880e-002
6398	1.941326987607273e-002	1.949844599758046e-002
7165	1.896425922615397e-002	1.905460717963247e-002
7479	1.858087520446605e-002	1.862087136662868e-002
8129	1.813247244778360e-002	1.819700858609984e-002
8511	1.558084315346919e-002	1.584893192461113e-002
8528	1.541227885619323e-002	1.548816618912481e-002
8751	1.384027989106507e-002	1.412537544622754e-002
8853	1.362426416420481e-002	1.380384264602885e-002
8901	1.347220460395016e-002	1.348962882591653e-002
9073	1.316113309796185e-002	1.318256738556408e-002
9341	1.273515189676189e-002	1.288249551693134e-002
9764	1.223926805682374e-002	1.230268770812382e-002
9901	1.202163281033442e-002	1.202264434617413e-002
10204	1.148376114272642e-002	1.174897554939530e-002
10250	1.127226057766539e-002	1.148153621496883e-002
10404	1.118130367693448e-002	1.122018454301964e-002
10813	9.357995805196140e-003	9.549925860214359e-003
11394	9.243735389968921e-003	9.332543007969915e-003
11570	8.885508593129865e-003	8.912509381337459e-003
11874	8.561053752432657e-003	8.709635899560805e-003
12379	8.484263356208888e-003	8.511380382023768e-003
12772	8.292442213607365e-003	8.317637711026709e-003
12879	8.127447076656358e-003	8.128305161640995e-003
13476	7.840728418025522e-003	7.943282347242814e-003
13809	7.725470746523522e-003	7.762471166286920e-003
14511	7.545465502362792e-003	7.585775750291836e-003
14532	7.404939564363944e-003	7.413102413009177e-003
14765	7.128937196106522e-003	7.244359600749898e-003
14830	7.043012863631293e-003	7.079457843841380e-003
14877	6.912469486199835e-003	6.918309709189363e-003
15087	6.723328483386304e-003	6.760829753919818e-003
15159	6.600535649277761e-003	6.606934480075957e-003
15333	6.360035506344119e-003	6.456542290346556e-003
15394	6.266323847197941e-003	6.309573444801930e-003
15552	6.163286827002179e-003	6.165950018614822e-003
16078	6.024555973477397e-003	6.025595860743574e-003
16159	5.821394593375939e-003	5.888436553555890e-003
16426	5.743960867614084e-003	5.754399373371567e-003
16844	5.592602871516195e-003	5.623413251903491e-003
16876	5.180019602878727e-003	5.248074602497728e-003
17499	5.124641433876587e-003	5.128613839913648e-003
18644	5.009124234929274e-003	5.011872336272725e-003
19247	4.893328716997214e-003	4.897788193684461e-003
19573	4.770605039757014e-003	4.786300923226385e-003
19666	4.623991688069484e-003	4.677351412871981e-003
19983	4.565449654854725e-003	4.570881896148752e-003
20683	4.465578893704358e-003	4.466835921509631e-003
21175	4.361071259817884e-003	4.365158322401661e-003
21968	4.264956338093540e-003	4.265795188015926e-003
22521	4.165836504045672e-003	4.168693834703355e-003
22740	4.065460352969952e-003	4.073802778041126e-003
23128	3.685508938994442e-003	3.715352290971724e-003
23652	3.609243330383372e-003	3.630780547701014e-003
24538	3.543848153657603e-003	3.548133892335753e-003
25918	3.409488479866218e-003	3.467368504525317e-003
26737	3.388056617997570e-003	3.388441561392024e-003
26784	3.261695768391304e-003	3.311311214825911e-003
26965	3.231695359422804e-003	3.235936569296281e-003
27818	3.110382064043571e-003	3.162277660168379e-003
28349	3.085506137616823e-003	3.090295432513592e-003
29604	2.991717881559386e-003	3.019951720402016e-003
30557	2.950911076734397e-003	2.951209226666387e-003
30683	2.848605751026412e-003	2.884031503126606e-003
31015	2.596754745433083e-003	2.630267991895381e-003
31962	2.566115221806942e-003	2.570395782768865e-003
32631	2.481359987370979e-003	2.511886431509579e-003
33141	2.437831196580476e-003	2.454708915685031e-003
34284	2.361353010085776e-003	2.398832919019490e-003
34461	2.298954174260182e-003	2.344228815319923e-003
34699	2.287703410084219e-003	2.290867652767772e-003
35906	2.237873529312484e-003	2.238721138568340e-003
37277	2.173693508520924e-003	2.187761623949552e-003
39724	2.014653768464658e-003	2.041737944669530e-003
40716	1.992606638189676e-003	1.995262314968879e-003
42524	1.949305953216518e-003	1.949844599758046e-003
43296	1.888625811144462e-003	1.905460717963246e-003
45967	1.861974136195377e-003	1.862087136662868e-003
49563	1.819606676833785e-003	1.819700858609983e-003
50762	1.777259272453646e-003	1.778279410038923e-003
53418	1.731435602470022e-003	1.737800828749376e-003
54651	1.698220187877797e-003	1.698243652461744e-003
61150	1.635164065693195e-003	1.659586907437561e-003
61838	1.618884568084789e-003	1.621810097358930e-003
73022	1.584860629939566e-003	1.584893192461114e-003
75130	1.543229215874686e-003	1.548816618912481e-003
78604	1.510327989547755e-003	1.513561248436209e-003
95337	1.478935157145145e-003	1.479108388168207e-003
108323	1.445386600997800e-003	1.445439770745928e-003
127355	1.410820451223649e-003	1.412537544622754e-003
171352	1.230379456388264e-003	1.258925411794168e-003
171799	1.230262577448626e-003	1.230268770812381e-003
172170	1.185765527969229e-003	1.202264434617413e-003
177669	1.172350138445633e-003	1.174897554939529e-003
180740	1.147954252407435e-003	1.148153621496883e-003
193965	1.121545326223217e-003	1.122018454301963e-003
212691	1.086249708262765e-003	1.096478196143185e-003
219871	1.070946087230240e-003	1.071519305237606e-003
223721	1.045041395963509e-003	1.047128548050900e-003
233019	1.020891023419290e-003	1.023292992280754e-003
238089	9.981324901801036e-004	1.000000000000000e-003
249405	9.748841446821643e-004	9.772372209558111e-004
263974	9.512452159461393e-004	9.549925860214359e-004
271035	9.331440694351212e-004	9.332543007969915e-004
300001	9.171310122331189e-004	9.332543007969915e-004
%
% index = 1002, name = bbob_f015_i07_d03__bbob_f015_i08_d03
% instance = 3, reference value = 8.997156147281890e-001
% function evaluation | indicator value | target hit
1	3.431966118510940e+007	3.467368504525317e+007
2	1.020327750563223e+003	1.023292992280754e+003
7	8.209107962869690e+002	8.317637711026708e+002
16	1.854218594964453e+002	1.862087136662867e+002
23	3.283994694821026e+001	3.311311214825911e+001
26	3.077242845953942e+001	3.090295432513591e+001
168	8.959961022157540e+000	9.120108393559097e+000
353	7.119929520407207e+000	7.244359600749901e+000
415	6.121333971323296e+000	6.165950018614822e+000
508	5.605123895928161e+000	5.623413251903491e+000
607	3.685494660626296e+000	3.715352290971725e+000
625	2.003574814958237e+000	2.041737944669529e+000
787	1.603625131299189e+000	1.621810097358930e+000
852	1.403004638682689e+000	1.412537544622754e+000
862	1.322875854950689e+000	1.348962882591654e+000
948	9.541739568791888e-001	9.549925860214360e-001
981	8.937463535144394e-001	9.120108393559098e-001
1068	7.555170690951306e-001	7.585775750291838e-001
1109	6.052504527510103e-001	6.165950018614822e-001
1137	5.861051220074027e-001	5.888436553555889e-001
1165	5.717980212404552e-001	5.754399373371569e-001
1187	5.309104775656648e-001	5.370317963702527e-001
1203	3.778180048747512e-001	3.801893963205612e-001
1267	3.686979619314796e-001	3.715352290971726e-001
1288	3.458162088039277e-001	3.467368504525316e-001
1315	3.238344324363777e-001	3.311311214825911e-001
1345	3.145615886376341e-001	3.162277660168379e-001
1368	3.056544004888040e-001	3.090295432513591e-001
1369	3.016963491057563e-001	3.019951720402016e-001
1420	2.894355786632776e-001	2.951209226666385e-001
1426	2.839835043529890e-001	2.884031503126606e-001
1440	2.670289039845224e-001	2.691534803926916e-001
1510	2.583761904852235e-001	2.630267991895382e-001
1515	2.511303060495796e-001	2.511886431509580e-001
1543	2.364007300315146e-001	2.398832919019490e-001
1551	2.253693097448518e-001	2.290867652767773e-001
1579	2.169324248612843e-001	2.187761623949552e-001
1615	2.136993453875815e-001	2.137962089502232e-001
1631	1.914358273601976e-001	1.949844599758046e-001
1642	1.854313701672377e-001	1.862087136662868e-001
1649	1.799073387179896e-001	1.819700858609984e-001
1651	1.725604843319827e-001	1.737800828749375e-001
1658	1.612664413458346e-001	1.621810097358930e-001
1687	1.543123712023043e-001	1.548816618912481e-001
1749	1.479732701705629e-001	1.513561248436208e-001
1761	1.479000428457397e-001	1.479108388168208e-001
1771	1.416498490042009e-001	1.445439770745928e-001
1786	1.396564510686216e-001	1.412537544622755e-001
1787	1.360067806453563e-001	1.380384264602885e-001
1810	1.348542521261065e-001	1.348962882591654e-001
1819	1.317397157283349e-001	1.318256738556407e-001
1966	1.226325523773942e-001	1.230268770812382e-001
2076	1.195056131963356e-001	1.202264434617413e-001
2205	1.172088048996701e-001	1.174897554939529e-001
2251	1.138469577087697e-001	1.148153621496883e-001
2277	1.118972459009157e-001	1.122018454301964e-001
2375	1.078959826221738e-001	1.096478196143185e-001
2382	1.039827202207999e-001	1.047128548050900e-001
2409	9.677224327478173e-002	9.772372209558107e-002
2773	9.409217907425094e-002	9.549925860214359e-002
3027	9.240020571129071e-002	9.332543007969910e-002
3431	7.331686062891041e-002	7.413102413009177e-002
3479	7.220937434611263e-002	7.244359600749903e-002
3672	6.888903364612375e-002	6.918309709189366e-002
4068	6.733968874040930e-002	6.760829753919818e-002
4212	6.504969949615658e-002	6.606934480075961e-002
4275	6.269189747789250e-002	6.309573444801933e-002
4519	6.081830024981472e-002	6.165950018614822e-002
4623	6.021364732321921e-002	6.025595860743578e-002
4749	5.701307666017097e-002	5.754399373371569e-002
4781	5.490150524677173e-002	5.495408738576246e-002
5064	5.320834541755792e-002	5.370317963702527e-002
5371	5.147000192634132e-002	5.248074602497726e-002
5388	5.029818119536866e-002	5.128613839913648e-002
5439	5.009674707537015e-002	5.011872336272722e-002
5647	4.829287362598744e-002	4.897788193684461e-002
5876	4.774519498708751e-002	4.786300923226383e-002
6092	4.483942433606425e-002	4.570881896148749e-002
6328	4.204974679467666e-002	4.265795188015926e-002
6465	4.162805888689158e-002	4.168693834703355e-002
6656	4.063043215971374e-002	4.073802778041128e-002
6734	3.873084781232750e-002	3.890451449942807e-002
6761	3.731890140213245e-002	3.801893963205612e-002
6809	3.639986084104185e-002	3.715352290971726e-002
6989	3.581730524367410e-002	3.630780547701014e-002
7474	3.537067109561931e-002	3.548133892335755e-002
8008	3.451825202326120e-002	3.467368504525317e-002
8300	3.330796597788177e-002	3.388441561392026e-002
8547	3.280857282104732e-002	3.311311214825911e-002
8785	3.176738456778916e-002	3.235936569296283e-002
9007	3.151181760851773e-002	3.162277660168379e-002
9205	2.968078598682478e-002	3.019951720402016e-002
9370	2.632617042888763e-002	2.691534803926915e-002
9668	2.616757094182753e-002	2.630267991895382e-002
10063	2.549628211468058e-002	2.570395782768863e-002
10411	2.378250371919011e-002	2.398832919019490e-002
10688	2.298454521747995e-002	2.344228815319923e-002
10791	2.261007274158111e-002	2.290867652767774e-002
11230	2.213054706092965e-002	2.238721138568340e-002
11424	2.181394330946329e-002	2.187761623949553e-002
11717	2.055951431579239e-002	2.089296130854040e-002
12210	2.041610076009714e-002	2.041737944669530e-002
12377	1.955445762754193e-002	1.995262314968880e-002
12535	1.937842491460762e-002	1.949844599758046e-002
12569	1.895409964574946e-002	1.905460717963247e-002
12797	1.857065352657961e-002	1.862087136662868e-002
13352	1.799815405401251e-002	1.819700858609984e-002
13625	1.778168917535972e-002	1.778279410038923e-002
13942	1.680931312693113e-002	1.698243652461744e-002
14130	1.655506463381562e-002	1.659586907437561e-002
14399	1.582037239499268e-002	1.584893192461113e-002
14416	1.517869008750195e-002	1.548816618912481e-002
14467	1.454501816158327e-002	1.479108388168207e-002
14478	1.432881112610607e-002	1.445439770745927e-002
14509	1.411851961902977e-002	1.412537544622754e-002
15351	1.379812366239852e-002	1.380384264602885e-002
15358	1.343150419551187e-002	1.348962882591653e-002
15924	1.281800412954948e-002	1.288249551693134e-002
16135	1.258873042506015e-002	1.258925411794168e-002
16727	1.213029420540657e-002	1.230268770812382e-002
16887	1.195758353579857e-002	1.202264434617413e-002
17465	1.170954319306361e-002	1.174897554939530e-002
17940	1.147083614299871e-002	1.148153621496883e-002
18049	1.111056596946447e-002	1.122018454301964e-002
18214	1.091665874037817e-002	1.096478196143185e-002
18665	1.065832405213796e-002	1.071519305237607e-002
18778	1.034759410975639e-002	1.047128548050900e-002
19045	1.016794086872341e-002	1.023292992280754e-002
19319	9.985656840060031e-003	1.000000000000000e-002
19452	9.738242993293289e-003	9.772372209558112e-003
19942	9.533089482900325e-003	9.549925860214359e-003
20080	9.317584048445071e-003	9.332543007969915e-003
20484	9.117000616677307e-003	9.120108393559097e-003
20586	8.414144258939937e-003	8.511380382023768e-003
20749	8.310845541985912e-003	8.317637711026709e-003
21085	8.119885762601364e-003	8.128305161640995e-003
21914	7.924445653055834e-003	7.943282347242814e-003
22137	7.566646148623568e-003	7.585775750291836e-003
23422	7.412357080639365e-003	7.413102413009177e-003
23489	7.141234259795515e-003	7.244359600749898e-003
23767	7.068437400231775e-003	7.079457843841380e-003
24210	6.916231784643401e-003	6.918309709189363e-003
24441	6.758145403378935e-003	6.760829753919818e-003
25143	6.604142979142580e-003	6.606934480075957e-003
25891	6.453656862689061e-003	6.456542290346556e-003
26447	6.277454089182344e-003	6.309573444801930e-003
27542	6.093796948309249e-003	6.165950018614822e-003
27565	5.973695128731582e-003	6.025595860743574e-003
27946	5.693163875751806e-003	5.754399373371567e-003
28442	5.622130406274684e-003	5.623413251903491e-003
29063	5.491448351531147e-003	5.495408738576248e-003
29865	5.352516370694893e-003	5.370317963702527e-003
30501	5.160804638830174e-003	5.248074602497728e-003
31201	4.890024831396889e-003	4.897788193684461e-003
31888	4.783229335969308e-003	4.786300923226385e-003
32776	4.668484686355945e-003	4.677351412871981e-003
34316	4.562236350206472e-003	4.570881896148752e-003
36134	4.465609082664246e-003	4.466835921509631e-003
37998	4.362472547739138e-003	4.365158322401661e-003
39896	4.265654271901398e-003	4.265795188015926e-003
42526	4.157799668950246e-003	4.168693834703355e-003
47041	4.072399266722870e-003	4.073802778041126e-003
49559	3.953672143663156e-003	3.981071705534973e-003
51603	3.886020661466594e-003	3.890451449942805e-003
52355	3.786208880190989e-003	3.801893963205613e-003
53560	3.713343707284378e-003	3.715352290971724e-003
55048	3.397277268409216e-003	3.467368504525317e-003
56098	3.386768969847243e-003	3.388441561392024e-003
60415	3.309773258130311e-003	3.311311214825911e-003
62527	3.234109691515164e-003	3.235936569296281e-003
66519	3.152456612538379e-003	3.162277660168379e-003
71155	3.067796756316521e-003	3.090295432513592e-003
71323	3.018065733986997e-003	3.019951720402016e-003
72943	2.917205732065886e-003	2.951209226666387e-003
74401	2.844310201674860e-003	2.884031503126606e-003
78354	2.818088056958157e-003	2.818382931264455e-003
82389	2.750714938461241e-003	2.754228703338166e-003
83346	2.529082780550085e-003	2.570395782768865e-003
84149	2.405294704369565e-003	2.454708915685031e-003
84530	2.396889700949645e-003	2.398832919019490e-003
87093	2.343522602127890e-003	2.344228815319923e-003
90725	2.290858387830719e-003	2.290867652767772e-003
92594	2.196961394610231e-003	2.238721138568340e-003
96020	2.187646382863950e-003	2.187761623949552e-003
97233	2.131453460100574e-003	2.137962089502233e-003
99121	2.060041217320396e-003	2.089296130854039e-003
99246	2.041057735705065e-003	2.041737944669530e-003
101517	1.994977949071441e-003	1.995262314968879e-003
102114	1.949035234481200e-003	1.949844599758046e-003
102658	1.890370910403894e-003	1.905460717963246e-003
104392	1.860541063590904e-003	1.862087136662868e-003
112321	1.818780450533852e-003	1.819700858609983e-003
126671	1.777818830042577e-003	1.778279410038923e-003
146342	1.736656728591579e-003	1.737800828749376e-003
149264	1.693816245986302e-003	1.698243652461744e-003
155490	1.657201833120348e-003	1.659586907437561e-003
166418	1.615518616864597e-003	1.621810097358930e-003
174205	1.573927433109246e-003	1.584893192461114e-003
194805	1.547036232007470e-003	1.548816618912481e-003
225458	1.512625292440339e-003	1.513561248436209e-003
225994	1.476979250153110e-003	1.479108388168207e-003
228498	1.430103336613753e-003	1.445439770745928e-003
233114	1.404854233340691e-003	1.412537544622754e-003
235563	1.380324912889974e-003	1.380384264602885e-003
240524	1.347844883364369e-003	1.348962882591653e-003
252378	1.318222101912125e-003	1.318256738556408e-003
252620	1.270091069366930e-003	1.288249551693134e-003
253922	1.251253835433119e-003	1.258925411794168e-003
254417	1.210740879962313e-003	1.230268770812381e-003
255124	1.201924850232405e-003	1.202264434617413e-003
258176	1.163041221447947e-003	1.174897554939529e-003
261783	1.138138691349711e-003	1.148153621496883e-003
269918	1.116428671273928e-003	1.122018454301963e-003
273718	1.095652990215523e-003	1.096478196143185e-003
284356	1.070446272549930e-003	1.071519305237606e-003
300001	1.048543992558049e-003	1.071519305237606e-003
%
% index = 1003, name = bbob_f015_i09_d03__bbob_f015_i10_d03
% instance = 4, reference value = 8.927885519567890e-001
% function evaluation | indicator value | target hit
1	3.537437676228242e+003	3.548133892335753e+003
6	3.384695986382162e+001	3.388441561392025e+001
183	3.824086857961107e+000	3.890451449942806e+000
510	2.398539222905964e+000	2.398832919019490e+000
692	1.001231419298289e+000	1.023292992280754e+000
816	8.730319310460328e-001	8.912509381337456e-001
1046	8.686777321038417e-001	8.709635899560806e-001
1051	7.574758529503443e-001	7.585775750291838e-001
1150	5.423024031121324e-001	5.495408738576245e-001
1205	4.466685956357791e-001	4.466835921509632e-001
1251	4.291643928565415e-001	4.365158322401660e-001
1332	4.168868540358313e-001	4.265795188015927e-001
1351	4.117568075993072e-001	4.168693834703354e-001
1409	4.022249376483026e-001	4.073802778041127e-001
1410	3.553509772664012e-001	3.630780547701014e-001
1458	3.320563661467851e-001	3.388441561392026e-001
1484	3.260361678135426e-001	3.311311214825911e-001
1522	3.229903228811343e-001	3.235936569296283e-001
1534	2.856204179143934e-001	2.884031503126606e-001
1628	2.726588877436327e-001	2.754228703338166e-001
1665	2.603913120989103e-001	2.630267991895382e-001
1684	2.565218655428885e-001	2.570395782768864e-001
1714	2.364957170696290e-001	2.398832919019490e-001
1744	2.325774990618120e-001	2.344228815319922e-001
1841	2.210662736538689e-001	2.238721138568340e-001
1878	2.181660338129027e-001	2.187761623949552e-001
1912	2.068094374215400e-001	2.089296130854039e-001
1931	1.992452451460021e-001	1.995262314968880e-001
1985	1.772430682538650e-001	1.778279410038923e-001
2014	1.598189043938336e-001	1.621810097358930e-001
2022	1.583573109254008e-001	1.584893192461113e-001
2032	1.403127716769163e-001	1.412537544622755e-001
2142	1.337756277774651e-001	1.348962882591654e-001
2659	1.318250849272287e-001	1.318256738556407e-001
2666	1.239489560596061e-001	1.258925411794167e-001
2745	1.228420938590727e-001	1.230268770812382e-001
2928	1.198874123386728e-001	1.202264434617413e-001
2971	1.139762762788360e-001	1.148153621496883e-001
3171	1.108185517868640e-001	1.122018454301964e-001
3242	1.004982617050082e-001	1.023292992280754e-001
3301	9.959129881808759e-002	1.000000000000000e-001
3345	9.204176578705092e-002	9.332543007969910e-002
3706	9.116711007214773e-002	9.120108393559097e-002
3968	8.453249942089591e-002	8.511380382023763e-002
4049	8.284788185236014e-002	8.317637711026708e-002
4110	7.945001737724788e-002	8.128305161640990e-002
4396	7.864868455085206e-002	7.943282347242814e-002
4725	7.509662378782456e-002	7.585775750291836e-002
5044	7.107537419209653e-002	7.244359600749903e-002
5176	6.028198297292520e-002	6.165950018614822e-002
5359	6.021749536818855e-002	6.025595860743578e-002
5569	5.719305338570957e-002	5.754399373371569e-002
5747	5.478493617861358e-002	5.495408738576246e-002
6288	5.152049876428633e-002	5.248074602497726e-002
6389	5.128311020347887e-002	5.128613839913648e-002
6540	4.623636773532514e-002	4.677351412871982e-002
6546	4.336018564305177e-002	4.365158322401658e-002
6718	4.250374098615106e-002	4.265795188015926e-002
6953	4.111985496190718e-002	4.168693834703355e-002
7326	4.047810987195577e-002	4.073802778041128e-002
7706	3.949207564857071e-002	3.981071705534973e-002
7945	3.791958165601250e-002	3.801893963205612e-002
8212	3.660066084098745e-002	3.715352290971726e-002
8281	3.589534547403239e-002	3.630780547701014e-002
8352	3.504564277372346e-002	3.548133892335755e-002
8437	3.456470189668315e-002	3.467368504525317e-002
8440	3.297305830871888e-002	3.311311214825911e-002
8614	3.217872512801590e-002	3.235936569296283e-002
8868	3.101960419771632e-002	3.162277660168379e-002
8900	3.039667189333850e-002	3.090295432513590e-002
8923	3.017915829979712e-002	3.019951720402016e-002
9281	2.812347499283774e-002	2.818382931264454e-002
9503	2.636042156503593e-002	2.691534803926915e-002
9505	2.622752536560402e-002	2.630267991895382e-002
9574	2.533602174878968e-002	2.570395782768863e-002
9846	2.503679706973983e-002	2.511886431509579e-002
9924	2.267571718136741e-002	2.290867652767774e-002
10002	2.237981932002242e-002	2.238721138568340e-002
10056	2.152101903616810e-002	2.187761623949553e-002
10166	2.130555957554348e-002	2.137962089502233e-002
10334	2.066978935613828e-002	2.089296130854040e-002
10460	2.040992169639211e-002	2.041737944669530e-002
10687	1.780080727154976e-002	1.819700858609984e-002
10689	1.710297348905054e-002	1.737800828749376e-002
10713	1.695576118346875e-002	1.698243652461744e-002
10940	1.658535208995526e-002	1.659586907437561e-002
11144	1.593340571389756e-002	1.621810097358930e-002
11245	1.583476064344536e-002	1.584893192461113e-002
11543	1.539775381106467e-002	1.548816618912481e-002
11767	1.507587127259524e-002	1.513561248436208e-002
12030	1.477546541625618e-002	1.479108388168207e-002
12412	1.444564973723572e-002	1.445439770745927e-002
12665	1.400960563030573e-002	1.412537544622754e-002
12933	1.377578886074682e-002	1.380384264602885e-002
13303	1.346361599086066e-002	1.348962882591653e-002
13454	1.310618928571761e-002	1.318256738556408e-002
13823	1.287206490508519e-002	1.288249551693134e-002
13976	1.232590176121795e-002	1.258925411794168e-002
14051	1.230046346931735e-002	1.230268770812382e-002
14308	1.201166867198744e-002	1.202264434617413e-002
14810	1.174200287678273e-002	1.174897554939530e-002
15305	1.145207577474183e-002	1.148153621496883e-002
15550	1.121725131209350e-002	1.122018454301964e-002
16108	1.095422261459600e-002	1.096478196143185e-002
17067	1.068400348789644e-002	1.071519305237607e-002
17396	1.045387805957720e-002	1.047128548050900e-002
17816	1.022603413676759e-002	1.023292992280754e-002
18095	9.835319570698609e-003	1.000000000000000e-002
18148	9.748882171804141e-003	9.772372209558112e-003
18593	9.543665828976256e-003	9.549925860214359e-003
19108	9.332346705363537e-003	9.332543007969915e-003
19403	9.118951479892834e-003	9.120108393559097e-003
20147	8.912204003253099e-003	8.912509381337459e-003
20946	8.680141216157344e-003	8.709635899560805e-003
20996	8.171516962138692e-003	8.317637711026709e-003
21012	7.966908674490458e-003	8.128305161640995e-003
21095	7.931221528838406e-003	7.943282347242814e-003
22007	7.711987725534497e-003	7.762471166286920e-003
23050	7.578569710588345e-003	7.585775750291836e-003
25931	7.412752551163693e-003	7.413102413009177e-003
27512	7.228271600790537e-003	7.244359600749898e-003
28930	7.015206752167491e-003	7.079457843841380e-003
30073	6.918304592355207e-003	6.918309709189363e-003
32133	6.745931694235763e-003	6.760829753919818e-003
37302	6.606772911142200e-003	6.606934480075957e-003
47040	6.401793527863409e-003	6.456542290346556e-003
57028	6.309485482269284e-003	6.309573444801930e-003
104122	6.165922023719239e-003	6.165950018614822e-003
122317	6.016790741433797e-003	6.025595860743574e-003
156790	5.670808783964532e-003	5.754399373371567e-003
163803	5.500349040295394e-003	5.623413251903491e-003
164267	5.345119264391962e-003	5.370317963702527e-003
164807	5.038296413245602e-003	5.128613839913648e-003
165322	4.990926211655422e-003	5.011872336272725e-003
166771	4.895690040390144e-003	4.897788193684461e-003
175477	4.786113978161311e-003	4.786300923226385e-003
201143	4.073397652015309e-003	4.073802778041126e-003
210247	3.483798079424672e-003	3.548133892335753e-003
212186	3.453131941605903e-003	3.467368504525317e-003
213449	3.370987683839921e-003	3.388441561392024e-003
214445	3.176738069625706e-003	3.235936569296281e-003
215368	3.161271073358729e-003	3.162277660168379e-003
220983	3.067301668716493e-003	3.090295432513592e-003
222340	3.015552883087747e-003	3.019951720402016e-003
227501	2.910917888639397e-003	2.951209226666387e-003
232937	2.832875517325362e-003	2.884031503126606e-003
232957	2.803419870974100e-003	2.818382931264455e-003
244409	2.754055526313026e-003	2.754228703338166e-003
300001	2.695682602915972e-003	2.754228703338166e-003
%
% index = 1004, name = bbob_f015_i11_d03__bbob_f015_i12_d03
% instance = 5, reference value = 8.461937019483470e-001
% function evaluation | indicator value | target hit
1	9.221744376492938e+012	9.332543007969924e+012
2	1.460369175341798e+005	1.479108388168207e+005
3	1.086418218478176e+005	1.096478196143185e+005
5	2.274598773373519e+002	2.290867652767772e+002
6	1.859069324931581e+002	1.862087136662867e+002
22	8.968486492803383e+001	9.120108393559097e+001
37	2.043203240802762e+001	2.089296130854040e+001
174	8.763585485452294e+000	8.912509381337454e+000
515	6.948081742671455e+000	7.079457843841379e+000
521	3.060110232330347e+000	3.090295432513591e+000
575	2.968763022497769e+000	3.019951720402016e+000
790	1.667612136481847e+000	1.698243652461744e+000
861	8.103789043170167e-001	8.128305161640993e-001
916	7.419426333729631e-001	7.585775750291838e-001
976	6.827600193313337e-001	6.918309709189364e-001
1020	6.625545924843785e-001	6.760829753919818e-001
1141	6.222690469693875e-001	6.309573444801933e-001
1205	5.859066958668744e-001	5.888436553555889e-001
1210	5.563650770805437e-001	5.623413251903491e-001
1235	5.231169967175049e-001	5.248074602497725e-001
1254	4.668222502823657e-001	4.677351412871982e-001
1287	4.327680372505827e-001	4.365158322401660e-001
1325	4.169435522747255e-001	4.265795188015927e-001
1333	4.051344765268598e-001	4.073802778041127e-001
1341	3.582414856971266e-001	3.630780547701014e-001
1389	3.493852391866913e-001	3.548133892335755e-001
1402	3.311154240156905e-001	3.311311214825911e-001
1405	2.958148135008910e-001	3.019951720402016e-001
1423	2.927340546361182e-001	2.951209226666385e-001
1479	2.852250022535062e-001	2.884031503126606e-001
1486	2.817706287587730e-001	2.818382931264454e-001
1498	2.592199309575399e-001	2.630267991895382e-001
1505	2.186967661673387e-001	2.187761623949552e-001
1524	2.126692736499836e-001	2.137962089502232e-001
1574	1.956287526499552e-001	1.995262314968880e-001
1609	1.930170987369698e-001	1.949844599758046e-001
1616	1.876485900271749e-001	1.905460717963247e-001
1631	1.822454468553127e-001	1.862087136662868e-001
1667	1.789282716907994e-001	1.819700858609984e-001
1683	1.727132956172959e-001	1.737800828749375e-001
1720	1.686864506191157e-001	1.698243652461744e-001
1750	1.565242092388857e-001	1.584893192461113e-001
1755	1.476763494340680e-001	1.479108388168208e-001
1765	1.434826670522530e-001	1.445439770745928e-001
1808	1.369148219827586e-001	1.380384264602885e-001
1815	1.346392407384418e-001	1.348962882591654e-001
1866	1.312964264752647e-001	1.318256738556407e-001
1874	1.286830391055216e-001	1.288249551693134e-001
1918	1.244967102599044e-001	1.258925411794167e-001
1977	1.227572519244896e-001	1.230268770812382e-001
1999	1.185439317100563e-001	1.202264434617413e-001
2066	1.162622850343312e-001	1.174897554939529e-001
2084	1.147056955994970e-001	1.148153621496883e-001
2086	1.111770778743967e-001	1.122018454301964e-001
2324	1.064128151571731e-001	1.071519305237607e-001
2370	9.926699557456120e-002	1.000000000000000e-001
2407	9.082200815603991e-002	9.120108393559097e-002
2501	8.817178884854304e-002	8.912509381337455e-002
2642	8.447316752531975e-002	8.511380382023763e-002
2676	8.150327100162325e-002	8.317637711026708e-002
2795	8.081184018761234e-002	8.128305161640990e-002
2811	7.854558446350535e-002	7.943282347242814e-002
2950	7.750543970196766e-002	7.762471166286916e-002
3031	7.536579301633861e-002	7.585775750291836e-002
3085	7.409753849964584e-002	7.413102413009177e-002
3119	7.182690435834904e-002	7.244359600749903e-002
3233	7.027586797027330e-002	7.079457843841380e-002
3269	6.899998733342538e-002	6.918309709189366e-002
3465	6.266744858331652e-002	6.309573444801933e-002
3726	6.129907370301302e-002	6.165950018614822e-002
3831	5.922460077053915e-002	6.025595860743578e-002
3834	5.830550199651363e-002	5.888436553555890e-002
3926	5.723175172052042e-002	5.754399373371569e-002
4220	5.593690551672315e-002	5.623413251903491e-002
4284	5.489593785676816e-002	5.495408738576246e-002
4314	5.256515975863385e-002	5.370317963702527e-002
4362	5.246553974213897e-002	5.248074602497726e-002
4614	4.750976661447326e-002	4.786300923226383e-002
4723	4.657830623072135e-002	4.677351412871982e-002
5000	4.505909575013756e-002	4.570881896148749e-002
5103	4.451200043140136e-002	4.466835921509630e-002
5205	4.335355928119888e-002	4.365158322401658e-002
5359	4.248850627317913e-002	4.265795188015926e-002
6138	4.076492819624156e-002	4.168693834703355e-002
6160	4.023462200015748e-002	4.073802778041128e-002
6229	3.966732877292045e-002	3.981071705534973e-002
6808	3.702438411935716e-002	3.715352290971726e-002
7926	3.630475378985609e-002	3.630780547701014e-002
8397	3.501831051689541e-002	3.548133892335755e-002
8448	3.454679349605727e-002	3.467368504525317e-002
8490	3.370469127381293e-002	3.388441561392026e-002
9200	3.310270351795330e-002	3.311311214825911e-002
9645	3.230738731228255e-002	3.235936569296283e-002
9876	3.121914009001803e-002	3.162277660168379e-002
10304	3.090200639574114e-002	3.090295432513590e-002
10332	3.016098317607896e-002	3.019951720402016e-002
10765	2.856451640106239e-002	2.884031503126606e-002
10789	2.799338598120760e-002	2.818382931264454e-002
11576	2.732497166935000e-002	2.754228703338166e-002
11612	2.686002256848086e-002	2.691534803926915e-002
12741	2.624860897931547e-002	2.630267991895382e-002
13270	2.541932215442944e-002	2.570395782768863e-002
13661	2.493990036124028e-002	2.511886431509579e-002
13891	2.452513968627812e-002	2.454708915685030e-002
14569	2.393825924240123e-002	2.398832919019490e-002
15264	2.325764373525630e-002	2.344228815319923e-002
15400	2.267285028183530e-002	2.290867652767774e-002
16056	2.225009946685119e-002	2.238721138568340e-002
16522	2.178899975977300e-002	2.187761623949553e-002
16765	2.129870934138956e-002	2.137962089502233e-002
17199	2.079100054874761e-002	2.089296130854040e-002
17671	2.039074633930993e-002	2.041737944669530e-002
18082	1.995153303843467e-002	1.995262314968880e-002
18201	1.883772590585553e-002	1.905460717963247e-002
18394	1.860620302818572e-002	1.862087136662868e-002
19031	1.813785801455192e-002	1.819700858609984e-002
19215	1.762753789069682e-002	1.778279410038923e-002
19320	1.736688794950492e-002	1.737800828749376e-002
19986	1.696218970751395e-002	1.698243652461744e-002
20747	1.645736501100259e-002	1.659586907437561e-002
20816	1.620530858244629e-002	1.621810097358930e-002
20873	1.573967169012047e-002	1.584893192461113e-002
21106	1.535334061364513e-002	1.548816618912481e-002
21268	1.497644654949470e-002	1.513561248436208e-002
22764	1.476707850640713e-002	1.479108388168207e-002
23071	1.442309921551876e-002	1.445439770745927e-002
23551	1.408080578260473e-002	1.412537544622754e-002
24233	1.377563229424428e-002	1.380384264602885e-002
25077	1.332673254811367e-002	1.348962882591653e-002
25338	1.313323598857497e-002	1.318256738556408e-002
25428	1.287604158485711e-002	1.288249551693134e-002
26544	1.255383001230492e-002	1.258925411794168e-002
26952	1.225015091756465e-002	1.230268770812382e-002
28060	1.201336834607902e-002	1.202264434617413e-002
29975	1.173118893767289e-002	1.174897554939530e-002
31141	1.148031911732450e-002	1.148153621496883e-002
32397	1.119011519366997e-002	1.122018454301964e-002
32777	1.091314617799921e-002	1.096478196143185e-002
33789	1.069748874228227e-002	1.071519305237607e-002
34437	1.018264637533151e-002	1.023292992280754e-002
35265	9.963600806137118e-003	1.000000000000000e-002
36238	9.772259288177376e-003	9.772372209558112e-003
37146	9.542353097113709e-003	9.549925860214359e-003
37917	9.327157294673816e-003	9.332543007969915e-003
38937	9.117004478648827e-003	9.120108393559097e-003
40872	8.910187450011153e-003	8.912509381337459e-003
41946	8.704418770679401e-003	8.709635899560805e-003
43753	8.423934506552877e-003	8.511380382023768e-003
44037	8.283461180176310e-003	8.317637711026709e-003
44664	8.098189031617631e-003	8.128305161640995e-003
45609	7.937320947898008e-003	7.943282347242814e-003
46794	7.755944174826057e-003	7.762471166286920e-003
48802	7.562945615899097e-003	7.585775750291836e-003
50156	7.386174677778246e-003	7.413102413009177e-003
51777	7.230046438175264e-003	7.244359600749898e-003
52426	7.074266543273033e-003	7.079457843841380e-003
53672	6.908560547773113e-003	6.918309709189363e-003
54169	6.720561133319314e-003	6.760829753919818e-003
54366	6.605913252962226e-003	6.606934480075957e-003
54951	6.402060596321979e-003	6.456542290346556e-003
55850	6.308564615854051e-003	6.309573444801930e-003
57449	6.164636333746865e-003	6.165950018614822e-003
60529	6.024941938443718e-003	6.025595860743574e-003
63013	5.873535248013706e-003	5.888436553555890e-003
65474	5.754198822955803e-003	5.754399373371567e-003
66512	5.605644557895251e-003	5.623413251903491e-003
68962	5.493877063223795e-003	5.495408738576248e-003
69647	5.363935484104632e-003	5.370317963702527e-003
75386	5.247003568211284e-003	5.248074602497728e-003
79631	5.105916163679725e-003	5.128613839913648e-003
83621	4.997990280482756e-003	5.011872336272725e-003
88988	4.893154383133758e-003	4.897788193684461e-003
94211	4.767528678837119e-003	4.786300923226385e-003
95887	4.636100132104026e-003	4.677351412871981e-003
100299	4.570509184577909e-003	4.570881896148752e-003
119077	4.466526141244986e-003	4.466835921509631e-003
119444	4.292823914078259e-003	4.365158322401661e-003
120178	4.250948858210091e-003	4.265795188015926e-003
124794	4.167775419067543e-003	4.168693834703355e-003
133998	3.854570449757122e-003	3.890451449942805e-003
134913	3.761872835361113e-003	3.801893963205613e-003
139351	3.714291940100201e-003	3.715352290971724e-003
142350	3.507965402757662e-003	3.548133892335753e-003
143180	3.452801072402645e-003	3.467368504525317e-003
144452	3.261009088305955e-003	3.311311214825911e-003
148710	3.233257315460203e-003	3.235936569296281e-003
153672	3.162264928376346e-003	3.162277660168379e-003
159393	3.062314470532956e-003	3.090295432513592e-003
159504	3.006379429678407e-003	3.019951720402016e-003
165974	2.917110629038100e-003	2.951209226666387e-003
166579	2.864339603872557e-003	2.884031503126606e-003
171128	2.703986826540050e-003	2.754228703338166e-003
171521	2.519938183990655e-003	2.570395782768865e-003
176012	2.508204704043560e-003	2.511886431509579e-003
178239	2.407825885639148e-003	2.454708915685031e-003
180896	2.395728962416910e-003	2.398832919019490e-003
190263	2.344202546761487e-003	2.344228815319923e-003
198436	2.236943529387192e-003	2.238721138568340e-003
202562	2.167590003283260e-003	2.187761623949552e-003
209984	2.133021898786058e-003	2.137962089502233e-003
220980	2.078679807445361e-003	2.089296130854039e-003
223050	2.041211136023180e-003	2.041737944669530e-003
231735	1.992825858641911e-003	1.995262314968879e-003
242053	1.948200207473549e-003	1.949844599758046e-003
248070	1.892719600767423e-003	1.905460717963246e-003
251295	1.780952021963711e-003	1.819700858609983e-003
252103	1.775651536283562e-003	1.778279410038923e-003
279083	1.737328492022905e-003	1.737800828749376e-003
300001	1.706845332665297e-003	1.737800828749376e-003
%
% index = 1005, name = bbob_f015_i13_d03__bbob_f015_i14_d03
% instance = 6, reference value = 9.095125745559020e-001
% function evaluation | indicator value | target hit
1	2.045680062408824e+003	2.089296130854039e+003
6	2.168121059821666e+001	2.187761623949553e+001
238	1.932416523138200e+001	1.949844599758045e+001
304	3.129367170556491e+000	3.162277660168379e+000
652	1.902207605212402e+000	1.905460717963247e+000
786	1.222863997968081e+000	1.230268770812382e+000
844	7.191159207908757e-001	7.244359600749900e-001
1115	6.685070548566958e-001	6.760829753919818e-001
1168	6.472878195323983e-001	6.606934480075960e-001
1170	4.870852108428596e-001	4.897788193684462e-001
1180	4.600977336204895e-001	4.677351412871982e-001
1280	4.139846403183775e-001	4.168693834703354e-001
1367	4.015525915011448e-001	4.073802778041127e-001
1386	3.962970898167997e-001	3.981071705534973e-001
1416	3.598214880692127e-001	3.630780547701014e-001
1446	3.534756430129772e-001	3.548133892335755e-001
1463	3.189665911793226e-001	3.235936569296283e-001
1483	3.077731857362379e-001	3.090295432513591e-001
1528	2.983659644773860e-001	3.019951720402016e-001
1556	2.920534539552501e-001	2.951209226666385e-001
1567	2.853992769770464e-001	2.884031503126606e-001
1589	2.736998529246811e-001	2.754228703338166e-001
1654	2.655016536266156e-001	2.691534803926916e-001
1695	2.599686145802498e-001	2.630267991895382e-001
1731	2.565401014787253e-001	2.570395782768864e-001
1769	2.500981976285112e-001	2.511886431509580e-001
1774	2.443289665832983e-001	2.454708915685031e-001
1911	1.995461801467885e-001	2.041737944669530e-001
1917	1.983570947948103e-001	1.995262314968880e-001
1938	1.783383807093235e-001	1.819700858609984e-001
1966	1.776706717919232e-001	1.778279410038923e-001
1984	1.675431108432602e-001	1.698243652461744e-001
2213	1.589465737247330e-001	1.621810097358930e-001
2218	1.415890852443026e-001	1.445439770745928e-001
2383	1.410650530873592e-001	1.412537544622755e-001
2581	1.344379994871814e-001	1.348962882591654e-001
2594	1.263173251565180e-001	1.288249551693134e-001
2757	1.185487989950380e-001	1.202264434617413e-001
2924	1.165589118482315e-001	1.174897554939529e-001
3018	1.141520132283244e-001	1.148153621496883e-001
3262	1.102955470349124e-001	1.122018454301964e-001
3278	1.017319307192345e-001	1.023292992280754e-001
3465	9.688949595131680e-002	9.772372209558107e-002
3845	9.262973904743799e-002	9.332543007969910e-002
3861	8.762157128369263e-002	8.912509381337455e-002
3874	8.688541660658633e-002	8.709635899560805e-002
4601	8.505688757982888e-002	8.511380382023763e-002
4702	8.289134626063421e-002	8.317637711026708e-002
4825	8.000044649307969e-002	8.128305161640990e-002
5240	7.937418600445700e-002	7.943282347242814e-002
5372	7.456666559475345e-002	7.585775750291836e-002
5724	7.354789568043341e-002	7.413102413009177e-002
5759	7.113964339048173e-002	7.244359600749903e-002
5787	6.927551590948100e-002	7.079457843841380e-002
5794	6.358227718449583e-002	6.456542290346556e-002
6294	5.994304179266885e-002	6.025595860743578e-002
7205	5.887327595380598e-002	5.888436553555890e-002
7283	5.722257352702664e-002	5.754399373371569e-002
7360	5.588311761266340e-002	5.623413251903491e-002
7416	5.321765723867422e-002	5.370317963702527e-002
7498	4.872510719386469e-002	4.897788193684461e-002
8034	4.753820544009602e-002	4.786300923226383e-002
8464	4.657579839418913e-002	4.677351412871982e-002
8639	4.494829189853800e-002	4.570881896148749e-002
8695	4.402715782256084e-002	4.466835921509630e-002
8783	4.321006260784033e-002	4.365158322401658e-002
9008	4.253545006346704e-002	4.265795188015926e-002
9162	4.095770776209018e-002	4.168693834703355e-002
9178	4.060611168453410e-002	4.073802778041128e-002
9446	3.893057203714367e-002	3.981071705534973e-002
9465	3.811503932616644e-002	3.890451449942807e-002
9519	3.718351715456036e-002	3.801893963205612e-002
9554	3.697828653241742e-002	3.715352290971726e-002
9905	3.625995976438379e-002	3.630780547701014e-002
10098	3.526660292573070e-002	3.548133892335755e-002
10561	3.463871710995403e-002	3.467368504525317e-002
10850	3.385547536007483e-002	3.388441561392026e-002
10864	3.249375562639123e-002	3.311311214825911e-002
10986	3.177709082540081e-002	3.235936569296283e-002
11091	3.064258770081529e-002	3.090295432513590e-002
11135	3.015317501397530e-002	3.019951720402016e-002
11494	2.919492619594311e-002	2.951209226666385e-002
11679	2.849420518937251e-002	2.884031503126606e-002
11913	2.817944569772790e-002	2.818382931264454e-002
12122	2.721358685644593e-002	2.754228703338166e-002
12579	2.691424691884847e-002	2.691534803926915e-002
12811	2.518196665446904e-002	2.570395782768863e-002
12905	2.511284986692752e-002	2.511886431509579e-002
13195	2.454545751979254e-002	2.454708915685030e-002
13458	2.394776329106318e-002	2.398832919019490e-002
14153	2.344174040215419e-002	2.344228815319923e-002
14619	2.271124495967480e-002	2.290867652767774e-002
14808	2.199363842113122e-002	2.238721138568340e-002
14906	2.173490319447502e-002	2.187761623949553e-002
15641	2.136252485861478e-002	2.137962089502233e-002
15850	2.076439331399915e-002	2.089296130854040e-002
16246	2.033630421055832e-002	2.041737944669530e-002
16655	1.990584618924707e-002	1.995262314968880e-002
17854	1.949844120521449e-002	1.949844599758046e-002
18848	1.885474188261560e-002	1.905460717963247e-002
19805	1.858522361526160e-002	1.862087136662868e-002
21205	1.818184224964825e-002	1.819700858609984e-002
21238	1.763291800277023e-002	1.778279410038923e-002
21610	1.731009962686891e-002	1.737800828749376e-002
22361	1.698242856612053e-002	1.698243652461744e-002
23767	1.635244833617489e-002	1.659586907437561e-002
24789	1.619694078081924e-002	1.621810097358930e-002
26976	1.584449831181889e-002	1.584893192461113e-002
29155	1.548710499655159e-002	1.548816618912481e-002
32019	1.513298747943370e-002	1.513561248436208e-002
36499	1.478513169179729e-002	1.479108388168207e-002
44591	1.445433934924045e-002	1.445439770745927e-002
51063	1.403178697569452e-002	1.412537544622754e-002
58112	1.380327451697028e-002	1.380384264602885e-002
63652	1.331378482786239e-002	1.348962882591653e-002
64001	1.317841608509596e-002	1.318256738556408e-002
66011	1.201126022920496e-002	1.202264434617413e-002
68717	1.171349691467305e-002	1.174897554939530e-002
70857	1.147117607279624e-002	1.148153621496883e-002
77998	1.121871684446996e-002	1.122018454301964e-002
86585	1.095100498899226e-002	1.096478196143185e-002
97659	1.071517846733028e-002	1.071519305237607e-002
107107	1.047099090818815e-002	1.047128548050900e-002
125849	1.016684030435722e-002	1.023292992280754e-002
137556	9.999379558784716e-003	1.000000000000000e-002
165803	9.473486268377296e-003	9.549925860214359e-003
167156	9.279622777183305e-003	9.332543007969915e-003
171059	9.102078989985940e-003	9.120108393559097e-003
182081	8.911470044236647e-003	8.912509381337459e-003
203930	8.013462172254182e-003	8.128305161640995e-003
208868	7.938658248800024e-003	7.943282347242814e-003
214924	7.655971151728003e-003	7.762471166286920e-003
222889	7.577355835900357e-003	7.585775750291836e-003
246425	6.034926338494784e-003	6.165950018614822e-003
247684	5.197398914446594e-003	5.248074602497728e-003
248234	4.944452678057765e-003	5.011872336272725e-003
248703	4.867843149870543e-003	4.897788193684461e-003
249517	4.714300435523899e-003	4.786300923226385e-003
251972	4.609631737714337e-003	4.677351412871981e-003
253512	4.022315150690514e-003	4.073802778041126e-003
253687	3.403316731093065e-003	3.467368504525317e-003
253738	3.321952014061602e-003	3.388441561392024e-003
254090	3.303807761650512e-003	3.311311214825911e-003
254805	3.031220358407083e-003	3.090295432513592e-003
255351	2.982604006568024e-003	3.019951720402016e-003
256034	2.946495300022334e-003	2.951209226666387e-003
256343	2.865428026489147e-003	2.884031503126606e-003
256488	2.781672467513041e-003	2.818382931264455e-003
257647	2.680747916945170e-003	2.691534803926917e-003
258906	2.597360346059063e-003	2.630267991895381e-003
259549	2.527295985707334e-003	2.570395782768865e-003
259989	2.505923036765667e-003	2.511886431509579e-003
261285	2.436830329142103e-003	2.454708915685031e-003
261511	2.390569471245718e-003	2.398832919019490e-003
263096	2.181553226553445e-003	2.187761623949552e-003
264255	2.047780391167486e-003	2.089296130854039e-003
265005	1.998097331347148e-003	2.041737944669530e-003
265391	1.992990275615170e-003	1.995262314968879e-003
266396	1.928167025581851e-003	1.949844599758046e-003
266819	1.816567444040795e-003	1.819700858609983e-003
267361	1.741786576998305e-003	1.778279410038923e-003
267462	1.695679718946797e-003	1.698243652461744e-003
269786	1.658938617960293e-003	1.659586907437561e-003
271719	1.493729566413138e-003	1.513561248436209e-003
272150	1.389778216909110e-003	1.412537544622754e-003
274192	1.380335706920088e-003	1.380384264602885e-003
274392	1.342247653071227e-003	1.348962882591653e-003
274418	1.295461088801853e-003	1.318256738556408e-003
274683	1.284726205632136e-003	1.288249551693134e-003
276952	1.251228049179542e-003	1.258925411794168e-003
277621	1.215653041139797e-003	1.230268770812381e-003
278569	1.202247769078291e-003	1.202264434617413e-003
279444	1.174474915067170e-003	1.174897554939529e-003
280403	1.071018884103769e-003	1.071519305237606e-003
282752	1.022707146741242e-003	1.023292992280754e-003
289018	9.848231139615304e-004	1.000000000000000e-003
295633	9.770064258169953e-004	9.772372209558111e-004
297247	9.538467852598931e-004	9.549925860214359e-004
297914	9.033665344186925e-004	9.120108393559096e-004
300001	8.997248859632379e-004	9.120108393559096e-004
%
% index = 1006, name = bbob_f015_i15_d03__bbob_f015_i16_d03
% instance = 7, reference value = 9.246310551909150e-001
% function evaluation | indicator value | target hit
1	1.843959091270839e+011	1.862087136662866e+011
3	8.730848892175900e+010	8.912509381337441e+010
4	4.623208911114970e+006	4.677351412871981e+006
5	8.047213879483846e+002	8.128305161640996e+002
6	1.015962948868812e+002	1.023292992280754e+002
439	4.772969774436626e+001	4.786300923226383e+001
446	2.810150942832899e+001	2.818382931264453e+001
521	9.380637558066454e+000	9.549925860214358e+000
538	7.185011087427368e+000	7.244359600749901e+000
548	1.480458344173553e+000	1.513561248436208e+000
920	1.423586854403415e+000	1.445439770745927e+000
971	9.845035993194150e-001	1.000000000000000e+000
1116	8.596784372045619e-001	8.709635899560806e-001
1188	8.400033235014913e-001	8.511380382023764e-001
1189	8.129174731879206e-001	8.317637711026710e-001
1224	7.415833296674632e-001	7.585775750291838e-001
1253	6.892955310404407e-001	6.918309709189364e-001
1271	6.482766723400633e-001	6.606934480075960e-001
1342	5.619939681857681e-001	5.623413251903491e-001
1526	5.270435147795879e-001	5.370317963702527e-001
1560	5.208114764441496e-001	5.248074602497725e-001
1626	4.954447319706589e-001	5.011872336272722e-001
1628	4.625163120086118e-001	4.677351412871982e-001
1671	4.547948420995746e-001	4.570881896148750e-001
1693	4.409489717460687e-001	4.466835921509632e-001
1718	3.389881856608746e-001	3.467368504525316e-001
1732	3.187994454053487e-001	3.235936569296283e-001
1805	3.123045669900754e-001	3.162277660168379e-001
1975	2.578986358274432e-001	2.630267991895382e-001
1992	2.180782729394343e-001	2.187761623949552e-001
2301	2.034023608319684e-001	2.041737944669530e-001
2352	1.979780232179981e-001	1.995262314968880e-001
2681	1.900201418286699e-001	1.905460717963247e-001
2942	1.630977527315193e-001	1.659586907437561e-001
3196	1.551833866830320e-001	1.584893192461113e-001
3218	1.513017861388574e-001	1.513561248436208e-001
3374	1.293569869257907e-001	1.318256738556407e-001
3677	1.287134036969263e-001	1.288249551693134e-001
3720	1.166120291893871e-001	1.174897554939529e-001
4163	1.125620883864785e-001	1.148153621496883e-001
4247	1.111793326168937e-001	1.122018454301964e-001
4593	9.766018156853429e-002	9.772372209558107e-002
4729	8.959555827784382e-002	9.120108393559097e-002
4996	8.898918888148388e-002	8.912509381337455e-002
5171	8.508144838339005e-002	8.511380382023763e-002
5603	7.521986329162911e-002	7.585775750291836e-002
5683	7.176542596825930e-002	7.244359600749903e-002
5862	6.923865004155139e-002	7.079457843841380e-002
6058	6.461224697700463e-002	6.606934480075961e-002
6141	5.674935136635007e-002	5.754399373371569e-002
6606	5.602267734435518e-002	5.623413251903491e-002
6614	4.681754701218654e-002	4.786300923226383e-002
6655	4.658333148158422e-002	4.677351412871982e-002
6888	4.542757878163506e-002	4.570881896148749e-002
7072	4.409940923490985e-002	4.466835921509630e-002
7193	3.796924971039095e-002	3.801893963205612e-002
7321	3.679701781444411e-002	3.715352290971726e-002
7430	3.081054127995941e-002	3.090295432513590e-002
7540	2.891697568772378e-002	2.951209226666385e-002
7541	2.855923393835735e-002	2.884031503126606e-002
7546	2.544177677166104e-002	2.570395782768863e-002
7558	2.510930851253124e-002	2.511886431509579e-002
7728	2.293269969821132e-002	2.344228815319923e-002
7789	2.289798416785294e-002	2.290867652767774e-002
7842	2.210222298403441e-002	2.238721138568340e-002
7874	2.183265651515010e-002	2.187761623949553e-002
7898	2.084082929742481e-002	2.089296130854040e-002
7903	2.018862542559574e-002	2.041737944669530e-002
8056	1.976150388779085e-002	1.995262314968880e-002
8079	1.821962569404689e-002	1.862087136662868e-002
8096	1.817270162997331e-002	1.819700858609984e-002
8257	1.776365635610200e-002	1.778279410038923e-002
8327	1.669341693874282e-002	1.698243652461744e-002
8330	1.648270203648783e-002	1.659586907437561e-002
8435	1.621220682545332e-002	1.621810097358930e-002
8524	1.489988584901780e-002	1.513561248436208e-002
8542	1.471974029115886e-002	1.479108388168207e-002
8606	1.396419573411190e-002	1.412537544622754e-002
8657	1.372373767418122e-002	1.380384264602885e-002
8782	1.346295674448039e-002	1.348962882591653e-002
8800	1.287054031933410e-002	1.288249551693134e-002
8953	1.258202711277934e-002	1.258925411794168e-002
8967	1.210636482978034e-002	1.230268770812382e-002
9013	1.200485242448313e-002	1.202264434617413e-002
9185	1.162825933685929e-002	1.174897554939530e-002
9230	1.146705827666061e-002	1.148153621496883e-002
9372	1.121018542767238e-002	1.122018454301964e-002
9457	1.087336430624519e-002	1.096478196143185e-002
9525	1.066663913163546e-002	1.071519305237607e-002
9554	1.033818451028079e-002	1.047128548050900e-002
9607	9.977017270012989e-003	1.000000000000000e-002
9851	9.762258753575948e-003	9.772372209558112e-003
10164	9.528056833932652e-003	9.549925860214359e-003
10345	9.330798958525621e-003	9.332543007969915e-003
10476	9.017754629121799e-003	9.120108393559097e-003
10554	8.898822223931791e-003	8.912509381337459e-003
10710	8.434130954956487e-003	8.511380382023768e-003
10749	8.144072321842999e-003	8.317637711026709e-003
10767	8.124126751513194e-003	8.128305161640995e-003
10940	7.937370622624673e-003	7.943282347242814e-003
11043	7.736376068689044e-003	7.762471166286920e-003
11261	7.583463781047461e-003	7.585775750291836e-003
11561	7.357559978009132e-003	7.413102413009177e-003
11736	7.233421766101755e-003	7.244359600749898e-003
11939	7.074139877856545e-003	7.079457843841380e-003
12117	6.917209462152574e-003	6.918309709189363e-003
12486	6.759033231738099e-003	6.760829753919818e-003
13122	6.604291949580787e-003	6.606934480075957e-003
13330	6.453754371114506e-003	6.456542290346556e-003
13681	6.283962290536183e-003	6.309573444801930e-003
14288	6.163080607538674e-003	6.165950018614822e-003
14911	5.974556455632052e-003	6.025595860743574e-003
15286	5.883024089862854e-003	5.888436553555890e-003
16384	5.712855834174357e-003	5.754399373371567e-003
17382	5.615691196037331e-003	5.623413251903491e-003
18579	5.495025922136798e-003	5.495408738576248e-003
20346	5.370018885507033e-003	5.370317963702527e-003
23175	5.248033893025306e-003	5.248074602497728e-003
28309	5.128501520791140e-003	5.128613839913648e-003
33728	5.005083486822937e-003	5.011872336272725e-003
54214	4.897782678636609e-003	4.897788193684461e-003
65567	4.768421227170805e-003	4.786300923226385e-003
70557	4.607654316865273e-003	4.677351412871981e-003
90653	4.570848196636890e-003	4.570881896148752e-003
182726	4.394629897996105e-003	4.466835921509631e-003
182794	4.342328048320021e-003	4.365158322401661e-003
183489	4.237038184803588e-003	4.265795188015926e-003
184182	4.165116405522418e-003	4.168693834703355e-003
185246	4.056380776892854e-003	4.073802778041126e-003
187939	3.979398763126141e-003	3.981071705534973e-003
189733	3.884415172878519e-003	3.890451449942805e-003
191383	3.747419030176835e-003	3.801893963205613e-003
193213	3.714939194962907e-003	3.715352290971724e-003
194738	3.612773431980632e-003	3.630780547701014e-003
196840	3.543418519705965e-003	3.548133892335753e-003
201096	3.466541794893363e-003	3.467368504525317e-003
206921	3.387616287737427e-003	3.388441561392024e-003
215822	3.307765445987099e-003	3.311311214825911e-003
300001	3.250242188870045e-003	3.311311214825911e-003
%
% index = 1007, name = bbob_f015_i17_d03__bbob_f015_i18_d03
% instance = 8, reference value = 9.353613521637040e-001
% function evaluation | indicator value | target hit
1	1.586830117759672e+007	1.621810097358930e+007
3	8.461240135462602e+005	8.511380382023759e+005
4	8.863573047473385e+004	8.912509381337460e+004
5	5.832987397018054e+003	5.888436553555890e+003
6	3.329021220367587e+001	3.388441561392025e+001
153	1.033803820076029e+001	1.047128548050900e+001
496	3.252888531503547e+000	3.311311214825911e+000
568	2.644838063440954e+000	2.691534803926916e+000
731	2.259774850801842e+000	2.290867652767773e+000
739	1.199227571386393e+000	1.202264434617413e+000
763	7.792753734393436e-001	7.943282347242815e-001
832	4.739822161641375e-001	4.786300923226383e-001
889	4.630067958292408e-001	4.677351412871982e-001
983	3.104885693812347e-001	3.162277660168379e-001
1028	3.084255512998680e-001	3.090295432513591e-001
1196	2.808867324474176e-001	2.818382931264454e-001
1221	2.481278838664511e-001	2.511886431509580e-001
1358	2.403332913866393e-001	2.454708915685031e-001
1369	2.361733182212461e-001	2.398832919019490e-001
1374	2.341472647173462e-001	2.344228815319922e-001
1391	2.234510078903425e-001	2.238721138568340e-001
1416	1.965986113473335e-001	1.995262314968880e-001
1465	1.768121336074586e-001	1.778279410038923e-001
1482	1.728488746856132e-001	1.737800828749375e-001
1486	1.677336941373179e-001	1.698243652461744e-001
1547	1.597013181515387e-001	1.621810097358930e-001
1639	1.573398089064749e-001	1.584893192461113e-001
1676	1.391732694048374e-001	1.412537544622755e-001
1680	1.325156633387929e-001	1.348962882591654e-001
1727	1.316321718282221e-001	1.318256738556407e-001
1733	1.144181476685166e-001	1.148153621496883e-001
1752	1.088127414298865e-001	1.096478196143185e-001
1801	1.056034232730835e-001	1.071519305237607e-001
1841	1.021446129959291e-001	1.023292992280754e-001
1938	9.458830854692979e-002	9.549925860214359e-002
1943	9.160809081605303e-002	9.332543007969910e-002
1998	9.071938891249476e-002	9.120108393559097e-002
2049	8.808202001381793e-002	8.912509381337455e-002
2092	8.593072365122012e-002	8.709635899560805e-002
2093	8.315043310285286e-002	8.317637711026708e-002
2159	6.803951737128333e-002	6.918309709189366e-002
2263	6.646664134825897e-002	6.760829753919818e-002
2305	6.600400645289661e-002	6.606934480075961e-002
2342	6.367139397104149e-002	6.456542290346556e-002
2397	6.160809189636007e-002	6.165950018614822e-002
2475	6.000499789608127e-002	6.025595860743578e-002
2573	5.816609822988472e-002	5.888436553555890e-002
2594	5.691693784531016e-002	5.754399373371569e-002
2718	5.528329826471146e-002	5.623413251903491e-002
2815	5.495355901490628e-002	5.495408738576246e-002
3038	5.341112478487298e-002	5.370317963702527e-002
3220	5.213339452053434e-002	5.248074602497726e-002
3275	5.127960324733460e-002	5.128613839913648e-002
3427	4.997294125395646e-002	5.011872336272722e-002
3448	4.725008530425223e-002	4.786300923226383e-002
3514	4.638287343511516e-002	4.677351412871982e-002
3618	4.498821559682553e-002	4.570881896148749e-002
3764	4.130251395575435e-002	4.168693834703355e-002
3908	4.003074868488599e-002	4.073802778041128e-002
4426	3.933001069074471e-002	3.981071705534973e-002
4446	3.886676889129836e-002	3.890451449942807e-002
5031	3.770249171960916e-002	3.801893963205612e-002
5143	3.711802979112910e-002	3.715352290971726e-002
5369	3.566016646787151e-002	3.630780547701014e-002
5706	3.528070309295572e-002	3.548133892335755e-002
6008	3.413421748337375e-002	3.467368504525317e-002
6298	3.381586139245918e-002	3.388441561392026e-002
7282	3.272374615704266e-002	3.311311214825911e-002
7517	3.212899615811093e-002	3.235936569296283e-002
7916	3.059942855557629e-002	3.090295432513590e-002
8286	3.011713345775979e-002	3.019951720402016e-002
8332	2.851486854959251e-002	2.884031503126606e-002
8364	2.813886222646289e-002	2.818382931264454e-002
8610	2.717133837274433e-002	2.754228703338166e-002
8635	2.618821876768795e-002	2.630267991895382e-002
8836	2.438945788982860e-002	2.454708915685030e-002
8953	2.394351754929558e-002	2.398832919019490e-002
9330	2.173794320555955e-002	2.187761623949553e-002
9407	1.942897531612042e-002	1.949844599758046e-002
9523	1.902014729765433e-002	1.905460717963247e-002
9771	1.746655294755350e-002	1.778279410038923e-002
9836	1.729285549361115e-002	1.737800828749376e-002
10359	1.695825563794351e-002	1.698243652461744e-002
10880	1.633226464710469e-002	1.659586907437561e-002
11069	1.618302181114661e-002	1.621810097358930e-002
11239	1.553095044409980e-002	1.584893192461113e-002
11278	1.548724142704416e-002	1.548816618912481e-002
11400	1.369051745936645e-002	1.380384264602885e-002
11514	1.330411199671844e-002	1.348962882591653e-002
11729	1.317958104665207e-002	1.318256738556408e-002
12004	1.268482554773942e-002	1.288249551693134e-002
12324	1.257834832405369e-002	1.258925411794168e-002
12824	1.218552746442314e-002	1.230268770812382e-002
13071	1.187770739154981e-002	1.202264434617413e-002
13526	1.168153907229808e-002	1.174897554939530e-002
14190	1.146441415811461e-002	1.148153621496883e-002
14320	1.117751019151925e-002	1.122018454301964e-002
14533	1.096366438989882e-002	1.096478196143185e-002
15170	1.071258771670758e-002	1.071519305237607e-002
15619	1.046950814128955e-002	1.047128548050900e-002
15659	9.714788905533456e-003	9.772372209558112e-003
16379	9.549183191716049e-003	9.549925860214359e-003
16922	9.259298815698869e-003	9.332543007969915e-003
17876	9.042624288422396e-003	9.120108393559097e-003
18097	8.422482570967449e-003	8.511380382023768e-003
18906	8.316453181966499e-003	8.317637711026709e-003
19542	7.524424978975985e-003	7.585775750291836e-003
19899	7.396562540960328e-003	7.413102413009177e-003
21153	7.243155370198151e-003	7.244359600749898e-003
22433	7.078893500447769e-003	7.079457843841380e-003
22997	6.274454540140861e-003	6.309573444801930e-003
23675	6.155130948475085e-003	6.165950018614822e-003
25460	6.000920593673076e-003	6.025595860743574e-003
27577	5.887984007865277e-003	5.888436553555890e-003
29653	5.752545978090384e-003	5.754399373371567e-003
32144	5.480979508059702e-003	5.495408738576248e-003
32448	5.062386551566989e-003	5.128613839913648e-003
33233	4.900878912739826e-003	5.011872336272725e-003
33323	4.895520599022540e-003	4.897788193684461e-003
34534	4.783406893596909e-003	4.786300923226385e-003
35029	4.650311427432663e-003	4.677351412871981e-003
36142	4.562392642925572e-003	4.570881896148752e-003
37508	4.466581649038459e-003	4.466835921509631e-003
38739	4.345188887861951e-003	4.365158322401661e-003
40579	4.260821650453384e-003	4.265795188015926e-003
42502	4.167206682395896e-003	4.168693834703355e-003
48242	4.063853963197195e-003	4.073802778041126e-003
50229	3.909738407378294e-003	3.981071705534973e-003
51910	3.890435005284076e-003	3.890451449942805e-003
54165	3.801752976478445e-003	3.801893963205613e-003
57304	3.715013200441319e-003	3.715352290971724e-003
57740	3.506460159685476e-003	3.548133892335753e-003
59345	3.465002214418478e-003	3.467368504525317e-003
60988	3.388221552402482e-003	3.388441561392024e-003
66492	3.304812139254043e-003	3.311311214825911e-003
76418	3.173917242126123e-003	3.235936569296281e-003
78474	3.162093867523308e-003	3.162277660168379e-003
79429	3.051914944890322e-003	3.090295432513592e-003
82576	2.971588196093222e-003	3.019951720402016e-003
83256	2.948026294347095e-003	2.951209226666387e-003
88818	2.881464920902022e-003	2.884031503126606e-003
99257	2.768945133495349e-003	2.818382931264455e-003
101497	2.754211577199794e-003	2.754228703338166e-003
111049	2.674631637085922e-003	2.691534803926917e-003
117738	2.629208407185613e-003	2.630267991895381e-003
120576	2.548825718948877e-003	2.570395782768865e-003
127956	2.377259514073637e-003	2.398832919019490e-003
134084	2.339395304196468e-003	2.344228815319923e-003
148523	2.230766838090648e-003	2.238721138568340e-003
163317	2.187100850710944e-003	2.187761623949552e-003
169891	2.137905868814460e-003	2.137962089502233e-003
200283	2.088889789038428e-003	2.089296130854039e-003
210004	2.041719135539410e-003	2.041737944669530e-003
215670	1.991754288830361e-003	1.995262314968879e-003
216640	1.901126118028507e-003	1.905460717963246e-003
219343	1.826882379135753e-003	1.862087136662868e-003
220390	1.819315833462398e-003	1.819700858609983e-003
225736	1.749771964999702e-003	1.778279410038923e-003
226739	1.737241872588391e-003	1.737800828749376e-003
228851	1.651129975270838e-003	1.659586907437561e-003
232031	1.606055117827410e-003	1.621810097358930e-003
237420	1.576653622349711e-003	1.584893192461114e-003
240923	1.524972730112539e-003	1.548816618912481e-003
241100	1.509746994403649e-003	1.513561248436209e-003
248794	1.367019373571865e-003	1.380384264602885e-003
251712	1.338375271135672e-003	1.348962882591653e-003
260080	1.318240344776456e-003	1.318256738556408e-003
268027	1.288230747125696e-003	1.288249551693134e-003
285540	1.078664055734202e-003	1.096478196143185e-003
289130	1.068331129577937e-003	1.071519305237606e-003
300001	1.053177464823141e-003	1.071519305237606e-003
%
% index = 1008, name = bbob_f015_i19_d03__bbob_f015_i21_d03
% instance = 9, reference value = 9.612170598632810e-001
% function evaluation | indicator value | target hit
1	4.545639635046958e+013	4.570881896148752e+013
2	1.021762856900045e+007	1.023292992280754e+007
3	1.020111235965769e+006	1.023292992280754e+006
4	6.084540034657332e+002	6.165950018614822e+002
5	2.276668396534639e+002	2.290867652767772e+002
9	1.422765497104803e+002	1.445439770745928e+002
22	1.227577712330294e+002	1.230268770812381e+002
37	2.762609341960860e+001	2.818382931264453e+001
181	9.042921643578513e+000	9.120108393559097e+000
242	7.667386136200218e+000	7.762471166286917e+000
273	8.820535133167041e-001	8.912509381337456e-001
699	7.855258826324589e-001	7.943282347242815e-001
986	7.153160217480383e-001	7.244359600749900e-001
1024	6.808126876721312e-001	6.918309709189364e-001
1107	4.808609501875222e-001	4.897788193684462e-001
1177	4.755466989777506e-001	4.786300923226383e-001
1183	4.353085950346978e-001	4.365158322401660e-001
1242	3.624647583040737e-001	3.630780547701014e-001
1302	3.508153815217426e-001	3.548133892335755e-001
1355	3.348659044706238e-001	3.388441561392026e-001
1379	3.223017817404849e-001	3.235936569296283e-001
1389	3.054874151758706e-001	3.090295432513591e-001
1391	2.537225816701341e-001	2.570395782768864e-001
1392	2.486854951617191e-001	2.511886431509580e-001
1446	2.322304625012059e-001	2.344228815319922e-001
1450	2.252189376448534e-001	2.290867652767773e-001
1472	2.125020888570032e-001	2.137962089502232e-001
1481	1.989578638035791e-001	1.995262314968880e-001
1521	1.909563980395680e-001	1.949844599758046e-001
1553	1.894545523765611e-001	1.905460717963247e-001
1568	1.836048880994448e-001	1.862087136662868e-001
1588	1.800402701968022e-001	1.819700858609984e-001
1593	1.734420368930303e-001	1.737800828749375e-001
1622	1.653920219688250e-001	1.659586907437561e-001
1624	1.598288958719099e-001	1.621810097358930e-001
1644	1.423361857749743e-001	1.445439770745928e-001
1651	1.356939481915401e-001	1.380384264602885e-001
1664	1.250068708037728e-001	1.258925411794167e-001
1743	1.073622715980745e-001	1.096478196143185e-001
1756	8.908948634462277e-002	8.912509381337455e-002
1847	8.541736968137936e-002	8.709635899560805e-002
1900	8.495355023680684e-002	8.511380382023763e-002
1959	8.167367260256220e-002	8.317637711026708e-002
1969	7.614177480393503e-002	7.762471166286916e-002
1978	7.064167913314923e-002	7.079457843841380e-002
2121	6.572783780717739e-002	6.606934480075961e-002
2251	5.858738457987156e-002	5.888436553555890e-002
2402	5.728572789328523e-002	5.754399373371569e-002
2511	5.285185421790417e-002	5.370317963702527e-002
2580	5.222244600948156e-002	5.248074602497726e-002
2829	5.111267903028283e-002	5.128613839913648e-002
3015	4.971254086646937e-002	5.011872336272722e-002
3029	4.867587060751932e-002	4.897788193684461e-002
3308	4.763277203517746e-002	4.786300923226383e-002
3901	4.610292157822105e-002	4.677351412871982e-002
4151	4.535741072583488e-002	4.570881896148749e-002
4679	4.425856914329907e-002	4.466835921509630e-002
4691	4.351374428087818e-002	4.365158322401658e-002
4735	4.229266380362207e-002	4.265795188015926e-002
5285	4.074853871704121e-002	4.168693834703355e-002
5743	4.068721348610582e-002	4.073802778041128e-002
5896	3.947981632375441e-002	3.981071705534973e-002
6735	3.886578643256411e-002	3.890451449942807e-002
7611	3.748236765152568e-002	3.801893963205612e-002
7790	3.573154052091065e-002	3.630780547701014e-002
8032	3.544972147767067e-002	3.548133892335755e-002
8640	3.465777035005835e-002	3.467368504525317e-002
9633	3.366298923838140e-002	3.388441561392026e-002
9639	2.671692314594643e-002	2.691534803926915e-002
9816	2.609527610063711e-002	2.630267991895382e-002
10237	2.567682982081065e-002	2.570395782768863e-002
11039	2.511294840764156e-002	2.511886431509579e-002
11777	2.432198516210282e-002	2.454708915685030e-002
12676	2.381844308815473e-002	2.398832919019490e-002
12869	2.341776920033467e-002	2.344228815319923e-002
13347	2.279202667728952e-002	2.290867652767774e-002
13352	2.156354444433384e-002	2.187761623949553e-002
13469	2.135168225174078e-002	2.137962089502233e-002
13995	2.083445354487179e-002	2.089296130854040e-002
15543	2.041472575290082e-002	2.041737944669530e-002
16308	1.993471295874705e-002	1.995262314968880e-002
18275	1.947168666024701e-002	1.949844599758046e-002
19741	1.902603518288426e-002	1.905460717963247e-002
22684	1.858201056092712e-002	1.862087136662868e-002
24940	1.818385974513015e-002	1.819700858609984e-002
28788	1.777730873590089e-002	1.778279410038923e-002
30579	1.607066673362434e-002	1.621810097358930e-002
35561	1.584836476029250e-002	1.584893192461113e-002
35936	1.544323805698566e-002	1.548816618912481e-002
36964	1.488830153723553e-002	1.513561248436208e-002
38755	1.478992180756744e-002	1.479108388168207e-002
45772	1.444443586351329e-002	1.445439770745927e-002
56058	1.383801969300980e-002	1.412537544622754e-002
59821	1.374686033193939e-002	1.380384264602885e-002
71265	1.348847497972439e-002	1.348962882591653e-002
186023	1.318140030960535e-002	1.318256738556408e-002
222134	1.278488187168492e-002	1.288249551693134e-002
236764	1.256245668708111e-002	1.258925411794168e-002
300001	1.254094264519401e-002	1.258925411794168e-002
%
% index = 1009, name = bbob_f015_i21_d03__bbob_f015_i22_d03
% instance = 10, reference value = 9.123898004049930e-001
% function evaluation | indicator value | target hit
1	2.312601037001352e+014	2.344228815319918e+014
2	3.203455451293576e+005	3.235936569296281e+005
3	3.166505026908417e+002	3.235936569296281e+002
17	2.755825419561195e+002	2.818382931264455e+002
18	2.665551978796464e+002	2.691534803926917e+002
22	1.551222583432558e+002	1.584893192461114e+002
37	3.543145870621003e+001	3.548133892335755e+001
169	3.423199428334819e+001	3.467368504525317e+001
346	1.432592385809838e+001	1.445439770745927e+001
382	4.246196166590385e+000	4.265795188015927e+000
523	3.861181720420475e+000	3.890451449942806e+000
567	2.457696002010112e+000	2.511886431509580e+000
607	1.525725509110114e+000	1.548816618912481e+000
684	1.430957854968993e+000	1.445439770745927e+000
694	9.639895959089929e-001	9.772372209558107e-001
944	7.853873058483640e-001	7.943282347242815e-001
987	6.728951856325214e-001	6.760829753919818e-001
992	5.098285047391192e-001	5.128613839913648e-001
1084	4.609981430624419e-001	4.677351412871982e-001
1118	4.156657036836489e-001	4.168693834703354e-001
1195	4.023262934852809e-001	4.073802778041127e-001
1230	3.236334743798599e-001	3.311311214825911e-001
1248	2.857929927564505e-001	2.884031503126606e-001
1288	2.414312615170803e-001	2.454708915685031e-001
1291	2.387591648788054e-001	2.398832919019490e-001
1348	2.259548291921987e-001	2.290867652767773e-001
1439	2.098260549208436e-001	2.137962089502232e-001
1465	2.024648193420497e-001	2.041737944669530e-001
1514	1.889522501907102e-001	1.905460717963247e-001
1528	1.850631118177978e-001	1.862087136662868e-001
1605	1.809551982144000e-001	1.819700858609984e-001
1686	1.776590552807059e-001	1.778279410038923e-001
1715	1.595810121628384e-001	1.621810097358930e-001
1721	1.520330363317805e-001	1.548816618912481e-001
1732	1.468535831447692e-001	1.479108388168208e-001
1906	1.371634439620177e-001	1.380384264602885e-001
1952	1.334041409729481e-001	1.348962882591654e-001
2165	1.318157711969747e-001	1.318256738556407e-001
2289	9.142403797358989e-002	9.332543007969910e-002
2323	8.972985104041797e-002	9.120108393559097e-002
2331	8.884522489577351e-002	8.912509381337455e-002
2502	8.675682770258908e-002	8.709635899560805e-002
2540	8.462928816323012e-002	8.511380382023763e-002
2794	7.740753166822123e-002	7.762471166286916e-002
2959	7.431783023566474e-002	7.585775750291836e-002
3029	7.396594544517654e-002	7.413102413009177e-002
3109	7.133820735815988e-002	7.244359600749903e-002
3251	7.048876925744829e-002	7.079457843841380e-002
3289	6.783628762810678e-002	6.918309709189366e-002
3529	6.760032425190432e-002	6.760829753919818e-002
3685	6.554906604656186e-002	6.606934480075961e-002
4179	6.412914001626002e-002	6.456542290346556e-002
4552	6.300606342497306e-002	6.309573444801933e-002
4608	6.067028397417718e-002	6.165950018614822e-002
4779	5.976583359527321e-002	6.025595860743578e-002
4835	5.268280632917899e-002	5.370317963702527e-002
4857	5.140316246328414e-002	5.248074602497726e-002
4876	4.954419144396971e-002	5.011872336272722e-002
4965	4.556692608133306e-002	4.570881896148749e-002
5563	4.370990776037398e-002	4.466835921509630e-002
5580	4.357482983870675e-002	4.365158322401658e-002
5607	4.226853900666183e-002	4.265795188015926e-002
5924	3.963036222891214e-002	3.981071705534973e-002
6121	3.837948346399145e-002	3.890451449942807e-002
6190	3.761308845995093e-002	3.801893963205612e-002
6328	3.684403280089688e-002	3.715352290971726e-002
6411	3.605521331642014e-002	3.630780547701014e-002
6923	3.328449627279151e-002	3.388441561392026e-002
7013	3.307470977348737e-002	3.311311214825911e-002
7137	3.179326040174269e-002	3.235936569296283e-002
7721	3.162047885733144e-002	3.162277660168379e-002
8744	2.945110743104484e-002	2.951209226666385e-002
9687	2.832170864671812e-002	2.884031503126606e-002
9926	2.805952296178904e-002	2.818382931264454e-002
10545	2.753211171750847e-002	2.754228703338166e-002
11191	2.681531366645473e-002	2.691534803926915e-002
11682	2.530103510056425e-002	2.570395782768863e-002
11736	2.511204622524521e-002	2.511886431509579e-002
12644	2.448819385635959e-002	2.454708915685030e-002
13226	2.391632571499125e-002	2.398832919019490e-002
13468	2.273785266227413e-002	2.290867652767774e-002
14267	2.238393237945924e-002	2.238721138568340e-002
14731	1.932386789825069e-002	1.949844599758046e-002
15303	1.901997842633274e-002	1.905460717963247e-002
16025	1.861295321595369e-002	1.862087136662868e-002
16860	1.819344428511716e-002	1.819700858609984e-002
18021	1.493003954837302e-002	1.513561248436208e-002
18259	1.439060797871183e-002	1.445439770745927e-002
18900	1.406816915099185e-002	1.412537544622754e-002
19359	1.373822235740241e-002	1.380384264602885e-002
20747	1.339141125613419e-002	1.348962882591653e-002
21343	1.317532614936945e-002	1.318256738556408e-002
21968	1.264077082600990e-002	1.288249551693134e-002
22272	1.256525655591967e-002	1.258925411794168e-002
22280	1.141058787374016e-002	1.148153621496883e-002
22312	1.069913208749818e-002	1.071519305237607e-002
22536	1.039129481477030e-002	1.047128548050900e-002
22624	1.022263232904219e-002	1.023292992280754e-002
22770	9.980466824632051e-003	1.000000000000000e-002
23857	9.692486631747599e-003	9.772372209558112e-003
25016	9.545113599209176e-003	9.549925860214359e-003
26084	9.030130564356087e-003	9.120108393559097e-003
27342	8.910937502497496e-003	8.912509381337459e-003
27458	8.702707531273335e-003	8.709635899560805e-003
28183	8.363322967197107e-003	8.511380382023768e-003
28560	8.306695248304741e-003	8.317637711026709e-003
30109	8.114199566863656e-003	8.128305161640995e-003
30910	7.902539200623227e-003	7.943282347242814e-003
32152	7.745770417667997e-003	7.762471166286920e-003
34738	7.574772504027938e-003	7.585775750291836e-003
35418	7.384763466916966e-003	7.413102413009177e-003
36179	6.914492108533898e-003	6.918309709189363e-003
36568	6.688706297637959e-003	6.760829753919818e-003
36625	6.385643589690737e-003	6.456542290346556e-003
37923	5.994379358555180e-003	6.025595860743574e-003
41234	5.876887837725775e-003	5.888436553555890e-003
44802	5.753317991944007e-003	5.754399373371567e-003
45250	5.403961110724609e-003	5.495408738576248e-003
45684	5.333499527989005e-003	5.370317963702527e-003
46785	5.241795405721450e-003	5.248074602497728e-003
49834	5.125791231829324e-003	5.128613839913648e-003
56852	4.906693265647411e-003	5.011872336272725e-003
57776	4.896870758303917e-003	4.897788193684461e-003
65664	4.785575013622534e-003	4.786300923226385e-003
75204	4.659523475226801e-003	4.677351412871981e-003
87745	4.556354313612787e-003	4.570881896148752e-003
109301	4.466524581114517e-003	4.466835921509631e-003
131502	4.344633073875892e-003	4.365158322401661e-003
223150	4.265777730273590e-003	4.265795188015926e-003
300001	4.241770838589454e-003	4.265795188015926e-003
