%
% index = 2610, name = bbob_f014_i02_d20__bbob_f015_i04_d20
% instance = 1, reference value = 9.636437320316990e-001
% function evaluation | indicator value | target hit
1	1.302447346801620e+008	1.318256738556405e+008
3	1.059235795200483e+006	1.071519305237607e+006
5	7.581114892270175e+005	7.585775750291835e+005
7	1.540468598428970e+005	1.548816618912483e+005
9	1.930097412819136e+004	1.949844599758046e+004
40	1.209478752162497e+004	1.230268770812381e+004
80	6.470212839890530e+003	6.606934480075958e+003
101	3.070255576571970e+002	3.090295432513592e+002
503	2.534486643497411e+002	2.570395782768865e+002
1093	2.326992220388368e+002	2.344228815319923e+002
1109	2.154347985308902e+002	2.187761623949552e+002
1114	2.124510848550490e+002	2.137962089502233e+002
1257	1.758178915327939e+002	1.778279410038923e+002
1269	1.402109879369523e+002	1.412537544622754e+002
1529	1.174194549123074e+002	1.174897554939529e+002
1618	9.034092199608428e+001	9.120108393559097e+001
1677	7.521386540516008e+001	7.585775750291836e+001
2213	7.152855563659814e+001	7.244359600749903e+001
2301	6.045639838379948e+001	6.165950018614822e+001
2662	5.871653245320312e+001	5.888436553555890e+001
2824	4.908283005115468e+001	5.011872336272722e+001
3297	4.480101478015669e+001	4.570881896148750e+001
3348	3.825965521732568e+001	3.890451449942807e+001
3511	3.616806643192236e+001	3.630780547701014e+001
3799	3.506907633957149e+001	3.548133892335755e+001
3869	3.447912363156564e+001	3.467368504525317e+001
4133	3.370165157722172e+001	3.388441561392025e+001
4144	3.104936980887256e+001	3.162277660168379e+001
4243	2.965650659747231e+001	3.019951720402016e+001
4352	2.557673983106823e+001	2.570395782768863e+001
4688	2.302729502854403e+001	2.344228815319923e+001
4745	2.083233144054929e+001	2.089296130854040e+001
5073	2.008153608395983e+001	2.041737944669530e+001
5165	1.905616785096762e+001	1.949844599758045e+001
5178	1.434756016304861e+001	1.445439770745927e+001
5872	1.304107554425879e+001	1.318256738556407e+001
6218	1.241135277165159e+001	1.258925411794168e+001
6386	1.192829350348814e+001	1.202264434617413e+001
6413	1.169261928384563e+001	1.174897554939530e+001
6467	1.017134230239176e+001	1.023292992280754e+001
6845	9.254784696114092e+000	9.332543007969910e+000
6948	7.750848266865948e+000	7.762471166286917e+000
7350	7.521130074869897e+000	7.585775750291838e+000
7548	7.368261723974699e+000	7.413102413009175e+000
7906	7.030498675613512e+000	7.079457843841379e+000
7977	6.698561823546132e+000	6.760829753919817e+000
8368	6.486648970471578e+000	6.606934480075959e+000
8406	6.385482548761265e+000	6.456542290346556e+000
8463	6.219404988182752e+000	6.309573444801933e+000
8795	5.746405502771132e+000	5.754399373371570e+000
9074	5.418922767217319e+000	5.495408738576245e+000
9166	5.132266905350520e+000	5.248074602497725e+000
9566	4.886548484358506e+000	4.897788193684462e+000
9585	4.777122762237996e+000	4.786300923226384e+000
9708	4.622536926472156e+000	4.677351412871983e+000
9714	4.377367755848072e+000	4.466835921509632e+000
9811	4.331618501285480e+000	4.365158322401660e+000
9819	3.493804261569199e+000	3.548133892335755e+000
10230	3.458318644056357e+000	3.467368504525317e+000
10259	3.100502763340854e+000	3.162277660168379e+000
10506	3.029762517906363e+000	3.090295432513591e+000
10727	2.879430254799287e+000	2.884031503126606e+000
10964	2.526828787176202e+000	2.570395782768864e+000
11341	2.403255836030269e+000	2.454708915685031e+000
11461	2.310077912521737e+000	2.344228815319922e+000
11561	2.178490900962633e+000	2.187761623949553e+000
11913	2.119866377700370e+000	2.137962089502232e+000
12078	1.914445234973374e+000	1.949844599758045e+000
12509	1.897460868715297e+000	1.905460717963247e+000
12582	1.652319507352268e+000	1.659586907437561e+000
12953	1.590127459025199e+000	1.621810097358930e+000
13029	1.449349270002699e+000	1.479108388168207e+000
13263	1.429891266743975e+000	1.445439770745927e+000
13553	1.383807315250396e+000	1.412537544622754e+000
13692	1.290518748887199e+000	1.318256738556407e+000
14050	1.264736878824199e+000	1.288249551693134e+000
14073	1.240078147227699e+000	1.258925411794167e+000
14075	1.168396811717699e+000	1.174897554939530e+000
14145	1.121837351848199e+000	1.122018454301963e+000
14213	1.072654285141199e+000	1.096478196143185e+000
14384	1.024230009792199e+000	1.047128548050900e+000
14488	9.798686309546990e-001	1.000000000000000e+000
14672	9.464713800599336e-001	9.549925860214360e-001
14821	9.277969487577223e-001	9.332543007969910e-001
14917	9.095258964726188e-001	9.120108393559098e-001
14974	8.793788220108211e-001	8.912509381337456e-001
15037	8.661943452638454e-001	8.709635899560806e-001
15054	8.475073806187601e-001	8.511380382023764e-001
15151	8.218429926406207e-001	8.317637711026710e-001
15237	8.033128290287525e-001	8.128305161640993e-001
15361	7.826510208567470e-001	7.943282347242815e-001
15362	7.721766985332813e-001	7.762471166286917e-001
15439	7.564580616442982e-001	7.585775750291838e-001
15449	7.239369909662166e-001	7.244359600749900e-001
15490	7.079206062854275e-001	7.079457843841379e-001
15589	6.743446675639085e-001	6.760829753919818e-001
15700	6.439965287300232e-001	6.456542290346555e-001
15816	6.296420957067221e-001	6.309573444801933e-001
15891	5.674255215821313e-001	5.754399373371569e-001
15934	5.524779309316751e-001	5.623413251903491e-001
15965	5.490215728622941e-001	5.495408738576245e-001
16102	5.368583139955132e-001	5.370317963702527e-001
16266	5.049344089429511e-001	5.128613839913648e-001
16288	5.007971037543282e-001	5.011872336272722e-001
16529	4.863624236956348e-001	4.897788193684462e-001
16605	4.734443776214740e-001	4.786300923226383e-001
16633	4.553390654146365e-001	4.570881896148750e-001
16657	4.457761878209080e-001	4.466835921509632e-001
16692	4.338224000075371e-001	4.365158322401660e-001
16956	4.045425896964456e-001	4.073802778041127e-001
17111	3.973064706360844e-001	3.981071705534973e-001
17182	3.889362771972572e-001	3.890451449942806e-001
17222	3.798621885915592e-001	3.801893963205612e-001
17605	3.647603741397237e-001	3.715352290971726e-001
17671	3.626982361605847e-001	3.630780547701014e-001
17773	3.527602869639863e-001	3.548133892335755e-001
17899	3.385557028204452e-001	3.388441561392026e-001
18522	3.308883952132514e-001	3.311311214825911e-001
18873	3.199558809281031e-001	3.235936569296283e-001
19186	3.161444667884363e-001	3.162277660168379e-001
19201	3.055124234030401e-001	3.090295432513591e-001
19440	2.864576246981107e-001	2.884031503126606e-001
19507	2.725615648386178e-001	2.754228703338166e-001
19859	2.690877561831883e-001	2.691534803926916e-001
20306	2.629857147261826e-001	2.630267991895382e-001
20405	2.505043556562555e-001	2.511886431509580e-001
20983	2.449300837170699e-001	2.454708915685031e-001
21006	2.367508237899376e-001	2.398832919019490e-001
21400	2.339080103713517e-001	2.344228815319922e-001
21494	2.283489617328524e-001	2.290867652767773e-001
21612	2.030495530067095e-001	2.041737944669530e-001
22046	1.993307009994428e-001	1.995262314968880e-001
22211	1.934865132697754e-001	1.949844599758046e-001
22589	1.904348855931108e-001	1.905460717963247e-001
22795	1.861436812499646e-001	1.862087136662868e-001
22914	1.809651949975102e-001	1.819700858609984e-001
23708	1.778118846514570e-001	1.778279410038923e-001
24023	1.712165696758994e-001	1.737800828749375e-001
24917	1.698037571514240e-001	1.698243652461744e-001
26479	1.579422541491919e-001	1.584893192461113e-001
30430	1.530737024202079e-001	1.548816618912481e-001
34827	1.513034538624415e-001	1.513561248436208e-001
49005	1.422591541235834e-001	1.445439770745928e-001
56519	1.392475541112603e-001	1.412537544622755e-001
60105	1.343725067728192e-001	1.348962882591654e-001
74020	1.311812906252224e-001	1.318256738556407e-001
112152	1.273975060830729e-001	1.288249551693134e-001
158515	1.246407335699575e-001	1.258925411794167e-001
175128	1.226410474798300e-001	1.230268770812382e-001
242137	1.189471182322428e-001	1.202264434617413e-001
271404	1.148561629360373e-001	1.174897554939529e-001
273342	1.142299495624463e-001	1.148153621496883e-001
276846	1.103814577714790e-001	1.122018454301964e-001
281322	1.087010785051081e-001	1.096478196143185e-001
343035	1.061778676690548e-001	1.071519305237607e-001
468923	1.041204673741216e-001	1.047128548050900e-001
600198	1.021745639350407e-001	1.023292992280754e-001
656628	9.994624578765110e-002	1.000000000000000e-001
916838	9.738603934741885e-002	9.772372209558107e-002
1202366	9.483120856983607e-002	9.549925860214359e-002
2000001	9.386316411906226e-002	9.549925860214359e-002
%
% index = 2611, name = bbob_f014_i03_d20__bbob_f015_i05_d20
% instance = 2, reference value = 9.342840639108110e-001
% function evaluation | indicator value | target hit
1	3.911625780060422e+007	3.981071705534969e+007
6	1.675743184592638e+005	1.698243652461746e+005
10	8.036733452492056e+004	8.128305161640995e+004
21	2.454845604947178e+004	2.511886431509582e+004
26	2.423294351493811e+004	2.454708915685029e+004
62	2.179519540713911e+004	2.187761623949552e+004
78	1.969056307342538e+004	1.995262314968879e+004
114	6.206150751242564e+003	6.309573444801930e+003
178	5.444902886985001e+003	5.495408738576249e+003
186	3.257064785640507e+003	3.311311214825911e+003
201	1.947512723957390e+003	1.949844599758045e+003
202	1.380892586793188e+003	1.412537544622754e+003
327	1.362925844121428e+003	1.380384264602885e+003
695	9.239077228314436e+002	9.332543007969915e+002
938	6.648790133061268e+002	6.760829753919819e+002
1599	5.835178280387314e+002	5.888436553555890e+002
1965	5.004656478346348e+002	5.011872336272725e+002
1969	4.535317179035733e+002	4.570881896148752e+002
2102	4.165389900556493e+002	4.168693834703355e+002
2242	3.935836499519434e+002	3.981071705534973e+002
2288	2.383862760980280e+002	2.398832919019490e+002
2713	1.908240124208350e+002	1.949844599758046e+002
2901	1.734772338576400e+002	1.737800828749376e+002
3098	1.458561557013818e+002	1.479108388168207e+002
3137	1.376806824439776e+002	1.380384264602885e+002
3152	1.095031148378107e+002	1.096478196143185e+002
3284	9.663208308277186e+001	9.772372209558107e+001
3603	8.328763382393080e+001	8.511380382023764e+001
3619	6.106004641428616e+001	6.165950018614822e+001
3785	5.144973869894599e+001	5.248074602497726e+001
4210	4.431045860748765e+001	4.466835921509630e+001
4230	3.669464172289228e+001	3.715352290971726e+001
4419	3.221217985114196e+001	3.235936569296283e+001
4634	3.078995549839401e+001	3.090295432513591e+001
4661	2.963337927669958e+001	3.019951720402016e+001
4667	2.838387536282511e+001	2.884031503126606e+001
4675	2.522174890431704e+001	2.570395782768863e+001
4683	2.388265979040296e+001	2.398832919019490e+001
4789	2.144515238262940e+001	2.187761623949553e+001
4801	1.884377668471680e+001	1.905460717963247e+001
4972	1.488673897741737e+001	1.513561248436208e+001
5106	1.061246233420830e+001	1.071519305237607e+001
5218	9.694965742375102e+000	9.772372209558107e+000
5357	9.255495034579653e+000	9.332543007969910e+000
5419	8.545537583307084e+000	8.709635899560805e+000
5578	7.457161167014506e+000	7.585775750291838e+000
5799	6.754239127337960e+000	6.760829753919817e+000
5988	6.591373337429605e+000	6.606934480075959e+000
6010	6.199002948738294e+000	6.309573444801933e+000
6040	5.996783942464584e+000	6.025595860743578e+000
6079	5.088486167930679e+000	5.128613839913649e+000
6184	4.787021699760643e+000	4.897788193684462e+000
6234	4.733259514264049e+000	4.786300923226384e+000
6272	4.321767539882465e+000	4.365158322401660e+000
6373	3.880081560814631e+000	3.890451449942806e+000
6587	3.488323816753091e+000	3.548133892335755e+000
6672	3.135035411908546e+000	3.162277660168379e+000
6855	3.052369406870046e+000	3.090295432513591e+000
6920	2.068296723664037e+000	2.089296130854040e+000
7003	1.996222344908237e+000	2.041737944669529e+000
7154	1.887088289098122e+000	1.905460717963247e+000
7192	1.851695156747811e+000	1.862087136662868e+000
7338	1.745947971133414e+000	1.778279410038923e+000
7361	1.702661583700169e+000	1.737800828749375e+000
7418	1.171517501006216e+000	1.174897554939530e+000
7667	1.092312744759067e+000	1.096478196143185e+000
7674	1.008588485468811e+000	1.023292992280754e+000
7763	9.931335060148110e-001	1.000000000000000e+000
7797	8.981487959479718e-001	9.120108393559098e-001
7940	8.524543711161254e-001	8.709635899560806e-001
8044	8.467691237220364e-001	8.511380382023764e-001
8328	8.104278014085448e-001	8.128305161640993e-001
8440	7.890285243723765e-001	7.943282347242815e-001
8538	7.335984979408399e-001	7.413102413009175e-001
8554	7.137611276391507e-001	7.244359600749900e-001
8686	7.061868751679036e-001	7.079457843841379e-001
8844	6.908584981972303e-001	6.918309709189364e-001
8889	6.670593761320108e-001	6.760829753919818e-001
8915	6.606337258236599e-001	6.606934480075960e-001
9016	6.429079100896077e-001	6.456542290346555e-001
9044	6.096089286114552e-001	6.165950018614822e-001
9052	5.939800603194951e-001	6.025595860743578e-001
9059	5.790202371261052e-001	5.888436553555889e-001
9140	5.651418533024459e-001	5.754399373371569e-001
9214	5.522390014407672e-001	5.623413251903491e-001
9223	5.452242193227704e-001	5.495408738576245e-001
9383	5.294796827815245e-001	5.370317963702527e-001
9386	5.176060939259388e-001	5.248074602497725e-001
9443	5.103160399651744e-001	5.128613839913648e-001
9582	4.995200100955973e-001	5.011872336272722e-001
9637	4.885816904175880e-001	4.897788193684462e-001
9718	4.667515131251872e-001	4.677351412871982e-001
9799	4.565679251354556e-001	4.570881896148750e-001
9820	4.235645169940819e-001	4.265795188015927e-001
9837	4.167475706168494e-001	4.168693834703354e-001
9885	3.864752701234944e-001	3.890451449942806e-001
9976	3.797537006636937e-001	3.801893963205612e-001
10007	3.678486632167569e-001	3.715352290971726e-001
10070	3.600243291745403e-001	3.630780547701014e-001
10116	3.524887749723140e-001	3.548133892335755e-001
10199	3.430793208757383e-001	3.467368504525316e-001
10233	3.367393858736160e-001	3.388441561392026e-001
10301	3.291510390203725e-001	3.311311214825911e-001
10311	3.229893821700232e-001	3.235936569296283e-001
10460	3.136020461158894e-001	3.162277660168379e-001
10513	2.797911315004164e-001	2.818382931264454e-001
10543	2.751049015564869e-001	2.754228703338166e-001
10760	2.680403536921960e-001	2.691534803926916e-001
10860	2.591659033656135e-001	2.630267991895382e-001
11001	2.569491565867352e-001	2.570395782768864e-001
11061	2.499369037351863e-001	2.511886431509580e-001
11346	2.437872568895707e-001	2.454708915685031e-001
11482	2.397918915561641e-001	2.398832919019490e-001
11636	2.320162256261453e-001	2.344228815319922e-001
11682	2.270191652228520e-001	2.290867652767773e-001
11775	2.235795868371124e-001	2.238721138568340e-001
11854	2.186556958213853e-001	2.187761623949552e-001
12227	2.135097018105862e-001	2.137962089502232e-001
12621	2.066386735524241e-001	2.089296130854039e-001
12751	2.031239142007716e-001	2.041737944669530e-001
12798	1.987096278208138e-001	1.995262314968880e-001
13347	1.945331885082241e-001	1.949844599758046e-001
13967	1.905218152846195e-001	1.905460717963247e-001
14218	1.861407097332425e-001	1.862087136662868e-001
14567	1.819566902980975e-001	1.819700858609984e-001
15133	1.777057162388690e-001	1.778279410038923e-001
15793	1.737097203773835e-001	1.737800828749375e-001
16612	1.692672911922775e-001	1.698243652461744e-001
17078	1.655814666222729e-001	1.659586907437561e-001
17886	1.620908780449456e-001	1.621810097358930e-001
19686	1.583493711824747e-001	1.584893192461113e-001
22111	1.548756864756599e-001	1.548816618912481e-001
23074	1.365509545865078e-001	1.380384264602885e-001
24111	1.348960115720345e-001	1.348962882591654e-001
25626	1.317698707704568e-001	1.318256738556407e-001
26765	1.269920924170511e-001	1.288249551693134e-001
27911	1.258704678369090e-001	1.258925411794167e-001
32257	1.230152013432078e-001	1.230268770812382e-001
33850	1.195612587790013e-001	1.202264434617413e-001
41682	1.174680127402330e-001	1.174897554939529e-001
45698	1.148076333571083e-001	1.148153621496883e-001
54388	1.121433348337046e-001	1.122018454301964e-001
64512	1.096456538170986e-001	1.096478196143185e-001
72586	1.070121592324629e-001	1.071519305237607e-001
83118	1.038341801914121e-001	1.047128548050900e-001
86479	1.023136358664142e-001	1.023292992280754e-001
96135	9.948699404914885e-002	1.000000000000000e-001
116428	9.602071155018155e-002	9.772372209558107e-002
121129	9.538850714925407e-002	9.549925860214359e-002
132323	9.320377696363624e-002	9.332543007969910e-002
141823	9.119655362160128e-002	9.120108393559097e-002
162349	8.911982712732591e-002	8.912509381337455e-002
172992	8.627313662463143e-002	8.709635899560805e-002
179944	8.465563103161022e-002	8.511380382023763e-002
221283	8.228491354473833e-002	8.317637711026708e-002
251585	8.036648185830719e-002	8.128305161640990e-002
292272	7.538084868613093e-002	7.585775750291836e-002
336353	7.413032971112188e-002	7.413102413009177e-002
345230	7.218693418054079e-002	7.244359600749903e-002
388624	7.079043493835691e-002	7.079457843841380e-002
525454	6.916261131259394e-002	6.918309709189366e-002
901565	6.760765247835010e-002	6.760829753919818e-002
1447097	6.594760285238877e-002	6.606934480075961e-002
2000001	6.550635694964402e-002	6.606934480075961e-002
%
% index = 2612, name = bbob_f014_i07_d20__bbob_f015_i08_d20
% instance = 3, reference value = 9.408793463620870e-001
% function evaluation | indicator value | target hit
1	9.888301458292990e+012	1.000000000000000e+013
2	3.661640474243744e+010	3.715352290971728e+010
3	2.254926213899213e+009	2.290867652767770e+009
4	1.774393600604737e+005	1.778279410038923e+005
19	1.429929221878044e+005	1.445439770745928e+005
20	7.707850946694503e+004	7.762471166286912e+004
42	1.092227360384860e+004	1.096478196143185e+004
62	2.805359860872989e+003	2.818382931264455e+003
120	2.471321070602247e+003	2.511886431509580e+003
202	1.013053190042013e+003	1.023292992280754e+003
647	7.622470111729084e+002	7.762471166286920e+002
813	7.326519003664860e+002	7.413102413009177e+002
873	6.028438115130840e+002	6.165950018614822e+002
989	5.069620270667823e+002	5.128613839913649e+002
1270	2.813345352717589e+002	2.818382931264455e+002
1370	2.490596719154349e+002	2.511886431509580e+002
1595	2.374198490929562e+002	2.398832919019490e+002
1636	1.315911684359988e+002	1.318256738556407e+002
1755	1.261345794212670e+002	1.288249551693134e+002
2173	1.111449711295835e+002	1.122018454301963e+002
2528	1.078471220184308e+002	1.096478196143185e+002
2577	9.816615705684689e+001	1.000000000000000e+002
2619	9.532821905052828e+001	9.549925860214358e+001
2843	8.791297443733629e+001	8.912509381337455e+001
2905	7.465947692228990e+001	7.585775750291836e+001
2994	7.120281476044518e+001	7.244359600749903e+001
3201	6.508173795624688e+001	6.606934480075961e+001
3218	5.865242180345690e+001	5.888436553555890e+001
3273	5.625319366452567e+001	5.754399373371570e+001
3476	5.428174884759473e+001	5.495408738576246e+001
3807	5.335404485099583e+001	5.370317963702527e+001
3823	4.906946902881301e+001	5.011872336272722e+001
4157	4.232256296086490e+001	4.265795188015925e+001
4302	4.091918071623255e+001	4.168693834703355e+001
4358	3.631372281954609e+001	3.715352290971726e+001
4371	3.549554561596478e+001	3.630780547701014e+001
4394	3.103854882343602e+001	3.162277660168379e+001
4584	2.471750715901962e+001	2.511886431509580e+001
4786	2.446037404612558e+001	2.454708915685030e+001
4832	2.334282962846586e+001	2.344228815319923e+001
5066	2.238325270595867e+001	2.238721138568340e+001
5068	1.826366584737555e+001	1.862087136662868e+001
5077	1.697011671983399e+001	1.698243652461744e+001
5488	1.634822238472176e+001	1.659586907437561e+001
5507	1.574525966866405e+001	1.584893192461113e+001
5523	1.435731876309868e+001	1.445439770745927e+001
5664	1.338524543224927e+001	1.348962882591653e+001
5678	1.288826727851024e+001	1.318256738556407e+001
5744	8.428112435621836e+000	8.511380382023766e+000
6045	7.990213255590146e+000	8.128305161640993e+000
6066	7.876198539542273e+000	7.943282347242816e+000
6105	7.672093200408495e+000	7.762471166286917e+000
6155	6.614085961531028e+000	6.760829753919817e+000
6324	5.668232376220767e+000	5.754399373371570e+000
6524	5.032705342986882e+000	5.128613839913649e+000
6662	4.111288652660816e+000	4.168693834703354e+000
6906	3.869643973993938e+000	3.890451449942806e+000
6953	3.723469476597896e+000	3.801893963205612e+000
7050	3.267066767839013e+000	3.311311214825911e+000
7127	3.164828303300027e+000	3.235936569296283e+000
7147	2.725904906773959e+000	2.754228703338166e+000
7195	2.416083218091352e+000	2.454708915685031e+000
7431	2.332404674102790e+000	2.344228815319922e+000
7514	2.024779928109526e+000	2.041737944669529e+000
7878	1.789545898262272e+000	1.819700858609983e+000
8017	1.572459850392909e+000	1.584893192461114e+000
8121	1.019221617621250e+000	1.023292992280754e+000
8284	9.447390469045871e-001	9.549925860214360e-001
8624	9.119970459027116e-001	9.120108393559098e-001
8715	8.864838086118074e-001	8.912509381337456e-001
8802	8.568316355244801e-001	8.709635899560806e-001
8864	8.390355064922488e-001	8.511380382023764e-001
8886	8.179924154130080e-001	8.317637711026710e-001
8929	8.040222036406644e-001	8.128305161640993e-001
8977	7.933859166287497e-001	7.943282347242815e-001
8994	7.749308571409012e-001	7.762471166286917e-001
9137	7.572058484891417e-001	7.585775750291838e-001
9176	7.390872952432009e-001	7.413102413009175e-001
9186	7.056438340747582e-001	7.079457843841379e-001
9301	6.388992837097366e-001	6.456542290346555e-001
9359	6.195723491391693e-001	6.309573444801933e-001
9389	6.107990681712249e-001	6.165950018614822e-001
9425	5.968859549797756e-001	6.025595860743578e-001
9438	5.843179430769170e-001	5.888436553555889e-001
9536	5.658483264767494e-001	5.754399373371569e-001
9548	5.542532089407120e-001	5.623413251903491e-001
9627	5.486254006491842e-001	5.495408738576245e-001
9715	5.366944999761543e-001	5.370317963702527e-001
9762	5.127342630802407e-001	5.128613839913648e-001
9847	4.836271679374277e-001	4.897788193684462e-001
9888	4.751213479541331e-001	4.786300923226383e-001
9938	4.609336542736965e-001	4.677351412871982e-001
10023	4.475567910912962e-001	4.570881896148750e-001
10047	4.457550939330028e-001	4.466835921509632e-001
10154	4.294930992963949e-001	4.365158322401660e-001
10193	4.232653628671919e-001	4.265795188015927e-001
10350	4.163277177301126e-001	4.168693834703354e-001
10461	4.073535535744937e-001	4.073802778041127e-001
10549	3.968649401489763e-001	3.981071705534973e-001
10661	3.884230512195595e-001	3.890451449942806e-001
10675	3.791080928588615e-001	3.801893963205612e-001
10733	3.690790918820339e-001	3.715352290971726e-001
10758	3.597762153132147e-001	3.630780547701014e-001
10947	3.533172102404645e-001	3.548133892335755e-001
11036	3.440833276376951e-001	3.467368504525316e-001
11092	3.276519826223641e-001	3.311311214825911e-001
11197	3.202426974270708e-001	3.235936569296283e-001
11356	3.139569153139116e-001	3.162277660168379e-001
11403	3.089827995501582e-001	3.090295432513591e-001
11450	2.988028004684007e-001	3.019951720402016e-001
11493	2.789645391593436e-001	2.818382931264454e-001
11553	2.670368975561490e-001	2.691534803926916e-001
11554	2.616412416982692e-001	2.630267991895382e-001
11806	2.564770908860959e-001	2.570395782768864e-001
12142	2.510476992864257e-001	2.511886431509580e-001
12246	2.449836129575849e-001	2.454708915685031e-001
12315	2.376343778535315e-001	2.398832919019490e-001
12536	2.341457037020838e-001	2.344228815319922e-001
12733	2.290125655370706e-001	2.290867652767773e-001
12909	2.175322588872459e-001	2.187761623949552e-001
13155	2.130733850739186e-001	2.137962089502232e-001
13267	2.075815593369458e-001	2.089296130854039e-001
13303	2.014800017365128e-001	2.041737944669530e-001
13426	1.992254746500120e-001	1.995262314968880e-001
13470	1.881817576462714e-001	1.905460717963247e-001
13546	1.849619949167920e-001	1.862087136662868e-001
13709	1.766934039267551e-001	1.778279410038923e-001
13793	1.731182430999239e-001	1.737800828749375e-001
13901	1.695448584736115e-001	1.698243652461744e-001
14240	1.655334618116215e-001	1.659586907437561e-001
14707	1.621607303110718e-001	1.621810097358930e-001
14937	1.541352864305544e-001	1.548816618912481e-001
15274	1.506694478555014e-001	1.513561248436208e-001
15915	1.478016396562514e-001	1.479108388168208e-001
16290	1.444381392235578e-001	1.445439770745928e-001
16925	1.412010920687292e-001	1.412537544622755e-001
17669	1.379746135056248e-001	1.380384264602885e-001
18544	1.348814990949904e-001	1.348962882591654e-001
18729	1.317894815482156e-001	1.318256738556407e-001
19483	1.287441494915945e-001	1.288249551693134e-001
20751	1.258708107549036e-001	1.258925411794167e-001
23170	1.230058297395610e-001	1.230268770812382e-001
25931	1.200565685101958e-001	1.202264434617413e-001
27890	1.166012720379104e-001	1.174897554939529e-001
29070	1.147722812750740e-001	1.148153621496883e-001
37367	1.121862232887860e-001	1.122018454301964e-001
39180	1.046268129594192e-001	1.047128548050900e-001
44243	1.022841267030158e-001	1.023292992280754e-001
54167	9.999698251762190e-002	1.000000000000000e-001
54552	9.175388417181840e-002	9.332543007969910e-002
54639	8.919526386445620e-002	9.120108393559097e-002
54897	8.909551476602717e-002	8.912509381337455e-002
59477	8.709589755925640e-002	8.709635899560805e-002
62843	8.452496479721894e-002	8.511380382023763e-002
65879	8.269984779760209e-002	8.317637711026708e-002
73476	8.128026019524104e-002	8.128305161640990e-002
82587	7.929769136458176e-002	7.943282347242814e-002
89648	7.757311230202890e-002	7.762471166286916e-002
106150	7.560418664916369e-002	7.585775750291836e-002
123071	7.412412056400464e-002	7.413102413009177e-002
137871	7.206206872811927e-002	7.244359600749903e-002
145153	7.079441646792561e-002	7.079457843841380e-002
148492	6.708115453017360e-002	6.760829753919818e-002
162204	6.588028216549213e-002	6.606934480075961e-002
167214	6.359705500126800e-002	6.456542290346556e-002
176601	6.309403689310067e-002	6.309573444801933e-002
200322	6.161483110637733e-002	6.165950018614822e-002
221457	5.810248392617967e-002	5.888436553555890e-002
238892	5.754350658788343e-002	5.754399373371569e-002
240308	5.531081907408664e-002	5.623413251903491e-002
255018	5.495206067158276e-002	5.495408738576246e-002
273757	5.318428980760670e-002	5.370317963702527e-002
297490	5.219435775996950e-002	5.248074602497726e-002
342812	5.123970587292148e-002	5.128613839913648e-002
435783	5.011388844290476e-002	5.011872336272722e-002
507036	4.865655505020206e-002	4.897788193684461e-002
577674	4.771937183931274e-002	4.786300923226383e-002
641466	4.608869705863805e-002	4.677351412871982e-002
710326	4.570251551580262e-002	4.570881896148749e-002
926881	4.466202886121318e-002	4.466835921509630e-002
1131324	4.363047479792293e-002	4.365158322401658e-002
1760374	4.257090631731852e-002	4.265795188015926e-002
2000001	4.226822289882659e-002	4.265795188015926e-002
%
% index = 2613, name = bbob_f014_i09_d20__bbob_f015_i10_d20
% instance = 4, reference value = 9.537845235055010e-001
% function evaluation | indicator value | target hit
1	1.787990371694478e+014	1.819700858609983e+014
2	3.063207384809327e+004	3.090295432513592e+004
23	2.151199067643026e+004	2.187761623949552e+004
24	9.761226570755654e+003	9.772372209558111e+003
33	4.689141993816246e+003	4.786300923226385e+003
187	4.254843951955769e+003	4.265795188015925e+003
198	3.911456219253407e+003	3.981071705534973e+003
259	3.634770111843121e+003	3.715352290971724e+003
329	1.167134701336280e+003	1.174897554939529e+003
354	1.041934524262646e+003	1.047128548050900e+003
402	1.017854754575701e+003	1.023292992280754e+003
457	7.363321123589238e+002	7.413102413009177e+002
634	3.152836514878189e+002	3.162277660168379e+002
654	2.945298914035472e+002	2.951209226666387e+002
1213	2.150485384224072e+002	2.187761623949552e+002
1266	1.904393619922338e+002	1.905460717963246e+002
1576	1.550442762303867e+002	1.584893192461114e+002
1730	1.482613696666221e+002	1.513561248436209e+002
2013	1.339681603625667e+002	1.348962882591653e+002
2091	1.101648916563310e+002	1.122018454301963e+002
2297	1.066206867976756e+002	1.071519305237606e+002
2495	9.705856025572830e+001	9.772372209558107e+001
2543	8.615489265014665e+001	8.709635899560806e+001
2560	8.481052801848908e+001	8.511380382023764e+001
2620	7.429646584005968e+001	7.585775750291836e+001
2629	6.743976764719763e+001	6.760829753919819e+001
2677	5.984983102373646e+001	6.025595860743578e+001
2903	5.784899376535892e+001	5.888436553555890e+001
2936	4.403958819459176e+001	4.466835921509630e+001
3013	4.183031149016730e+001	4.265795188015925e+001
3250	3.912862487959891e+001	3.981071705534973e+001
3257	3.125553561443330e+001	3.162277660168379e+001
3560	2.322410162054513e+001	2.344228815319923e+001
3739	2.246692061682998e+001	2.290867652767774e+001
3857	1.781249070173808e+001	1.819700858609983e+001
4001	1.746986230131326e+001	1.778279410038923e+001
4168	1.625921528365531e+001	1.659586907437561e+001
4179	1.179785845659183e+001	1.202264434617413e+001
4294	1.169497143703382e+001	1.174897554939530e+001
4414	1.120944579814981e+001	1.122018454301964e+001
4423	9.951120581632884e+000	1.000000000000000e+001
4824	9.663072998971041e+000	9.772372209558107e+000
4885	9.424928789718630e+000	9.549925860214358e+000
4987	9.118157183427622e+000	9.120108393559097e+000
5010	8.902122586857377e+000	8.912509381337454e+000
5039	7.927240973887400e+000	7.943282347242816e+000
5160	6.995390127169950e+000	7.079457843841379e+000
5364	6.356309381905177e+000	6.456542290346556e+000
5369	6.180980903156205e+000	6.309573444801933e+000
5384	4.978325011258821e+000	5.011872336272722e+000
5481	4.656591025667356e+000	4.677351412871983e+000
5543	4.530607972561258e+000	4.570881896148751e+000
5767	4.082174470091678e+000	4.168693834703354e+000
5915	3.902804176743594e+000	3.981071705534972e+000
5930	3.606917008904183e+000	3.630780547701014e+000
5967	3.077332265520186e+000	3.090295432513591e+000
5988	2.782164812500731e+000	2.818382931264454e+000
6217	2.717204205781501e+000	2.754228703338166e+000
6272	2.312192343684480e+000	2.344228815319922e+000
6406	2.107750404526501e+000	2.137962089502232e+000
6419	1.755895904389615e+000	1.778279410038923e+000
6614	1.695729035592052e+000	1.698243652461744e+000
6729	1.576435253385001e+000	1.584893192461114e+000
6893	1.464739255346899e+000	1.479108388168207e+000
7058	1.424575332329501e+000	1.445439770745927e+000
7096	1.392831050496001e+000	1.412537544622754e+000
7126	1.222635137533501e+000	1.230268770812382e+000
7231	1.167513556999501e+000	1.174897554939530e+000
7259	1.119885565831501e+000	1.122018454301963e+000
7292	9.557428068190009e-001	9.772372209558107e-001
7560	9.331379266282466e-001	9.332543007969910e-001
7663	8.717996779850278e-001	8.912509381337456e-001
7724	8.657344551422259e-001	8.709635899560806e-001
7839	8.502162897641811e-001	8.511380382023764e-001
7927	8.302260631188311e-001	8.317637711026710e-001
8170	7.946848616887046e-001	8.128305161640993e-001
8178	7.739483619732077e-001	7.762471166286917e-001
8256	7.572598610106353e-001	7.585775750291838e-001
8341	7.262750412847274e-001	7.413102413009175e-001
8380	7.151677355098263e-001	7.244359600749900e-001
8400	6.247319847360867e-001	6.309573444801933e-001
8554	6.033357939043879e-001	6.165950018614822e-001
8590	6.014103156520008e-001	6.025595860743578e-001
8620	5.881408720697373e-001	5.888436553555889e-001
8690	5.650811374101715e-001	5.754399373371569e-001
8742	5.614498942397035e-001	5.623413251903491e-001
8899	5.301385898170874e-001	5.370317963702527e-001
8989	5.183401538824144e-001	5.248074602497725e-001
9030	5.109249775368543e-001	5.128613839913648e-001
9205	4.999334639669009e-001	5.011872336272722e-001
9211	4.783684269446536e-001	4.786300923226383e-001
9305	4.607716733309204e-001	4.677351412871982e-001
9445	4.569188237646970e-001	4.570881896148750e-001
9511	4.436940763237932e-001	4.466835921509632e-001
9554	4.350050193553897e-001	4.365158322401660e-001
9629	4.252436596590029e-001	4.265795188015927e-001
9682	4.096618221255572e-001	4.168693834703354e-001
9721	4.026950724334374e-001	4.073802778041127e-001
9723	3.936708156108046e-001	3.981071705534973e-001
9824	3.842823179151105e-001	3.890451449942806e-001
9885	3.798361363751601e-001	3.801893963205612e-001
9952	3.652952412687281e-001	3.715352290971726e-001
9966	3.591653502306526e-001	3.630780547701014e-001
9983	3.517752499873769e-001	3.548133892335755e-001
10064	3.460948298978120e-001	3.467368504525316e-001
10222	3.382780623625945e-001	3.388441561392026e-001
10294	3.218290830972874e-001	3.235936569296283e-001
10472	3.162224841413877e-001	3.162277660168379e-001
10622	3.084138338112649e-001	3.090295432513591e-001
10814	3.009807116384029e-001	3.019951720402016e-001
11080	2.841327847021061e-001	2.884031503126606e-001
11247	2.810989166865242e-001	2.818382931264454e-001
11552	2.542456813071676e-001	2.570395782768864e-001
11636	2.510099584312227e-001	2.511886431509580e-001
11972	2.454209881721230e-001	2.454708915685031e-001
12259	2.387102172687396e-001	2.398832919019490e-001
12292	2.241334272807664e-001	2.290867652767773e-001
12303	2.238681543252519e-001	2.238721138568340e-001
12741	2.185019761187879e-001	2.187761623949552e-001
13308	2.136781417330520e-001	2.137962089502232e-001
13648	2.087517359638611e-001	2.089296130854039e-001
15087	2.041385857325779e-001	2.041737944669530e-001
15603	1.957901127072771e-001	1.995262314968880e-001
15832	1.948112623733475e-001	1.949844599758046e-001
16316	1.699189284734960e-001	1.737800828749375e-001
16356	1.653924555666111e-001	1.659586907437561e-001
17049	1.621524496147451e-001	1.621810097358930e-001
17649	1.584626212049399e-001	1.584893192461113e-001
19419	1.525686018456214e-001	1.548816618912481e-001
20168	1.512950323055818e-001	1.513561248436208e-001
24383	1.477901519096340e-001	1.479108388168208e-001
26204	1.402581708222113e-001	1.412537544622755e-001
26704	1.348405146144385e-001	1.348962882591654e-001
34896	1.317530392938673e-001	1.318256738556407e-001
38407	1.259585684811750e-001	1.288249551693134e-001
38571	1.258809689195625e-001	1.258925411794167e-001
41840	1.211135981320558e-001	1.230268770812382e-001
44540	1.202129486951153e-001	1.202264434617413e-001
55274	1.164073477525995e-001	1.174897554939529e-001
68293	1.147769151126000e-001	1.148153621496883e-001
74541	1.062762451979380e-001	1.071519305237607e-001
77550	1.030467031750976e-001	1.047128548050900e-001
81042	1.020877359941783e-001	1.023292992280754e-001
92488	9.850532424776859e-002	1.000000000000000e-001
94584	9.718244332013193e-002	9.772372209558107e-002
96952	9.510872941239534e-002	9.549925860214359e-002
113262	9.247067552009503e-002	9.332543007969910e-002
118223	9.072153673632144e-002	9.120108393559097e-002
137339	8.841545866958300e-002	8.912509381337455e-002
153406	8.595028781772274e-002	8.709635899560805e-002
160437	8.260225869182292e-002	8.317637711026708e-002
187881	8.128288512992810e-002	8.128305161640990e-002
208201	7.783494599686291e-002	7.943282347242814e-002
214751	7.761970004618390e-002	7.762471166286916e-002
264563	7.258207276765527e-002	7.413102413009177e-002
276939	7.242725469190470e-002	7.244359600749903e-002
291159	6.967971217414426e-002	7.079457843841380e-002
331068	6.916203764396012e-002	6.918309709189366e-002
368787	6.723601445725802e-002	6.760829753919818e-002
416587	6.605839519778689e-002	6.606934480075961e-002
487654	6.452174620774553e-002	6.456542290346556e-002
570951	6.252247820872670e-002	6.309573444801933e-002
618100	6.165477733344038e-002	6.165950018614822e-002
847564	6.025283970458617e-002	6.025595860743578e-002
1031841	5.875522391204990e-002	5.888436553555890e-002
2000001	5.799646079181042e-002	5.888436553555890e-002
%
% index = 2614, name = bbob_f014_i11_d20__bbob_f015_i12_d20
% instance = 5, reference value = 9.573733166350580e-001
% function evaluation | indicator value | target hit
1	2.085734825283168e+007	2.089296130854041e+007
2	1.971282419743050e+006	1.995262314968879e+006
3	3.302644847355970e+003	3.311311214825911e+003
139	1.890251499885497e+003	1.905460717963246e+003
223	9.757538866552217e+002	9.772372209558112e+002
249	2.587569053298997e+002	2.630267991895382e+002
925	2.367793445160656e+002	2.398832919019490e+002
936	1.882681756507193e+002	1.905460717963246e+002
1093	1.711743276124453e+002	1.737800828749376e+002
1329	1.583215826116325e+002	1.584893192461114e+002
1516	7.769104147017461e+001	7.943282347242814e+001
1939	7.686078222027695e+001	7.762471166286916e+001
2127	7.579253856110523e+001	7.585775750291836e+001
2155	7.026451163167481e+001	7.079457843841381e+001
2191	5.405505522010795e+001	5.495408738576246e+001
2303	5.166302160793318e+001	5.248074602497726e+001
2338	5.103973500457825e+001	5.128613839913648e+001
2588	4.902720070042446e+001	5.011872336272722e+001
2591	4.586807175907178e+001	4.677351412871981e+001
2629	4.499126441800534e+001	4.570881896148750e+001
2713	4.254452110726175e+001	4.265795188015925e+001
2823	4.086790033675462e+001	4.168693834703355e+001
2845	3.484470014504542e+001	3.548133892335755e+001
2943	2.740865970200533e+001	2.754228703338166e+001
2974	2.653847656675819e+001	2.691534803926916e+001
3223	2.528986118579836e+001	2.570395782768863e+001
3276	2.434117458829463e+001	2.454708915685030e+001
3468	2.246397652489250e+001	2.290867652767774e+001
3552	2.232089599383178e+001	2.238721138568340e+001
3577	1.548968438283280e+001	1.584893192461113e+001
3667	1.438169694627782e+001	1.445439770745927e+001
4007	1.140177139772679e+001	1.148153621496883e+001
4082	1.101460665089740e+001	1.122018454301964e+001
4224	1.002448449637950e+001	1.023292992280754e+001
4336	7.948230974873413e+000	8.128305161640993e+000
4628	7.606096019661370e+000	7.762471166286917e+000
4687	5.688914220423905e+000	5.754399373371570e+000
4995	5.299180256998721e+000	5.370317963702528e+000
5071	5.244887510349450e+000	5.248074602497725e+000
5223	4.932673975118240e+000	5.011872336272722e+000
5391	4.846981607392189e+000	4.897788193684462e+000
5444	4.375654959780278e+000	4.466835921509632e+000
5464	4.234080226370255e+000	4.265795188015927e+000
5593	3.715050288843472e+000	3.715352290971725e+000
5817	3.550449554040632e+000	3.630780547701014e+000
5954	3.162899733012910e+000	3.235936569296283e+000
6014	3.147909983779360e+000	3.162277660168379e+000
6197	3.002143096306674e+000	3.019951720402016e+000
6342	2.912369101961494e+000	2.951209226666386e+000
6508	2.659311476204866e+000	2.691534803926916e+000
6566	2.510342231908266e+000	2.511886431509580e+000
6681	2.329143537610301e+000	2.344228815319922e+000
6835	2.192276037038341e+000	2.238721138568339e+000
6898	2.118839220811332e+000	2.137962089502232e+000
6941	2.066019827975269e+000	2.089296130854040e+000
6966	1.843236898379020e+000	1.862087136662868e+000
7203	1.817786270284558e+000	1.819700858609983e+000
7293	1.755419164751374e+000	1.778279410038923e+000
7352	1.672500845483254e+000	1.698243652461744e+000
7400	1.551804961132822e+000	1.584893192461114e+000
7583	1.454465002852058e+000	1.479108388168207e+000
7747	1.391360947717550e+000	1.412537544622754e+000
7881	1.352222079127058e+000	1.380384264602885e+000
7908	1.335899973743853e+000	1.348962882591654e+000
7913	1.265362729655558e+000	1.288249551693134e+000
8037	1.240827185923558e+000	1.258925411794167e+000
8124	1.195523427541558e+000	1.202264434617413e+000
8172	1.103170173076558e+000	1.122018454301963e+000
8178	9.455348090580268e-001	9.549925860214360e-001
8267	8.550725001732632e-001	8.709635899560806e-001
8571	8.453285426049421e-001	8.511380382023764e-001
8779	8.229343950194530e-001	8.317637711026710e-001
8839	8.059623728709611e-001	8.128305161640993e-001
8932	7.724411807253844e-001	7.762471166286917e-001
8998	7.428959619956899e-001	7.585775750291838e-001
9088	7.032984790328463e-001	7.079457843841379e-001
9329	6.854893768059704e-001	6.918309709189364e-001
9534	6.676230811739764e-001	6.760829753919818e-001
9556	6.301670320577875e-001	6.309573444801933e-001
9694	6.149896504600486e-001	6.165950018614822e-001
9781	5.945842715791491e-001	6.025595860743578e-001
9881	5.522835680302286e-001	5.623413251903491e-001
9916	5.495214772804644e-001	5.495408738576245e-001
10018	5.076781017922949e-001	5.128613839913648e-001
10092	5.008629626940848e-001	5.011872336272722e-001
10159	4.565273861066440e-001	4.570881896148750e-001
10772	4.466479320630887e-001	4.466835921509632e-001
10984	4.325412077476125e-001	4.365158322401660e-001
11093	4.206857914212793e-001	4.265795188015927e-001
11233	4.145211428820966e-001	4.168693834703354e-001
11236	3.989178083024340e-001	4.073802778041127e-001
11267	3.980955681766417e-001	3.981071705534973e-001
11820	3.887813935305299e-001	3.890451449942806e-001
12156	3.801605576215991e-001	3.801893963205612e-001
12159	3.699145239052726e-001	3.715352290971726e-001
12431	3.471473483469628e-001	3.548133892335755e-001
12485	3.467024999160059e-001	3.467368504525316e-001
12789	3.388400439013051e-001	3.388441561392026e-001
13035	3.308338102084637e-001	3.311311214825911e-001
13246	3.193505090452973e-001	3.235936569296283e-001
13340	3.129652629243392e-001	3.162277660168379e-001
13410	3.087658260252998e-001	3.090295432513591e-001
13423	2.919480218522248e-001	2.951209226666385e-001
13515	2.871166650023312e-001	2.884031503126606e-001
13564	2.789586705907592e-001	2.818382931264454e-001
13883	2.745227513837464e-001	2.754228703338166e-001
14293	2.626093443960504e-001	2.630267991895382e-001
14713	2.425286048123408e-001	2.454708915685031e-001
15074	2.397693475133629e-001	2.398832919019490e-001
15828	2.343124264249795e-001	2.344228815319922e-001
16409	2.285815674752740e-001	2.290867652767773e-001
16415	2.169784847565759e-001	2.187761623949552e-001
16592	2.134080655856302e-001	2.137962089502232e-001
17091	2.063739517677672e-001	2.089296130854039e-001
17547	2.036436567168295e-001	2.041737944669530e-001
17811	1.978048523887483e-001	1.995262314968880e-001
18362	1.947354862384320e-001	1.949844599758046e-001
20122	1.905393804130762e-001	1.905460717963247e-001
20581	1.747193853726969e-001	1.778279410038923e-001
20814	1.737533216493825e-001	1.737800828749375e-001
21938	1.694870007821864e-001	1.698243652461744e-001
23540	1.659575244230034e-001	1.659586907437561e-001
28530	1.621592251933314e-001	1.621810097358930e-001
37697	1.584875836084849e-001	1.584893192461113e-001
52926	1.528299231131516e-001	1.548816618912481e-001
57201	1.494379408081179e-001	1.513561248436208e-001
74538	1.447939967790380e-001	1.479108388168208e-001
75389	1.353927342533055e-001	1.380384264602885e-001
78981	1.339101337548014e-001	1.348962882591654e-001
124266	1.318236797171719e-001	1.318256738556407e-001
128452	1.287875365813197e-001	1.288249551693134e-001
159420	1.253713427265000e-001	1.258925411794167e-001
180429	1.229662504695943e-001	1.230268770812382e-001
202766	1.197611268709647e-001	1.202264434617413e-001
257580	1.174292312124028e-001	1.174897554939529e-001
312747	1.138598824969651e-001	1.148153621496883e-001
318505	1.113154125837720e-001	1.122018454301964e-001
343333	1.090018970786715e-001	1.096478196143185e-001
468837	1.067807476382631e-001	1.071519305237607e-001
586471	1.047122666470666e-001	1.047128548050900e-001
776288	1.017187721036001e-001	1.023292992280754e-001
870701	9.844551421469627e-002	1.000000000000000e-001
984639	9.739527781955548e-002	9.772372209558107e-002
1263442	9.546652225152663e-002	9.549925860214359e-002
2000001	9.404018128109726e-002	9.549925860214359e-002
%
% index = 2615, name = bbob_f014_i13_d20__bbob_f015_i14_d20
% instance = 6, reference value = 9.495906721405160e-001
% function evaluation | indicator value | target hit
1	1.898765255797398e+009	1.905460717963244e+009
2	8.015451349073728e+006	8.128305161640995e+006
4	9.677586038469823e+004	9.772372209558112e+004
11	4.604234869666934e+004	4.677351412871981e+004
37	1.455851353272121e+004	1.479108388168207e+004
40	1.205925814249208e+004	1.230268770812381e+004
41	9.425704585122601e+003	9.549925860214360e+003
51	2.442034975504773e+003	2.454708915685031e+003
58	1.689508230051106e+003	1.698243652461744e+003
69	1.108438882805413e+003	1.122018454301963e+003
105	1.016080760233176e+003	1.023292992280754e+003
290	5.889958331737064e+002	6.025595860743575e+002
497	4.454089624862234e+002	4.466835921509630e+002
652	2.649066423500659e+002	2.691534803926917e+002
1111	1.196980348105228e+002	1.202264434617413e+002
1392	9.698811399245709e+001	9.772372209558107e+001
1526	7.708840290554510e+001	7.762471166286916e+001
1628	6.300917569284492e+001	6.309573444801933e+001
1818	6.098905186824289e+001	6.165950018614822e+001
1842	4.263038122583104e+001	4.265795188015925e+001
2388	3.910111365867912e+001	3.981071705534973e+001
2441	2.718913614429910e+001	2.754228703338166e+001
2674	1.893465769117865e+001	1.905460717963247e+001
2983	1.820328765668470e+001	1.862087136662868e+001
3091	1.579216786503910e+001	1.584893192461113e+001
3115	1.394014327111771e+001	1.412537544622754e+001
3121	1.018038861318518e+001	1.023292992280754e+001
3300	8.217818661819212e+000	8.317637711026711e+000
3607	7.999673669697946e+000	8.128305161640993e+000
3701	6.926763543440472e+000	7.079457843841379e+000
3920	6.886835204969380e+000	6.918309709189365e+000
3951	6.327257972968754e+000	6.456542290346556e+000
4068	5.964334230763464e+000	6.025595860743578e+000
4117	5.500597977139016e+000	5.623413251903491e+000
4199	5.057596743805274e+000	5.128613839913649e+000
4239	4.888330620288674e+000	4.897788193684462e+000
4273	4.333564100197948e+000	4.365158322401660e+000
4502	3.895112312239061e+000	3.981071705534972e+000
4503	3.733815318258191e+000	3.801893963205612e+000
4619	3.049773490532449e+000	3.090295432513591e+000
4714	2.827664358048048e+000	2.884031503126606e+000
4796	2.527351719018459e+000	2.570395782768864e+000
4939	2.459564647579299e+000	2.511886431509580e+000
4975	2.343123680166911e+000	2.344228815319922e+000
5032	2.289299979473486e+000	2.290867652767773e+000
5191	1.847762003497299e+000	1.862087136662868e+000
5472	1.356280545695022e+000	1.380384264602885e+000
5480	1.320387717942961e+000	1.348962882591654e+000
5664	1.298192814339684e+000	1.318256738556407e+000
5674	1.281214716522835e+000	1.288249551693134e+000
5830	1.154634786847700e+000	1.174897554939530e+000
5858	1.136121162608703e+000	1.148153621496883e+000
5892	1.119753350422576e+000	1.122018454301963e+000
5944	1.005991438354016e+000	1.023292992280754e+000
5979	9.881004185305159e-001	1.000000000000000e+000
6035	9.479762918113242e-001	9.549925860214360e-001
6070	9.321455434805390e-001	9.332543007969910e-001
6139	9.037493428927458e-001	9.120108393559098e-001
6239	8.713166068277634e-001	8.912509381337456e-001
6324	8.379558555616476e-001	8.511380382023764e-001
6361	7.888286350678766e-001	7.943282347242815e-001
6463	7.737563856522978e-001	7.762471166286917e-001
6471	7.517627706774173e-001	7.585775750291838e-001
6621	7.237999601244721e-001	7.244359600749900e-001
6697	7.065921451243303e-001	7.079457843841379e-001
6772	6.889095155150815e-001	6.918309709189364e-001
6800	6.389898315127665e-001	6.456542290346555e-001
6894	6.261168017865222e-001	6.309573444801933e-001
7011	6.068098044051671e-001	6.165950018614822e-001
7097	5.814431987948378e-001	5.888436553555889e-001
7120	5.674160001060560e-001	5.754399373371569e-001
7191	5.488026393032590e-001	5.495408738576245e-001
7320	5.314217792016479e-001	5.370317963702527e-001
7325	5.246566902356352e-001	5.248074602497725e-001
7368	5.095802133913848e-001	5.128613839913648e-001
7426	5.004083632857286e-001	5.011872336272722e-001
7557	4.884331787489251e-001	4.897788193684462e-001
7615	4.752216853162882e-001	4.786300923226383e-001
7641	4.519456918452527e-001	4.570881896148750e-001
7677	4.457402514052077e-001	4.466835921509632e-001
7771	4.212499703537110e-001	4.265795188015927e-001
7790	4.042465250042356e-001	4.073802778041127e-001
7973	3.968858933690548e-001	3.981071705534973e-001
8055	3.847468796300717e-001	3.890451449942806e-001
8092	3.642122008078177e-001	3.715352290971726e-001
8215	3.630154649089006e-001	3.630780547701014e-001
8273	3.471487647990513e-001	3.548133892335755e-001
8274	3.461493304359342e-001	3.467368504525316e-001
8465	3.310807854632968e-001	3.311311214825911e-001
8626	3.226022589460160e-001	3.235936569296283e-001
8684	2.970782337826422e-001	3.019951720402016e-001
8729	2.913042434621708e-001	2.951209226666385e-001
8773	2.814844130569106e-001	2.818382931264454e-001
9015	2.624553486056812e-001	2.630267991895382e-001
9107	2.536745428449397e-001	2.570395782768864e-001
9246	2.508281175443855e-001	2.511886431509580e-001
9324	2.433901791274079e-001	2.454708915685031e-001
9383	2.372745233583611e-001	2.398832919019490e-001
9569	2.283080863318262e-001	2.290867652767773e-001
9704	2.131467794760689e-001	2.137962089502232e-001
9779	2.077344390042413e-001	2.089296130854039e-001
9842	1.913660507858358e-001	1.949844599758046e-001
9911	1.891532354178480e-001	1.905460717963247e-001
10138	1.852383160083585e-001	1.862087136662868e-001
10486	1.808899486353029e-001	1.819700858609984e-001
10572	1.772476417859196e-001	1.778279410038923e-001
10644	1.711892937008256e-001	1.737800828749375e-001
10765	1.632918652135830e-001	1.659586907437561e-001
10907	1.602200808349266e-001	1.621810097358930e-001
10924	1.563881813458173e-001	1.584893192461113e-001
11108	1.547715834331346e-001	1.548816618912481e-001
11206	1.455617497298356e-001	1.479108388168208e-001
11260	1.443964468595012e-001	1.445439770745928e-001
11596	1.407903094695517e-001	1.412537544622755e-001
11703	1.376382195046204e-001	1.380384264602885e-001
12064	1.348847042231943e-001	1.348962882591654e-001
12391	1.300804814816251e-001	1.318256738556407e-001
12444	1.249235258135851e-001	1.258925411794167e-001
12537	1.225668006100220e-001	1.230268770812382e-001
12944	1.173477939560195e-001	1.174897554939529e-001
13619	1.138827474910059e-001	1.148153621496883e-001
13759	1.110243456028931e-001	1.122018454301964e-001
14061	1.096060008732582e-001	1.096478196143185e-001
14770	1.064271557329253e-001	1.071519305237607e-001
15226	1.045333099094556e-001	1.047128548050900e-001
15882	1.019475857574397e-001	1.023292992280754e-001
17291	9.865038674725224e-002	1.000000000000000e-001
17506	9.648833786957090e-002	9.772372209558107e-002
17732	9.546783352017818e-002	9.549925860214359e-002
19334	9.330269240965228e-002	9.332543007969910e-002
20259	9.079914610931517e-002	9.120108393559097e-002
21407	8.912215306749138e-002	8.912509381337455e-002
24451	8.691266502712558e-002	8.709635899560805e-002
26156	8.491002009960336e-002	8.511380382023763e-002
29003	7.686351030227490e-002	7.762471166286916e-002
33883	7.578908670296292e-002	7.585775750291836e-002
41492	7.413028391201537e-002	7.413102413009177e-002
47525	7.097385887362917e-002	7.244359600749903e-002
50335	7.079432841968458e-002	7.079457843841380e-002
61899	6.594787726620499e-002	6.606934480075961e-002
77758	6.428199494402931e-002	6.456542290346556e-002
91471	6.309502719330817e-002	6.309573444801933e-002
122365	6.165936377273595e-002	6.165950018614822e-002
144900	5.815843844507096e-002	5.888436553555890e-002
154198	5.692648555955659e-002	5.754399373371569e-002
180081	5.621041650130365e-002	5.623413251903491e-002
198095	5.487506485826421e-002	5.495408738576246e-002
207500	5.365501101723702e-002	5.370317963702527e-002
235438	5.160358382781993e-002	5.248074602497726e-002
235864	5.055765761952136e-002	5.128613839913648e-002
236663	5.004751598030022e-002	5.011872336272722e-002
260443	4.895399601136130e-002	4.897788193684461e-002
267236	4.784817002991104e-002	4.786300923226383e-002
321500	4.642057955134260e-002	4.677351412871982e-002
336144	4.570545641685841e-002	4.570881896148749e-002
382445	4.463434919251286e-002	4.466835921509630e-002
396219	4.325587445962309e-002	4.365158322401658e-002
441698	4.233570971603218e-002	4.265795188015926e-002
445332	4.077966050439208e-002	4.168693834703355e-002
449242	4.073399828507418e-002	4.073802778041128e-002
467636	3.955917996970670e-002	3.981071705534973e-002
521983	3.890397019842462e-002	3.890451449942807e-002
567186	3.763825359867978e-002	3.801893963205612e-002
627987	3.675360729484101e-002	3.715352290971726e-002
665239	3.620284342547364e-002	3.630780547701014e-002
692889	3.405727384360746e-002	3.467368504525317e-002
724953	3.380774235189210e-002	3.388441561392026e-002
801128	3.308344999909185e-002	3.311311214825911e-002
810030	3.235916570758179e-002	3.235936569296283e-002
909865	3.162268941672652e-002	3.162277660168379e-002
932112	3.081679006932192e-002	3.090295432513590e-002
1042954	2.998318214342199e-002	3.019951720402016e-002
1104725	2.940641339159267e-002	2.951209226666385e-002
1428909	2.883996519893939e-002	2.884031503126606e-002
1766115	2.792214016981143e-002	2.818382931264454e-002
1796518	2.708669136008945e-002	2.754228703338166e-002
2000001	2.695753400844014e-002	2.754228703338166e-002
%
% index = 2616, name = bbob_f014_i15_d20__bbob_f015_i16_d20
% instance = 7, reference value = 9.664191031592950e-001
% function evaluation | indicator value | target hit
1	1.117822154549156e+005	1.122018454301963e+005
4	6.466658255610897e+004	6.606934480075965e+004
6	2.230879007747427e+004	2.238721138568338e+004
37	8.875572664152022e+002	8.912509381337459e+002
283	7.108605497315733e+002	7.244359600749899e+002
301	6.262089955723512e+002	6.309573444801930e+002
351	2.915677723870772e+002	2.951209226666387e+002
496	2.717929696787377e+002	2.754228703338166e+002
707	2.474051763401777e+002	2.511886431509580e+002
722	1.974370371426080e+002	1.995262314968879e+002
797	1.892532075339734e+002	1.905460717963246e+002
975	1.771367111417770e+002	1.778279410038923e+002
1171	7.009848177064784e+001	7.079457843841381e+001
1453	6.873078197373025e+001	6.918309709189366e+001
1927	4.234045763500841e+001	4.265795188015925e+001
2171	3.324830708868602e+001	3.388441561392025e+001
2713	2.664462603476504e+001	2.691534803926916e+001
2780	2.519849832972782e+001	2.570395782768863e+001
2832	2.404623906311344e+001	2.454708915685030e+001
2928	2.175801153535479e+001	2.187761623949553e+001
3201	2.124650036475958e+001	2.137962089502232e+001
3219	1.978810070816187e+001	1.995262314968880e+001
3429	1.730516029804679e+001	1.737800828749375e+001
3616	1.448239000449172e+001	1.479108388168207e+001
3805	1.433196473015370e+001	1.445439770745927e+001
3824	1.172787878235320e+001	1.174897554939530e+001
3905	1.123852816388509e+001	1.148153621496883e+001
3940	1.058318746721774e+001	1.071519305237607e+001
4168	1.034891331987527e+001	1.047128548050900e+001
4488	8.854997569641659e+000	8.912509381337454e+000
5033	8.639815979349756e+000	8.709635899560805e+000
5041	8.133635311149183e+000	8.317637711026711e+000
5200	7.304873217844280e+000	7.413102413009175e+000
5446	6.771852823037687e+000	6.918309709189365e+000
5455	6.260534824126310e+000	6.309573444801933e+000
5503	6.080086070503258e+000	6.165950018614822e+000
5670	5.697643067995667e+000	5.754399373371570e+000
5672	5.053599600663434e+000	5.128613839913649e+000
5869	4.942841338993450e+000	5.011872336272722e+000
5925	4.826016162322963e+000	4.897788193684462e+000
5955	4.256664296981954e+000	4.265795188015927e+000
6046	4.089793538198092e+000	4.168693834703354e+000
6171	3.641309251111674e+000	3.715352290971725e+000
6183	3.584912736032235e+000	3.630780547701014e+000
6310	3.116384024297025e+000	3.162277660168379e+000
6376	2.820112901529972e+000	2.884031503126606e+000
6649	2.603731543454345e+000	2.630267991895382e+000
6680	2.531446128676729e+000	2.570395782768864e+000
6793	2.206870660701571e+000	2.238721138568339e+000
6873	2.047195033915582e+000	2.089296130854040e+000
7034	1.494876329225779e+000	1.513561248436208e+000
7420	1.378493915264164e+000	1.380384264602885e+000
7480	1.139063293017295e+000	1.148153621496883e+000
7795	1.038708321122795e+000	1.047128548050900e+000
7875	9.669687350382950e-001	9.772372209558107e-001
7882	9.488697603116788e-001	9.549925860214360e-001
7929	9.055100594673246e-001	9.120108393559098e-001
8015	8.103977668286283e-001	8.128305161640993e-001
8016	7.897194322135006e-001	7.943282347242815e-001
8151	7.683470926066155e-001	7.762471166286917e-001
8232	7.444554417484495e-001	7.585775750291838e-001
8321	7.358011080489095e-001	7.413102413009175e-001
8349	7.167062066024421e-001	7.244359600749900e-001
8380	6.771022053045364e-001	6.918309709189364e-001
8435	6.759716601621346e-001	6.760829753919818e-001
8491	6.587020679967597e-001	6.606934480075960e-001
8495	6.210531203209069e-001	6.309573444801933e-001
8511	6.072574422579361e-001	6.165950018614822e-001
8554	6.000655375978157e-001	6.025595860743578e-001
8573	5.755587245129143e-001	5.888436553555889e-001
8607	5.745033217758602e-001	5.754399373371569e-001
8679	5.364067081939902e-001	5.370317963702527e-001
8719	5.183629342897602e-001	5.248074602497725e-001
8757	5.114834839795166e-001	5.128613839913648e-001
8915	4.884293598160021e-001	4.897788193684462e-001
8961	4.733344217734218e-001	4.786300923226383e-001
8970	4.623503297906940e-001	4.677351412871982e-001
9020	4.549634044258405e-001	4.570881896148750e-001
9026	4.390974972741383e-001	4.466835921509632e-001
9055	4.345642793993165e-001	4.365158322401660e-001
9146	4.122161216747095e-001	4.168693834703354e-001
9152	3.929080083516492e-001	3.981071705534973e-001
9166	3.869583318089046e-001	3.890451449942806e-001
9186	3.800115572960410e-001	3.801893963205612e-001
9263	3.553025599582164e-001	3.630780547701014e-001
9290	3.470783963569680e-001	3.548133892335755e-001
9302	3.467113138110616e-001	3.467368504525316e-001
9375	3.313188480712576e-001	3.388441561392026e-001
9381	3.292281612920646e-001	3.311311214825911e-001
9430	3.224432219302218e-001	3.235936569296283e-001
9445	3.162257243221764e-001	3.162277660168379e-001
9459	3.085767421604007e-001	3.090295432513591e-001
9527	2.998292005880203e-001	3.019951720402016e-001
9556	2.869671490207559e-001	2.884031503126606e-001
9608	2.786020143689816e-001	2.818382931264454e-001
9614	2.734576519371497e-001	2.754228703338166e-001
9657	2.673590007166304e-001	2.691534803926916e-001
9684	2.609680545404142e-001	2.630267991895382e-001
9698	2.462746331273086e-001	2.511886431509580e-001
9719	2.431940120041432e-001	2.454708915685031e-001
9925	2.349233290759638e-001	2.398832919019490e-001
9930	2.325034411614063e-001	2.344228815319922e-001
9969	2.259406906721087e-001	2.290867652767773e-001
10057	2.217650030469647e-001	2.238721138568340e-001
10119	2.122385429925729e-001	2.137962089502232e-001
10208	1.985962022570434e-001	1.995262314968880e-001
10350	1.945557086351366e-001	1.949844599758046e-001
10390	1.894147190015287e-001	1.905460717963247e-001
10528	1.859711588427643e-001	1.862087136662868e-001
10548	1.754154808263452e-001	1.778279410038923e-001
10567	1.728053175923238e-001	1.737800828749375e-001
10687	1.666516846540486e-001	1.698243652461744e-001
10726	1.600138824558537e-001	1.621810097358930e-001
10796	1.580523795105255e-001	1.584893192461113e-001
10842	1.530468517339478e-001	1.548816618912481e-001
10858	1.496594791465649e-001	1.513561248436208e-001
10944	1.477749874556276e-001	1.479108388168208e-001
11023	1.391852610116870e-001	1.412537544622755e-001
11132	1.380305589791777e-001	1.380384264602885e-001
11252	1.284535790011657e-001	1.288249551693134e-001
11395	1.257662603063207e-001	1.258925411794167e-001
11502	1.198215670143283e-001	1.202264434617413e-001
11613	1.153178582591912e-001	1.174897554939529e-001
11626	1.125107780715269e-001	1.148153621496883e-001
11717	1.121951937467706e-001	1.122018454301964e-001
11801	1.083681392400708e-001	1.096478196143185e-001
11822	1.046097722444336e-001	1.047128548050900e-001
12020	1.021416926649030e-001	1.023292992280754e-001
12303	9.989077223958254e-002	1.000000000000000e-001
12476	9.658413065140303e-002	9.772372209558107e-002
12550	9.545028124981381e-002	9.549925860214359e-002
12603	9.078957830825174e-002	9.120108393559097e-002
12697	8.840997716967314e-002	8.912509381337455e-002
12772	8.659471113111616e-002	8.709635899560805e-002
12828	8.494812984223032e-002	8.511380382023763e-002
13127	8.242727496189928e-002	8.317637711026708e-002
13207	8.120803261143850e-002	8.128305161640990e-002
13391	7.942968676437678e-002	7.943282347242814e-002
13945	7.550252963420923e-002	7.585775750291836e-002
14307	7.143845893336431e-002	7.244359600749903e-002
14481	7.078940550236679e-002	7.079457843841380e-002
14807	6.550300740060233e-002	6.606934480075961e-002
15036	6.456523605065367e-002	6.456542290346556e-002
15379	6.190219691193466e-002	6.309573444801933e-002
15520	6.164753440317583e-002	6.165950018614822e-002
16280	5.840769619569597e-002	5.888436553555890e-002
17071	5.753592591947987e-002	5.754399373371569e-002
17391	5.577709675361497e-002	5.623413251903491e-002
18143	5.429430962842141e-002	5.495408738576246e-002
19192	5.329760235853454e-002	5.370317963702527e-002
20041	5.245473656873434e-002	5.248074602497726e-002
20733	5.128047972431382e-002	5.128613839913648e-002
22681	4.993040901801116e-002	5.011872336272722e-002
25918	4.855537686129818e-002	4.897788193684461e-002
26428	4.784670197181018e-002	4.786300923226383e-002
29891	4.675630894584937e-002	4.677351412871982e-002
37410	4.566541798811996e-002	4.570881896148749e-002
46265	4.465013515591854e-002	4.466835921509630e-002
50743	4.325022374835552e-002	4.365158322401658e-002
51299	4.265792396457091e-002	4.265795188015926e-002
65939	3.968933630154914e-002	3.981071705534973e-002
78533	3.783729429182514e-002	3.801893963205612e-002
80555	3.697683704665788e-002	3.715352290971726e-002
90548	3.630771568728530e-002	3.630780547701014e-002
115105	3.541452043188298e-002	3.548133892335755e-002
162468	3.394779515163460e-002	3.467368504525317e-002
167484	3.387344298517259e-002	3.388441561392026e-002
184736	3.293093725342788e-002	3.311311214825911e-002
207193	3.219592666775295e-002	3.235936569296283e-002
262244	3.162159537216081e-002	3.162277660168379e-002
277943	3.090080028977837e-002	3.090295432513590e-002
280205	3.013353365193783e-002	3.019951720402016e-002
362698	2.946771153991157e-002	2.951209226666385e-002
440530	2.882741746664896e-002	2.884031503126606e-002
509239	2.811341849551918e-002	2.818382931264454e-002
657630	2.742933351512855e-002	2.754228703338166e-002
814274	2.690892137451229e-002	2.691534803926915e-002
1122938	2.630261980661586e-002	2.630267991895382e-002
2000001	2.573221442572815e-002	2.630267991895382e-002
%
% index = 2617, name = bbob_f014_i17_d20__bbob_f015_i18_d20
% instance = 8, reference value = 9.569421847996090e-001
% function evaluation | indicator value | target hit
1	3.838212029401096e+008	3.890451449942805e+008
2	1.034607493579583e+006	1.047128548050899e+006
3	3.785778426989607e+004	3.801893963205613e+004
13	1.635480840136437e+004	1.659586907437560e+004
24	1.162543245313067e+004	1.174897554939530e+004
27	1.540475539584442e+003	1.548816618912481e+003
197	1.060587945122134e+003	1.071519305237606e+003
218	1.783724015613928e+002	1.819700858609982e+002
729	1.491973920517539e+002	1.513561248436209e+002
975	1.401565831352901e+002	1.412537544622754e+002
984	1.102300406803459e+002	1.122018454301963e+002
1000	1.017981952354463e+002	1.023292992280754e+002
1154	9.001116971724971e+001	9.120108393559097e+001
1294	7.977995025495902e+001	8.128305161640991e+001
1363	7.410925319072605e+001	7.413102413009177e+001
1577	6.140961627383196e+001	6.165950018614822e+001
1622	5.925018005114971e+001	6.025595860743578e+001
1782	4.795681899826821e+001	4.897788193684461e+001
2148	4.710158645740737e+001	4.786300923226383e+001
2229	3.546473194911562e+001	3.548133892335755e+001
2768	3.042226127784629e+001	3.090295432513591e+001
2870	2.934524815150226e+001	2.951209226666386e+001
3004	2.673460510376511e+001	2.691534803926916e+001
3061	2.090850321071969e+001	2.137962089502232e+001
3362	2.045351219369940e+001	2.089296130854040e+001
3380	1.940106212870691e+001	1.949844599758045e+001
3533	1.790063473805429e+001	1.819700858609983e+001
3658	1.662411006588762e+001	1.698243652461744e+001
3759	1.548413501203270e+001	1.548816618912481e+001
3842	9.569887742932636e+000	9.772372209558107e+000
3991	8.836306547303559e+000	8.912509381337454e+000
4175	7.373105464459322e+000	7.413102413009175e+000
4203	6.795286098275101e+000	6.918309709189365e+000
4480	6.390102814388462e+000	6.456542290346556e+000
4571	5.568079274317844e+000	5.623413251903491e+000
4761	5.334842275538258e+000	5.370317963702528e+000
4976	4.167954590901763e+000	4.168693834703354e+000
5084	4.038786254020852e+000	4.073802778041127e+000
5091	3.765535285238552e+000	3.801893963205612e+000
5440	3.226356948500782e+000	3.235936569296283e+000
5472	2.707244568906963e+000	2.754228703338166e+000
5680	2.585345176721031e+000	2.630267991895382e+000
5815	2.545588180069760e+000	2.570395782768864e+000
6009	2.311729386040794e+000	2.344228815319922e+000
6089	2.277454269433261e+000	2.290867652767773e+000
6226	2.166435281627609e+000	2.187761623949553e+000
6259	1.924077924606186e+000	1.949844599758045e+000
6347	1.854117166891920e+000	1.862087136662868e+000
6415	1.690751361855098e+000	1.698243652461744e+000
6465	1.627109204687085e+000	1.659586907437561e+000
6671	1.586413435240366e+000	1.621810097358930e+000
6676	1.475586536790330e+000	1.479108388168207e+000
6737	1.347035067645856e+000	1.348962882591654e+000
6861	1.075202897887609e+000	1.096478196143185e+000
7173	9.567806254756627e-001	9.772372209558107e-001
7207	9.434220404956346e-001	9.549925860214360e-001
7689	9.285121054961869e-001	9.332543007969910e-001
7713	8.895753592890494e-001	8.912509381337456e-001
7799	8.705255233259220e-001	8.709635899560806e-001
7900	8.503276998185024e-001	8.511380382023764e-001
7931	8.312876544015440e-001	8.317637711026710e-001
8001	7.871971024675835e-001	7.943282347242815e-001
8029	7.666883051812469e-001	7.762471166286917e-001
8045	7.571557388419989e-001	7.585775750291838e-001
8135	7.342008317349281e-001	7.413102413009175e-001
8180	7.237104885711416e-001	7.244359600749900e-001
8284	7.042257676427013e-001	7.079457843841379e-001
8313	6.833437922483650e-001	6.918309709189364e-001
8383	6.752879214894652e-001	6.760829753919818e-001
8393	6.551097392085878e-001	6.606934480075960e-001
8415	6.359126612662189e-001	6.456542290346555e-001
8494	6.294570564969420e-001	6.309573444801933e-001
8595	6.144749627807720e-001	6.165950018614822e-001
8671	5.907880264519232e-001	6.025595860743578e-001
8674	5.885597832610658e-001	5.888436553555889e-001
8825	5.735925252888682e-001	5.754399373371569e-001
8846	5.615600787694423e-001	5.623413251903491e-001
9033	5.489068395835383e-001	5.495408738576245e-001
9073	5.316044240832567e-001	5.370317963702527e-001
9125	5.234618066981833e-001	5.248074602497725e-001
9129	5.012333623554173e-001	5.128613839913648e-001
9131	5.010810334985203e-001	5.011872336272722e-001
9217	4.886581906181822e-001	4.897788193684462e-001
9363	4.754568917667390e-001	4.786300923226383e-001
9405	4.648510904315458e-001	4.677351412871982e-001
9453	4.566958098929684e-001	4.570881896148750e-001
9616	4.458286243933125e-001	4.466835921509632e-001
9738	4.360876715678599e-001	4.365158322401660e-001
9818	4.265743851002939e-001	4.265795188015927e-001
9832	3.995392166229287e-001	4.073802778041127e-001
9851	3.970810850150641e-001	3.981071705534973e-001
10055	3.888033711305706e-001	3.890451449942806e-001
10196	3.801483673208539e-001	3.801893963205612e-001
10237	3.709321308652792e-001	3.715352290971726e-001
10450	3.630125398869940e-001	3.630780547701014e-001
10539	3.545937022083056e-001	3.548133892335755e-001
10657	3.405617869568277e-001	3.467368504525316e-001
10690	3.384077934268397e-001	3.388441561392026e-001
10805	3.295206749694224e-001	3.311311214825911e-001
10881	3.217700588451690e-001	3.235936569296283e-001
10885	3.144305128449567e-001	3.162277660168379e-001
10887	3.030657621201839e-001	3.090295432513591e-001
10929	3.011801276816263e-001	3.019951720402016e-001
11026	2.949082229554558e-001	2.951209226666385e-001
11090	2.874130491803257e-001	2.884031503126606e-001
11218	2.813202350871755e-001	2.818382931264454e-001
11273	2.745975611233440e-001	2.754228703338166e-001
11313	2.622538468670729e-001	2.630267991895382e-001
11566	2.539456509181747e-001	2.570395782768864e-001
11613	2.432652876246253e-001	2.454708915685031e-001
11689	2.392043368188724e-001	2.398832919019490e-001
11884	2.327074918332980e-001	2.344228815319922e-001
11941	2.274491948708913e-001	2.290867652767773e-001
12134	2.223229509011012e-001	2.238721138568340e-001
12397	2.181634445227999e-001	2.187761623949552e-001
12614	2.137960389384240e-001	2.137962089502232e-001
12991	2.088492481049210e-001	2.089296130854039e-001
13154	2.035301901192522e-001	2.041737944669530e-001
13498	1.957030932879023e-001	1.995262314968880e-001
13594	1.949572561196216e-001	1.949844599758046e-001
13603	1.887982095130777e-001	1.905460717963247e-001
13769	1.861837118837948e-001	1.862087136662868e-001
13960	1.816335915949022e-001	1.819700858609984e-001
14106	1.767409292989233e-001	1.778279410038923e-001
14211	1.718173819672810e-001	1.737800828749375e-001
14320	1.697349433971893e-001	1.698243652461744e-001
14490	1.636041672777214e-001	1.659586907437561e-001
14672	1.620802573379949e-001	1.621810097358930e-001
15030	1.584127840396052e-001	1.584893192461113e-001
15211	1.391258486671820e-001	1.412537544622755e-001
15407	1.375199985605839e-001	1.380384264602885e-001
15814	1.338751531815080e-001	1.348962882591654e-001
16259	1.317239958730966e-001	1.318256738556407e-001
16797	1.287984511726021e-001	1.288249551693134e-001
17488	1.256761832310820e-001	1.258925411794167e-001
18311	1.230005361744661e-001	1.230268770812382e-001
18912	1.201766091084435e-001	1.202264434617413e-001
20304	1.174696392236813e-001	1.174897554939529e-001
22634	1.147628473846657e-001	1.148153621496883e-001
25677	1.118132782968789e-001	1.122018454301964e-001
28118	1.096316557400445e-001	1.096478196143185e-001
34448	1.055057497688187e-001	1.071519305237607e-001
37260	1.047111987367564e-001	1.047128548050900e-001
45163	1.023145333337494e-001	1.023292992280754e-001
61669	9.999981897960253e-002	1.000000000000000e-001
104622	9.631755964945687e-002	9.772372209558107e-002
119500	9.487272167973149e-002	9.549925860214359e-002
140814	9.291894717703941e-002	9.332543007969910e-002
202230	9.118622759244155e-002	9.120108393559097e-002
257136	8.810136498152432e-002	8.912509381337455e-002
285413	8.705781543640168e-002	8.709635899560805e-002
329671	8.436878605631104e-002	8.511380382023763e-002
380057	8.281811152559326e-002	8.317637711026708e-002
504836	8.081896987776094e-002	8.128305161640990e-002
661544	7.942054929947884e-002	7.943282347242814e-002
897117	7.729622540168613e-002	7.762471166286916e-002
1003088	7.561804030938013e-002	7.585775750291836e-002
1360642	7.411129702751373e-002	7.413102413009177e-002
1543503	7.226612174658864e-002	7.244359600749903e-002
1994804	6.961306563014558e-002	7.079457843841380e-002
2000001	6.961186041752698e-002	7.079457843841380e-002
%
% index = 2618, name = bbob_f014_i19_d20__bbob_f015_i21_d20
% instance = 9, reference value = 9.630162756847630e-001
% function evaluation | indicator value | target hit
1	1.639821352098013e+012	1.659586907437563e+012
2	2.400632784534167e+005	2.454708915685029e+005
5	1.388896876178688e+004	1.412537544622756e+004
24	3.579868349622974e+003	3.630780547701014e+003
55	1.995897608336198e+003	2.041737944669530e+003
124	1.332127400234314e+003	1.348962882591653e+003
326	4.284241917991592e+002	4.365158322401661e+002
405	3.856826372775372e+002	3.890451449942805e+002
620	3.598200446248945e+002	3.630780547701014e+002
648	2.226522198760481e+002	2.238721138568340e+002
817	1.978337815480369e+002	1.995262314968879e+002
1039	1.871513148386919e+002	1.905460717963246e+002
1110	1.644642870942629e+002	1.659586907437561e+002
1259	1.047938431758642e+002	1.071519305237606e+002
1409	9.417960388786469e+001	9.549925860214358e+001
1540	8.077643795783823e+001	8.128305161640991e+001
2164	7.071049555934727e+001	7.079457843841381e+001
2340	6.276195842413370e+001	6.309573444801933e+001
2405	5.164958352896935e+001	5.248074602497726e+001
2456	5.089177778489142e+001	5.128613839913648e+001
2530	4.912776192686927e+001	5.011872336272722e+001
2582	4.637761783377315e+001	4.677351412871981e+001
2808	4.168032946496177e+001	4.168693834703355e+001
2861	3.761487027742506e+001	3.801893963205612e+001
3006	3.659699012228523e+001	3.715352290971726e+001
3061	2.578234803907231e+001	2.630267991895381e+001
3232	2.556204412439802e+001	2.570395782768863e+001
3459	2.290722050797940e+001	2.290867652767774e+001
3587	2.237822842185828e+001	2.238721138568340e+001
3594	1.674540080465782e+001	1.698243652461744e+001
4014	1.334219209377459e+001	1.348962882591653e+001
4024	1.282523598580728e+001	1.288249551693134e+001
4099	1.133035631331555e+001	1.148153621496883e+001
4411	1.080840885097867e+001	1.096478196143185e+001
4423	9.319701733692341e+000	9.332543007969910e+000
4655	9.072844879109113e+000	9.120108393559097e+000
4799	8.507118411058253e+000	8.511380382023766e+000
4901	7.930008140749029e+000	7.943282347242816e+000
5001	7.751266534365598e+000	7.762471166286917e+000
5093	7.275250624599208e+000	7.413102413009175e+000
5166	7.004524641003934e+000	7.079457843841379e+000
5220	6.829299002413956e+000	6.918309709189365e+000
5246	6.603893301008753e+000	6.606934480075959e+000
5286	5.649337876316515e+000	5.754399373371570e+000
5362	4.556135432787272e+000	4.570881896148751e+000
5580	4.374761823105764e+000	4.466835921509632e+000
5688	3.491236971858966e+000	3.548133892335755e+000
6079	2.972307238097027e+000	3.019951720402016e+000
6217	2.929524098832818e+000	2.951209226666386e+000
6395	2.746052173182663e+000	2.754228703338166e+000
6567	2.655793847902599e+000	2.691534803926916e+000
6590	2.115182890872688e+000	2.137962089502232e+000
6730	1.908419234757381e+000	1.949844599758045e+000
6916	1.687981969077210e+000	1.698243652461744e+000
7226	1.619624835323367e+000	1.621810097358930e+000
7247	1.514940976924007e+000	1.548816618912481e+000
7284	1.355026629292084e+000	1.380384264602885e+000
7531	1.312838153454692e+000	1.318256738556407e+000
7684	1.217474605946429e+000	1.230268770812382e+000
7760	9.846527380362630e-001	1.000000000000000e+000
7801	9.609136166076086e-001	9.772372209558107e-001
7810	9.451937141610853e-001	9.549925860214360e-001
7954	9.006124629993153e-001	9.120108393559098e-001
8175	8.882605254845170e-001	8.912509381337456e-001
8177	8.675941493932380e-001	8.709635899560806e-001
8180	8.331083818732994e-001	8.511380382023764e-001
8260	8.189608243047303e-001	8.317637711026710e-001
8290	8.109152235769177e-001	8.128305161640993e-001
8401	7.935471834572521e-001	7.943282347242815e-001
8487	7.491577873719221e-001	7.585775750291838e-001
8663	7.363317215936600e-001	7.413102413009175e-001
8692	7.213938153562807e-001	7.244359600749900e-001
8805	6.984668626549309e-001	7.079457843841379e-001
8815	6.754401832663595e-001	6.760829753919818e-001
8865	6.598828588346258e-001	6.606934480075960e-001
8968	6.434806949031372e-001	6.456542290346555e-001
9089	6.309090839266656e-001	6.309573444801933e-001
9191	6.163723095134959e-001	6.165950018614822e-001
9240	5.918871499729741e-001	6.025595860743578e-001
9263	5.790573232687730e-001	5.888436553555889e-001
9306	5.731205899381673e-001	5.754399373371569e-001
9378	5.612212985701439e-001	5.623413251903491e-001
9392	5.336804160028442e-001	5.370317963702527e-001
9403	5.209401163963683e-001	5.248074602497725e-001
9419	5.087376542839958e-001	5.128613839913648e-001
9555	5.002908119871899e-001	5.011872336272722e-001
9598	4.895378482361602e-001	4.897788193684462e-001
9734	4.658880132283864e-001	4.677351412871982e-001
9804	4.561779460213722e-001	4.570881896148750e-001
9816	4.464089593894687e-001	4.466835921509632e-001
9840	4.281557161880562e-001	4.365158322401660e-001
9924	4.250932910090215e-001	4.265795188015927e-001
10026	4.166068835435343e-001	4.168693834703354e-001
10062	4.003162347909028e-001	4.073802778041127e-001
10093	3.975014460698000e-001	3.981071705534973e-001
10223	3.855935193354548e-001	3.890451449942806e-001
10311	3.732265429872325e-001	3.801893963205612e-001
10318	3.688430997492781e-001	3.715352290971726e-001
10356	3.467415277988509e-001	3.548133892335755e-001
10389	3.466812389421314e-001	3.467368504525316e-001
10425	3.368451764669341e-001	3.388441561392026e-001
10661	3.276353030390342e-001	3.311311214825911e-001
10680	3.180118956245349e-001	3.235936569296283e-001
10684	3.077571493437852e-001	3.090295432513591e-001
10727	3.006825910776707e-001	3.019951720402016e-001
10861	2.950172108811204e-001	2.951209226666385e-001
10980	2.877860676558474e-001	2.884031503126606e-001
11071	2.806138941390894e-001	2.818382931264454e-001
11256	2.740127089157242e-001	2.754228703338166e-001
11430	2.690261149730626e-001	2.691534803926916e-001
11491	2.540570252248160e-001	2.570395782768864e-001
11535	2.508184156032619e-001	2.511886431509580e-001
11764	2.437004466775988e-001	2.454708915685031e-001
11782	2.370287502387748e-001	2.398832919019490e-001
11845	2.315942507170882e-001	2.344228815319922e-001
11904	2.284298135269608e-001	2.290867652767773e-001
12092	2.230735981070141e-001	2.238721138568340e-001
12203	2.186313719751879e-001	2.187761623949552e-001
12208	2.134674704656819e-001	2.137962089502232e-001
12257	2.084664471811650e-001	2.089296130854039e-001
12496	1.853149944709305e-001	1.862087136662868e-001
12672	1.812176259793974e-001	1.819700858609984e-001
12729	1.771169103326299e-001	1.778279410038923e-001
12921	1.724867673438203e-001	1.737800828749375e-001
13178	1.691396403472453e-001	1.698243652461744e-001
13335	1.606205914825368e-001	1.621810097358930e-001
13630	1.582765042113502e-001	1.584893192461113e-001
14029	1.547068475730762e-001	1.548816618912481e-001
14363	1.503311564741144e-001	1.513561248436208e-001
14622	1.466639823542915e-001	1.479108388168208e-001
14834	1.312166013112962e-001	1.318256738556407e-001
15424	1.287655016045985e-001	1.288249551693134e-001
16073	1.258737499624724e-001	1.258925411794167e-001
16829	1.227505426996424e-001	1.230268770812382e-001
17237	1.201146547761076e-001	1.202264434617413e-001
18132	1.174303072315408e-001	1.174897554939529e-001
18807	1.143129546187680e-001	1.148153621496883e-001
20069	1.121880834548190e-001	1.122018454301964e-001
20924	1.095625306218832e-001	1.096478196143185e-001
22422	1.071423421543526e-001	1.071519305237607e-001
24422	1.045765226001637e-001	1.047128548050900e-001
25904	1.022165335357069e-001	1.023292992280754e-001
30240	9.999772940301288e-002	1.000000000000000e-001
35277	9.770825784338377e-002	9.772372209558107e-002
41110	9.549869539573763e-002	9.549925860214359e-002
45808	9.320316395682760e-002	9.332543007969910e-002
55748	8.846210583169845e-002	8.912509381337455e-002
72004	8.708941607888288e-002	8.709635899560805e-002
90131	8.482761329206368e-002	8.511380382023763e-002
112830	8.298225851875196e-002	8.317637711026708e-002
135452	8.057235921217554e-002	8.128305161640990e-002
183530	7.943277587654107e-002	7.943282347242814e-002
225980	7.736124566157110e-002	7.762471166286916e-002
263725	7.585700515529370e-002	7.585775750291836e-002
328260	7.382456966429840e-002	7.413102413009177e-002
426961	7.236147757840505e-002	7.244359600749903e-002
433676	6.963929038116157e-002	7.079457843841380e-002
474725	6.891927687884369e-002	6.918309709189366e-002
503905	6.669261262269932e-002	6.760829753919818e-002
531379	6.467369901155073e-002	6.606934480075961e-002
562228	6.456493159939247e-002	6.456542290346556e-002
674281	6.278746004121993e-002	6.309573444801933e-002
733723	6.066169759198326e-002	6.165950018614822e-002
801005	5.987058524578237e-002	6.025595860743578e-002
892010	5.877820296256175e-002	5.888436553555890e-002
1335700	5.732534560118308e-002	5.754399373371569e-002
2000001	5.636186423035949e-002	5.754399373371569e-002
%
% index = 2619, name = bbob_f014_i21_d20__bbob_f015_i22_d20
% instance = 10, reference value = 9.675239894957930e-001
% function evaluation | indicator value | target hit
1	2.364183939045814e+007	2.398832919019490e+007
2	2.772418986002937e+005	2.818382931264455e+005
6	7.185250825779574e+004	7.244359600749906e+004
12	1.884656777215958e+004	1.905460717963248e+004
31	6.447139961862440e+003	6.456542290346556e+003
32	2.982477813858885e+003	3.019951720402016e+003
39	6.899437781049020e+002	6.918309709189363e+002
308	5.404008157819637e+002	5.495408738576248e+002
341	3.715910727149560e+002	3.801893963205613e+002
625	3.660533834485383e+002	3.715352290971724e+002
664	3.401910623724882e+002	3.467368504525317e+002
708	2.702005725017967e+002	2.754228703338166e+002
726	1.688355596438215e+002	1.698243652461744e+002
914	1.656483748303441e+002	1.659586907437561e+002
1004	8.196887376505892e+001	8.317637711026708e+001
1329	8.126860406257765e+001	8.128305161640991e+001
1833	4.612542524023360e+001	4.677351412871981e+001
2159	3.916875028548312e+001	3.981071705534973e+001
2505	3.606576419404432e+001	3.630780547701014e+001
2511	2.634740963252920e+001	2.691534803926916e+001
2680	2.506720906755637e+001	2.511886431509580e+001
2725	2.240487351514020e+001	2.290867652767774e+001
2876	1.979996171718975e+001	1.995262314968880e+001
2929	1.784921603347388e+001	1.819700858609983e+001
3224	1.735406555125557e+001	1.737800828749375e+001
3397	1.370601054853068e+001	1.380384264602885e+001
3674	1.224671731247010e+001	1.230268770812382e+001
3750	1.135557598691278e+001	1.148153621496883e+001
3928	9.645185953337785e+000	9.772372209558107e+000
3988	9.163128049497528e+000	9.332543007969910e+000
4146	7.135889212008046e+000	7.244359600749901e+000
4349	6.467245443604814e+000	6.606934480075959e+000
4517	5.445433535074424e+000	5.495408738576245e+000
4805	3.720906335421093e+000	3.801893963205612e+000
5430	3.627564825432487e+000	3.630780547701014e+000
5508	3.287095793621525e+000	3.311311214825911e+000
5688	3.028576008408423e+000	3.090295432513591e+000
5766	2.854220796131005e+000	2.884031503126606e+000
5770	2.799266265429471e+000	2.818382931264454e+000
5975	2.747712459734848e+000	2.754228703338166e+000
6061	2.671043022794403e+000	2.691534803926916e+000
6130	2.531722158867709e+000	2.570395782768864e+000
6151	2.479671217263956e+000	2.511886431509580e+000
6164	2.449640147816062e+000	2.454708915685031e+000
6301	2.385402709380934e+000	2.398832919019490e+000
6323	2.268233917058924e+000	2.290867652767773e+000
6353	2.226508201625149e+000	2.238721138568339e+000
6398	1.941413528580604e+000	1.949844599758045e+000
6580	1.885525468008150e+000	1.905460717963247e+000
6669	1.860892344629230e+000	1.862087136662868e+000
6764	1.575509390766428e+000	1.584893192461114e+000
7133	1.490156364505793e+000	1.513561248436208e+000
7221	1.424873948162217e+000	1.445439770745927e+000
7255	1.384799857472356e+000	1.412537544622754e+000
7340	1.373122071182477e+000	1.380384264602885e+000
7424	1.273737803725449e+000	1.288249551693134e+000
7592	1.191082222032303e+000	1.202264434617413e+000
7681	1.142980175409138e+000	1.148153621496883e+000
7689	1.028554653502793e+000	1.047128548050900e+000
7876	9.770429257187929e-001	9.772372209558107e-001
8455	9.543785259617179e-001	9.549925860214360e-001
8554	9.326752702497433e-001	9.332543007969910e-001
8709	9.033312275798633e-001	9.120108393559098e-001
8974	8.876305700227275e-001	8.912509381337456e-001
9308	8.697144477354994e-001	8.709635899560806e-001
9449	8.498658929176679e-001	8.511380382023764e-001
9637	8.248503458194515e-001	8.317637711026710e-001
9767	8.127159799468224e-001	8.128305161640993e-001
10127	7.923761286172524e-001	7.943282347242815e-001
10309	7.750612429966938e-001	7.762471166286917e-001
10475	7.553268105250025e-001	7.585775750291838e-001
10548	7.380221519889616e-001	7.413102413009175e-001
10595	7.204824642255803e-001	7.244359600749900e-001
10811	7.059098226205309e-001	7.079457843841379e-001
10874	6.883042603538693e-001	6.918309709189364e-001
11001	6.716840699139923e-001	6.760829753919818e-001
11199	6.606468561410293e-001	6.606934480075960e-001
11413	6.453513469692951e-001	6.456542290346555e-001
11584	6.298494980485029e-001	6.309573444801933e-001
11640	6.159703328615838e-001	6.165950018614822e-001
11825	5.925430235910681e-001	6.025595860743578e-001
11921	5.887781490411175e-001	5.888436553555889e-001
12011	5.752071882830983e-001	5.754399373371569e-001
12187	5.597514848166503e-001	5.623413251903491e-001
12307	5.465064447934881e-001	5.495408738576245e-001
12438	5.353132413671922e-001	5.370317963702527e-001
12565	5.223665215780780e-001	5.248074602497725e-001
12611	5.123768941409066e-001	5.128613839913648e-001
12826	4.807084059613936e-001	4.897788193684462e-001
12895	4.776305486417489e-001	4.786300923226383e-001
13169	4.672480962532902e-001	4.677351412871982e-001
13330	4.562634568512747e-001	4.570881896148750e-001
13445	4.460064963344057e-001	4.466835921509632e-001
13472	4.322626075693827e-001	4.365158322401660e-001
13524	4.263222082492163e-001	4.265795188015927e-001
13636	4.130597328843311e-001	4.168693834703354e-001
13681	4.061740339098623e-001	4.073802778041127e-001
13786	3.977341993385893e-001	3.981071705534973e-001
13864	3.858235656143911e-001	3.890451449942806e-001
13908	3.793368174991868e-001	3.801893963205612e-001
14052	3.673676002396489e-001	3.715352290971726e-001
14082	3.540512867118587e-001	3.548133892335755e-001
14141	3.446459008739491e-001	3.467368504525316e-001
14517	3.387308246473862e-001	3.388441561392026e-001
14631	3.300816500388816e-001	3.311311214825911e-001
14813	3.222211518490121e-001	3.235936569296283e-001
14958	3.159450156105732e-001	3.162277660168379e-001
15041	3.089623501579882e-001	3.090295432513591e-001
15288	3.005876657139490e-001	3.019951720402016e-001
15347	2.949062490655046e-001	2.951209226666385e-001
15447	2.879221523647942e-001	2.884031503126606e-001
15568	2.576131466083926e-001	2.630267991895382e-001
15649	2.570362991747262e-001	2.570395782768864e-001
15823	2.508525073169577e-001	2.511886431509580e-001
16094	2.450884337242471e-001	2.454708915685031e-001
16175	2.365315553633068e-001	2.398832919019490e-001
16243	2.304088487522203e-001	2.344228815319922e-001
16321	2.289865050530636e-001	2.290867652767773e-001
16567	2.236591875247679e-001	2.238721138568340e-001
16819	2.169008209901677e-001	2.187761623949552e-001
16834	2.090660590940996e-001	2.137962089502232e-001
16868	2.088562531208230e-001	2.089296130854039e-001
17120	2.041209877894791e-001	2.041737944669530e-001
17577	1.995053780393825e-001	1.995262314968880e-001
17835	1.949427983773888e-001	1.949844599758046e-001
18488	1.905053723176667e-001	1.905460717963247e-001
18672	1.861998690957522e-001	1.862087136662868e-001
18763	1.814803705035203e-001	1.819700858609984e-001
18913	1.775258084944794e-001	1.778279410038923e-001
19023	1.730694340863110e-001	1.737800828749375e-001
19419	1.693217011763621e-001	1.698243652461744e-001
19715	1.658619170183669e-001	1.659586907437561e-001
19918	1.621391857689858e-001	1.621810097358930e-001
20095	1.577977790791667e-001	1.584893192461113e-001
20349	1.543443363296811e-001	1.548816618912481e-001
20861	1.492845946873235e-001	1.513561248436208e-001
21106	1.478999864325148e-001	1.479108388168208e-001
21144	1.438690934452470e-001	1.445439770745928e-001
21442	1.411854568953505e-001	1.412537544622755e-001
21513	1.365293557201687e-001	1.380384264602885e-001
21765	1.348029765128790e-001	1.348962882591654e-001
22512	1.278458831294811e-001	1.288249551693134e-001
22884	1.237798032329923e-001	1.258925411794167e-001
23216	1.228928559564448e-001	1.230268770812382e-001
24243	1.202260510777647e-001	1.202264434617413e-001
25065	1.170836955180875e-001	1.174897554939529e-001
25905	1.146741154871113e-001	1.148153621496883e-001
26631	1.063347248320413e-001	1.071519305237607e-001
27147	1.047094718614853e-001	1.047128548050900e-001
28345	1.023038290186127e-001	1.023292992280754e-001
29657	9.997521315329994e-002	1.000000000000000e-001
31268	9.766828476988521e-002	9.772372209558107e-002
33541	9.549395647336523e-002	9.549925860214359e-002
36615	9.331956768017335e-002	9.332543007969910e-002
40111	9.098690169727852e-002	9.120108393559097e-002
40690	8.766000102469307e-002	8.912509381337455e-002
41300	8.645230181387809e-002	8.709635899560805e-002
46938	8.456322990773568e-002	8.511380382023763e-002
59733	8.316746008247433e-002	8.317637711026708e-002
91155	8.094316503437060e-002	8.128305161640990e-002
97066	7.896645686738180e-002	7.943282347242814e-002
108105	7.704851068985008e-002	7.762471166286916e-002
117514	7.584189472606551e-002	7.585775750291836e-002
153447	7.369057542270219e-002	7.413102413009177e-002
175280	7.232560334873717e-002	7.244359600749903e-002
192288	6.862117976710391e-002	6.918309709189366e-002
220608	6.719040245586638e-002	6.760829753919818e-002
280484	6.445869404092797e-002	6.456542290346556e-002
366358	6.276389392077098e-002	6.309573444801933e-002
458173	6.162355933225405e-002	6.165950018614822e-002
609251	6.006053540411505e-002	6.025595860743578e-002
973527	5.884863516723882e-002	5.888436553555890e-002
1123094	5.754387652569504e-002	5.754399373371569e-002
1447225	5.596334036600825e-002	5.623413251903491e-002
1832199	5.495406722228124e-002	5.495408738576246e-002
2000001	5.440537159864345e-002	5.495408738576246e-002
