%
% index = 2170, name = bbob_f020_i02_d10__bbob_f020_i04_d10
% instance = 1, reference value = 9.977709356346171e-001
% function evaluation | indicator value | target hit
1	6.292216304824620e+003	6.309573444801930e+003
2	1.830528629934182e+003	1.862087136662868e+003
6	5.184069407518790e+002	5.248074602497728e+002
160	5.033321340420116e+002	5.128613839913649e+002
233	4.201517580974943e+002	4.265795188015925e+002
237	3.544814534720301e+002	3.548133892335753e+002
242	3.085580410437930e+002	3.090295432513592e+002
320	2.705540363677886e+002	2.754228703338166e+002
439	2.305527305336564e+002	2.344228815319923e+002
561	1.667492508592673e+002	1.698243652461744e+002
659	1.582173581960156e+002	1.584893192461114e+002
673	1.472713278171240e+002	1.479108388168207e+002
726	9.607834933328709e+001	9.772372209558107e+001
1002	7.808443783649403e+001	7.943282347242814e+001
1018	5.956799810216337e+001	6.025595860743578e+001
1105	4.676332621956735e+001	4.677351412871981e+001
1392	2.917565648052580e+001	2.951209226666386e+001
1443	2.516275673277740e+001	2.570395782768863e+001
1489	1.706870051762940e+001	1.737800828749375e+001
1830	1.680760248369602e+001	1.698243652461744e+001
1885	1.518448987261005e+001	1.548816618912481e+001
1886	1.449452084537130e+001	1.479108388168207e+001
1893	1.363004791923524e+001	1.380384264602885e+001
1904	1.175337455690227e+001	1.202264434617413e+001
1944	9.513944604250417e+000	9.549925860214358e+000
1963	6.940702778994875e+000	7.079457843841379e+000
2049	4.948495235921776e+000	5.011872336272722e+000
2071	4.430107018791922e+000	4.466835921509632e+000
2134	3.723608848907863e+000	3.801893963205612e+000
2166	2.722602958646721e+000	2.754228703338166e+000
2203	2.088666076834726e+000	2.089296130854040e+000
2468	1.760224836328787e+000	1.778279410038923e+000
2495	1.083900058404117e+000	1.096478196143185e+000
2499	9.573265447441071e-001	9.772372209558107e-001
2531	8.863433220241246e-001	8.912509381337456e-001
2598	8.621962479435820e-001	8.709635899560806e-001
2706	4.002044978190584e-001	4.073802778041127e-001
3021	3.918440569826637e-001	3.981071705534973e-001
3037	3.760968012143334e-001	3.801893963205612e-001
3053	2.765993085166271e-001	2.818382931264454e-001
3077	2.317058343585238e-001	2.344228815319922e-001
3180	2.284752631602521e-001	2.290867652767773e-001
3188	2.198176700445345e-001	2.238721138568340e-001
3209	1.905991384567073e-001	1.949844599758046e-001
3246	1.898871013638220e-001	1.905460717963247e-001
3264	1.569017597026388e-001	1.584893192461113e-001
3356	1.505533592563580e-001	1.513561248436208e-001
3368	1.307397256300723e-001	1.318256738556407e-001
3371	1.279987145266280e-001	1.288249551693134e-001
3434	1.197588706155867e-001	1.202264434617413e-001
3457	1.092768501664763e-001	1.096478196143185e-001
3536	1.070911948121935e-001	1.071519305237607e-001
3637	8.940116317922764e-002	9.120108393559097e-002
3639	7.588121891744082e-002	7.762471166286916e-002
3641	7.262349664141565e-002	7.413102413009177e-002
3642	6.239230883474223e-002	6.309573444801933e-002
3644	4.713430152047105e-002	4.786300923226383e-002
3702	4.197198364127208e-002	4.265795188015926e-002
3723	4.109966397686038e-002	4.168693834703355e-002
3739	3.969363016276550e-002	3.981071705534973e-002
3743	3.372758601358084e-002	3.388441561392026e-002
3760	3.279343128760537e-002	3.311311214825911e-002
3824	3.195374440884902e-002	3.235936569296283e-002
3825	3.042253087710811e-002	3.090295432513590e-002
3830	2.850763235129783e-002	2.884031503126606e-002
3840	2.778930292503556e-002	2.818382931264454e-002
3845	2.148484861923061e-002	2.187761623949553e-002
3850	2.023411972820033e-002	2.041737944669530e-002
3870	1.989591798136892e-002	1.995262314968880e-002
3899	1.929181944583580e-002	1.949844599758046e-002
3917	1.686016018110703e-002	1.698243652461744e-002
3937	1.596748023780226e-002	1.621810097358930e-002
3953	1.524337143066523e-002	1.548816618912481e-002
3961	1.328997787201480e-002	1.348962882591653e-002
3974	1.260286943544764e-002	1.288249551693134e-002
3995	1.168520863663192e-002	1.174897554939530e-002
4003	1.144535553727011e-002	1.148153621496883e-002
4005	1.042345370238951e-002	1.047128548050900e-002
4029	9.100408262235793e-003	9.120108393559097e-003
4062	8.426547017893360e-003	8.511380382023768e-003
4142	8.274535880910094e-003	8.317637711026709e-003
4152	7.966471512816820e-003	8.128305161640995e-003
4167	7.556479081878842e-003	7.585775750291836e-003
4225	7.301655437893184e-003	7.413102413009177e-003
4231	7.140740132119183e-003	7.244359600749898e-003
4237	7.069504532568716e-003	7.079457843841380e-003
4261	6.377086244081287e-003	6.456542290346556e-003
4276	6.169717496932847e-003	6.309573444801930e-003
4278	4.990411779705828e-003	5.011872336272725e-003
4292	4.716438029581771e-003	4.786300923226385e-003
4309	4.626566041229019e-003	4.677351412871981e-003
4331	4.435668111212321e-003	4.466835921509631e-003
4367	4.308653956283992e-003	4.365158322401661e-003
4378	4.185535855394940e-003	4.265795188015926e-003
4390	3.955615230444853e-003	3.981071705534973e-003
4392	3.740131617395726e-003	3.801893963205613e-003
4474	3.711414763428178e-003	3.715352290971724e-003
4525	3.607933029198263e-003	3.630780547701014e-003
4528	3.387071199907887e-003	3.388441561392024e-003
4591	3.250259764494667e-003	3.311311214825911e-003
4606	3.227476052541589e-003	3.235936569296281e-003
4625	3.082367498019378e-003	3.090295432513592e-003
4640	2.926492377177015e-003	2.951209226666387e-003
4647	2.833249756881595e-003	2.884031503126606e-003
4651	2.690337471008664e-003	2.691534803926917e-003
4660	2.569838096117549e-003	2.570395782768865e-003
4681	2.479176583033094e-003	2.511886431509579e-003
4686	2.440691061420308e-003	2.454708915685031e-003
4693	2.301118240537803e-003	2.344228815319923e-003
4696	2.275669442386219e-003	2.290867652767772e-003
4751	2.218592784504425e-003	2.238721138568340e-003
4792	2.117020054143270e-003	2.137962089502233e-003
4798	2.060786681940319e-003	2.089296130854039e-003
4816	1.971647516006869e-003	1.995262314968879e-003
4852	1.866055035152692e-003	1.905460717963246e-003
4863	1.846411493532485e-003	1.862087136662868e-003
4894	1.810875610610108e-003	1.819700858609983e-003
4896	1.774330788743117e-003	1.778279410038923e-003
4980	1.729618994840809e-003	1.737800828749376e-003
5017	1.667091293699574e-003	1.698243652461744e-003
5023	1.615675254246329e-003	1.621810097358930e-003
5062	1.552541779477945e-003	1.584893192461114e-003
5066	1.523500306010228e-003	1.548816618912481e-003
5071	1.488034559036566e-003	1.513561248436209e-003
5083	1.459550637114004e-003	1.479108388168207e-003
5101	1.390938064736447e-003	1.412537544622754e-003
5105	1.377661665084018e-003	1.380384264602885e-003
5112	1.328565403793558e-003	1.348962882591653e-003
5131	1.295203882794582e-003	1.318256738556408e-003
5138	1.272158972981052e-003	1.288249551693134e-003
5216	1.229635220153291e-003	1.230268770812381e-003
5260	1.199471609183433e-003	1.202264434617413e-003
5268	1.172907836212822e-003	1.174897554939529e-003
5343	1.143123146356673e-003	1.148153621496883e-003
5353	1.114253217255001e-003	1.122018454301963e-003
5361	1.092723887530900e-003	1.096478196143185e-003
5397	1.067153035402724e-003	1.071519305237606e-003
5411	1.043573837747336e-003	1.047128548050900e-003
5423	1.018989226799549e-003	1.023292992280754e-003
5432	9.890083047496834e-004	1.000000000000000e-003
5437	9.770256203213146e-004	9.772372209558111e-004
5440	9.527185084191592e-004	9.549925860214359e-004
5503	9.234280708353415e-004	9.332543007969915e-004
5531	9.108680294525051e-004	9.120108393559096e-004
5556	8.878816015958080e-004	8.912509381337459e-004
5601	8.686739072748528e-004	8.709635899560805e-004
5623	8.482696322130723e-004	8.511380382023768e-004
5648	8.256771647096040e-004	8.317637711026709e-004
5708	8.024461667216487e-004	8.128305161640995e-004
5721	7.928477116536659e-004	7.943282347242813e-004
5752	7.709760775216346e-004	7.762471166286919e-004
5770	7.471425628192696e-004	7.585775750291835e-004
5771	7.329780690664700e-004	7.413102413009177e-004
5802	7.208065833451682e-004	7.244359600749898e-004
5812	7.054832865331928e-004	7.079457843841380e-004
5857	6.916183087141148e-004	6.918309709189362e-004
5872	6.721420934806544e-004	6.760829753919819e-004
5887	6.565326324112775e-004	6.606934480075958e-004
5899	6.427640091368758e-004	6.456542290346556e-004
5909	6.256262521857625e-004	6.309573444801930e-004
5954	6.109498672242086e-004	6.165950018614822e-004
5968	6.025244681623354e-004	6.025595860743575e-004
5992	5.880173322091453e-004	5.888436553555889e-004
6002	5.750524767561549e-004	5.754399373371566e-004
6049	5.607238481798449e-004	5.623413251903491e-004
6111	5.490402098147218e-004	5.495408738576249e-004
6221	5.370164752067641e-004	5.370317963702527e-004
6273	5.237146829227823e-004	5.248074602497728e-004
6362	5.124665914330029e-004	5.128613839913648e-004
6448	4.987814739637608e-004	5.011872336272725e-004
6553	4.897058189937686e-004	4.897788193684461e-004
6614	4.782876773241629e-004	4.786300923226385e-004
6647	4.676900463144174e-004	4.677351412871981e-004
6697	4.567129062119646e-004	4.570881896148752e-004
6728	4.463014748693484e-004	4.466835921509631e-004
6844	4.364909269000128e-004	4.365158322401661e-004
6877	4.263458607258741e-004	4.265795188015926e-004
6932	4.167260525377303e-004	4.168693834703355e-004
7072	4.073515603719713e-004	4.073802778041126e-004
7129	3.976932629730090e-004	3.981071705534974e-004
7219	3.884740671689091e-004	3.890451449942804e-004
7262	3.801672107207610e-004	3.801893963205612e-004
7335	3.711847149667769e-004	3.715352290971724e-004
7382	3.625544155066995e-004	3.630780547701014e-004
7487	3.548065075973383e-004	3.548133892335753e-004
7545	3.467003103969635e-004	3.467368504525317e-004
7644	3.383989397242049e-004	3.388441561392024e-004
7718	3.306516607636256e-004	3.311311214825911e-004
7832	3.228385740006168e-004	3.235936569296281e-004
7971	3.162037308324095e-004	3.162277660168379e-004
8139	3.083293672557774e-004	3.090295432513592e-004
8300	3.016079014254158e-004	3.019951720402016e-004
8491	2.950984973927318e-004	2.951209226666387e-004
8722	2.883192148053215e-004	2.884031503126606e-004
9076	2.818330667668789e-004	2.818382931264455e-004
9497	2.753069260940100e-004	2.754228703338166e-004
9917	2.691323050737493e-004	2.691534803926917e-004
10319	2.630192080730343e-004	2.630267991895381e-004
10897	2.570190506014924e-004	2.570395782768865e-004
11428	2.511283436790190e-004	2.511886431509580e-004
12083	2.454410362509041e-004	2.454708915685031e-004
12747	2.398621936912093e-004	2.398832919019490e-004
13917	2.344117126936718e-004	2.344228815319923e-004
15655	2.290832598645931e-004	2.290867652767772e-004
19153	2.238720972304042e-004	2.238721138568340e-004
28825	2.187760784275739e-004	2.187761623949552e-004
42885	2.137961275459066e-004	2.137962089502232e-004
158980	2.089296127670837e-004	2.089296130854039e-004
447983	2.041714045589727e-004	2.041737944669530e-004
1000001	2.017279408591532e-004	2.041737944669530e-004
%
% index = 2171, name = bbob_f020_i03_d10__bbob_f020_i05_d10
% instance = 2, reference value = 9.950129303740490e-001
% function evaluation | indicator value | target hit
1	3.345358502601187e+003	3.388441561392024e+003
2	7.004119503942674e+002	7.079457843841381e+002
6	3.264249514952577e+002	3.311311214825911e+002
29	3.145469207121903e+002	3.162277660168379e+002
233	2.739586856894063e+002	2.754228703338166e+002
237	1.994951938882892e+002	1.995262314968879e+002
242	1.942290506075748e+002	1.949844599758046e+002
339	1.479002989273857e+002	1.479108388168207e+002
501	1.376673356337762e+002	1.380384264602885e+002
512	8.060753175204260e+001	8.128305161640991e+001
654	6.401171088025133e+001	6.456542290346556e+001
680	6.243728468834960e+001	6.309573444801933e+001
906	5.935428781889441e+001	6.025595860743578e+001
946	5.688875236415831e+001	5.754399373371570e+001
979	4.775093745335511e+001	4.786300923226383e+001
1027	4.437604370801188e+001	4.466835921509630e+001
1082	4.012931148036447e+001	4.073802778041128e+001
1159	3.541438990589480e+001	3.548133892335755e+001
1181	2.877083837466918e+001	2.884031503126606e+001
1250	2.549345060754891e+001	2.570395782768863e+001
1334	2.256978819824109e+001	2.290867652767774e+001
1425	1.769393068135288e+001	1.778279410038923e+001
1451	1.078437717332793e+001	1.096478196143185e+001
1464	6.592863528321364e+000	6.606934480075959e+000
1804	6.167173915460960e+000	6.309573444801933e+000
1849	4.264985152073840e+000	4.265795188015927e+000
1978	3.858697765331419e+000	3.890451449942806e+000
1996	3.483989164129365e+000	3.548133892335755e+000
2085	3.143861963761049e+000	3.162277660168379e+000
2186	2.790253673972410e+000	2.818382931264454e+000
2221	2.231124946401406e+000	2.238721138568339e+000
2268	2.095225077455547e+000	2.137962089502232e+000
2272	1.800745731555549e+000	1.819700858609983e+000
2413	1.535794926655368e+000	1.548816618912481e+000
2431	1.368925850549048e+000	1.380384264602885e+000
2503	9.928983578985101e-001	1.000000000000000e+000
2549	5.553826071773063e-001	5.623413251903491e-001
2777	5.439093259444328e-001	5.495408738576245e-001
2886	5.152488448590055e-001	5.248074602497725e-001
3005	5.111922563859904e-001	5.128613839913648e-001
3055	4.314119940100015e-001	4.365158322401660e-001
3180	4.191858636341964e-001	4.265795188015927e-001
3207	4.025704898513048e-001	4.073802778041127e-001
3217	3.637462011931270e-001	3.715352290971726e-001
3221	3.270999949407720e-001	3.311311214825911e-001
3222	2.187943521735914e-001	2.238721138568340e-001
3241	2.165924130457293e-001	2.187761623949552e-001
3320	1.892822468363127e-001	1.905460717963247e-001
3356	1.766840116981239e-001	1.778279410038923e-001
3358	1.655953520557763e-001	1.659586907437561e-001
3364	1.492584714558373e-001	1.513561248436208e-001
3384	1.468794063537388e-001	1.479108388168208e-001
3392	9.971183812106621e-002	1.000000000000000e-001
3423	8.855493120024816e-002	8.912509381337455e-002
3441	8.448775408928444e-002	8.511380382023763e-002
3573	7.104281047642391e-002	7.244359600749903e-002
3578	7.061054521289978e-002	7.079457843841380e-002
3613	6.803448826476077e-002	6.918309709189366e-002
3670	5.444738369026858e-002	5.495408738576246e-002
3689	5.105493364256863e-002	5.128613839913648e-002
3707	4.844227684501523e-002	4.897788193684461e-002
3738	3.924448058635699e-002	3.981071705534973e-002
3746	3.857887447180419e-002	3.890451449942807e-002
3800	3.674690914293721e-002	3.715352290971726e-002
3822	3.249543490000062e-002	3.311311214825911e-002
3826	3.191548784257736e-002	3.235936569296283e-002
3839	3.009773842919439e-002	3.019951720402016e-002
3851	2.856753338012419e-002	2.884031503126606e-002
3862	2.745114998606080e-002	2.754228703338166e-002
3872	2.628743202918604e-002	2.630267991895382e-002
3877	2.484612263118791e-002	2.511886431509579e-002
3885	1.752900406213542e-002	1.778279410038923e-002
3900	1.729422047354745e-002	1.737800828749376e-002
3903	1.530211411931892e-002	1.548816618912481e-002
3909	1.462752787567523e-002	1.479108388168207e-002
3933	1.437770515931014e-002	1.445439770745927e-002
3948	1.387640256877754e-002	1.412537544622754e-002
3972	1.285079060607297e-002	1.288249551693134e-002
3984	1.246066718557959e-002	1.258925411794168e-002
4002	1.229754751229051e-002	1.230268770812382e-002
4081	1.173572960768254e-002	1.174897554939530e-002
4091	1.145677800360689e-002	1.148153621496883e-002
4119	1.119838067802492e-002	1.122018454301964e-002
4125	9.603229386665579e-003	9.772372209558112e-003
4138	9.498638697707285e-003	9.549925860214359e-003
4147	8.761680358058910e-003	8.912509381337459e-003
4159	8.615626747114136e-003	8.709635899560805e-003
4180	8.445247764221175e-003	8.511380382023768e-003
4196	8.298854643775111e-003	8.317637711026709e-003
4203	8.040150586310468e-003	8.128305161640995e-003
4225	7.937930064573884e-003	7.943282347242814e-003
4232	7.732967657993584e-003	7.762471166286920e-003
4257	6.196352180002140e-003	6.309573444801930e-003
4260	6.073509804721988e-003	6.165950018614822e-003
4272	5.663528510906235e-003	5.754399373371567e-003
4307	5.562233908325776e-003	5.623413251903491e-003
4339	5.233415261195473e-003	5.248074602497728e-003
4343	4.834572352868771e-003	4.897788193684461e-003
4352	4.733428620606217e-003	4.786300923226385e-003
4365	4.635357369682569e-003	4.677351412871981e-003
4392	4.519722756233247e-003	4.570881896148752e-003
4400	4.326397516105307e-003	4.365158322401661e-003
4420	4.156321181766010e-003	4.168693834703355e-003
4439	3.826171100141163e-003	3.890451449942805e-003
4450	3.616962515148425e-003	3.630780547701014e-003
4507	3.508810095387838e-003	3.548133892335753e-003
4520	3.433564761867625e-003	3.467368504525317e-003
4545	3.321464439732358e-003	3.388441561392024e-003
4550	3.291668254641222e-003	3.311311214825911e-003
4562	3.229154966987835e-003	3.235936569296281e-003
4565	3.156028981903813e-003	3.162277660168379e-003
4566	3.076493505842270e-003	3.090295432513592e-003
4587	2.909782296621533e-003	2.951209226666387e-003
4601	2.872575999094740e-003	2.884031503126606e-003
4631	2.787539585226817e-003	2.818382931264455e-003
4635	2.751019804519417e-003	2.754228703338166e-003
4655	2.686263975767989e-003	2.691534803926917e-003
4674	2.569075881289296e-003	2.570395782768865e-003
4717	2.510938991990952e-003	2.511886431509579e-003
4730	2.383925052204861e-003	2.398832919019490e-003
4761	2.315791873835127e-003	2.344228815319923e-003
4769	2.274581965101774e-003	2.290867652767772e-003
4799	2.221714625171734e-003	2.238721138568340e-003
4800	2.169190492010031e-003	2.187761623949552e-003
4821	2.133197939647724e-003	2.137962089502233e-003
4828	2.084651542340499e-003	2.089296130854039e-003
4854	2.000546642010659e-003	2.041737944669530e-003
4864	1.982459770852985e-003	1.995262314968879e-003
4882	1.867718204750957e-003	1.905460717963246e-003
4893	1.842480851337647e-003	1.862087136662868e-003
4929	1.810728382473203e-003	1.819700858609983e-003
4956	1.772751129510919e-003	1.778279410038923e-003
4962	1.720315576080100e-003	1.737800828749376e-003
4967	1.697007872881295e-003	1.698243652461744e-003
4968	1.646106192862762e-003	1.659586907437561e-003
4975	1.613731967991638e-003	1.621810097358930e-003
5003	1.550582924401800e-003	1.584893192461114e-003
5019	1.545871710225022e-003	1.548816618912481e-003
5028	1.479846281524866e-003	1.513561248436209e-003
5031	1.477108001471716e-003	1.479108388168207e-003
5048	1.425015809296326e-003	1.445439770745928e-003
5059	1.411056152126111e-003	1.412537544622754e-003
5061	1.375535307580944e-003	1.380384264602885e-003
5076	1.334476021632725e-003	1.348962882591653e-003
5089	1.316570515315307e-003	1.318256738556408e-003
5105	1.286001514832713e-003	1.288249551693134e-003
5114	1.229318998763551e-003	1.230268770812381e-003
5137	1.201865754424603e-003	1.202264434617413e-003
5160	1.170148700454510e-003	1.174897554939529e-003
5187	1.106152538556615e-003	1.122018454301963e-003
5231	1.087188041469900e-003	1.096478196143185e-003
5242	1.068833700304528e-003	1.071519305237606e-003
5278	1.040082892529104e-003	1.047128548050900e-003
5320	1.018791133113539e-003	1.023292992280754e-003
5336	9.928084946008164e-004	1.000000000000000e-003
5345	9.747835447191378e-004	9.772372209558111e-004
5365	9.504142855414344e-004	9.549925860214359e-004
5382	9.259918561121960e-004	9.332543007969915e-004
5393	9.103378743241519e-004	9.120108393559096e-004
5428	8.678457327054856e-004	8.709635899560805e-004
5442	8.398136272973478e-004	8.511380382023768e-004
5453	8.049783162172863e-004	8.128305161640995e-004
5454	7.895291413256844e-004	7.943282347242813e-004
5463	7.715970880463052e-004	7.762471166286919e-004
5477	7.565674992576765e-004	7.585775750291835e-004
5505	7.410013296181850e-004	7.413102413009177e-004
5510	7.202576984923770e-004	7.244359600749898e-004
5512	7.046421559427918e-004	7.079457843841380e-004
5539	6.827990910583948e-004	6.918309709189362e-004
5569	6.751047119230025e-004	6.760829753919819e-004
5593	6.589957802384250e-004	6.606934480075958e-004
5618	6.363026104297953e-004	6.456542290346556e-004
5638	6.298762609682207e-004	6.309573444801930e-004
5651	6.155527592118792e-004	6.165950018614822e-004
5678	6.023372774062175e-004	6.025595860743575e-004
5727	5.830514308090562e-004	5.888436553555889e-004
5738	5.692549351338228e-004	5.754399373371566e-004
5771	5.621114701117591e-004	5.623413251903491e-004
5805	5.494943500705674e-004	5.495408738576249e-004
5807	5.364740908185839e-004	5.370317963702527e-004
5843	5.239610801746064e-004	5.248074602497728e-004
5877	4.973056206607485e-004	5.011872336272725e-004
5901	4.895075578373875e-004	4.897788193684461e-004
5936	4.754906364019540e-004	4.786300923226385e-004
5954	4.666712305831933e-004	4.677351412871981e-004
5996	4.567741696679395e-004	4.570881896148752e-004
6019	4.457428718385170e-004	4.466835921509631e-004
6053	4.363254754142787e-004	4.365158322401661e-004
6093	4.264961363360520e-004	4.265795188015926e-004
6120	4.165937556649402e-004	4.168693834703355e-004
6141	4.072967788765203e-004	4.073802778041126e-004
6184	3.979810127283656e-004	3.981071705534974e-004
6227	3.884782249915508e-004	3.890451449942804e-004
6281	3.793339117756922e-004	3.801893963205612e-004
6338	3.711899197490487e-004	3.715352290971724e-004
6367	3.622831657563719e-004	3.630780547701014e-004
6410	3.542280320217861e-004	3.548133892335753e-004
6453	3.464300187003833e-004	3.467368504525317e-004
6474	3.387207044738272e-004	3.388441561392024e-004
6514	3.267080238004150e-004	3.311311214825911e-004
6536	3.235367476764894e-004	3.235936569296281e-004
6560	3.151134226752062e-004	3.162277660168379e-004
6595	3.073688377241979e-004	3.090295432513592e-004
6636	3.017616879464891e-004	3.019951720402016e-004
6680	2.945589436170737e-004	2.951209226666387e-004
6735	2.880499336790354e-004	2.884031503126606e-004
6839	2.813412893667433e-004	2.818382931264455e-004
6937	2.751599877793831e-004	2.754228703338166e-004
6991	2.688357451278156e-004	2.691534803926917e-004
7044	2.630264117944314e-004	2.630267991895381e-004
7177	2.570150719225506e-004	2.570395782768865e-004
7296	2.510710067822330e-004	2.511886431509580e-004
7337	2.453731080998001e-004	2.454708915685031e-004
7417	2.398798512128764e-004	2.398832919019490e-004
7633	2.342994159989509e-004	2.344228815319923e-004
7793	2.290488196474705e-004	2.290867652767772e-004
8160	2.235707422693078e-004	2.238721138568340e-004
8653	2.187515509490812e-004	2.187761623949552e-004
9383	2.137488131358500e-004	2.137962089502232e-004
10243	2.089023283542435e-004	2.089296130854039e-004
11022	2.041346631496133e-004	2.041737944669530e-004
13037	1.992157150458862e-004	1.995262314968879e-004
13463	1.946082130586113e-004	1.949844599758046e-004
17489	1.905455530103462e-004	1.905460717963246e-004
25530	1.860302918895718e-004	1.862087136662868e-004
25920	1.790490524132826e-004	1.819700858609983e-004
25925	1.771079552649324e-004	1.778279410038923e-004
26281	1.707078347064073e-004	1.737800828749376e-004
26375	1.698082667894729e-004	1.698243652461744e-004
39575	1.651767281416472e-004	1.659586907437562e-004
42825	1.619978333363692e-004	1.621810097358930e-004
46821	1.577388428416482e-004	1.584893192461114e-004
51805	1.547808482246227e-004	1.548816618912481e-004
77894	1.513435932360974e-004	1.513561248436209e-004
84089	1.478570999476903e-004	1.479108388168207e-004
113679	1.445206581560665e-004	1.445439770745928e-004
139547	1.402852630464357e-004	1.412537544622754e-004
188921	1.380308621429238e-004	1.380384264602885e-004
306866	1.347954542407770e-004	1.348962882591653e-004
396099	1.312550872814011e-004	1.318256738556407e-004
487394	1.284723532901655e-004	1.288249551693134e-004
717337	1.256211612861158e-004	1.258925411794167e-004
985099	1.229780743264852e-004	1.230268770812381e-004
1000001	1.228712667737941e-004	1.230268770812381e-004
%
% index = 2172, name = bbob_f020_i07_d10__bbob_f020_i08_d10
% instance = 3, reference value = 9.997583301101870e-001
% function evaluation | indicator value | target hit
1	8.383337176774130e+003	8.511380382023768e+003
2	1.565489918010956e+003	1.584893192461114e+003
6	6.807363351458920e+002	6.918309709189363e+002
29	5.555766360919278e+002	5.623413251903490e+002
233	4.701580762635363e+002	4.786300923226385e+002
237	3.886224687553424e+002	3.890451449942805e+002
391	3.738727849527995e+002	3.801893963205613e+002
473	3.293648574233305e+002	3.311311214825911e+002
494	3.201456433031177e+002	3.235936569296281e+002
512	2.740224381235756e+002	2.754228703338166e+002
604	1.791997091987616e+002	1.819700858609982e+002
832	9.166435028899386e+001	9.332543007969910e+001
1012	8.503587207853001e+001	8.511380382023764e+001
1245	6.777541282679619e+001	6.918309709189366e+001
1290	6.318029050171087e+001	6.456542290346556e+001
1331	4.636646328166837e+001	4.677351412871981e+001
1409	4.205497528723539e+001	4.265795188015925e+001
1462	3.960655008688786e+001	3.981071705534973e+001
1534	2.897492857521991e+001	2.951209226666386e+001
1573	1.977687166191507e+001	1.995262314968880e+001
1822	1.730032865597348e+001	1.737800828749375e+001
1911	1.610720696400858e+001	1.621810097358930e+001
2064	1.123807503758802e+001	1.148153621496883e+001
2075	6.608405246288912e+000	6.760829753919817e+000
2083	5.111366554375894e+000	5.128613839913649e+000
2181	4.743969263640637e+000	4.786300923226384e+000
2228	2.961315048059169e+000	3.019951720402016e+000
2512	2.688010257129498e+000	2.691534803926916e+000
2535	2.501000764565809e+000	2.511886431509580e+000
2574	2.368296729637933e+000	2.398832919019490e+000
2615	2.245378973517786e+000	2.290867652767773e+000
2657	1.420360908245187e+000	1.445439770745927e+000
2734	1.101729839159187e+000	1.122018454301963e+000
2919	7.350627554682285e-001	7.413102413009175e-001
3157	7.230825416782049e-001	7.244359600749900e-001
3216	6.601000738183249e-001	6.606934480075960e-001
3218	6.132076890423082e-001	6.165950018614822e-001
3230	5.074205832750693e-001	5.128613839913648e-001
3351	4.803795541963462e-001	4.897788193684462e-001
3359	4.477554712561500e-001	4.570881896148750e-001
3384	4.188564656080458e-001	4.265795188015927e-001
3416	3.995335970693452e-001	4.073802778041127e-001
3418	3.804973409781859e-001	3.890451449942806e-001
3443	2.321258991261974e-001	2.344228815319922e-001
3450	2.269398756514004e-001	2.290867652767773e-001
3475	2.192657920724467e-001	2.238721138568340e-001
3543	2.134546193916407e-001	2.137962089502232e-001
3578	2.047610927491720e-001	2.089296130854039e-001
3582	2.030032403604910e-001	2.041737944669530e-001
3597	1.732849345761723e-001	1.737800828749375e-001
3637	1.671713505369599e-001	1.698243652461744e-001
3639	1.656453399125102e-001	1.659586907437561e-001
3654	1.383790320407451e-001	1.412537544622755e-001
3668	9.471261506599260e-002	9.549925860214359e-002
3716	8.766459854572783e-002	8.912509381337455e-002
3737	8.605804012647400e-002	8.709635899560805e-002
3739	8.003214558644256e-002	8.128305161640990e-002
3754	7.250489530750182e-002	7.413102413009177e-002
3767	5.637933569202325e-002	5.754399373371569e-002
3796	3.379832885311995e-002	3.388441561392026e-002
3798	2.239316462770002e-002	2.290867652767774e-002
3855	2.028277990292926e-002	2.041737944669530e-002
3856	1.790844183596219e-002	1.819700858609984e-002
3952	1.696367214180405e-002	1.698243652461744e-002
3971	1.485313504443298e-002	1.513561248436208e-002
4026	8.954056729652549e-003	9.120108393559097e-003
4054	8.651227023665831e-003	8.709635899560805e-003
4062	7.363924823290513e-003	7.413102413009177e-003
4122	7.135152214250540e-003	7.244359600749898e-003
4127	7.003149229797834e-003	7.079457843841380e-003
4137	6.854044005691451e-003	6.918309709189363e-003
4182	6.592818687893742e-003	6.606934480075957e-003
4184	5.794032878152389e-003	5.888436553555890e-003
4206	5.029377591009632e-003	5.128613839913648e-003
4212	5.008756803598025e-003	5.011872336272725e-003
4248	3.564086191366389e-003	3.630780547701014e-003
4250	3.447136928675820e-003	3.467368504525317e-003
4252	2.908715243768456e-003	2.951209226666387e-003
4269	2.881849321206276e-003	2.884031503126606e-003
4289	2.704910006794403e-003	2.754228703338166e-003
4333	2.655422490762338e-003	2.691534803926917e-003
4353	1.726604574994295e-003	1.737800828749376e-003
4370	1.687697555002532e-003	1.698243652461744e-003
4418	1.588105243124915e-003	1.621810097358930e-003
4441	1.513517499242778e-003	1.513561248436209e-003
4463	1.475666546689514e-003	1.479108388168207e-003
4498	1.402865266034281e-003	1.412537544622754e-003
4527	1.360974674927462e-003	1.380384264602885e-003
4530	1.340220711174345e-003	1.348962882591653e-003
4539	1.282946667369944e-003	1.288249551693134e-003
4551	1.256214827554891e-003	1.258925411794168e-003
4558	1.163612423595750e-003	1.174897554939529e-003
4592	9.699778258199787e-004	9.772372209558111e-004
4651	9.355018027138451e-004	9.549925860214359e-004
4674	9.275836948099414e-004	9.332543007969915e-004
4717	8.777617308151076e-004	8.912509381337459e-004
4748	8.709281556918969e-004	8.709635899560805e-004
4798	7.753268502819211e-004	7.762471166286919e-004
4837	7.401201844080552e-004	7.413102413009177e-004
4862	6.856291014478710e-004	6.918309709189362e-004
4865	6.680925277444683e-004	6.760829753919819e-004
4933	6.564429821475093e-004	6.606934480075958e-004
4961	6.206228061829133e-004	6.309573444801930e-004
4976	6.104422900778950e-004	6.165950018614822e-004
5002	5.966898487347327e-004	6.025595860743575e-004
5050	5.772311865499535e-004	5.888436553555889e-004
5088	5.722864281799689e-004	5.754399373371566e-004
5103	5.166407050348765e-004	5.248074602497728e-004
5110	5.126183767342196e-004	5.128613839913648e-004
5114	4.999248100616693e-004	5.011872336272725e-004
5145	4.784791049251558e-004	4.786300923226385e-004
5185	4.660048629970826e-004	4.677351412871981e-004
5210	4.547422685172720e-004	4.570881896148752e-004
5259	4.298438875365296e-004	4.365158322401661e-004
5268	4.226191009814029e-004	4.265795188015926e-004
5287	4.133249434132846e-004	4.168693834703355e-004
5305	3.929310719542611e-004	3.981071705534974e-004
5308	3.818044362454698e-004	3.890451449942804e-004
5332	3.682553522782461e-004	3.715352290971724e-004
5352	3.578886808182080e-004	3.630780547701014e-004
5354	3.490046767946620e-004	3.548133892335753e-004
5363	3.420148403402434e-004	3.467368504525317e-004
5375	3.369728162714303e-004	3.388441561392024e-004
5380	3.302436153026500e-004	3.311311214825911e-004
5390	3.200401854407398e-004	3.235936569296281e-004
5417	3.127845532254758e-004	3.162277660168379e-004
5430	3.075343526707242e-004	3.090295432513592e-004
5566	2.964729591906634e-004	3.019951720402016e-004
5569	2.780163458796503e-004	2.818382931264455e-004
5609	2.727382399523304e-004	2.754228703338166e-004
5614	2.644361626282787e-004	2.691534803926917e-004
5623	2.626812560337921e-004	2.630267991895381e-004
5675	2.568459260101630e-004	2.570395782768865e-004
5707	2.488788553794974e-004	2.511886431509580e-004
5768	2.439523349943018e-004	2.454708915685031e-004
5803	2.369495104149744e-004	2.398832919019490e-004
5818	2.325931231783596e-004	2.344228815319923e-004
5917	2.290103441726643e-004	2.290867652767772e-004
5919	2.217943891326124e-004	2.238721138568340e-004
5957	2.179830265306437e-004	2.187761623949552e-004
6003	2.126024220198142e-004	2.137962089502232e-004
6043	2.089071189941283e-004	2.089296130854039e-004
6127	2.041042657650038e-004	2.041737944669530e-004
6178	1.989675833048432e-004	1.995262314968879e-004
6264	1.941259431589293e-004	1.949844599758046e-004
6405	1.889224518536459e-004	1.905460717963246e-004
6449	1.853800330021693e-004	1.862087136662868e-004
6589	1.817640028596301e-004	1.819700858609983e-004
6694	1.775423374466012e-004	1.778279410038923e-004
6818	1.736632024301743e-004	1.737800828749376e-004
6903	1.696762553384801e-004	1.698243652461744e-004
7000	1.657917354068728e-004	1.659586907437562e-004
7170	1.621445351910333e-004	1.621810097358930e-004
7385	1.583589883527026e-004	1.584893192461114e-004
7732	1.548573827666600e-004	1.548816618912481e-004
8515	1.513481107306980e-004	1.513561248436209e-004
11348	1.479086077939007e-004	1.479108388168207e-004
968497	1.445436891540641e-004	1.445439770745928e-004
1000001	1.445319989028526e-004	1.445439770745928e-004
%
% index = 2173, name = bbob_f020_i09_d10__bbob_f020_i10_d10
% instance = 4, reference value = 9.980869490838420e-001
% function evaluation | indicator value | target hit
1	7.040092914626147e+003	7.079457843841380e+003
2	1.212798024285941e+003	1.230268770812381e+003
6	6.356533809136178e+002	6.456542290346556e+002
29	6.050878597810377e+002	6.165950018614822e+002
234	5.247074723931527e+002	5.248074602497728e+002
237	2.854852444776427e+002	2.884031503126606e+002
383	2.060669568892672e+002	2.089296130854039e+002
558	1.975612251934535e+002	1.995262314968879e+002
662	1.527377222408590e+002	1.548816618912481e+002
866	1.387394155910537e+002	1.412537544622754e+002
917	1.109255180240558e+002	1.122018454301963e+002
1056	1.027792196906457e+002	1.047128548050900e+002
1102	9.816980345923315e+001	1.000000000000000e+002
1132	5.214945414161434e+001	5.248074602497726e+001
1313	2.850411640340792e+001	2.884031503126606e+001
1403	2.708790117498828e+001	2.754228703338166e+001
1422	2.463270701792629e+001	2.511886431509580e+001
1481	2.338184144550060e+001	2.344228815319923e+001
1572	2.161851037791042e+001	2.187761623949553e+001
1575	1.651691759803596e+001	1.659586907437561e+001
1649	1.371143566583199e+001	1.380384264602885e+001
1764	1.135201982469767e+001	1.148153621496883e+001
1955	1.053543332614733e+001	1.071519305237607e+001
1985	9.539295360806163e+000	9.549925860214358e+000
2037	7.418510981533879e+000	7.585775750291838e+000
2061	2.813131633534884e+000	2.818382931264454e+000
2170	1.098605326834342e+000	1.122018454301963e+000
2452	9.959624472181330e-001	1.000000000000000e+000
2762	7.765643490825340e-001	7.943282347242815e-001
2763	7.045319322789400e-001	7.079457843841379e-001
2820	4.605784549947568e-001	4.677351412871982e-001
2942	4.007303367453377e-001	4.073802778041127e-001
3048	3.924404944390835e-001	3.981071705534973e-001
3066	3.811517289634998e-001	3.890451449942806e-001
3187	2.459732046182613e-001	2.511886431509580e-001
3307	2.165608952980206e-001	2.187761623949552e-001
3317	1.893368996989251e-001	1.905460717963247e-001
3324	1.748274355683682e-001	1.778279410038923e-001
3326	1.617603193915979e-001	1.621810097358930e-001
3357	1.530543733542747e-001	1.548816618912481e-001
3359	1.125232222396012e-001	1.148153621496883e-001
3400	1.054478810274471e-001	1.071519305237607e-001
3454	9.891714770202875e-002	1.000000000000000e-001
3487	9.294112270692845e-002	9.332543007969910e-002
3515	8.618262014034295e-002	8.709635899560805e-002
3579	8.156425994488936e-002	8.317637711026708e-002
3592	7.844144528724173e-002	7.943282347242814e-002
3610	7.608384949066394e-002	7.762471166286916e-002
3613	7.517106950723995e-002	7.585775750291836e-002
3646	6.544808046413253e-002	6.606934480075961e-002
3697	6.151037502033452e-002	6.165950018614822e-002
3707	5.577278391881047e-002	5.623413251903491e-002
3762	4.783376119225880e-002	4.786300923226383e-002
3766	4.608467021582485e-002	4.677351412871982e-002
3784	4.370921009270989e-002	4.466835921509630e-002
3792	4.192479769428037e-002	4.265795188015926e-002
3797	4.110609763973627e-002	4.168693834703355e-002
3825	4.041643124962457e-002	4.073802778041128e-002
3839	3.682120926022359e-002	3.715352290971726e-002
3841	3.441926757904579e-002	3.467368504525317e-002
3851	3.225933101893330e-002	3.235936569296283e-002
3855	2.841557251308058e-002	2.884031503126606e-002
3937	2.743107965231595e-002	2.754228703338166e-002
3950	2.680070198967177e-002	2.691534803926915e-002
3969	2.541785780208694e-002	2.570395782768863e-002
3984	2.105943371127961e-002	2.137962089502233e-002
3986	2.052699785852474e-002	2.089296130854040e-002
3999	2.015262161721709e-002	2.041737944669530e-002
4018	1.966163040435920e-002	1.995262314968880e-002
4025	1.840051731968051e-002	1.862087136662868e-002
4033	1.813781145796123e-002	1.819700858609984e-002
4084	1.716642895745091e-002	1.737800828749376e-002
4086	1.658846841533435e-002	1.659586907437561e-002
4092	1.233703369227424e-002	1.258925411794168e-002
4106	1.222119681027534e-002	1.230268770812382e-002
4167	1.173355198840720e-002	1.174897554939530e-002
4169	1.142362927685769e-002	1.148153621496883e-002
4172	1.087455509964641e-002	1.096478196143185e-002
4216	1.065799993075478e-002	1.071519305237607e-002
4272	1.041857060005269e-002	1.047128548050900e-002
4302	1.005298435069613e-002	1.023292992280754e-002
4347	9.282280806001353e-003	9.332543007969915e-003
4352	9.041078566746630e-003	9.120108393559097e-003
4356	8.314353683307019e-003	8.317637711026709e-003
4392	7.474610712774665e-003	7.585775750291836e-003
4396	7.353120532884505e-003	7.413102413009177e-003
4410	6.787548337170768e-003	6.918309709189363e-003
4425	5.938260248656180e-003	6.025595860743574e-003
4430	5.888113144152829e-003	5.888436553555890e-003
4441	5.682046134873331e-003	5.754399373371567e-003
4454	5.577658357597604e-003	5.623413251903491e-003
4470	5.480305204338065e-003	5.495408738576248e-003
4510	5.354427600241185e-003	5.370317963702527e-003
4522	4.540981274576472e-003	4.570881896148752e-003
4526	4.446421388079158e-003	4.466835921509631e-003
4592	4.271468884263663e-003	4.365158322401661e-003
4596	4.196966122584245e-003	4.265795188015926e-003
4608	4.138762681472730e-003	4.168693834703355e-003
4618	4.016060767031204e-003	4.073802778041126e-003
4665	3.951843741177186e-003	3.981071705534973e-003
4673	3.768166907305970e-003	3.801893963205613e-003
4680	3.686584613389887e-003	3.715352290971724e-003
4697	3.585675638112740e-003	3.630780547701014e-003
4722	3.535356570019688e-003	3.548133892335753e-003
4732	3.462156157675755e-003	3.467368504525317e-003
4750	3.323015965378984e-003	3.388441561392024e-003
4789	3.308786223780946e-003	3.311311214825911e-003
4813	3.231022386183113e-003	3.235936569296281e-003
4819	3.078629557114687e-003	3.090295432513592e-003
4841	2.952295488085399e-003	3.019951720402016e-003
4846	2.868444971059425e-003	2.884031503126606e-003
4862	2.804437471394916e-003	2.818382931264455e-003
4883	2.741479685129722e-003	2.754228703338166e-003
4894	2.670585554193972e-003	2.691534803926917e-003
4897	2.619612487737233e-003	2.630267991895381e-003
4933	2.569990891962526e-003	2.570395782768865e-003
4969	2.452053918750252e-003	2.454708915685031e-003
5006	2.327644558249076e-003	2.344228815319923e-003
5046	2.241969756026530e-003	2.290867652767772e-003
5058	2.232334829298299e-003	2.238721138568340e-003
5089	2.173382604174767e-003	2.187761623949552e-003
5150	2.048898711008662e-003	2.089296130854039e-003
5155	2.038465307338644e-003	2.041737944669530e-003
5169	1.983191475088852e-003	1.995262314968879e-003
5197	1.900788998235981e-003	1.905460717963246e-003
5244	1.852750907707534e-003	1.862087136662868e-003
5264	1.793912870366565e-003	1.819700858609983e-003
5286	1.767513348847727e-003	1.778279410038923e-003
5306	1.737707577121550e-003	1.737800828749376e-003
5332	1.679283164397805e-003	1.698243652461744e-003
5363	1.574441960188411e-003	1.584893192461114e-003
5399	1.540491961138035e-003	1.548816618912481e-003
5435	1.509441682777113e-003	1.513561248436209e-003
5439	1.445742754237811e-003	1.479108388168207e-003
5454	1.412076985981114e-003	1.412537544622754e-003
5494	1.378188044844353e-003	1.380384264602885e-003
5495	1.343769790076888e-003	1.348962882591653e-003
5532	1.316049023615040e-003	1.318256738556408e-003
5538	1.283585176585222e-003	1.288249551693134e-003
5555	1.258164203442491e-003	1.258925411794168e-003
5586	1.215677504859958e-003	1.230268770812381e-003
5592	1.193352326569364e-003	1.202264434617413e-003
5612	1.126122661300300e-003	1.148153621496883e-003
5637	1.116104330772250e-003	1.122018454301963e-003
5641	1.094174002066350e-003	1.096478196143185e-003
5671	1.064606635703180e-003	1.071519305237606e-003
5678	1.029382699076709e-003	1.047128548050900e-003
5709	1.010841653471872e-003	1.023292992280754e-003
5716	9.843351048207660e-004	1.000000000000000e-003
5724	9.739852954481210e-004	9.772372209558111e-004
5738	9.439775897520653e-004	9.549925860214359e-004
5742	9.310310074512884e-004	9.332543007969915e-004
5771	9.059175464194436e-004	9.120108393559096e-004
5842	8.596617721345901e-004	8.709635899560805e-004
5887	8.463728455333497e-004	8.511380382023768e-004
5930	8.316050254175700e-004	8.317637711026709e-004
5936	8.068340058344781e-004	8.128305161640995e-004
5947	7.803636943897185e-004	7.943282347242813e-004
5956	7.748836828159744e-004	7.762471166286919e-004
6021	7.514556380366910e-004	7.585775750291835e-004
6036	7.403141318754747e-004	7.413102413009177e-004
6069	7.220064602621035e-004	7.244359600749898e-004
6110	6.941007662121246e-004	7.079457843841380e-004
6118	6.898741234827588e-004	6.918309709189362e-004
6157	6.755461059840817e-004	6.760829753919819e-004
6179	6.541236079894430e-004	6.606934480075958e-004
6189	6.456437434371187e-004	6.456542290346556e-004
6225	6.287432031986118e-004	6.309573444801930e-004
6263	6.162428104982132e-004	6.165950018614822e-004
6277	6.008476524033135e-004	6.025595860743575e-004
6302	5.881334843516051e-004	5.888436553555889e-004
6373	5.703412747044556e-004	5.754399373371566e-004
6374	5.619874259582547e-004	5.623413251903491e-004
6380	5.450478499445799e-004	5.495408738576249e-004
6411	5.269107160881248e-004	5.370317963702527e-004
6437	5.245409460726824e-004	5.248074602497728e-004
6501	5.119950628416081e-004	5.128613839913648e-004
6536	4.934402218689238e-004	5.011872336272725e-004
6551	4.844113467931122e-004	4.897788193684461e-004
6554	4.765844875573855e-004	4.786300923226385e-004
6589	4.673681846317779e-004	4.677351412871981e-004
6727	4.566267860146578e-004	4.570881896148752e-004
6795	4.446143200572683e-004	4.466835921509631e-004
6867	4.362344632292681e-004	4.365158322401661e-004
6967	4.248532706333519e-004	4.265795188015926e-004
6988	4.113360960834589e-004	4.168693834703355e-004
6993	4.026039889197808e-004	4.073802778041126e-004
7015	3.976670078399414e-004	3.981071705534974e-004
7134	3.880190542847606e-004	3.890451449942804e-004
7182	3.759982644235826e-004	3.801893963205612e-004
7217	3.710568854998764e-004	3.715352290971724e-004
7231	3.593869647721126e-004	3.630780547701014e-004
7300	3.533415586702837e-004	3.548133892335753e-004
7327	3.413731079890958e-004	3.467368504525317e-004
7343	3.367534626005364e-004	3.388441561392024e-004
7368	3.305876752919268e-004	3.311311214825911e-004
7403	3.232234829418923e-004	3.235936569296281e-004
7424	3.158308959139156e-004	3.162277660168379e-004
7448	3.080648479969472e-004	3.090295432513592e-004
7482	2.984032358486211e-004	3.019951720402016e-004
7517	2.943091025042754e-004	2.951209226666387e-004
7544	2.883719051772760e-004	2.884031503126606e-004
7577	2.803563076374527e-004	2.818382931264455e-004
7588	2.747055383117703e-004	2.754228703338166e-004
7622	2.691247989446977e-004	2.691534803926917e-004
7653	2.629682096068065e-004	2.630267991895381e-004
7697	2.569096991369424e-004	2.570395782768865e-004
7718	2.510267564264090e-004	2.511886431509580e-004
7747	2.453634246811776e-004	2.454708915685031e-004
7780	2.395279333771150e-004	2.398832919019490e-004
7800	2.340079207737711e-004	2.344228815319923e-004
7857	2.288219922605972e-004	2.290867652767772e-004
7921	2.232731530691368e-004	2.238721138568340e-004
7965	2.185515557426854e-004	2.187761623949552e-004
8004	2.136680313253869e-004	2.137962089502232e-004
8056	2.087299637375528e-004	2.089296130854039e-004
8120	2.040541454338962e-004	2.041737944669530e-004
8152	1.993708084003787e-004	1.995262314968879e-004
8232	1.949005575584417e-004	1.949844599758046e-004
8306	1.904873739512203e-004	1.905460717963246e-004
8389	1.859399608417078e-004	1.862087136662868e-004
8500	1.819302423092806e-004	1.819700858609983e-004
8666	1.778246354517954e-004	1.778279410038923e-004
8897	1.733623491756431e-004	1.737800828749376e-004
9217	1.697685409978167e-004	1.698243652461744e-004
9780	1.659566303636728e-004	1.659586907437562e-004
10843	1.620451812202051e-004	1.621810097358930e-004
12308	1.584883133667336e-004	1.584893192461114e-004
16219	1.548680722592843e-004	1.548816618912481e-004
22285	1.513556095960045e-004	1.513561248436209e-004
61713	1.479104164557876e-004	1.479108388168207e-004
269924	1.445439636404977e-004	1.445439770745928e-004
1000001	1.430410288537631e-004	1.445439770745928e-004
%
% index = 2174, name = bbob_f020_i11_d10__bbob_f020_i12_d10
% instance = 5, reference value = 9.999645066880860e-001
% function evaluation | indicator value | target hit
1	1.048461346373856e+004	1.071519305237607e+004
2	2.217882256658139e+003	2.238721138568340e+003
4	1.640862353803269e+003	1.659586907437561e+003
17	1.023169501547303e+003	1.023292992280754e+003
182	9.362999849386317e+002	9.549925860214360e+002
275	7.757535758154369e+002	7.762471166286920e+002
276	6.487587464113732e+002	6.606934480075958e+002
313	5.813875240354906e+002	5.888436553555890e+002
390	5.382290841195538e+002	5.495408738576248e+002
410	4.532354035364796e+002	4.570881896148752e+002
474	3.728902935793897e+002	3.801893963205613e+002
491	3.248459283356035e+002	3.311311214825911e+002
593	2.879135409535673e+002	2.884031503126606e+002
679	2.518424223082606e+002	2.570395782768865e+002
715	1.549590367098278e+002	1.584893192461114e+002
908	1.478648953429431e+002	1.479108388168207e+002
936	1.435112547681839e+002	1.445439770745928e+002
978	9.633298514496704e+001	9.772372209558107e+001
1259	8.083517690573348e+001	8.128305161640991e+001
1271	7.347797698391096e+001	7.413102413009177e+001
1335	3.210406178562395e+001	3.235936569296283e+001
1862	1.923295920532659e+001	1.949844599758045e+001
1998	1.023446327502381e+001	1.047128548050900e+001
2143	9.463176454967632e+000	9.549925860214358e+000
2310	5.684461790222310e+000	5.754399373371570e+000
2387	4.775321740900737e+000	4.786300923226384e+000
2495	3.496648856370863e+000	3.548133892335755e+000
2717	3.062100555848149e+000	3.090295432513591e+000
2729	2.174613315254541e+000	2.187761623949553e+000
2758	1.679352419641196e+000	1.698243652461744e+000
2896	1.285065322112795e+000	1.288249551693134e+000
2976	8.667784795601665e-001	8.709635899560806e-001
3024	7.100571769151381e-001	7.244359600749900e-001
3105	5.953728106434542e-001	6.025595860743578e-001
3230	5.631033061230852e-001	5.754399373371569e-001
3331	3.263063300129312e-001	3.311311214825911e-001
3387	3.188808303222492e-001	3.235936569296283e-001
3529	3.119375287603677e-001	3.162277660168379e-001
3552	2.789297717974755e-001	2.818382931264454e-001
3559	2.304926676035868e-001	2.344228815319922e-001
3604	2.285529137197071e-001	2.290867652767773e-001
3648	2.160307821035910e-001	2.187761623949552e-001
3696	2.020928923775327e-001	2.041737944669530e-001
3704	1.854127611644386e-001	1.862087136662868e-001
3709	1.766706508406623e-001	1.778279410038923e-001
3737	1.246439001231626e-001	1.258925411794167e-001
3739	1.227574531949122e-001	1.230268770812382e-001
3784	1.055954870039854e-001	1.071519305237607e-001
3799	9.215835949279472e-002	9.332543007969910e-002
3840	8.682056373739677e-002	8.709635899560805e-002
3844	8.507556638506642e-002	8.511380382023763e-002
3849	7.263617749786344e-002	7.413102413009177e-002
3863	7.212584544464651e-002	7.244359600749903e-002
3878	6.813160989006795e-002	6.918309709189366e-002
3886	6.583771206497668e-002	6.606934480075961e-002
3898	6.347016583957243e-002	6.456542290346556e-002
3909	5.363673202636332e-002	5.370317963702527e-002
3943	5.222980732624483e-002	5.248074602497726e-002
3944	4.963672143686870e-002	5.011872336272722e-002
3950	3.407000906564117e-002	3.467368504525317e-002
3969	3.363305361263869e-002	3.388441561392026e-002
3973	2.302633136963617e-002	2.344228815319923e-002
4004	1.651943143043799e-002	1.659586907437561e-002
4053	9.706675830460476e-003	9.772372209558112e-003
4068	5.993803213522497e-003	6.025595860743574e-003
4104	5.510103861080640e-003	5.623413251903491e-003
4161	5.409879541299678e-003	5.495408738576248e-003
4175	5.125662824790878e-003	5.128613839913648e-003
4196	4.744030348177830e-003	4.786300923226385e-003
4253	4.667174596985069e-003	4.677351412871981e-003
4256	2.999753281718864e-003	3.019951720402016e-003
4454	2.566164188001374e-003	2.570395782768865e-003
4487	2.395542543713214e-003	2.398832919019490e-003
4491	2.316648036375102e-003	2.344228815319923e-003
4522	1.674689965381448e-003	1.698243652461744e-003
4527	1.600021017062581e-003	1.621810097358930e-003
4556	1.305805830665530e-003	1.318256738556408e-003
4631	1.004283921808180e-003	1.023292992280754e-003
4654	9.998357378639966e-004	1.000000000000000e-003
4662	9.216283634622124e-004	9.332543007969915e-004
4677	8.317500444285919e-004	8.317637711026709e-004
4688	4.391235444031194e-004	4.466835921509631e-004
4716	4.356224134114406e-004	4.365158322401661e-004
4790	4.205960727396985e-004	4.265795188015926e-004
4852	4.066721002083940e-004	4.073802778041126e-004
4877	3.765977120555597e-004	3.801893963205612e-004
4901	3.698327077549246e-004	3.715352290971724e-004
4913	3.609431308466693e-004	3.630780547701014e-004
4993	3.308400836875558e-004	3.311311214825911e-004
5059	3.164410684610708e-004	3.235936569296281e-004
5069	3.145693887609546e-004	3.162277660168379e-004
5155	3.060949369994015e-004	3.090295432513592e-004
5169	3.004474244686639e-004	3.019951720402016e-004
5188	2.887319065195682e-004	2.951209226666387e-004
5225	2.776242221953496e-004	2.818382931264455e-004
5262	2.729315703905444e-004	2.754228703338166e-004
5276	2.662564682286428e-004	2.691534803926917e-004
5301	2.574874017839957e-004	2.630267991895381e-004
5316	2.323396999555083e-004	2.344228815319923e-004
5384	2.283654011571157e-004	2.290867652767772e-004
5441	2.210734283629723e-004	2.238721138568340e-004
5457	2.145390350147824e-004	2.187761623949552e-004
5490	2.129901535138368e-004	2.137962089502232e-004
5573	2.031004208872256e-004	2.041737944669530e-004
5654	1.920071085563802e-004	1.949844599758046e-004
5717	1.898588085852415e-004	1.905460717963246e-004
5751	1.861614211441376e-004	1.862087136662868e-004
5886	1.798243339252714e-004	1.819700858609983e-004
5887	1.771576589123525e-004	1.778279410038923e-004
6049	1.723618927602644e-004	1.737800828749376e-004
6353	1.654989334265444e-004	1.659586907437562e-004
7100	1.621714910543526e-004	1.621810097358930e-004
16072	1.584891881541983e-004	1.584893192461114e-004
22332	1.548816532664921e-004	1.548816618912481e-004
22721	1.482077289289840e-004	1.513561248436209e-004
22779	1.419809743778977e-004	1.445439770745928e-004
22834	1.411300858481512e-004	1.412537544622754e-004
25464	1.366240045600486e-004	1.380384264602885e-004
26061	1.333053503177473e-004	1.348962882591653e-004
26864	1.299605931743830e-004	1.318256738556407e-004
30068	1.283767232594935e-004	1.288249551693134e-004
51376	1.243324635011867e-004	1.258925411794167e-004
503347	1.219120258857398e-004	1.230268770812381e-004
1000001	1.219029569107244e-004	1.230268770812381e-004
%
% index = 2175, name = bbob_f020_i13_d10__bbob_f020_i14_d10
% instance = 6, reference value = 9.993593684564600e-001
% function evaluation | indicator value | target hit
1	5.769911706145788e+003	5.888436553555890e+003
2	8.765644328644154e+002	8.912509381337459e+002
6	4.903865629741849e+002	5.011872336272725e+002
222	3.570174693704196e+002	3.630780547701014e+002
237	1.620831951053413e+002	1.621810097358930e+002
455	1.580440235888026e+002	1.584893192461114e+002
690	1.481199809117575e+002	1.513561248436209e+002
698	1.239934834441204e+002	1.258925411794168e+002
717	1.047566537924419e+002	1.071519305237606e+002
924	9.104623356650561e+001	9.120108393559097e+001
936	6.801313247175395e+001	6.918309709189366e+001
975	6.424152742228812e+001	6.456542290346556e+001
1034	6.127265757746785e+001	6.165950018614822e+001
1234	5.754756954746178e+001	5.888436553555890e+001
1242	5.444954552963132e+001	5.495408738576246e+001
1248	3.359483733704698e+001	3.388441561392025e+001
1444	3.156058384244562e+001	3.162277660168379e+001
1456	2.608851663338984e+001	2.630267991895381e+001
1506	1.697126317848469e+001	1.698243652461744e+001
1587	9.516184802129871e+000	9.549925860214358e+000
1938	7.911796156926827e+000	7.943282347242816e+000
1991	2.166353673661837e+000	2.187761623949553e+000
2195	1.517199204185228e+000	1.548816618912481e+000
2676	9.503404955820357e-001	9.549925860214360e-001
2792	8.808980617549985e-001	8.912509381337456e-001
2834	5.124934400725858e-001	5.128613839913648e-001
2861	4.256289912745687e-001	4.265795188015927e-001
2956	2.548845021949292e-001	2.570395782768864e-001
3155	2.447486196138334e-001	2.454708915685031e-001
3171	1.319316054844687e-001	1.348962882591654e-001
3256	1.288235279038313e-001	1.288249551693134e-001
3332	1.244162136483297e-001	1.258925411794167e-001
3347	9.756472042210374e-002	9.772372209558107e-002
3488	9.114906700161618e-002	9.120108393559097e-002
3490	7.933962087411761e-002	7.943282347242814e-002
3510	5.988328028800238e-002	6.025595860743578e-002
3523	5.506875746425211e-002	5.623413251903491e-002
3538	4.449578194495529e-002	4.466835921509630e-002
3556	3.961409294892559e-002	3.981071705534973e-002
3581	3.719437050939722e-002	3.801893963205612e-002
3593	3.234130564909854e-002	3.235936569296283e-002
3634	2.446352474786195e-002	2.454708915685030e-002
3637	1.975992448230723e-002	1.995262314968880e-002
3680	1.933648619607764e-002	1.949844599758046e-002
3716	1.882812241983156e-002	1.905460717963247e-002
3843	1.795197946389471e-002	1.819700858609984e-002
3854	1.617041683480558e-002	1.621810097358930e-002
3870	1.451279430524588e-002	1.479108388168207e-002
3886	1.355410339030772e-002	1.380384264602885e-002
3888	1.301188645900764e-002	1.318256738556408e-002
3893	1.273913703830931e-002	1.288249551693134e-002
3905	1.234396305923335e-002	1.258925411794168e-002
3925	1.064774851057604e-002	1.071519305237607e-002
4025	9.587837343709937e-003	9.772372209558112e-003
4035	9.517395808967155e-003	9.549925860214359e-003
4039	8.909936766134163e-003	8.912509381337459e-003
4054	8.179504975123209e-003	8.317637711026709e-003
4060	6.213668382782589e-003	6.309573444801930e-003
4089	6.138986536778024e-003	6.165950018614822e-003
4135	5.710721618229275e-003	5.754399373371567e-003
4208	5.607237004860877e-003	5.623413251903491e-003
4232	5.303399154997113e-003	5.370317963702527e-003
4268	5.159581986894701e-003	5.248074602497728e-003
4273	4.984000901763430e-003	5.011872336272725e-003
4278	4.658992441270327e-003	4.677351412871981e-003
4368	4.102756748692649e-003	4.168693834703355e-003
4387	3.733717779055734e-003	3.801893963205613e-003
4414	3.586668458983588e-003	3.630780547701014e-003
4542	3.490949249789432e-003	3.548133892335753e-003
4579	3.040103806274730e-003	3.090295432513592e-003
4586	2.934299157514531e-003	2.951209226666387e-003
4622	2.874530881717408e-003	2.884031503126606e-003
4646	2.799093581953960e-003	2.818382931264455e-003
4711	2.652445360217692e-003	2.691534803926917e-003
4720	2.624138700676348e-003	2.630267991895381e-003
4725	2.509891836242617e-003	2.511886431509579e-003
4752	2.327356577370932e-003	2.344228815319923e-003
4774	2.055264499998266e-003	2.089296130854039e-003
4812	1.985067353837078e-003	1.995262314968879e-003
4852	1.947327489456696e-003	1.949844599758046e-003
4883	1.869299608763475e-003	1.905460717963246e-003
4887	1.765792883925421e-003	1.778279410038923e-003
4896	1.715483077985525e-003	1.737800828749376e-003
4932	1.683655519446270e-003	1.698243652461744e-003
4953	1.553554203427843e-003	1.584893192461114e-003
4977	1.500333932284659e-003	1.513561248436209e-003
4998	1.463186028053731e-003	1.479108388168207e-003
5015	1.437777703418131e-003	1.445439770745928e-003
5069	1.323553188086635e-003	1.348962882591653e-003
5083	1.310489675387605e-003	1.318256738556408e-003
5119	1.284304341639619e-003	1.288249551693134e-003
5165	1.249106145621792e-003	1.258925411794168e-003
5177	1.213196351196544e-003	1.230268770812381e-003
5187	1.200004215090811e-003	1.202264434617413e-003
5206	1.046984758211078e-003	1.047128548050900e-003
5215	1.018859372292402e-003	1.023292992280754e-003
5240	9.702699094500389e-004	9.772372209558111e-004
5271	9.088035817046425e-004	9.120108393559096e-004
5282	8.788631504632605e-004	8.912509381337459e-004
5300	8.695645937856211e-004	8.709635899560805e-004
5307	6.643512266347740e-004	6.760829753919819e-004
5316	6.161861909051991e-004	6.165950018614822e-004
5334	5.966273108352072e-004	6.025595860743575e-004
5342	5.853970551190635e-004	5.888436553555889e-004
5388	5.722558141698642e-004	5.754399373371566e-004
5424	5.605003166059275e-004	5.623413251903491e-004
5425	5.441171219137120e-004	5.495408738576249e-004
5464	5.253541954723939e-004	5.370317963702527e-004
5466	5.094774657170564e-004	5.128613839913648e-004
5475	4.823614419408040e-004	4.897788193684461e-004
5484	4.783805660544260e-004	4.786300923226385e-004
5537	4.636435720687393e-004	4.677351412871981e-004
5568	4.535713630847704e-004	4.570881896148752e-004
5583	4.434521503411393e-004	4.466835921509631e-004
5616	4.349202748914482e-004	4.365158322401661e-004
5620	4.111377185435083e-004	4.168693834703355e-004
5666	4.020937186524076e-004	4.073802778041126e-004
5679	3.933701563477721e-004	3.981071705534974e-004
5707	3.703789866331686e-004	3.715352290971724e-004
5722	3.599215712221104e-004	3.630780547701014e-004
5738	3.504836591907701e-004	3.548133892335753e-004
5756	3.334102871442868e-004	3.388441561392024e-004
5800	3.254432119008666e-004	3.311311214825911e-004
5814	3.153960617918727e-004	3.162277660168379e-004
5816	3.089927402180059e-004	3.090295432513592e-004
5845	3.001145628307445e-004	3.019951720402016e-004
5848	2.925853006435775e-004	2.951209226666387e-004
5872	2.881049910853362e-004	2.884031503126606e-004
5930	2.764961002862387e-004	2.818382931264455e-004
5931	2.680136898079999e-004	2.691534803926917e-004
5960	2.609502425989785e-004	2.630267991895381e-004
5981	2.545830427777007e-004	2.570395782768865e-004
6000	2.458892770946797e-004	2.511886431509580e-004
6002	2.436135631038727e-004	2.454708915685031e-004
6068	2.397254798124360e-004	2.398832919019490e-004
6109	2.343585129198633e-004	2.344228815319923e-004
6130	2.268750868639202e-004	2.290867652767772e-004
6166	2.205168916418199e-004	2.238721138568340e-004
6181	2.180170704699780e-004	2.187761623949552e-004
6230	2.103163514589612e-004	2.137962089502232e-004
6248	2.085462021736984e-004	2.089296130854039e-004
6260	2.029226292535880e-004	2.041737944669530e-004
6264	1.984194390322047e-004	1.995262314968879e-004
6285	1.943114118952982e-004	1.949844599758046e-004
6311	1.897981093350598e-004	1.905460717963246e-004
6363	1.844352256344939e-004	1.862087136662868e-004
6406	1.805680580362346e-004	1.819700858609983e-004
6448	1.769721564391924e-004	1.778279410038923e-004
6518	1.736412685490185e-004	1.737800828749376e-004
6563	1.695529667640194e-004	1.698243652461744e-004
6633	1.657534602577115e-004	1.659586907437562e-004
6715	1.614938814048506e-004	1.621810097358930e-004
6778	1.554506188602423e-004	1.584893192461114e-004
6792	1.547566256056010e-004	1.548816618912481e-004
6846	1.508542310907357e-004	1.513561248436209e-004
6873	1.471530807009014e-004	1.479108388168207e-004
6999	1.445430943666226e-004	1.445439770745928e-004
7036	1.407833104135614e-004	1.412537544622754e-004
7174	1.371521985022994e-004	1.380384264602885e-004
7243	1.347445904542610e-004	1.348962882591653e-004
7495	1.313859250371419e-004	1.318256738556407e-004
7767	1.286860504887688e-004	1.288249551693134e-004
8054	1.254738142439926e-004	1.258925411794167e-004
8630	1.227502066583064e-004	1.230268770812381e-004
9816	1.201330537955458e-004	1.202264434617413e-004
12907	1.174873748921446e-004	1.174897554939529e-004
47028	1.148117706043506e-004	1.148153621496883e-004
199206	1.122010470875345e-004	1.122018454301963e-004
1000001	1.103272428935043e-004	1.122018454301963e-004
%
% index = 2176, name = bbob_f020_i15_d10__bbob_f020_i16_d10
% instance = 7, reference value = 9.910738605173231e-001
% function evaluation | indicator value | target hit
1	2.238667181878937e+003	2.238721138568340e+003
2	5.060979029119437e+002	5.128613839913649e+002
6	1.930100634967624e+002	1.949844599758046e+002
165	1.535089382796299e+002	1.548816618912481e+002
233	1.447404243980390e+002	1.479108388168207e+002
237	6.915439321651405e+001	6.918309709189366e+001
682	6.296523388931801e+001	6.309573444801933e+001
943	5.587180203801064e+001	5.623413251903491e+001
950	4.261768423404945e+001	4.265795188015925e+001
1005	4.061424002007545e+001	4.073802778041128e+001
1051	2.219137069533783e+001	2.238721138568340e+001
1149	1.663948074068956e+001	1.698243652461744e+001
1208	1.426505893789034e+001	1.445439770745927e+001
1302	9.485646308484935e+000	9.549925860214358e+000
1327	9.244758757403494e+000	9.332543007969910e+000
1415	8.783529256249146e+000	8.912509381337454e+000
1479	7.952095625406205e+000	8.128305161640993e+000
1496	3.939031769987771e+000	3.981071705534972e+000
1820	3.487378970482046e+000	3.548133892335755e+000
1880	2.163730844525035e+000	2.187761623949553e+000
2051	2.091320273516681e+000	2.137962089502232e+000
2065	1.589477797662738e+000	1.621810097358930e+000
2272	8.389305916305822e-001	8.511380382023764e-001
2391	7.237635239032372e-001	7.244359600749900e-001
2533	6.737428642499876e-001	6.760829753919818e-001
2536	5.709994876779456e-001	5.754399373371569e-001
2566	5.594255353132206e-001	5.623413251903491e-001
2574	5.219179046422927e-001	5.248074602497725e-001
2699	4.389087362561271e-001	4.466835921509632e-001
2825	4.276047316538149e-001	4.365158322401660e-001
2872	4.208663420271843e-001	4.265795188015927e-001
2882	4.165015663659890e-001	4.168693834703354e-001
2937	4.026487509826295e-001	4.073802778041127e-001
2958	3.958577587072713e-001	3.981071705534973e-001
2964	3.808093789856528e-001	3.890451449942806e-001
2971	3.787220122285183e-001	3.801893963205612e-001
3010	3.697136834140069e-001	3.715352290971726e-001
3035	3.516255391906029e-001	3.548133892335755e-001
3037	2.501827540633498e-001	2.511886431509580e-001
3103	2.412969927817974e-001	2.454708915685031e-001
3141	2.313407663440402e-001	2.344228815319922e-001
3150	2.276122490524266e-001	2.290867652767773e-001
3193	2.088884858979159e-001	2.089296130854039e-001
3213	1.894012421372008e-001	1.905460717963247e-001
3217	1.705262750947664e-001	1.737800828749375e-001
3228	1.685546803826330e-001	1.698243652461744e-001
3244	1.509629278104774e-001	1.513561248436208e-001
3297	1.448419953820496e-001	1.479108388168208e-001
3314	1.430326309478793e-001	1.445439770745928e-001
3337	1.373243293015755e-001	1.380384264602885e-001
3355	1.332176275837620e-001	1.348962882591654e-001
3403	1.310443631444773e-001	1.318256738556407e-001
3408	1.256841811734140e-001	1.258925411794167e-001
3410	1.126213702811768e-001	1.148153621496883e-001
3414	9.866481889259915e-002	1.000000000000000e-001
3417	9.726980694091603e-002	9.772372209558107e-002
3455	9.547875832312758e-002	9.549925860214359e-002
3456	9.067594676078294e-002	9.120108393559097e-002
3457	8.866627681494599e-002	8.912509381337455e-002
3497	8.683350569836645e-002	8.709635899560805e-002
3545	7.568144844629821e-002	7.585775750291836e-002
3568	7.332243599046351e-002	7.413102413009177e-002
3569	6.956929865229067e-002	7.079457843841380e-002
3579	5.774607478869975e-002	5.888436553555890e-002
3581	5.467783281974126e-002	5.495408738576246e-002
3619	5.366390517754982e-002	5.370317963702527e-002
3675	5.241073923149131e-002	5.248074602497726e-002
3684	4.909816394038702e-002	5.011872336272722e-002
3692	4.662175429588089e-002	4.677351412871982e-002
3716	4.474253206089152e-002	4.570881896148749e-002
3725	4.458520393996635e-002	4.466835921509630e-002
3762	4.070521213936984e-002	4.073802778041128e-002
3820	3.765562043366688e-002	3.801893963205612e-002
3847	3.615308683937168e-002	3.630780547701014e-002
3876	3.496913434050986e-002	3.548133892335755e-002
3892	3.346566879657686e-002	3.388441561392026e-002
3896	3.299802247346650e-002	3.311311214825911e-002
3921	3.128234225441051e-002	3.162277660168379e-002
3926	3.087709548160111e-002	3.090295432513590e-002
3946	3.015515300064497e-002	3.019951720402016e-002
3948	2.826932137234905e-002	2.884031503126606e-002
3954	2.752222400654925e-002	2.754228703338166e-002
3959	2.435577694327740e-002	2.454708915685030e-002
3986	2.391982130872827e-002	2.398832919019490e-002
3997	2.327885881070746e-002	2.344228815319923e-002
4005	2.283840353869227e-002	2.290867652767774e-002
4016	2.209365893849635e-002	2.238721138568340e-002
4021	1.916787640982454e-002	1.949844599758046e-002
4029	1.902048935205625e-002	1.905460717963247e-002
4045	1.832274200438455e-002	1.862087136662868e-002
4046	1.810106010505275e-002	1.819700858609984e-002
4071	1.772860661625342e-002	1.778279410038923e-002
4102	1.695491336136534e-002	1.698243652461744e-002
4108	1.456213001575391e-002	1.479108388168207e-002
4133	1.437941798709064e-002	1.445439770745927e-002
4212	1.411330048068438e-002	1.412537544622754e-002
4242	1.376066659212460e-002	1.380384264602885e-002
4243	1.304612563139607e-002	1.318256738556408e-002
4259	1.256819692016831e-002	1.258925411794168e-002
4273	1.209782595657538e-002	1.230268770812382e-002
4279	1.198732924396129e-002	1.202264434617413e-002
4290	1.170209848201165e-002	1.174897554939530e-002
4310	1.095424324242766e-002	1.096478196143185e-002
4315	8.617151075469454e-003	8.709635899560805e-003
4326	8.484262019420541e-003	8.511380382023768e-003
4347	8.234245271469765e-003	8.317637711026709e-003
4396	8.094108788809340e-003	8.128305161640995e-003
4409	7.815091909332383e-003	7.943282347242814e-003
4419	7.758899576493450e-003	7.762471166286920e-003
4430	7.473373031250952e-003	7.585775750291836e-003
4462	7.388886779532200e-003	7.413102413009177e-003
4497	6.972589377655436e-003	7.079457843841380e-003
4502	6.901646464816280e-003	6.918309709189363e-003
4544	6.735553213739864e-003	6.760829753919818e-003
4562	6.523820125525992e-003	6.606934480075957e-003
4572	6.453916345915078e-003	6.456542290346556e-003
4620	6.300350296748580e-003	6.309573444801930e-003
4663	5.945227280678478e-003	6.025595860743574e-003
4679	5.886640635440088e-003	5.888436553555890e-003
4694	5.667857127236387e-003	5.754399373371567e-003
4708	5.547131725084031e-003	5.623413251903491e-003
4727	5.484961057444115e-003	5.495408738576248e-003
4757	5.231133091091023e-003	5.248074602497728e-003
4787	5.071837174977500e-003	5.128613839913648e-003
4797	4.992768510706291e-003	5.011872336272725e-003
4833	4.884039748466185e-003	4.897788193684461e-003
4866	4.762691562917976e-003	4.786300923226385e-003
4871	4.645235068372555e-003	4.677351412871981e-003
4889	4.530724604868364e-003	4.570881896148752e-003
4897	4.452232890886809e-003	4.466835921509631e-003
4928	4.360051002083254e-003	4.365158322401661e-003
4977	4.177333255911520e-003	4.265795188015926e-003
4983	4.002255632780671e-003	4.073802778041126e-003
4998	3.811963515610750e-003	3.890451449942805e-003
5001	3.799418950752309e-003	3.801893963205613e-003
5027	3.700476313476142e-003	3.715352290971724e-003
5044	3.627748005470166e-003	3.630780547701014e-003
5067	3.454575410758887e-003	3.467368504525317e-003
5070	3.379755403425833e-003	3.388441561392024e-003
5114	3.287838513212238e-003	3.311311214825911e-003
5148	3.232732158936602e-003	3.235936569296281e-003
5154	3.153643423980279e-003	3.162277660168379e-003
5165	3.003564549198146e-003	3.019951720402016e-003
5203	2.930330699949191e-003	2.951209226666387e-003
5231	2.878517399807601e-003	2.884031503126606e-003
5255	2.813159164349433e-003	2.818382931264455e-003
5264	2.744148832561355e-003	2.754228703338166e-003
5270	2.662155780256081e-003	2.691534803926917e-003
5294	2.619084723241349e-003	2.630267991895381e-003
5330	2.551142515862859e-003	2.570395782768865e-003
5338	2.462809673685951e-003	2.511886431509579e-003
5359	2.429397062082450e-003	2.454708915685031e-003
5375	2.389403345422703e-003	2.398832919019490e-003
5385	2.343641494889526e-003	2.344228815319923e-003
5417	2.278590869222330e-003	2.290867652767772e-003
5431	2.199000075233215e-003	2.238721138568340e-003
5444	2.187175203920866e-003	2.187761623949552e-003
5462	2.112624205218183e-003	2.137962089502233e-003
5474	2.086462517822962e-003	2.089296130854039e-003
5496	2.035224423729165e-003	2.041737944669530e-003
5512	1.948580410907064e-003	1.949844599758046e-003
5517	1.896389245942820e-003	1.905460717963246e-003
5559	1.861190107932509e-003	1.862087136662868e-003
5582	1.809855420222495e-003	1.819700858609983e-003
5617	1.754703453914264e-003	1.778279410038923e-003
5652	1.719486647987156e-003	1.737800828749376e-003
5660	1.697873036663911e-003	1.698243652461744e-003
5665	1.631018931188000e-003	1.659586907437561e-003
5671	1.597542473199431e-003	1.621810097358930e-003
5672	1.583866907206466e-003	1.584893192461114e-003
5679	1.543823454807858e-003	1.548816618912481e-003
5690	1.510875554152413e-003	1.513561248436209e-003
5718	1.471304687275299e-003	1.479108388168207e-003
5739	1.445159060597501e-003	1.445439770745928e-003
5756	1.405781730730138e-003	1.412537544622754e-003
5768	1.373303896688216e-003	1.380384264602885e-003
5783	1.343376023589027e-003	1.348962882591653e-003
5828	1.314946779505388e-003	1.318256738556408e-003
5831	1.285963519287559e-003	1.288249551693134e-003
5872	1.255249390924584e-003	1.258925411794168e-003
5874	1.210642635611658e-003	1.230268770812381e-003
5892	1.199279701715184e-003	1.202264434617413e-003
5901	1.165368704040271e-003	1.174897554939529e-003
5907	1.143967530628509e-003	1.148153621496883e-003
5936	1.116995678767219e-003	1.122018454301963e-003
5939	1.086154165058084e-003	1.096478196143185e-003
5984	1.071050350307856e-003	1.071519305237606e-003
5995	1.046666936019292e-003	1.047128548050900e-003
6016	1.021573819094623e-003	1.023292992280754e-003
6048	9.986548923657246e-004	1.000000000000000e-003
6054	9.722890373208282e-004	9.772372209558111e-004
6066	9.496093453040810e-004	9.549925860214359e-004
6073	9.316391424428749e-004	9.332543007969915e-004
6100	9.112050077710876e-004	9.120108393559096e-004
6126	8.739390227133770e-004	8.912509381337459e-004
6130	8.688062281826392e-004	8.709635899560805e-004
6159	8.497741252389002e-004	8.511380382023768e-004
6186	8.283527635783994e-004	8.317637711026709e-004
6210	8.107222990695329e-004	8.128305161640995e-004
6218	7.935677173712685e-004	7.943282347242813e-004
6261	7.756434989493188e-004	7.762471166286919e-004
6285	7.517766234554912e-004	7.585775750291835e-004
6320	7.391502809627193e-004	7.413102413009177e-004
6333	7.189021251869932e-004	7.244359600749898e-004
6340	6.970525348169998e-004	7.079457843841380e-004
6344	6.902873231079409e-004	6.918309709189362e-004
6371	6.749376260178908e-004	6.760829753919819e-004
6379	6.589810291595111e-004	6.606934480075958e-004
6380	6.395177079635550e-004	6.456542290346556e-004
6405	6.270483851393838e-004	6.309573444801930e-004
6425	6.159980417592692e-004	6.165950018614822e-004
6449	6.017935176616529e-004	6.025595860743575e-004
6468	5.874437900285079e-004	5.888436553555889e-004
6486	5.753146145919263e-004	5.754399373371566e-004
6534	5.618611533105833e-004	5.623413251903491e-004
6584	5.485101305491291e-004	5.495408738576249e-004
6605	5.365600282178917e-004	5.370317963702527e-004
6623	5.244855403849780e-004	5.248074602497728e-004
6690	5.125593229031722e-004	5.128613839913648e-004
6734	5.011741633187405e-004	5.011872336272725e-004
6784	4.897699230599351e-004	4.897788193684461e-004
6868	4.785200916538335e-004	4.786300923226385e-004
6932	4.677261475389827e-004	4.677351412871981e-004
7069	4.562631616976676e-004	4.570881896148752e-004
7171	4.463777941832170e-004	4.466835921509631e-004
7377	4.362035134983788e-004	4.365158322401661e-004
7690	4.265372848406557e-004	4.265795188015926e-004
8136	4.168238846824490e-004	4.168693834703355e-004
9785	4.073767940884210e-004	4.073802778041126e-004
12004	3.979654628556428e-004	3.981071705534974e-004
15177	3.890198486555807e-004	3.890451449942804e-004
26338	3.800897550775284e-004	3.801893963205612e-004
35327	3.709684777468691e-004	3.715352290971724e-004
62029	3.630226093950251e-004	3.630780547701014e-004
79931	3.547933776251178e-004	3.548133892335753e-004
116592	3.462435230913163e-004	3.467368504525317e-004
127909	3.373212338646514e-004	3.388441561392024e-004
260400	3.311310315069482e-004	3.311311214825911e-004
408428	3.234416143889085e-004	3.235936569296281e-004
686801	3.160657123889576e-004	3.162277660168379e-004
864794	3.083281743589961e-004	3.090295432513592e-004
1000001	3.078634935508307e-004	3.090295432513592e-004
%
% index = 2177, name = bbob_f020_i17_d10__bbob_f020_i18_d10
% instance = 8, reference value = 9.928596396811370e-001
% function evaluation | indicator value | target hit
1	1.905812319820117e+003	1.949844599758045e+003
2	3.454519108329542e+002	3.467368504525317e+002
6	1.700931665368882e+002	1.737800828749376e+002
218	1.582637681705197e+002	1.584893192461114e+002
237	4.287054807164446e+001	4.365158322401658e+001
731	2.635671067286749e+001	2.691534803926916e+001
796	2.484549259481560e+001	2.511886431509580e+001
940	1.311020924100034e+001	1.318256738556407e+001
1007	1.038814141904705e+001	1.047128548050900e+001
1131	9.128146966672226e+000	9.332543007969910e+000
1227	6.978214720623941e+000	7.079457843841379e+000
1272	5.020993223860502e+000	5.128613839913649e+000
1390	4.718957160526363e+000	4.786300923226384e+000
1419	3.383542981502275e+000	3.388441561392026e+000
1659	2.877962263681249e+000	2.884031503126606e+000
1688	2.515758748993341e+000	2.570395782768864e+000
1871	1.343741170455137e+000	1.348962882591654e+000
2087	9.485175489563725e-001	9.549925860214360e-001
2239	8.131450913588317e-001	8.317637711026710e-001
2245	7.391698366197035e-001	7.413102413009175e-001
2455	6.598654124167438e-001	6.606934480075960e-001
2471	4.949338135224277e-001	5.011872336272722e-001
2671	4.876812356410188e-001	4.897788193684462e-001
2672	4.762742261398910e-001	4.786300923226383e-001
2681	4.394519693415816e-001	4.466835921509632e-001
2728	4.044086385562181e-001	4.073802778041127e-001
2753	3.240073053877063e-001	3.311311214825911e-001
2850	2.477903020098405e-001	2.511886431509580e-001
2868	2.390154038087453e-001	2.398832919019490e-001
3004	2.266189672063200e-001	2.290867652767773e-001
3027	2.097693913771984e-001	2.137962089502232e-001
3030	2.084185143947657e-001	2.089296130854039e-001
3032	1.760750464569238e-001	1.778279410038923e-001
3050	1.728909424880388e-001	1.737800828749375e-001
3067	1.628775477084821e-001	1.659586907437561e-001
3080	1.523088011450531e-001	1.548816618912481e-001
3119	1.512945256981145e-001	1.513561248436208e-001
3163	1.420156721333100e-001	1.445439770745928e-001
3187	1.254388849613145e-001	1.258925411794167e-001
3212	1.130179180782414e-001	1.148153621496883e-001
3231	1.118662164833680e-001	1.122018454301964e-001
3248	1.095797146326530e-001	1.096478196143185e-001
3258	1.040193241124165e-001	1.047128548050900e-001
3322	8.565921761708184e-002	8.709635899560805e-002
3337	8.480490422742115e-002	8.511380382023763e-002
3395	7.667960757149217e-002	7.762471166286916e-002
3398	6.843541754808469e-002	6.918309709189366e-002
3420	6.656562016304934e-002	6.760829753919818e-002
3423	6.543335877193823e-002	6.606934480075961e-002
3454	5.931271113138181e-002	6.025595860743578e-002
3457	5.864750716933997e-002	5.888436553555890e-002
3464	5.569552672960965e-002	5.623413251903491e-002
3487	5.479847341806410e-002	5.495408738576246e-002
3497	5.354616694187830e-002	5.370317963702527e-002
3515	5.210343989179711e-002	5.248074602497726e-002
3519	5.114280613244782e-002	5.128613839913648e-002
3556	4.826336294085676e-002	4.897788193684461e-002
3564	4.553184391569976e-002	4.570881896148749e-002
3565	4.441120680146637e-002	4.466835921509630e-002
3580	3.893924108611302e-002	3.981071705534973e-002
3589	3.020677612472966e-002	3.090295432513590e-002
3608	2.824159469076792e-002	2.884031503126606e-002
3610	2.762734486487306e-002	2.818382931264454e-002
3627	2.661759963744248e-002	2.691534803926915e-002
3638	2.611615156254687e-002	2.630267991895382e-002
3654	2.564393450951596e-002	2.570395782768863e-002
3682	2.479588688752943e-002	2.511886431509579e-002
3688	2.383025925586813e-002	2.398832919019490e-002
3713	2.332041470819035e-002	2.344228815319923e-002
3717	2.289685302789091e-002	2.290867652767774e-002
3759	2.123359674874970e-002	2.137962089502233e-002
3794	2.066970093818088e-002	2.089296130854040e-002
3823	2.039137970847649e-002	2.041737944669530e-002
3859	1.906186573731517e-002	1.949844599758046e-002
3871	1.839959341707176e-002	1.862087136662868e-002
3883	1.816195230521556e-002	1.819700858609984e-002
3903	1.590240080176031e-002	1.621810097358930e-002
3910	1.582030435883286e-002	1.584893192461113e-002
3930	1.195731684759360e-002	1.202264434617413e-002
3939	1.170737769601282e-002	1.174897554939530e-002
3963	1.141695981914703e-002	1.148153621496883e-002
3977	1.067142156534151e-002	1.071519305237607e-002
3984	1.043927898579233e-002	1.047128548050900e-002
4012	1.022351791829823e-002	1.023292992280754e-002
4017	9.719072069011348e-003	9.772372209558112e-003
4042	9.504136402182506e-003	9.549925860214359e-003
4046	9.330193690038069e-003	9.332543007969915e-003
4085	8.975317745547051e-003	9.120108393559097e-003
4089	8.781183944893356e-003	8.912509381337459e-003
4103	8.681986259347907e-003	8.709635899560805e-003
4106	8.491896233499774e-003	8.511380382023768e-003
4123	8.313657347065240e-003	8.317637711026709e-003
4138	7.888596225000155e-003	7.943282347242814e-003
4142	7.248764428323562e-003	7.413102413009177e-003
4154	7.056853571654420e-003	7.079457843841380e-003
4177	6.887943592260859e-003	6.918309709189363e-003
4181	6.630477859889794e-003	6.760829753919818e-003
4185	6.515442843373909e-003	6.606934480075957e-003
4187	6.411992067223538e-003	6.456542290346556e-003
4224	6.140980944209007e-003	6.165950018614822e-003
4238	5.938009071193018e-003	6.025595860743574e-003
4240	5.625965607542138e-003	5.754399373371567e-003
4242	5.610897731824549e-003	5.623413251903491e-003
4249	5.033532213054914e-003	5.128613839913648e-003
4261	4.976529752342085e-003	5.011872336272725e-003
4273	4.817899697768024e-003	4.897788193684461e-003
4292	4.782904851096559e-003	4.786300923226385e-003
4304	4.390204192606939e-003	4.466835921509631e-003
4320	4.325837203881577e-003	4.365158322401661e-003
4326	4.237305120122659e-003	4.265795188015926e-003
4341	4.064314328160901e-003	4.073802778041126e-003
4367	3.976722029992774e-003	3.981071705534973e-003
4381	3.885874092140584e-003	3.890451449942805e-003
4447	3.718396570849047e-003	3.801893963205613e-003
4467	3.698449383951141e-003	3.715352290971724e-003
4488	3.577327058489677e-003	3.630780547701014e-003
4514	3.526570761230530e-003	3.548133892335753e-003
4541	3.443553370414354e-003	3.467368504525317e-003
4552	3.352752131517311e-003	3.388441561392024e-003
4560	3.291666105058044e-003	3.311311214825911e-003
4571	3.219803908931729e-003	3.235936569296281e-003
4587	3.157894741364520e-003	3.162277660168379e-003
4629	3.065268591317394e-003	3.090295432513592e-003
4669	2.990946645142101e-003	3.019951720402016e-003
4681	2.927433018966141e-003	2.951209226666387e-003
4686	2.878520222684089e-003	2.884031503126606e-003
4699	2.816398802933273e-003	2.818382931264455e-003
4709	2.737968206584007e-003	2.754228703338166e-003
4715	2.673506261956393e-003	2.691534803926917e-003
4726	2.620462991939632e-003	2.630267991895381e-003
4741	2.540576750194812e-003	2.570395782768865e-003
4754	2.435340701465782e-003	2.454708915685031e-003
4762	2.398518044246178e-003	2.398832919019490e-003
4770	2.329968631845425e-003	2.344228815319923e-003
4780	2.272555141076826e-003	2.290867652767772e-003
4795	2.210123015659371e-003	2.238721138568340e-003
4804	2.185711945219993e-003	2.187761623949552e-003
4848	2.098241584177707e-003	2.137962089502233e-003
4849	2.086144817316726e-003	2.089296130854039e-003
4873	2.032149119522764e-003	2.041737944669530e-003
4878	1.992998102870902e-003	1.995262314968879e-003
4927	1.948244490206030e-003	1.949844599758046e-003
4959	1.904910170740015e-003	1.905460717963246e-003
4991	1.856328873069413e-003	1.862087136662868e-003
5006	1.813740921224660e-003	1.819700858609983e-003
5046	1.776575840799155e-003	1.778279410038923e-003
5079	1.730462458928384e-003	1.737800828749376e-003
5092	1.697893099402381e-003	1.698243652461744e-003
5129	1.657153255692268e-003	1.659586907437561e-003
5154	1.620795832122046e-003	1.621810097358930e-003
5178	1.561786812030785e-003	1.584893192461114e-003
5194	1.537750767201529e-003	1.548816618912481e-003
5215	1.512494072208548e-003	1.513561248436209e-003
5236	1.471861372484451e-003	1.479108388168207e-003
5240	1.439868962038848e-003	1.445439770745928e-003
5268	1.401598774937396e-003	1.412537544622754e-003
5288	1.366218239611916e-003	1.380384264602885e-003
5289	1.328031024108056e-003	1.348962882591653e-003
5308	1.305047600503539e-003	1.318256738556408e-003
5311	1.282625188092856e-003	1.288249551693134e-003
5329	1.257520739864293e-003	1.258925411794168e-003
5341	1.221258877393883e-003	1.230268770812381e-003
5372	1.201408665239323e-003	1.202264434617413e-003
5404	1.170925939724343e-003	1.174897554939529e-003
5449	1.146420137936866e-003	1.148153621496883e-003
5462	1.108789475054217e-003	1.122018454301963e-003
5468	1.093768975647169e-003	1.096478196143185e-003
5483	1.068868142247936e-003	1.071519305237606e-003
5508	1.044497350904616e-003	1.047128548050900e-003
5531	1.013784166669085e-003	1.023292992280754e-003
5556	9.983013216720016e-004	1.000000000000000e-003
5591	9.736821803041362e-004	9.772372209558111e-004
5620	9.519396735868657e-004	9.549925860214359e-004
5630	9.325680952929627e-004	9.332543007969915e-004
5699	9.109241235227827e-004	9.120108393559096e-004
5728	8.839780091800531e-004	8.912509381337459e-004
5737	8.702823704539453e-004	8.709635899560805e-004
5751	8.492890710340983e-004	8.511380382023768e-004
5774	8.298928971461894e-004	8.317637711026709e-004
5812	8.095501787993564e-004	8.128305161640995e-004
5842	7.942481726308515e-004	7.943282347242813e-004
5880	7.752401949002730e-004	7.762471166286919e-004
5944	7.581311970041860e-004	7.585775750291835e-004
5996	7.396468821708746e-004	7.413102413009177e-004
6027	7.238415909738283e-004	7.244359600749898e-004
6071	7.060799300263598e-004	7.079457843841380e-004
6100	6.910844910750225e-004	6.918309709189362e-004
6135	6.727111761091198e-004	6.760829753919819e-004
6172	6.599770621337209e-004	6.606934480075958e-004
6238	6.455508652405406e-004	6.456542290346556e-004
6300	6.306437971114187e-004	6.309573444801930e-004
6312	5.686464453031892e-004	5.754399373371566e-004
6347	5.603505944956622e-004	5.623413251903491e-004
6392	5.494123456136757e-004	5.495408738576249e-004
6449	5.368309939747240e-004	5.370317963702527e-004
6507	5.244561721741148e-004	5.248074602497728e-004
6585	5.127586076167923e-004	5.128613839913648e-004
6666	5.011294243478792e-004	5.011872336272725e-004
6795	4.896713283650822e-004	4.897788193684461e-004
7049	4.784943441580314e-004	4.786300923226385e-004
7200	4.675095156045916e-004	4.677351412871981e-004
7477	4.569671796322838e-004	4.570881896148752e-004
7917	4.459875015248027e-004	4.466835921509631e-004
8246	4.363600811816415e-004	4.365158322401661e-004
8996	4.265728127410551e-004	4.265795188015926e-004
11946	4.168457452883301e-004	4.168693834703355e-004
19018	4.073801869698412e-004	4.073802778041126e-004
34950	3.980720699821028e-004	3.981071705534974e-004
139328	3.887909675210910e-004	3.890451449942804e-004
212032	3.801723074807750e-004	3.801893963205612e-004
362642	3.713778570373361e-004	3.715352290971724e-004
716631	3.625891062123410e-004	3.630780547701014e-004
767816	3.546584934728259e-004	3.548133892335753e-004
866157	3.464451757514420e-004	3.467368504525317e-004
1000001	3.422033025112237e-004	3.467368504525317e-004
%
% index = 2178, name = bbob_f020_i19_d10__bbob_f020_i21_d10
% instance = 9, reference value = 9.999547258740650e-001
% function evaluation | indicator value | target hit
1	1.144861337053771e+004	1.148153621496882e+004
2	2.647646807040318e+003	2.691534803926917e+003
6	1.105271091394767e+003	1.122018454301963e+003
237	4.655196082339366e+002	4.677351412871981e+002
313	4.478127407483740e+002	4.570881896148752e+002
400	4.255473038049539e+002	4.265795188015925e+002
414	3.871254899938822e+002	3.890451449942805e+002
556	3.393945301314933e+002	3.467368504525317e+002
569	1.064472733531069e+002	1.071519305237606e+002
1162	9.116900589322269e+001	9.120108393559097e+001
1177	7.178191275321923e+001	7.244359600749903e+001
1452	6.149053940288628e+001	6.165950018614822e+001
1463	4.960102848943934e+001	5.011872336272722e+001
1553	3.264919271408081e+001	3.311311214825911e+001
1657	2.233831855758723e+001	2.238721138568340e+001
1796	2.155232146833499e+001	2.187761623949553e+001
1891	2.129194631248061e+001	2.137962089502232e+001
1996	1.822459009718230e+001	1.862087136662868e+001
2049	1.612824448691694e+001	1.621810097358930e+001
2083	1.517519595520935e+001	1.548816618912481e+001
2107	7.305240634386133e+000	7.413102413009175e+000
2110	4.140459203023353e+000	4.168693834703354e+000
2341	3.698369168422065e+000	3.715352290971725e+000
2432	3.297290290168749e+000	3.311311214825911e+000
2512	3.153244901990523e+000	3.162277660168379e+000
2575	2.982841904038716e+000	3.019951720402016e+000
2583	1.507603888028565e+000	1.513561248436208e+000
2784	6.213628925773294e-001	6.309573444801933e-001
2792	6.036598163699705e-001	6.165950018614822e-001
2951	5.730210949691454e-001	5.754399373371569e-001
2953	4.399288971007844e-001	4.466835921509632e-001
3015	1.528425823043150e-001	1.548816618912481e-001
3401	1.405988652132114e-001	1.412537544622755e-001
3476	7.385702782877390e-002	7.413102413009177e-002
3486	7.178238050914532e-002	7.244359600749903e-002
3548	5.713655551799379e-002	5.754399373371569e-002
3604	5.520986744264933e-002	5.623413251903491e-002
3623	5.379844777747189e-002	5.495408738576246e-002
3637	5.337371342484587e-002	5.370317963702527e-002
3754	2.802688178938262e-002	2.818382931264454e-002
3807	2.369697955616235e-002	2.398832919019490e-002
3842	2.208604530300173e-002	2.238721138568340e-002
3922	2.026379369946652e-002	2.041737944669530e-002
3926	1.543141937462600e-002	1.548816618912481e-002
3937	1.060025347755023e-002	1.071519305237607e-002
3978	3.947647465266324e-003	3.981071705534973e-003
3984	1.150629721015650e-003	1.174897554939529e-003
4112	9.343514299077205e-004	9.549925860214359e-004
4140	8.094760425790826e-004	8.128305161640995e-004
4280	7.638039760152759e-004	7.762471166286919e-004
4284	6.668602614411379e-004	6.760829753919819e-004
4327	6.536066175998334e-004	6.606934480075958e-004
4360	5.426680125755201e-004	5.495408738576249e-004
4381	5.339012059276671e-004	5.370317963702527e-004
4420	5.203387299433926e-004	5.248074602497728e-004
4464	4.685157678103735e-004	4.786300923226385e-004
4491	4.667077384574725e-004	4.677351412871981e-004
4498	4.407197280252850e-004	4.466835921509631e-004
4561	4.337013762611974e-004	4.365158322401661e-004
4605	4.220609643206252e-004	4.265795188015926e-004
4626	4.131402831019093e-004	4.168693834703355e-004
4644	3.702172845052587e-004	3.715352290971724e-004
4711	3.627123337922589e-004	3.630780547701014e-004
4755	3.389720197851665e-004	3.467368504525317e-004
4813	3.283920835510656e-004	3.311311214825911e-004
4840	3.210592448829042e-004	3.235936569296281e-004
4948	3.114684380053356e-004	3.162277660168379e-004
4969	3.030857661887598e-004	3.090295432513592e-004
5002	3.012545699700997e-004	3.019951720402016e-004
5027	2.920538739139555e-004	2.951209226666387e-004
5093	2.866474115089668e-004	2.884031503126606e-004
5109	2.784736840349966e-004	2.818382931264455e-004
5126	2.728948846646428e-004	2.754228703338166e-004
5174	2.680321417990461e-004	2.691534803926917e-004
5272	2.584905891177547e-004	2.630267991895381e-004
5291	2.570069890307503e-004	2.570395782768865e-004
5341	2.510957454081586e-004	2.511886431509580e-004
5605	2.454338220542196e-004	2.454708915685031e-004
5942	2.372346009491544e-004	2.398832919019490e-004
6045	2.313093372616759e-004	2.344228815319923e-004
6051	2.229586867744660e-004	2.238721138568340e-004
6286	2.187670524914642e-004	2.187761623949552e-004
6914	2.123491452985515e-004	2.137962089502232e-004
8078	1.738626017605549e-004	1.778279410038923e-004
8539	1.737712068119457e-004	1.737800828749376e-004
8933	1.631158976016511e-004	1.659586907437562e-004
9124	1.464738758263362e-004	1.479108388168207e-004
9793	1.436615386941620e-004	1.445439770745928e-004
9799	1.401175499176066e-004	1.412537544622754e-004
9985	1.379988029557300e-004	1.380384264602885e-004
10769	1.339844403496215e-004	1.348962882591653e-004
11052	1.257922686948021e-004	1.258925411794167e-004
11794	1.078184969290907e-004	1.096478196143185e-004
11954	1.035667329106760e-004	1.047128548050900e-004
12069	1.007704357568473e-004	1.023292992280754e-004
13237	9.474156416000579e-005	9.549925860214369e-005
13954	9.322824127078189e-005	9.332543007969905e-005
16394	8.930335926138344e-005	9.120108393559096e-005
17044	8.803599046003363e-005	8.912509381337459e-005
17818	8.158364605415081e-005	8.317637711026709e-005
17920	7.945465502734450e-005	8.128305161640995e-005
18094	7.880435194274060e-005	7.943282347242822e-005
18452	7.697740548973098e-005	7.762471166286911e-005
18575	7.547264294083256e-005	7.585775750291836e-005
19727	7.295113576544221e-005	7.413102413009178e-005
19745	7.157230213628019e-005	7.244359600749906e-005
21200	6.638281695958703e-005	6.760829753919819e-005
21225	6.136458615912943e-005	6.165950018614822e-005
22327	5.378368549069368e-005	5.495408738576248e-005
27602	5.179726945281349e-005	5.248074602497723e-005
28640	5.029270238920969e-005	5.128613839913648e-005
29136	4.946118226256679e-005	5.011872336272725e-005
30384	4.515402536697799e-005	4.570881896148752e-005
31095	4.437579678806536e-005	4.466835921509635e-005
32710	4.231538153109948e-005	4.265795188015926e-005
35691	4.136316599501200e-005	4.168693834703355e-005
37275	4.067265472840198e-005	4.073802778041130e-005
41603	3.903229925661389e-005	3.981071705534970e-005
43097	3.775801515293331e-005	3.801893963205612e-005
45069	3.274071589087768e-005	3.311311214825908e-005
48823	2.915443686946073e-005	2.951209226666384e-005
51276	2.859735971350030e-005	2.884031503126606e-005
57559	2.512902468021494e-005	2.570395782768865e-005
58424	2.484879227337977e-005	2.511886431509582e-005
60384	2.450241411211529e-005	2.454708915685029e-005
64652	2.359986020550320e-005	2.398832919019490e-005
69021	2.288339659051175e-005	2.290867652767775e-005
69260	2.232893580134121e-005	2.238721138568338e-005
88037	2.163758161055629e-005	2.187761623949552e-005
89462	2.096031737597315e-005	2.137962089502232e-005
97486	2.067449792075848e-005	2.089296130854041e-005
115462	1.991981305793367e-005	1.995262314968879e-005
627490	1.946065988156498e-005	1.949844599758046e-005
1000001	1.943441774865384e-005	1.949844599758046e-005
%
% index = 2179, name = bbob_f020_i21_d10__bbob_f020_i22_d10
% instance = 10, reference value = 9.999403093903930e-001
% function evaluation | indicator value | target hit
1	5.412674888858015e+004	5.495408738576248e+004
2	1.030452165803355e+004	1.047128548050899e+004
6	5.106848038555750e+003	5.128613839913648e+003
215	4.315779638975151e+003	4.365158322401661e+003
233	3.983422336468966e+003	4.073802778041126e+003
237	1.631023442490199e+003	1.659586907437561e+003
367	1.369669361248765e+003	1.380384264602885e+003
503	1.329463596466159e+003	1.348962882591653e+003
614	6.158023916586740e+002	6.165950018614822e+002
804	5.629477243731022e+002	5.754399373371566e+002
871	4.723781751976304e+002	4.786300923226385e+002
1058	3.858346410397394e+002	3.890451449942805e+002
1258	1.726836638687852e+002	1.737800828749376e+002
1325	1.613231430721528e+002	1.621810097358930e+002
1556	1.497317971566080e+002	1.513561248436209e+002
1594	1.178531182595115e+002	1.202264434617413e+002
1679	7.819676882684874e+001	7.943282347242814e+001
1840	7.653594632133732e+001	7.762471166286916e+001
1868	4.128475031877119e+001	4.168693834703355e+001
1903	3.767474990264546e+001	3.801893963205612e+001
2066	2.863403717394777e+001	2.884031503126606e+001
2071	2.307145045943522e+001	2.344228815319923e+001
2307	1.075581149706038e+001	1.096478196143185e+001
2512	8.197484140304551e+000	8.317637711026711e+000
2520	4.719271271648362e+000	4.786300923226384e+000
2802	3.750585462599348e+000	3.801893963205612e+000
2868	1.171430821966491e+000	1.174897554939530e+000
3119	5.503540463717001e-001	5.623413251903491e-001
3151	5.468589393559158e-001	5.495408738576245e-001
3373	5.254673616701623e-001	5.370317963702527e-001
3376	2.689265804099991e-001	2.691534803926916e-001
3558	2.569907437347867e-001	2.570395782768864e-001
3565	1.438907603205365e-001	1.445439770745928e-001
3694	1.370075688195903e-001	1.380384264602885e-001
3711	8.348667934470566e-002	8.511380382023763e-002
3737	6.405888751344413e-002	6.456542290346556e-002
3758	5.521002637675021e-002	5.623413251903491e-002
3851	5.091308141876982e-002	5.128613839913648e-002
3857	2.481074772630176e-002	2.511886431509579e-002
3863	2.447516741622513e-002	2.454708915685030e-002
3909	1.041806143877522e-002	1.047128548050900e-002
3922	5.942807159490249e-003	6.025595860743574e-003
3935	2.835759408563399e-003	2.884031503126606e-003
3975	2.671153257410741e-003	2.691534803926917e-003
4018	2.626804823754436e-003	2.630267991895381e-003
4040	1.747352227622678e-003	1.778279410038923e-003
4148	1.735718031303124e-003	1.737800828749376e-003
4260	1.584419918135183e-003	1.584893192461114e-003
4473	1.539898917851890e-003	1.548816618912481e-003
4475	1.484890228597213e-003	1.513561248436209e-003
4505	1.452103232122526e-003	1.479108388168207e-003
4527	1.439323215579602e-003	1.445439770745928e-003
4732	1.385523160319924e-003	1.412537544622754e-003
4961	1.326272134946738e-003	1.348962882591653e-003
5035	1.303528781006036e-003	1.318256738556408e-003
5103	1.189758100637706e-003	1.202264434617413e-003
5249	1.154547991686461e-003	1.174897554939529e-003
5254	1.054669348005799e-003	1.071519305237606e-003
5300	1.026373520752744e-003	1.047128548050900e-003
5722	1.020560371597590e-003	1.023292992280754e-003
5826	9.723259968130726e-004	9.772372209558111e-004
6055	9.183999753052952e-004	9.332543007969915e-004
6119	8.616491618962385e-004	8.709635899560805e-004
6773	8.391516174562907e-004	8.511380382023768e-004
6962	8.112093625400885e-004	8.128305161640995e-004
8192	7.187520027720495e-004	7.244359600749898e-004
8347	6.277820318872918e-004	6.309573444801930e-004
10148	5.633343945642411e-004	5.754399373371566e-004
10311	5.377087499313094e-004	5.495408738576249e-004
10882	4.974103070120028e-004	5.011872336272725e-004
11176	4.884363506504341e-004	4.897788193684461e-004
11545	4.640342340297421e-004	4.677351412871981e-004
11566	4.031767871159886e-004	4.073802778041126e-004
11957	3.963646484619332e-004	3.981071705534974e-004
11977	3.613831294857484e-004	3.630780547701014e-004
12308	3.313287216583083e-004	3.388441561392024e-004
12439	3.239143351276841e-004	3.311311214825911e-004
13148	3.111545147436168e-004	3.162277660168379e-004
13310	3.058138669187471e-004	3.090295432513592e-004
13385	3.007170789338653e-004	3.019951720402016e-004
13506	2.460986660079989e-004	2.511886431509580e-004
13541	2.234260223401563e-004	2.238721138568340e-004
13680	2.064965180762490e-004	2.089296130854039e-004
13703	1.969613246025626e-004	1.995262314968879e-004
14037	1.895556703728207e-004	1.905460717963246e-004
14077	1.656139185627348e-004	1.659586907437562e-004
14343	1.576011197700344e-004	1.584893192461114e-004
15341	1.526663840517584e-004	1.548816618912481e-004
15693	1.399625917842817e-004	1.412537544622754e-004
15894	1.348008217186836e-004	1.348962882591653e-004
17996	1.315718859188353e-004	1.318256738556407e-004
18521	1.286614271892583e-004	1.288249551693134e-004
19548	1.234976532709098e-004	1.258925411794167e-004
19702	1.230016295723502e-004	1.230268770812381e-004
21579	1.196418316689041e-004	1.202264434617413e-004
30113	1.167465801029666e-004	1.174897554939529e-004
42433	1.143233402632893e-004	1.148153621496883e-004
62540	1.119800261870640e-004	1.122018454301963e-004
1000001	1.108005312129290e-004	1.122018454301963e-004
