%
% index = 2190, name = bbob_f021_i02_d10__bbob_f021_i04_d10
% instance = 1, reference value = 9.117757308372469e-001
% function evaluation | indicator value | target hit
1	1.830700671812712e+003	1.862087136662868e+003
2	5.818324615583468e+002	5.888436553555890e+002
6	1.247297122341955e+002	1.258925411794168e+002
381	9.399987117971851e+001	9.549925860214358e+001
388	9.084205927615199e+001	9.120108393559097e+001
473	8.261723215929003e+001	8.317637711026708e+001
536	4.507842061777955e+001	4.570881896148750e+001
723	4.364820689728362e+001	4.365158322401658e+001
726	4.167542319993054e+001	4.168693834703355e+001
873	3.457584192076227e+001	3.467368504525317e+001
901	2.039610173647539e+001	2.041737944669530e+001
1007	4.560537167634882e+000	4.570881896148751e+000
1674	3.613717358745748e+000	3.630780547701014e+000
1786	2.509122614925333e+000	2.511886431509580e+000
1882	2.156308008540393e+000	2.187761623949553e+000
1902	1.778586406136578e+000	1.819700858609983e+000
2060	1.704028332326748e+000	1.737800828749375e+000
2082	1.445356866583711e+000	1.445439770745927e+000
2137	1.405718694129830e+000	1.412537544622754e+000
2339	1.329500823887009e+000	1.348962882591654e+000
2455	1.230424770550797e+000	1.258925411794167e+000
2546	1.218987960654946e+000	1.230268770812382e+000
2567	1.191633317229267e+000	1.202264434617413e+000
2705	1.118697569132247e+000	1.122018454301963e+000
2907	1.032776053285283e+000	1.047128548050900e+000
3023	9.567104838830187e-001	9.772372209558107e-001
3158	9.111917787383072e-001	9.120108393559098e-001
3827	8.798494484606197e-001	8.912509381337456e-001
3861	7.442687522755668e-001	7.585775750291838e-001
3904	7.189021201585759e-001	7.244359600749900e-001
4060	6.483197327961952e-001	6.606934480075960e-001
4185	6.378254558768084e-001	6.456542290346555e-001
4289	6.132338541716713e-001	6.165950018614822e-001
4629	5.997485443712668e-001	6.025595860743578e-001
4654	5.673514913958022e-001	5.754399373371569e-001
4674	5.380429729808435e-001	5.495408738576245e-001
4711	5.353883114802727e-001	5.370317963702527e-001
4793	5.223183014981718e-001	5.248074602497725e-001
4886	5.075418945828705e-001	5.128613839913648e-001
4891	4.812159657517119e-001	4.897788193684462e-001
4906	4.637548003565292e-001	4.677351412871982e-001
4954	4.556287807160145e-001	4.570881896148750e-001
5130	4.328308508610314e-001	4.365158322401660e-001
5135	4.224013276424039e-001	4.265795188015927e-001
5160	4.081062407781153e-001	4.168693834703354e-001
5167	4.043575733318442e-001	4.073802778041127e-001
5177	3.937265683384140e-001	3.981071705534973e-001
5187	3.694464433296050e-001	3.715352290971726e-001
5207	3.612574451857582e-001	3.630780547701014e-001
5256	3.531405068786520e-001	3.548133892335755e-001
5305	3.406879358337638e-001	3.467368504525316e-001
5332	3.315880038735620e-001	3.388441561392026e-001
5339	3.283628507176701e-001	3.311311214825911e-001
5425	3.198182303675567e-001	3.235936569296283e-001
5453	3.140357313681129e-001	3.162277660168379e-001
5477	3.043022546075198e-001	3.090295432513591e-001
5485	3.011996881145281e-001	3.019951720402016e-001
5506	2.942227324578632e-001	2.951209226666385e-001
5520	2.851202576431668e-001	2.884031503126606e-001
5536	2.793468584721339e-001	2.818382931264454e-001
5572	2.673456668728187e-001	2.691534803926916e-001
5660	2.599126623835664e-001	2.630267991895382e-001
5664	2.540965249251910e-001	2.570395782768864e-001
5700	2.502593793135913e-001	2.511886431509580e-001
5790	2.451870475156484e-001	2.454708915685031e-001
5893	2.378291767846561e-001	2.398832919019490e-001
5958	2.339069007107379e-001	2.344228815319922e-001
6044	2.284398715492773e-001	2.290867652767773e-001
6133	2.148991600173855e-001	2.187761623949552e-001
6210	2.131484368577883e-001	2.137962089502232e-001
6237	2.043358105618378e-001	2.089296130854039e-001
6275	2.040671770413680e-001	2.041737944669530e-001
6492	1.969967800815099e-001	1.995262314968880e-001
6580	1.944492185246868e-001	1.949844599758046e-001
6679	1.868544843484341e-001	1.905460717963247e-001
6750	1.848008556520333e-001	1.862087136662868e-001
6787	1.810737978596708e-001	1.819700858609984e-001
6870	1.744040440426891e-001	1.778279410038923e-001
6943	1.732080628515031e-001	1.737800828749375e-001
7012	1.690906874936422e-001	1.698243652461744e-001
7100	1.659049714559925e-001	1.659586907437561e-001
7147	1.621801842971143e-001	1.621810097358930e-001
7237	1.584871268742829e-001	1.584893192461113e-001
7326	1.546259509962159e-001	1.548816618912481e-001
7373	1.512067615411425e-001	1.513561248436208e-001
7591	1.479021223717896e-001	1.479108388168208e-001
7752	1.442921697065375e-001	1.445439770745928e-001
8078	1.411896672552296e-001	1.412537544622755e-001
8666	1.380027016247780e-001	1.380384264602885e-001
9432	1.348911718355093e-001	1.348962882591654e-001
10791	1.318095966189928e-001	1.318256738556407e-001
14704	1.286425398550319e-001	1.288249551693134e-001
60963	1.258924429776166e-001	1.258925411794167e-001
1000001	1.234842483919699e-001	1.258925411794167e-001
%
% index = 2191, name = bbob_f021_i03_d10__bbob_f021_i05_d10
% instance = 2, reference value = 9.335161092552200e-001
% function evaluation | indicator value | target hit
1	1.692982820851410e+003	1.698243652461744e+003
2	5.380495987375990e+002	5.495408738576248e+002
6	1.153283043421932e+002	1.174897554939529e+002
318	1.142585286101287e+002	1.148153621496883e+002
381	8.690982933536925e+001	8.709635899560806e+001
388	8.398953392677716e+001	8.511380382023764e+001
473	7.638334088778443e+001	7.762471166286916e+001
536	4.166800285703251e+001	4.168693834703355e+001
723	4.034536063702657e+001	4.073802778041128e+001
726	3.852095666019660e+001	3.890451449942807e+001
873	3.195535366069170e+001	3.235936569296283e+001
901	1.884205606518714e+001	1.905460717963247e+001
1007	4.196559224093917e+000	4.265795188015927e+000
1674	3.320530582875673e+000	3.388441561392026e+000
1786	2.298013793201140e+000	2.344228815319922e+000
1882	2.044653472268747e+000	2.089296130854040e+000
1934	1.943853385231288e+000	1.949844599758045e+000
2019	1.878582097155874e+000	1.905460717963247e+000
2037	1.665756177134599e+000	1.698243652461744e+000
2039	1.463867791717889e+000	1.479108388168207e+000
2083	1.122125438012012e+000	1.148153621496883e+000
2516	1.114320344343391e+000	1.122018454301963e+000
2518	1.057360831535280e+000	1.071519305237606e+000
2616	1.020813594671220e+000	1.023292992280754e+000
2724	9.319460587548971e-001	9.332543007969910e-001
3051	9.030217129438612e-001	9.120108393559098e-001
3114	8.720896489227340e-001	8.912509381337456e-001
3334	8.586889663609713e-001	8.709635899560806e-001
3483	8.431768350254600e-001	8.511380382023764e-001
3607	8.266939307421123e-001	8.317637711026710e-001
3610	7.834858093764752e-001	7.943282347242815e-001
3898	7.638653841743928e-001	7.762471166286917e-001
3984	7.576606044525033e-001	7.585775750291838e-001
4048	6.897846874294189e-001	6.918309709189364e-001
4289	6.121136775686864e-001	6.165950018614822e-001
4319	5.708798860288714e-001	5.754399373371569e-001
4571	5.521795019427842e-001	5.623413251903491e-001
4641	5.486167725079758e-001	5.495408738576245e-001
5372	5.364917107549410e-001	5.370317963702527e-001
5537	4.893615899638850e-001	4.897788193684462e-001
5719	4.682333120809740e-001	4.786300923226383e-001
5752	4.657323340753199e-001	4.677351412871982e-001
5883	4.010111439630396e-001	4.073802778041127e-001
5984	3.911111492168395e-001	3.981071705534973e-001
5995	3.862443029401121e-001	3.890451449942806e-001
6075	3.396497380121315e-001	3.467368504525316e-001
6088	3.382975623885802e-001	3.388441561392026e-001
6110	2.869619552530796e-001	2.884031503126606e-001
6455	2.787611103413101e-001	2.818382931264454e-001
6631	2.644755276423279e-001	2.691534803926916e-001
6804	2.434730200254748e-001	2.454708915685031e-001
6805	2.350453403043248e-001	2.398832919019490e-001
6845	2.339347819321537e-001	2.344228815319922e-001
6851	2.204216695128860e-001	2.238721138568340e-001
7086	2.181771121070528e-001	2.187761623949552e-001
7311	2.110429545614577e-001	2.137962089502232e-001
7350	1.994085683752230e-001	1.995262314968880e-001
7648	1.920227899841337e-001	1.949844599758046e-001
7667	1.900266427596757e-001	1.905460717963247e-001
7745	1.822269494968857e-001	1.862087136662868e-001
7966	1.809665653662645e-001	1.819700858609984e-001
8066	1.766669312350249e-001	1.778279410038923e-001
8359	1.733065527468199e-001	1.737800828749375e-001
8464	1.651531805040370e-001	1.659586907437561e-001
8535	1.611915754182524e-001	1.621810097358930e-001
8654	1.579221504655914e-001	1.584893192461113e-001
8884	1.504251147994827e-001	1.513561248436208e-001
8913	1.439398250345915e-001	1.445439770745928e-001
8943	1.411807104231635e-001	1.412537544622755e-001
9061	1.376353224656770e-001	1.380384264602885e-001
9496	1.346461916805416e-001	1.348962882591654e-001
9589	1.305578270002223e-001	1.318256738556407e-001
9637	1.268066458724607e-001	1.288249551693134e-001
9758	1.257800905386091e-001	1.258925411794167e-001
10195	1.213622635509328e-001	1.230268770812382e-001
10373	1.201083537969224e-001	1.202264434617413e-001
10575	1.143626499688274e-001	1.148153621496883e-001
10650	1.117195579434189e-001	1.122018454301964e-001
10876	1.095024192177717e-001	1.096478196143185e-001
11090	1.070668173224130e-001	1.071519305237607e-001
11478	1.046429558244602e-001	1.047128548050900e-001
11772	1.021520365657266e-001	1.023292992280754e-001
12280	9.999813298365212e-002	1.000000000000000e-001
12391	9.772318914044043e-002	9.772372209558107e-002
12921	9.548533135264603e-002	9.549925860214359e-002
13565	9.284558081758232e-002	9.332543007969910e-002
13681	9.107247818425512e-002	9.120108393559097e-002
14009	8.891433697121687e-002	8.912509381337455e-002
14146	8.709583097085372e-002	8.709635899560805e-002
14620	8.468792087156296e-002	8.511380382023763e-002
15182	8.314077176867285e-002	8.317637711026708e-002
15368	8.032021615142893e-002	8.128305161640990e-002
15620	7.909809168527626e-002	7.943282347242814e-002
15785	7.761431477069591e-002	7.762471166286916e-002
17487	7.575321487231279e-002	7.585775750291836e-002
18707	7.412670841777913e-002	7.413102413009177e-002
20197	7.144459883276000e-002	7.244359600749903e-002
21195	7.076525593634320e-002	7.079457843841380e-002
23773	6.918009314853935e-002	6.918309709189366e-002
25564	6.759206037668264e-002	6.760829753919818e-002
27559	6.530356338587640e-002	6.606934480075961e-002
28328	6.452727987746798e-002	6.456542290346556e-002
29780	6.308612981683315e-002	6.309573444801933e-002
34900	6.161508894741441e-002	6.165950018614822e-002
38845	6.009979205687199e-002	6.025595860743578e-002
41838	5.888430435079850e-002	5.888436553555890e-002
45774	5.753799664143211e-002	5.754399373371569e-002
49443	5.620246992006961e-002	5.623413251903491e-002
58768	5.495139519560766e-002	5.495408738576246e-002
76475	5.370173371756959e-002	5.370317963702527e-002
126384	5.248071885141437e-002	5.248074602497726e-002
1000001	5.173289219358379e-002	5.248074602497726e-002
%
% index = 2192, name = bbob_f021_i07_d10__bbob_f021_i08_d10
% instance = 3, reference value = 9.533464306985960e-001
% function evaluation | indicator value | target hit
1	1.709751740729426e+003	1.737800828749376e+003
2	6.694207051281009e+002	6.760829753919819e+002
3	3.457521492107272e+002	3.467368504525317e+002
4	2.282592424428391e+002	2.290867652767772e+002
45	1.374617858873145e+002	1.380384264602885e+002
197	1.069271667934578e+002	1.071519305237606e+002
265	9.868055585610289e+001	1.000000000000000e+002
271	7.591847481996457e+001	7.762471166286916e+001
301	3.099888324701448e+001	3.162277660168379e+001
658	2.661834813508835e+001	2.691534803926916e+001
755	1.377291546914583e+001	1.380384264602885e+001
1066	1.290042478189150e+001	1.318256738556407e+001
1103	1.204644305341884e+001	1.230268770812382e+001
1166	9.424313108075248e+000	9.549925860214358e+000
1216	8.112081630859201e+000	8.128305161640993e+000
1258	5.075488895556373e+000	5.128613839913649e+000
1286	3.452918135097125e+000	3.467368504525317e+000
1687	2.001012725697567e+000	2.041737944669529e+000
1747	1.705237761488436e+000	1.737800828749375e+000
1959	1.451803990459135e+000	1.479108388168207e+000
2064	1.440852371317612e+000	1.445439770745927e+000
2158	1.207560209916879e+000	1.230268770812382e+000
2234	1.072524790264320e+000	1.096478196143185e+000
2327	1.070516461048596e+000	1.071519305237606e+000
2538	1.016801914596372e+000	1.023292992280754e+000
2647	9.689540046755961e-001	9.772372209558107e-001
2886	9.339744385946116e-001	9.549925860214360e-001
3040	9.190301647951907e-001	9.332543007969910e-001
3248	9.098961811091011e-001	9.120108393559098e-001
3405	8.667390450550288e-001	8.709635899560806e-001
3543	8.312642618887993e-001	8.317637711026710e-001
3768	8.124590138134106e-001	8.128305161640993e-001
3896	7.837050741414261e-001	7.943282347242815e-001
3906	7.708760727312524e-001	7.762471166286917e-001
4072	7.579068277749090e-001	7.585775750291838e-001
4192	7.411799497065494e-001	7.413102413009175e-001
4220	5.659463512976857e-001	5.754399373371569e-001
4340	5.434702692306228e-001	5.495408738576245e-001
4361	5.331537773617922e-001	5.370317963702527e-001
4542	4.971070731026276e-001	5.011872336272722e-001
4570	4.872631747109696e-001	4.897788193684462e-001
4660	4.744323201174924e-001	4.786300923226383e-001
4718	4.653360406125463e-001	4.677351412871982e-001
4795	4.356606126466837e-001	4.365158322401660e-001
4902	3.874441359013405e-001	3.890451449942806e-001
5053	3.582221846630413e-001	3.630780547701014e-001
5093	3.526923726095427e-001	3.548133892335755e-001
5204	3.446365631232403e-001	3.467368504525316e-001
5288	3.377378693335128e-001	3.388441561392026e-001
5308	3.266800808540535e-001	3.311311214825911e-001
5412	3.137184755617825e-001	3.162277660168379e-001
5415	3.033824803161982e-001	3.090295432513591e-001
5549	3.006181517407361e-001	3.019951720402016e-001
5613	2.949835023509329e-001	2.951209226666385e-001
5705	2.853461173545929e-001	2.884031503126606e-001
5739	2.041308769440656e-001	2.041737944669530e-001
5845	1.981868174205922e-001	1.995262314968880e-001
5903	1.940258191301013e-001	1.949844599758046e-001
5960	1.626550000740097e-001	1.659586907437561e-001
6131	1.617793294298279e-001	1.621810097358930e-001
6249	1.441976827241041e-001	1.445439770745928e-001
6615	1.152246930492719e-001	1.174897554939529e-001
6656	1.076836430298117e-001	1.096478196143185e-001
6672	1.011566780748215e-001	1.023292992280754e-001
6683	9.871689274002693e-002	1.000000000000000e-001
6742	9.700199081117733e-002	9.772372209558107e-002
6837	9.549138428019388e-002	9.549925860214359e-002
6862	8.911645779109045e-002	8.912509381337455e-002
6883	8.572954480041184e-002	8.709635899560805e-002
6901	8.067468150134494e-002	8.128305161640990e-002
6925	7.819138595110309e-002	7.943282347242814e-002
6940	7.543752171302531e-002	7.585775750291836e-002
6968	6.551769204364244e-002	6.606934480075961e-002
7075	6.425843832456890e-002	6.456542290346556e-002
7088	6.239586013531573e-002	6.309573444801933e-002
7099	5.997937932743336e-002	6.025595860743578e-002
7100	5.808963955605229e-002	5.888436553555890e-002
7110	5.614932383663152e-002	5.623413251903491e-002
7167	5.334012095624130e-002	5.370317963702527e-002
7233	5.219294388384055e-002	5.248074602497726e-002
7249	4.973344838161675e-002	5.011872336272722e-002
7251	4.836213716890125e-002	4.897788193684461e-002
7279	4.435386713850065e-002	4.466835921509630e-002
7281	4.354581509150513e-002	4.365158322401658e-002
7343	4.204380835365662e-002	4.265795188015926e-002
7442	4.014352634748264e-002	4.073802778041128e-002
7461	3.906816336750418e-002	3.981071705534973e-002
7464	3.873912217783027e-002	3.890451449942807e-002
7487	3.618892721960232e-002	3.630780547701014e-002
7488	3.523562558299642e-002	3.548133892335755e-002
7534	3.457411154363310e-002	3.467368504525317e-002
7543	3.218951984395568e-002	3.235936569296283e-002
7583	3.073052124838716e-002	3.090295432513590e-002
7646	3.017915217535128e-002	3.019951720402016e-002
7679	2.941420119597638e-002	2.951209226666385e-002
7691	2.786485167096497e-002	2.818382931264454e-002
7754	2.721055494346136e-002	2.754228703338166e-002
7775	2.666217773091062e-002	2.691534803926915e-002
7803	2.597947784921462e-002	2.630267991895382e-002
7825	2.549787183273877e-002	2.570395782768863e-002
7876	2.482140809450883e-002	2.511886431509579e-002
7890	2.437761316532161e-002	2.454708915685030e-002
7919	2.382864419519604e-002	2.398832919019490e-002
7933	2.343852694011794e-002	2.344228815319923e-002
7987	2.276081461166613e-002	2.290867652767774e-002
7997	2.236952918603130e-002	2.238721138568340e-002
8017	2.169131434603622e-002	2.187761623949553e-002
8032	2.129026694511849e-002	2.137962089502233e-002
8100	2.056655774495886e-002	2.089296130854040e-002
8120	2.036054601672765e-002	2.041737944669530e-002
8157	1.993594966106582e-002	1.995262314968880e-002
8175	1.942262889257407e-002	1.949844599758046e-002
8237	1.902848931367085e-002	1.905460717963247e-002
8257	1.854326998819011e-002	1.862087136662868e-002
8271	1.724746725575121e-002	1.737800828749376e-002
8335	1.690314220730016e-002	1.698243652461744e-002
8410	1.555861143264570e-002	1.584893192461113e-002
8455	1.546459575596015e-002	1.548816618912481e-002
8521	1.512517265587199e-002	1.513561248436208e-002
8577	1.476138010882711e-002	1.479108388168207e-002
8650	1.445131762432594e-002	1.445439770745927e-002
8747	1.411381061629868e-002	1.412537544622754e-002
8866	1.379958216910493e-002	1.380384264602885e-002
8889	1.335178604294729e-002	1.348962882591653e-002
8941	1.299503162934801e-002	1.318256738556408e-002
8999	1.284606923080989e-002	1.288249551693134e-002
9165	1.255624855737825e-002	1.258925411794168e-002
9218	1.229629615936512e-002	1.230268770812382e-002
9350	1.202225963976922e-002	1.202264434617413e-002
9530	1.174097780671535e-002	1.174897554939530e-002
9684	1.146606766125680e-002	1.148153621496883e-002
9828	1.120806816756415e-002	1.122018454301964e-002
9988	1.096345039822022e-002	1.096478196143185e-002
10104	1.068218224617756e-002	1.071519305237607e-002
10106	1.034631137205133e-002	1.047128548050900e-002
10112	9.837083230820776e-003	1.000000000000000e-002
10193	9.769291353257437e-003	9.772372209558112e-003
10532	9.549297774372079e-003	9.549925860214359e-003
10889	9.331707123351962e-003	9.332543007969915e-003
11282	9.103927467392414e-003	9.120108393559097e-003
11626	8.898043809079437e-003	8.912509381337459e-003
11876	8.599869551177419e-003	8.709635899560805e-003
12182	8.511052147705756e-003	8.511380382023768e-003
12959	8.312629900730562e-003	8.317637711026709e-003
13939	8.127512826493266e-003	8.128305161640995e-003
14553	7.819874243990443e-003	7.943282347242814e-003
15233	7.759763048054258e-003	7.762471166286920e-003
17198	7.566358861819111e-003	7.585775750291836e-003
19292	7.408043059514591e-003	7.413102413009177e-003
20188	7.142524202525147e-003	7.244359600749898e-003
22294	7.016801328639133e-003	7.079457843841380e-003
24468	6.918309700126635e-003	6.918309709189363e-003
33697	6.752997899162838e-003	6.760829753919818e-003
40401	6.472040004105284e-003	6.606934480075957e-003
41699	6.421915797583444e-003	6.456542290346556e-003
50546	6.287231040742913e-003	6.309573444801930e-003
78519	6.150819965205168e-003	6.165950018614822e-003
94717	6.019938405840364e-003	6.025595860743574e-003
365958	5.843085661619063e-003	5.888436553555890e-003
588860	5.743370264595149e-003	5.754399373371567e-003
1000001	5.650876342216948e-003	5.754399373371567e-003
%
% index = 2193, name = bbob_f021_i09_d10__bbob_f021_i10_d10
% instance = 4, reference value = 8.534200868887750e-001
% function evaluation | indicator value | target hit
1	1.620567289380338e+003	1.621810097358930e+003
2	5.149645997006436e+002	5.248074602497728e+002
6	1.102989278065152e+002	1.122018454301963e+002
318	1.092748449744455e+002	1.096478196143185e+002
381	8.309427701842168e+001	8.317637711026708e+001
388	8.029871431109068e+001	8.128305161640991e+001
473	7.301739914117469e+001	7.413102413009177e+001
536	3.978481050735015e+001	3.981071705534973e+001
723	3.851865901991656e+001	3.890451449942807e+001
726	3.677217591684698e+001	3.715352290971726e+001
873	3.048698733943177e+001	3.090295432513591e+001
901	1.793370663054705e+001	1.819700858609983e+001
1007	3.912808268487558e+000	3.981071705534972e+000
1674	3.073774007641313e+000	3.090295432513591e+000
1786	2.093004778512672e+000	2.137962089502232e+000
1907	1.840523294227822e+000	1.862087136662868e+000
1977	1.462476437828017e+000	1.479108388168207e+000
2035	9.889823269522686e-001	1.000000000000000e+000
2532	9.498541161348098e-001	9.549925860214360e-001
2594	8.509189910887149e-001	8.511380382023764e-001
3005	8.268261950761351e-001	8.317637711026710e-001
3113	8.029917174477236e-001	8.128305161640993e-001
3222	7.773720471347357e-001	7.943282347242815e-001
3311	7.693349801396028e-001	7.762471166286917e-001
3422	7.516358226763711e-001	7.585775750291838e-001
3575	7.206660140221725e-001	7.244359600749900e-001
3707	6.777570354039282e-001	6.918309709189364e-001
3784	6.704981171468868e-001	6.760829753919818e-001
3825	6.384060753408933e-001	6.456542290346555e-001
3921	6.299483157546708e-001	6.309573444801933e-001
3983	6.083919957254661e-001	6.165950018614822e-001
4081	5.984435010863262e-001	6.025595860743578e-001
4096	5.754920169511713e-001	5.888436553555889e-001
4103	5.670367229387846e-001	5.754399373371569e-001
4146	5.511787125740353e-001	5.623413251903491e-001
4244	5.372481884739502e-001	5.495408738576245e-001
4258	5.278215864296054e-001	5.370317963702527e-001
4262	5.242578152578263e-001	5.248074602497725e-001
4318	4.918099327433297e-001	5.011872336272722e-001
4320	4.853328841481837e-001	4.897788193684462e-001
4532	4.766319101718893e-001	4.786300923226383e-001
4637	4.204796790653216e-001	4.265795188015927e-001
4669	4.126358985018230e-001	4.168693834703354e-001
4746	4.069337565070071e-001	4.073802778041127e-001
4832	3.927801660427508e-001	3.981071705534973e-001
4841	3.680099769115316e-001	3.715352290971726e-001
4864	3.570825096248864e-001	3.630780547701014e-001
4977	3.494006170359307e-001	3.548133892335755e-001
4981	3.432216285570133e-001	3.467368504525316e-001
5050	3.150524252160238e-001	3.162277660168379e-001
5157	3.037139968313023e-001	3.090295432513591e-001
5214	2.968447539106323e-001	3.019951720402016e-001
5300	2.877848606294513e-001	2.884031503126606e-001
5363	2.815421137861071e-001	2.818382931264454e-001
5463	2.734016974548547e-001	2.754228703338166e-001
5474	2.662068607708082e-001	2.691534803926916e-001
5502	2.606519622731489e-001	2.630267991895382e-001
5525	2.534575309787207e-001	2.570395782768864e-001
5570	2.504290780362348e-001	2.511886431509580e-001
5597	2.453234334226645e-001	2.454708915685031e-001
5636	2.387751761559157e-001	2.398832919019490e-001
5700	2.336563373538043e-001	2.344228815319922e-001
5804	2.289535626664921e-001	2.290867652767773e-001
5813	2.225832731380721e-001	2.238721138568340e-001
5844	2.137142110388135e-001	2.137962089502232e-001
5879	2.044671817706218e-001	2.089296130854039e-001
5884	2.040698630533617e-001	2.041737944669530e-001
5930	1.990393933745002e-001	1.995262314968880e-001
6021	1.937495426727129e-001	1.949844599758046e-001
6041	1.871136304162258e-001	1.905460717963247e-001
6081	1.826430145758119e-001	1.862087136662868e-001
6083	1.794774605220383e-001	1.819700858609984e-001
6128	1.766541429627055e-001	1.778279410038923e-001
6139	1.733755341217734e-001	1.737800828749375e-001
6199	1.693191638480007e-001	1.698243652461744e-001
6243	1.654389905835272e-001	1.659586907437561e-001
6291	1.620643179506687e-001	1.621810097358930e-001
6382	1.572972085192946e-001	1.584893192461113e-001
6492	1.547835893643402e-001	1.548816618912481e-001
6528	1.512921281382391e-001	1.513561248436208e-001
6602	1.468796568742126e-001	1.479108388168208e-001
6659	1.420907039274674e-001	1.445439770745928e-001
6683	1.412276543832280e-001	1.412537544622755e-001
6789	1.377225511330574e-001	1.380384264602885e-001
6832	1.348347815340018e-001	1.348962882591654e-001
6946	1.314689269540059e-001	1.318256738556407e-001
7080	1.281239121761593e-001	1.288249551693134e-001
7136	1.255937911641364e-001	1.258925411794167e-001
7212	1.226027632284124e-001	1.230268770812382e-001
7323	1.196956335174819e-001	1.202264434617413e-001
7444	1.174889140116248e-001	1.174897554939529e-001
7505	1.145643066748885e-001	1.148153621496883e-001
7526	1.121136057181623e-001	1.122018454301964e-001
7678	1.095482881625104e-001	1.096478196143185e-001
7835	1.066218391036657e-001	1.071519305237607e-001
7946	1.045511511399565e-001	1.047128548050900e-001
8004	1.022115707314695e-001	1.023292992280754e-001
8135	9.993699239753873e-002	1.000000000000000e-001
8260	9.743966513606361e-002	9.772372209558107e-002
8518	9.543535318621277e-002	9.549925860214359e-002
8816	9.317092789014758e-002	9.332543007969910e-002
9098	9.108644464208904e-002	9.120108393559097e-002
9679	8.902627761059279e-002	8.912509381337455e-002
10482	8.709254527859256e-002	8.709635899560805e-002
11414	8.500212723529099e-002	8.511380382023763e-002
12585	8.315056444818425e-002	8.317637711026708e-002
14970	8.127071021350407e-002	8.128305161640990e-002
18658	7.943280307704115e-002	7.943282347242814e-002
32051	7.755821423592602e-002	7.762471166286916e-002
1000001	7.591663611380906e-002	7.762471166286916e-002
%
% index = 2194, name = bbob_f021_i11_d10__bbob_f021_i12_d10
% instance = 5, reference value = 9.324835931692010e-001
% function evaluation | indicator value | target hit
1	1.737716609729006e+003	1.737800828749376e+003
2	5.522760842900184e+002	5.623413251903490e+002
6	1.183887212137415e+002	1.202264434617413e+002
318	1.172906878475919e+002	1.174897554939529e+002
381	8.921958742401671e+001	9.120108393559097e+001
388	8.622215432587939e+001	8.709635899560806e+001
473	7.841504914375238e+001	7.943282347242814e+001
536	4.278274817269730e+001	4.365158322401658e+001
723	4.142517120523136e+001	4.168693834703355e+001
726	3.955257981856524e+001	3.981071705534973e+001
873	3.281356531403727e+001	3.311311214825911e+001
901	1.935395581587776e+001	1.949844599758045e+001
1007	4.322357242118502e+000	4.365158322401660e+000
1674	3.423514576105195e+000	3.467368504525317e+000
1786	2.374867255417028e+000	2.398832919019490e+000
1882	2.114925788021211e+000	2.137962089502232e+000
1934	2.012037175750772e+000	2.041737944669529e+000
2019	1.945325600733970e+000	1.949844599758045e+000
2037	1.727546413570217e+000	1.737800828749375e+000
2039	1.527244360389832e+000	1.548816618912481e+000
2083	1.205937055272744e+000	1.230268770812382e+000
2531	1.194809851724503e+000	1.202264434617413e+000
2552	1.172408981379947e+000	1.174897554939530e+000
2563	1.137529409109849e+000	1.148153621496883e+000
2577	9.584991656927011e-001	9.772372209558107e-001
2615	9.430538545982010e-001	9.549925860214360e-001
2918	9.323209172114512e-001	9.332543007969910e-001
3283	8.883369965028866e-001	8.912509381337456e-001
3401	8.662519828468542e-001	8.709635899560806e-001
3772	8.418350947782181e-001	8.511380382023764e-001
3869	8.282599585536442e-001	8.317637711026710e-001
4130	8.085589315052492e-001	8.128305161640993e-001
4207	7.735966677850413e-001	7.762471166286917e-001
4307	7.569275516712593e-001	7.585775750291838e-001
4484	7.265534625533663e-001	7.413102413009175e-001
4546	5.908401791684761e-001	6.025595860743578e-001
4603	5.826526388726862e-001	5.888436553555889e-001
4678	5.715011112874519e-001	5.754399373371569e-001
4849	5.529091394817038e-001	5.623413251903491e-001
4894	5.488079117013214e-001	5.495408738576245e-001
4897	5.365844906609356e-001	5.370317963702527e-001
4929	5.238845892052380e-001	5.248074602497725e-001
5057	5.093528907727002e-001	5.128613839913648e-001
5058	4.926063767967337e-001	5.011872336272722e-001
5122	4.818056658637772e-001	4.897788193684462e-001
5128	4.750378332961665e-001	4.786300923226383e-001
5185	4.675439645181615e-001	4.677351412871982e-001
5225	3.970152900650515e-001	3.981071705534973e-001
5251	3.190581585863151e-001	3.235936569296283e-001
5255	3.104733987217471e-001	3.162277660168379e-001
5285	3.053065243437442e-001	3.090295432513591e-001
5303	2.623153539516824e-001	2.630267991895382e-001
5406	2.499990936232808e-001	2.511886431509580e-001
5414	2.395420980023895e-001	2.398832919019490e-001
5464	2.332681267693415e-001	2.344228815319922e-001
5477	2.243540910284458e-001	2.290867652767773e-001
5490	2.197572303643006e-001	2.238721138568340e-001
5491	2.173805169686447e-001	2.187761623949552e-001
5513	2.011312644611012e-001	2.041737944669530e-001
5520	1.899164054933096e-001	1.905460717963247e-001
5589	1.852441989103922e-001	1.862087136662868e-001
5796	1.801818218153853e-001	1.819700858609984e-001
5909	1.716357353443498e-001	1.737800828749375e-001
5994	1.697420454754943e-001	1.698243652461744e-001
6024	1.646225513534578e-001	1.659586907437561e-001
6170	1.551408393795505e-001	1.584893192461113e-001
6174	1.542159589250740e-001	1.548816618912481e-001
6295	1.510896822415520e-001	1.513561248436208e-001
6341	1.465696848477782e-001	1.479108388168208e-001
6356	1.438802495044386e-001	1.445439770745928e-001
6395	1.396083466740116e-001	1.412537544622755e-001
6425	1.276804705175136e-001	1.288249551693134e-001
6448	1.255713674658771e-001	1.258925411794167e-001
6512	1.216626223852159e-001	1.230268770812382e-001
6577	1.202092326046561e-001	1.202264434617413e-001
6770	1.173653872037184e-001	1.174897554939529e-001
6856	1.091908393599870e-001	1.096478196143185e-001
6874	1.039159578627642e-001	1.047128548050900e-001
6910	1.020422507471397e-001	1.023292992280754e-001
6946	9.903475901200776e-002	1.000000000000000e-001
6949	9.665372378769344e-002	9.772372209558107e-002
7001	9.298522766953177e-002	9.332543007969910e-002
7069	8.297027592955586e-002	8.317637711026708e-002
7102	7.778713916589330e-002	7.943282347242814e-002
7119	7.676805766991990e-002	7.762471166286916e-002
7213	7.438428427080124e-002	7.585775750291836e-002
7321	7.382107060432108e-002	7.413102413009177e-002
7428	7.230550230421262e-002	7.244359600749903e-002
7558	7.017903150626292e-002	7.079457843841380e-002
7679	6.907672998489922e-002	6.918309709189366e-002
7761	6.756811974688115e-002	6.760829753919818e-002
7963	6.436923707141784e-002	6.456542290346556e-002
8070	6.309068542889196e-002	6.309573444801933e-002
8190	6.054612903720091e-002	6.165950018614822e-002
8277	5.992350395696056e-002	6.025595860743578e-002
8553	5.873170317280141e-002	5.888436553555890e-002
8707	5.735842946821990e-002	5.754399373371569e-002
8739	5.519422753257031e-002	5.623413251903491e-002
8855	5.284595940457026e-002	5.370317963702527e-002
8986	5.239998335545693e-002	5.248074602497726e-002
9085	5.067410997458577e-002	5.128613839913648e-002
9329	5.010598984720227e-002	5.011872336272722e-002
9499	4.893751969770588e-002	4.897788193684461e-002
9717	4.777109958221071e-002	4.786300923226383e-002
9799	4.668019879769159e-002	4.677351412871982e-002
10022	4.557274159034630e-002	4.570881896148749e-002
10355	4.438619200722260e-002	4.466835921509630e-002
10565	4.335909659476989e-002	4.365158322401658e-002
10785	4.249895343715804e-002	4.265795188015926e-002
11085	4.167891053364270e-002	4.168693834703355e-002
11341	4.054443773522509e-002	4.073802778041128e-002
11460	3.952711491017136e-002	3.981071705534973e-002
11625	3.886567469188329e-002	3.890451449942807e-002
12025	3.765766125388192e-002	3.801893963205612e-002
12115	3.709786379908198e-002	3.715352290971726e-002
12218	3.629724210639840e-002	3.630780547701014e-002
12505	3.543680944305649e-002	3.548133892335755e-002
12787	3.465491497482143e-002	3.467368504525317e-002
12876	3.364282317284995e-002	3.388441561392026e-002
13204	3.259761877542644e-002	3.311311214825911e-002
13322	3.231635993225313e-002	3.235936569296283e-002
13492	3.160046703128183e-002	3.162277660168379e-002
13716	3.070563804008675e-002	3.090295432513590e-002
13878	3.010009406691971e-002	3.019951720402016e-002
14078	2.946628648099092e-002	2.951209226666385e-002
14335	2.871811299123872e-002	2.884031503126606e-002
14418	2.808349019321033e-002	2.818382931264454e-002
14637	2.752979475131734e-002	2.754228703338166e-002
15025	2.691415660454288e-002	2.691534803926915e-002
15363	2.615267384963393e-002	2.630267991895382e-002
15683	2.553369589825261e-002	2.570395782768863e-002
16204	2.506662524593262e-002	2.511886431509579e-002
16715	2.450592401180762e-002	2.454708915685030e-002
16989	2.381986935667757e-002	2.398832919019490e-002
17150	2.341683300322139e-002	2.344228815319923e-002
17205	2.287311826419236e-002	2.290867652767774e-002
17441	2.229509364741178e-002	2.238721138568340e-002
17655	2.153368785269405e-002	2.187761623949553e-002
17824	2.137744972478117e-002	2.137962089502233e-002
18101	2.037634110771303e-002	2.041737944669530e-002
18418	1.983386579802293e-002	1.995262314968880e-002
18520	1.931768841953674e-002	1.949844599758046e-002
18768	1.897184830670939e-002	1.905460717963247e-002
18906	1.754893147719150e-002	1.778279410038923e-002
19159	1.713046388180106e-002	1.737800828749376e-002
19251	1.696763488971109e-002	1.698243652461744e-002
19419	1.635263703435852e-002	1.659586907437561e-002
19583	1.621513610574232e-002	1.621810097358930e-002
19836	1.575189985714665e-002	1.584893192461113e-002
20080	1.545247105778924e-002	1.548816618912481e-002
20248	1.512120721678389e-002	1.513561248436208e-002
20512	1.467405374072017e-002	1.479108388168207e-002
20778	1.444107590442445e-002	1.445439770745927e-002
20916	1.397036070123514e-002	1.412537544622754e-002
20992	1.360573413340838e-002	1.380384264602885e-002
21022	1.348576451763117e-002	1.348962882591653e-002
21401	1.316442073136204e-002	1.318256738556408e-002
21412	1.242114066295552e-002	1.258925411794168e-002
21465	1.230119531715546e-002	1.230268770812382e-002
21824	1.200590625954479e-002	1.202264434617413e-002
22076	1.171889990900832e-002	1.174897554939530e-002
22440	1.108776909722153e-002	1.122018454301964e-002
22571	1.091851719261971e-002	1.096478196143185e-002
22812	1.061613796726124e-002	1.071519305237607e-002
22988	1.041841639503671e-002	1.047128548050900e-002
23147	1.023194208080092e-002	1.023292992280754e-002
23366	9.998390783153677e-003	1.000000000000000e-002
23753	9.693795309323350e-003	9.772372209558112e-003
23865	9.252044723002895e-003	9.332543007969915e-003
24070	9.108968738559931e-003	9.120108393559097e-003
24197	8.904452506285576e-003	8.912509381337459e-003
24568	8.691175391746353e-003	8.709635899560805e-003
24836	8.510536482076669e-003	8.511380382023768e-003
24962	8.314965327467228e-003	8.317637711026709e-003
25051	7.987566765224274e-003	8.128305161640995e-003
25314	7.942760640660906e-003	7.943282347242814e-003
25611	7.761902269762255e-003	7.762471166286920e-003
26240	7.576145476704932e-003	7.585775750291836e-003
26391	7.381885702929081e-003	7.413102413009177e-003
26471	7.180209119382996e-003	7.244359600749898e-003
26670	7.073729106380045e-003	7.079457843841380e-003
26823	6.899761025891626e-003	6.918309709189363e-003
27017	6.396804831762082e-003	6.456542290346556e-003
27086	6.247436272019180e-003	6.309573444801930e-003
27293	6.162016215807253e-003	6.165950018614822e-003
27594	6.013532664936538e-003	6.025595860743574e-003
28023	5.884662933381191e-003	5.888436553555890e-003
28253	5.702547144713965e-003	5.754399373371567e-003
28275	5.611310945108250e-003	5.623413251903491e-003
28280	5.369553008423011e-003	5.370317963702527e-003
28445	5.233508637012552e-003	5.248074602497728e-003
28488	5.128415123220265e-003	5.128613839913648e-003
29003	5.011310750825615e-003	5.011872336272725e-003
29329	4.854545503975349e-003	4.897788193684461e-003
29519	4.773823609893868e-003	4.786300923226385e-003
29956	4.674944294952188e-003	4.677351412871981e-003
30137	4.569844666087786e-003	4.570881896148752e-003
30315	4.444860843184517e-003	4.466835921509631e-003
30531	4.343210080245963e-003	4.365158322401661e-003
31084	4.264079598427228e-003	4.265795188015926e-003
31420	4.064648760742640e-003	4.073802778041126e-003
31722	3.965101076241817e-003	3.981071705534973e-003
32211	3.889854892829781e-003	3.890451449942805e-003
32327	3.798882216372146e-003	3.801893963205613e-003
32845	3.713890065253689e-003	3.715352290971724e-003
33147	3.599919739947444e-003	3.630780547701014e-003
33350	3.530413981838176e-003	3.548133892335753e-003
33718	3.463343194502699e-003	3.467368504525317e-003
34139	3.387872413427306e-003	3.388441561392024e-003
34296	3.307721672071495e-003	3.311311214825911e-003
34703	3.234690533230000e-003	3.235936569296281e-003
35048	3.157504482592444e-003	3.162277660168379e-003
35229	3.088938767925931e-003	3.090295432513592e-003
35699	3.018719649511059e-003	3.019951720402016e-003
36093	2.950064751872983e-003	2.951209226666387e-003
36711	2.883339389787354e-003	2.884031503126606e-003
37313	2.817316508476830e-003	2.818382931264455e-003
37404	2.716155145002785e-003	2.754228703338166e-003
37584	2.689512589359344e-003	2.691534803926917e-003
38223	2.626133950412113e-003	2.630267991895381e-003
38440	2.570287092976020e-003	2.570395782768865e-003
38956	2.511490023261009e-003	2.511886431509579e-003
39434	2.445651808359983e-003	2.454708915685031e-003
39900	2.397656553877026e-003	2.398832919019490e-003
40458	2.344123022440026e-003	2.344228815319923e-003
41059	2.290442655415226e-003	2.290867652767772e-003
41714	2.237988052914641e-003	2.238721138568340e-003
42680	2.185716162310114e-003	2.187761623949552e-003
43491	2.136338775715507e-003	2.137962089502233e-003
44549	2.089148458968015e-003	2.089296130854039e-003
45368	2.038493201481750e-003	2.041737944669530e-003
46013	1.993655871014410e-003	1.995262314968879e-003
46973	1.946304207725458e-003	1.949844599758046e-003
47693	1.905010565365628e-003	1.905460717963246e-003
48575	1.860854842241855e-003	1.862087136662868e-003
49226	1.819559374904300e-003	1.819700858609983e-003
50135	1.777089898654771e-003	1.778279410038923e-003
50967	1.735806358350578e-003	1.737800828749376e-003
51998	1.697069065343837e-003	1.698243652461744e-003
53218	1.655618119489222e-003	1.659586907437561e-003
54359	1.621375189856833e-003	1.621810097358930e-003
55546	1.581441600459033e-003	1.584893192461114e-003
56716	1.548650048114331e-003	1.548816618912481e-003
57853	1.511597012335830e-003	1.513561248436209e-003
59127	1.477239641152983e-003	1.479108388168207e-003
59886	1.444204470756105e-003	1.445439770745928e-003
61735	1.412335760195616e-003	1.412537544622754e-003
63199	1.379885858610042e-003	1.380384264602885e-003
64650	1.348657405521037e-003	1.348962882591653e-003
65810	1.313135301742041e-003	1.318256738556408e-003
67225	1.286851367001241e-003	1.288249551693134e-003
69135	1.258693233799790e-003	1.258925411794168e-003
70608	1.229723810153738e-003	1.230268770812381e-003
72287	1.201921549978668e-003	1.202264434617413e-003
74264	1.174837943199614e-003	1.174897554939529e-003
76395	1.148024040084072e-003	1.148153621496883e-003
78517	1.121861471059638e-003	1.122018454301963e-003
80158	1.096404847465760e-003	1.096478196143185e-003
83236	1.071412701406760e-003	1.071519305237606e-003
85080	1.046949513287210e-003	1.047128548050900e-003
86810	1.023091831707124e-003	1.023292992280754e-003
89385	9.983185221420499e-004	1.000000000000000e-003
91598	9.768471753611729e-004	9.772372209558111e-004
94377	9.549514948566928e-004	9.549925860214359e-004
96653	9.319335254687200e-004	9.332543007969915e-004
100184	9.117642378589919e-004	9.120108393559096e-004
102744	8.900237371173292e-004	8.912509381337459e-004
105582	8.704090938600473e-004	8.709635899560805e-004
107553	8.510951575267933e-004	8.511380382023768e-004
110322	8.317497291943088e-004	8.317637711026709e-004
112788	8.127953785775910e-004	8.128305161640995e-004
114675	7.941723146563939e-004	7.943282347242813e-004
116474	7.744218470882025e-004	7.762471166286919e-004
118702	7.584652389714952e-004	7.585775750291835e-004
122051	7.411151785410297e-004	7.413102413009177e-004
123923	7.243863026510367e-004	7.244359600749898e-004
126314	7.012059737278031e-004	7.079457843841380e-004
127656	6.893718654970016e-004	6.918309709189362e-004
129551	6.760311316190704e-004	6.760829753919819e-004
131527	6.603118656416385e-004	6.606934480075958e-004
133935	6.450498460155441e-004	6.456542290346556e-004
136840	6.300876206334349e-004	6.309573444801930e-004
139234	6.165842454245452e-004	6.165950018614822e-004
142720	6.023244080127777e-004	6.025595860743575e-004
146694	5.887613429184091e-004	5.888436553555889e-004
149061	5.740408000415309e-004	5.754399373371566e-004
152881	5.623156304579435e-004	5.623413251903491e-004
156721	5.494373237289185e-004	5.495408738576249e-004
159587	5.369002396744538e-004	5.370317963702527e-004
163731	5.247349639113663e-004	5.248074602497728e-004
168088	5.127252057317566e-004	5.128613839913648e-004
170947	5.008671037485257e-004	5.011872336272725e-004
175817	4.897480045574776e-004	4.897788193684461e-004
180543	4.786118515784921e-004	4.786300923226385e-004
185226	4.675585033929730e-004	4.677351412871981e-004
191478	4.563352142520349e-004	4.570881896148752e-004
195967	4.463542572963331e-004	4.466835921509631e-004
201109	4.358339021689472e-004	4.365158322401661e-004
206080	4.265675633419175e-004	4.265795188015926e-004
213065	4.168443847784031e-004	4.168693834703355e-004
220515	4.073688278570797e-004	4.073802778041126e-004
226159	3.980798742884151e-004	3.981071705534974e-004
234329	3.888507553277965e-004	3.890451449942804e-004
238828	3.800832542074639e-004	3.801893963205612e-004
244399	3.714805670459453e-004	3.715352290971724e-004
252053	3.630715704958654e-004	3.630780547701014e-004
258981	3.545574412751051e-004	3.548133892335753e-004
266382	3.464586359995803e-004	3.467368504525317e-004
273180	3.337167602631697e-004	3.388441561392024e-004
276338	3.311085679427173e-004	3.311311214825911e-004
285946	3.235373392008745e-004	3.235936569296281e-004
290689	3.162129809107794e-004	3.162277660168379e-004
298731	3.088617560248474e-004	3.090295432513592e-004
306708	3.018612314720226e-004	3.019951720402016e-004
317806	2.950337036461415e-004	2.951209226666387e-004
326055	2.883876221573267e-004	2.884031503126606e-004
336086	2.818289918529171e-004	2.818382931264455e-004
348763	2.754204380612801e-004	2.754228703338166e-004
358418	2.691455767164230e-004	2.691534803926917e-004
369055	2.629495093365852e-004	2.630267991895381e-004
379026	2.570253073522766e-004	2.570395782768865e-004
392656	2.511665830748910e-004	2.511886431509580e-004
407010	2.454542107690472e-004	2.454708915685031e-004
426936	2.398537696253200e-004	2.398832919019490e-004
446064	2.344031811531977e-004	2.344228815319923e-004
464115	2.289418121164122e-004	2.290867652767772e-004
480151	2.238145252726476e-004	2.238721138568340e-004
498065	2.187726913770449e-004	2.187761623949552e-004
520790	2.137938069214362e-004	2.137962089502232e-004
538342	2.089191347264263e-004	2.089296130854039e-004
553575	2.041707452938857e-004	2.041737944669530e-004
576305	1.995076306926524e-004	1.995262314968879e-004
600731	1.949807715448948e-004	1.949844599758046e-004
623201	1.904976818023485e-004	1.905460717963246e-004
651622	1.861991885065972e-004	1.862087136662868e-004
673053	1.819431950663697e-004	1.819700858609983e-004
700847	1.778051769024680e-004	1.778279410038923e-004
732446	1.737274218402973e-004	1.737800828749376e-004
756485	1.698071899155496e-004	1.698243652461744e-004
780338	1.659273375030912e-004	1.659586907437562e-004
793803	1.620541587168400e-004	1.621810097358930e-004
803896	1.581718860877990e-004	1.584893192461114e-004
816926	1.531225773102607e-004	1.548816618912481e-004
828085	1.512252453620411e-004	1.513561248436209e-004
848715	1.479026895387925e-004	1.479108388168207e-004
869109	1.445421935796221e-004	1.445439770745928e-004
894354	1.411702471403320e-004	1.412537544622754e-004
921576	1.328226350496564e-004	1.348962882591653e-004
931338	1.318243424075494e-004	1.318256738556407e-004
958661	1.288247973083578e-004	1.288249551693134e-004
995973	1.258879212160391e-004	1.258925411794167e-004
1000001	1.254749871262284e-004	1.258925411794167e-004
%
% index = 2195, name = bbob_f021_i13_d10__bbob_f021_i14_d10
% instance = 6, reference value = 8.721645915692050e-001
% function evaluation | indicator value | target hit
1	1.648410026776638e+003	1.659586907437561e+003
2	5.238318359078362e+002	5.248074602497728e+002
6	1.122208763265287e+002	1.148153621496883e+002
318	1.111792171812447e+002	1.122018454301963e+002
381	8.454931317037567e+001	8.511380382023764e+001
388	8.170577041059521e+001	8.317637711026708e+001
473	7.429948663290926e+001	7.585775750291836e+001
536	4.049653405647382e+001	4.073802778041128e+001
723	3.920865216528628e+001	3.981071705534973e+001
726	3.743219500696365e+001	3.801893963205612e+001
873	3.103913761939316e+001	3.162277660168379e+001
901	1.827042177759555e+001	1.862087136662868e+001
1007	4.009066966414451e+000	4.073802778041127e+000
1636	3.671831624926068e+000	3.715352290971725e+000
1674	3.155712171978013e+000	3.162277660168379e+000
1786	2.159047261345855e+000	2.187761623949553e+000
1870	1.490760060523427e+000	1.513561248436208e+000
1918	1.235027480103266e+000	1.258925411794167e+000
2132	1.227782758647480e+000	1.230268770812382e+000
2187	1.063462542020705e+000	1.071519305237606e+000
2283	1.021923589235996e+000	1.023292992280754e+000
2320	8.669652849670068e-001	8.709635899560806e-001
2935	8.424441758920511e-001	8.511380382023764e-001
3150	8.307577430306702e-001	8.317637711026710e-001
3181	8.065983709398732e-001	8.128305161640993e-001
3299	7.891894997723145e-001	7.943282347242815e-001
3594	7.674625052069790e-001	7.762471166286917e-001
3797	7.584908728495619e-001	7.585775750291838e-001
3815	7.368776505215828e-001	7.413102413009175e-001
3873	7.088334867347579e-001	7.244359600749900e-001
3950	7.071243526160165e-001	7.079457843841379e-001
4051	6.910909105951071e-001	6.918309709189364e-001
4134	6.702512365010691e-001	6.760829753919818e-001
4451	6.581853306767100e-001	6.606934480075960e-001
4566	6.442562477011880e-001	6.456542290346555e-001
4627	6.142954370910844e-001	6.165950018614822e-001
4695	5.945758712577716e-001	6.025595860743578e-001
4914	5.860388475827940e-001	5.888436553555889e-001
5180	5.596206708770234e-001	5.623413251903491e-001
5270	5.413050529725192e-001	5.495408738576245e-001
5321	5.346018092263586e-001	5.370317963702527e-001
5362	4.934086231433103e-001	5.011872336272722e-001
5388	4.884147115577041e-001	4.897788193684462e-001
5393	4.678938249293265e-001	4.786300923226383e-001
5397	4.620099679903138e-001	4.677351412871982e-001
5514	4.438467157961793e-001	4.466835921509632e-001
5573	4.246107561181897e-001	4.265795188015927e-001
5902	4.129541155309814e-001	4.168693834703354e-001
5928	4.068803059002712e-001	4.073802778041127e-001
6185	3.977094616922413e-001	3.981071705534973e-001
6236	3.813823356257778e-001	3.890451449942806e-001
6327	3.681244129086502e-001	3.715352290971726e-001
6401	3.568257078247238e-001	3.630780547701014e-001
6468	3.527003155409998e-001	3.548133892335755e-001
6551	3.457419351531328e-001	3.467368504525316e-001
6651	3.277548336927186e-001	3.311311214825911e-001
6733	3.235200333372404e-001	3.235936569296283e-001
6984	3.153923853127175e-001	3.162277660168379e-001
7171	3.000932896262959e-001	3.019951720402016e-001
7341	2.948802998760857e-001	2.951209226666385e-001
7482	2.845444200916689e-001	2.884031503126606e-001
7537	2.793804069881218e-001	2.818382931264454e-001
7656	2.739854283897301e-001	2.754228703338166e-001
7824	2.680979666471823e-001	2.691534803926916e-001
7903	2.619854689151481e-001	2.630267991895382e-001
8182	2.564926157663668e-001	2.570395782768864e-001
8307	2.511105814427572e-001	2.511886431509580e-001
8371	2.451412265304638e-001	2.454708915685031e-001
8560	2.394932477740782e-001	2.398832919019490e-001
8776	2.344021540405863e-001	2.344228815319922e-001
8903	2.288736216839713e-001	2.290867652767773e-001
9137	2.235978843440515e-001	2.238721138568340e-001
9342	2.185142298002540e-001	2.187761623949552e-001
9521	2.135867869634264e-001	2.137962089502232e-001
9538	2.053238152197624e-001	2.089296130854039e-001
9603	2.034174855984512e-001	2.041737944669530e-001
9724	1.988803979664551e-001	1.995262314968880e-001
9869	1.948253716470965e-001	1.949844599758046e-001
10012	1.894752280923955e-001	1.905460717963247e-001
10217	1.861998557169258e-001	1.862087136662868e-001
10670	1.818580864556708e-001	1.819700858609984e-001
10879	1.777442263630421e-001	1.778279410038923e-001
11343	1.737506389580543e-001	1.737800828749375e-001
12057	1.694097734464917e-001	1.698243652461744e-001
12224	1.624501224025492e-001	1.659586907437561e-001
12277	1.621660441449557e-001	1.621810097358930e-001
12816	1.584846276450830e-001	1.584893192461113e-001
13104	1.548051151265316e-001	1.548816618912481e-001
13595	1.506209342725035e-001	1.513561248436208e-001
13767	1.479015169930991e-001	1.479108388168208e-001
14448	1.444877039115681e-001	1.445439770745928e-001
15023	1.410751559009371e-001	1.412537544622755e-001
16245	1.375253697114899e-001	1.380384264602885e-001
17357	1.348620118835670e-001	1.348962882591654e-001
18727	1.317735851951547e-001	1.318256738556407e-001
20154	1.281397464590784e-001	1.288249551693134e-001
21240	1.257324535605350e-001	1.258925411794167e-001
22681	1.230109505222605e-001	1.230268770812382e-001
23785	1.202141218197993e-001	1.202264434617413e-001
24964	1.172680983288352e-001	1.174897554939529e-001
26402	1.140848844008443e-001	1.148153621496883e-001
27802	1.118559591976461e-001	1.122018454301964e-001
28953	1.095909107209406e-001	1.096478196143185e-001
30634	1.064312532801061e-001	1.071519305237607e-001
31947	1.038507505112101e-001	1.047128548050900e-001
32783	1.023280643231894e-001	1.023292992280754e-001
35050	9.999570790900403e-002	1.000000000000000e-001
37354	9.772238634968156e-002	9.772372209558107e-002
40464	9.548100112547764e-002	9.549925860214359e-002
45484	9.331761816842632e-002	9.332543007969910e-002
71677	9.120096749887630e-002	9.120108393559097e-002
1000001	9.040508403010727e-002	9.120108393559097e-002
%
% index = 2196, name = bbob_f021_i15_d10__bbob_f021_i16_d10
% instance = 7, reference value = 9.381749031486210e-001
% function evaluation | indicator value | target hit
1	1.867561467819093e+003	1.905460717963246e+003
2	5.935674598949114e+002	6.025595860743575e+002
6	1.272682659868247e+002	1.288249551693134e+002
381	9.592014861413314e+001	9.772372209558107e+001
388	9.269880130406615e+001	9.332543007969910e+001
473	8.430848865636433e+001	8.511380382023764e+001
536	4.601433261736398e+001	4.677351412871981e+001
723	4.455533685677524e+001	4.466835921509630e+001
726	4.254285138478321e+001	4.265795188015925e+001
873	3.530038152696766e+001	3.548133892335755e+001
901	2.083513902684771e+001	2.089296130854040e+001
1007	4.678689542813251e+000	4.786300923226384e+000
1636	4.296606408295291e+000	4.365158322401660e+000
1674	3.711832769558249e+000	3.715352290971725e+000
1715	2.941319379809219e+000	2.951209226666386e+000
1766	1.830353148505858e+000	1.862087136662868e+000
2089	1.457853080552721e+000	1.479108388168207e+000
2417	1.313122919293750e+000	1.318256738556407e+000
2499	1.228412212776771e+000	1.230268770812382e+000
2736	1.190366739876364e+000	1.202264434617413e+000
2891	1.165060833757621e+000	1.174897554939530e+000
2897	1.117763815100185e+000	1.122018454301963e+000
3060	1.073072067585121e+000	1.096478196143185e+000
3364	1.053333071354110e+000	1.071519305237606e+000
3382	1.032437165778621e+000	1.047128548050900e+000
3428	9.183003461622286e-001	9.332543007969910e-001
3829	9.116961400877874e-001	9.120108393559098e-001
3844	8.768227024512714e-001	8.912509381337456e-001
3989	8.704652454378959e-001	8.709635899560806e-001
4216	8.380867017140214e-001	8.511380382023764e-001
4310	8.221093118949810e-001	8.317637711026710e-001
4346	8.106710626445124e-001	8.128305161640993e-001
4480	7.765759390813295e-001	7.943282347242815e-001
4491	7.753822407848006e-001	7.762471166286917e-001
4676	7.313047617510187e-001	7.413102413009175e-001
4778	7.011994551563459e-001	7.079457843841379e-001
5034	6.894356319922874e-001	6.918309709189364e-001
5058	6.748308734422408e-001	6.760829753919818e-001
5100	6.563625515233341e-001	6.606934480075960e-001
5219	6.448026079247705e-001	6.456542290346555e-001
5356	6.309088145076829e-001	6.309573444801933e-001
5409	6.113115179188053e-001	6.165950018614822e-001
5439	5.999487388118909e-001	6.025595860743578e-001
5598	5.873764871943895e-001	5.888436553555889e-001
5783	5.750904646924747e-001	5.754399373371569e-001
5995	5.594526554302390e-001	5.623413251903491e-001
6264	5.473969563857123e-001	5.495408738576245e-001
6356	5.331584730613616e-001	5.370317963702527e-001
6571	5.237700660275055e-001	5.248074602497725e-001
6697	5.123147612619332e-001	5.128613839913648e-001
6958	5.011420130519259e-001	5.011872336272722e-001
7298	4.894328516499626e-001	4.897788193684462e-001
7579	4.771429577023967e-001	4.786300923226383e-001
7737	4.667617193738409e-001	4.677351412871982e-001
8215	4.567419193728343e-001	4.570881896148750e-001
8319	4.452884401410109e-001	4.466835921509632e-001
8582	4.361939263836104e-001	4.365158322401660e-001
8790	4.262433608185774e-001	4.265795188015927e-001
9150	4.166877240225492e-001	4.168693834703354e-001
9641	4.071956752637805e-001	4.073802778041127e-001
10580	3.980172678711622e-001	3.981071705534973e-001
11939	3.890228280991460e-001	3.890451449942806e-001
17313	3.801825005589369e-001	3.801893963205612e-001
1000001	3.726002431153200e-001	3.801893963205612e-001
%
% index = 2197, name = bbob_f021_i17_d10__bbob_f021_i18_d10
% instance = 8, reference value = 8.631477314963260e-001
% function evaluation | indicator value | target hit
1	1.711013434434836e+003	1.737800828749376e+003
2	5.437336471706130e+002	5.495408738576248e+002
6	1.164933179648666e+002	1.174897554939529e+002
381	8.777103078108934e+001	8.912509381337455e+001
388	8.481951508023956e+001	8.511380382023764e+001
473	7.713200520734316e+001	7.762471166286916e+001
536	4.204550863781635e+001	4.265795188015925e+001
723	4.070872395020894e+001	4.073802778041128e+001
726	3.886481202194881e+001	3.890451449942807e+001
873	3.222900003090967e+001	3.235936569296283e+001
901	1.897543018486304e+001	1.905460717963247e+001
1007	4.172440907439678e+000	4.265795188015927e+000
1636	3.822383531787206e+000	3.890451449942806e+000
1674	3.286633842244506e+000	3.311311214825911e+000
1781	2.065475059115472e+000	2.089296130854040e+000
1918	1.268307631667222e+000	1.288249551693134e+000
2024	1.157398861004539e+000	1.174897554939530e+000
2157	1.132943289284709e+000	1.148153621496883e+000
2183	1.102026377202649e+000	1.122018454301963e+000
2396	1.085566759253191e+000	1.096478196143185e+000
2439	9.822021409195033e-001	1.000000000000000e+000
2494	9.178984304768260e-001	9.332543007969910e-001
2539	8.625523831892854e-001	8.709635899560806e-001
3261	8.504978164731476e-001	8.511380382023764e-001
3292	8.209369330662900e-001	8.317637711026710e-001
3333	8.105166334716085e-001	8.128305161640993e-001
3494	7.865625176113200e-001	7.943282347242815e-001
3606	7.529575465116309e-001	7.585775750291838e-001
3953	7.363877866628308e-001	7.413102413009175e-001
3999	7.169610756361129e-001	7.244359600749900e-001
4311	7.078216850277600e-001	7.079457843841379e-001
4626	6.817554191593860e-001	6.918309709189364e-001
4754	6.709819682556762e-001	6.760829753919818e-001
4786	6.468419202940432e-001	6.606934480075960e-001
4817	6.399065129027388e-001	6.456542290346555e-001
4860	6.263145625947237e-001	6.309573444801933e-001
4885	6.095834781683712e-001	6.165950018614822e-001
4953	5.842537135533165e-001	5.888436553555889e-001
5086	5.480520970412275e-001	5.495408738576245e-001
5180	5.367149929840165e-001	5.370317963702527e-001
5333	4.833086172184408e-001	4.897788193684462e-001
5490	4.703596985553467e-001	4.786300923226383e-001
5504	4.677302630954179e-001	4.677351412871982e-001
5610	4.563105835978030e-001	4.570881896148750e-001
5839	4.427127370544734e-001	4.466835921509632e-001
5939	4.251391005582174e-001	4.265795188015927e-001
6056	3.910152218298455e-001	3.981071705534973e-001
6069	3.887202561823510e-001	3.890451449942806e-001
6179	3.785121191791994e-001	3.801893963205612e-001
6443	3.709870612006418e-001	3.715352290971726e-001
6809	3.626547899030540e-001	3.630780547701014e-001
6897	3.336232093914131e-001	3.388441561392026e-001
7005	3.287250453450856e-001	3.311311214825911e-001
7043	3.017233655109007e-001	3.019951720402016e-001
7341	2.794676761927092e-001	2.818382931264454e-001
7401	2.750877443318119e-001	2.754228703338166e-001
7414	2.666735159536253e-001	2.691534803926916e-001
7681	2.629784046357687e-001	2.630267991895382e-001
7902	2.569916923370931e-001	2.570395782768864e-001
8156	2.357110337453382e-001	2.398832919019490e-001
8289	2.342744447285972e-001	2.344228815319922e-001
8353	2.243560948055466e-001	2.290867652767773e-001
8360	2.236489545414929e-001	2.238721138568340e-001
8393	2.179893023063700e-001	2.187761623949552e-001
8692	2.130629875189829e-001	2.137962089502232e-001
8809	2.060619637005137e-001	2.089296130854039e-001
8900	2.037253878260652e-001	2.041737944669530e-001
8985	1.986167120272261e-001	1.995262314968880e-001
9123	1.838262042741172e-001	1.862087136662868e-001
9190	1.795862689210633e-001	1.819700858609984e-001
9214	1.751693301588639e-001	1.778279410038923e-001
9338	1.661505027054290e-001	1.698243652461744e-001
9421	1.654950416586163e-001	1.659586907437561e-001
10037	1.608499126420037e-001	1.621810097358930e-001
10183	1.567935087980922e-001	1.584893192461113e-001
10248	1.546997521013455e-001	1.548816618912481e-001
10619	1.495078786371846e-001	1.513561248436208e-001
10802	1.476553914739438e-001	1.479108388168208e-001
11256	1.438590685279984e-001	1.445439770745928e-001
11610	1.412446066884689e-001	1.412537544622755e-001
11802	1.369628046229187e-001	1.380384264602885e-001
11964	1.346624464336470e-001	1.348962882591654e-001
12195	1.311899268943105e-001	1.318256738556407e-001
12491	1.286802003848476e-001	1.288249551693134e-001
12980	1.255292499758358e-001	1.258925411794167e-001
13264	1.226209746921875e-001	1.230268770812382e-001
13548	1.201959186210043e-001	1.202264434617413e-001
14171	1.155563056767243e-001	1.174897554939529e-001
14315	1.126881658581859e-001	1.148153621496883e-001
14382	1.117427438150811e-001	1.122018454301964e-001
14569	1.094191996813930e-001	1.096478196143185e-001
14869	1.069349362461799e-001	1.071519305237607e-001
15003	1.046984130585889e-001	1.047128548050900e-001
15771	1.022486975766624e-001	1.023292992280754e-001
16005	9.913810635201548e-002	1.000000000000000e-001
16161	9.737546315677126e-002	9.772372209558107e-002
16532	9.528665666569491e-002	9.549925860214359e-002
16783	9.300956567629171e-002	9.332543007969910e-002
17220	9.111330296984410e-002	9.120108393559097e-002
17739	8.854967441366057e-002	8.912509381337455e-002
18277	8.704794564191498e-002	8.709635899560805e-002
18769	8.484754430673336e-002	8.511380382023763e-002
19468	8.286373243689249e-002	8.317637711026708e-002
20064	8.126083027976550e-002	8.128305161640990e-002
21427	7.942469634740301e-002	7.943282347242814e-002
22822	7.760933025186145e-002	7.762471166286916e-002
24062	7.532497736431842e-002	7.585775750291836e-002
25069	7.412843844007111e-002	7.413102413009177e-002
26805	7.220722861158901e-002	7.244359600749903e-002
29995	7.055809437754679e-002	7.079457843841380e-002
32419	6.918164485197076e-002	6.918309709189366e-002
32707	6.754930990724783e-002	6.760829753919818e-002
34588	6.596713858056547e-002	6.606934480075961e-002
35143	6.454121712436045e-002	6.456542290346556e-002
37355	6.308923402816014e-002	6.309573444801933e-002
41062	6.159413418146364e-002	6.165950018614822e-002
44294	6.025334976363739e-002	6.025595860743578e-002
48945	5.887116805789827e-002	5.888436553555890e-002
58223	5.754159998429476e-002	5.754399373371569e-002
93228	5.623397457644785e-002	5.623413251903491e-002
920177	5.495407497255145e-002	5.495408738576246e-002
1000001	5.494445966218342e-002	5.495408738576246e-002
%
% index = 2198, name = bbob_f021_i19_d10__bbob_f021_i21_d10
% instance = 9, reference value = 9.106552166846250e-001
% function evaluation | indicator value | target hit
1	1.652774976830873e+003	1.659586907437561e+003
2	5.252458757772261e+002	5.370317963702527e+002
6	1.125548389432430e+002	1.148153621496883e+002
318	1.115104464195401e+002	1.122018454301963e+002
381	8.481066346257427e+001	8.511380382023764e+001
388	8.195965895877792e+001	8.317637711026708e+001
473	7.453394025310945e+001	7.585775750291836e+001
536	4.064228142177889e+001	4.073802778041128e+001
723	3.935101961227943e+001	3.981071705534973e+001
726	3.756990026076836e+001	3.801893963205612e+001
873	3.116006399588877e+001	3.162277660168379e+001
901	1.835782857838690e+001	1.862087136662868e+001
1007	4.058898850686884e+000	4.073802778041127e+000
1674	3.203226757005118e+000	3.235936569296283e+000
1786	2.203744061825583e+000	2.238721138568339e+000
1882	1.948276897293561e+000	1.949844599758045e+000
1934	1.856708010318358e+000	1.862087136662868e+000
2019	1.786738164220648e+000	1.819700858609983e+000
2037	1.583364831226551e+000	1.584893192461114e+000
2039	1.394038438344977e+000	1.412537544622754e+000
2083	1.080406717218679e+000	1.096478196143185e+000
2390	9.102727105026038e-001	9.120108393559098e-001
3029	8.892210146946777e-001	8.912509381337456e-001
3052	8.296063188669327e-001	8.317637711026710e-001
3380	8.058666981166868e-001	8.128305161640993e-001
3540	7.553808106077129e-001	7.585775750291838e-001
3748	7.327352594158881e-001	7.413102413009175e-001
3926	7.117210606352774e-001	7.244359600749900e-001
3934	6.908226617506588e-001	6.918309709189364e-001
3975	6.439767808900458e-001	6.456542290346555e-001
4119	6.182555135838849e-001	6.309573444801933e-001
4192	6.095023553924326e-001	6.165950018614822e-001
4221	5.994139086918486e-001	6.025595860743578e-001
4285	5.570602850448123e-001	5.623413251903491e-001
4306	5.464365739550210e-001	5.495408738576245e-001
4360	5.366461457983487e-001	5.370317963702527e-001
4397	5.104171221247775e-001	5.128613839913648e-001
4469	4.373504029653266e-001	4.466835921509632e-001
4513	4.268386349019404e-001	4.365158322401660e-001
4520	4.173698058768259e-001	4.265795188015927e-001
4606	4.168081236840316e-001	4.168693834703354e-001
4627	4.062864397229993e-001	4.073802778041127e-001
4640	3.630203060448093e-001	3.630780547701014e-001
4642	3.477613101470436e-001	3.548133892335755e-001
4675	3.351965943549362e-001	3.388441561392026e-001
4701	3.305027669492137e-001	3.311311214825911e-001
4772	3.221553144793453e-001	3.235936569296283e-001
4814	2.931260511681603e-001	2.951209226666385e-001
4829	2.858782612188148e-001	2.884031503126606e-001
4856	2.795781885453517e-001	2.818382931264454e-001
4970	2.742621197633194e-001	2.754228703338166e-001
4972	2.646616874112454e-001	2.691534803926916e-001
4985	2.620433844825855e-001	2.630267991895382e-001
5093	2.568014399556452e-001	2.570395782768864e-001
5128	2.481209751278888e-001	2.511886431509580e-001
5202	2.454208139876160e-001	2.454708915685031e-001
5206	2.360801879380902e-001	2.398832919019490e-001
5220	2.340588163446442e-001	2.344228815319922e-001
5270	2.194015816892196e-001	2.238721138568340e-001
5294	2.177861420514569e-001	2.187761623949552e-001
5305	2.120326046272975e-001	2.137962089502232e-001
5311	2.087139670832512e-001	2.089296130854039e-001
5344	2.018147392952233e-001	2.041737944669530e-001
5434	1.946582985309371e-001	1.949844599758046e-001
5521	1.890862683170803e-001	1.905460717963247e-001
5650	1.860692713712004e-001	1.862087136662868e-001
5753	1.814155288034276e-001	1.819700858609984e-001
5847	1.763631799772374e-001	1.778279410038923e-001
5910	1.711615252696791e-001	1.737800828749375e-001
5986	1.668901189629827e-001	1.698243652461744e-001
6055	1.616808150753154e-001	1.621810097358930e-001
6088	1.575961947622655e-001	1.584893192461113e-001
6127	1.511288424909292e-001	1.513561248436208e-001
6256	1.463173564430383e-001	1.479108388168208e-001
6333	1.429103688183692e-001	1.445439770745928e-001
6352	1.406907493041305e-001	1.412537544622755e-001
6427	1.352250791456908e-001	1.380384264602885e-001
6483	1.348750265511221e-001	1.348962882591654e-001
6585	1.312646166412133e-001	1.318256738556407e-001
6645	1.288132534102717e-001	1.288249551693134e-001
6682	1.245100108813015e-001	1.258925411794167e-001
6764	1.215974044192288e-001	1.230268770812382e-001
6811	1.201438798916253e-001	1.202264434617413e-001
6919	1.174794162866142e-001	1.174897554939529e-001
6999	1.138332482890748e-001	1.148153621496883e-001
7016	1.116055795041302e-001	1.122018454301964e-001
7202	1.091207260001411e-001	1.096478196143185e-001
7221	1.066748411723156e-001	1.071519305237607e-001
7256	1.045294169099990e-001	1.047128548050900e-001
7299	1.017210544228645e-001	1.023292992280754e-001
7324	9.932326420854398e-002	1.000000000000000e-001
7359	9.757431116552295e-002	9.772372209558107e-002
7484	9.437701290361145e-002	9.549925860214359e-002
7486	9.319835396729659e-002	9.332543007969910e-002
7641	8.851593041869721e-002	8.912509381337455e-002
7763	8.653530148551303e-002	8.709635899560805e-002
7907	8.403702011863490e-002	8.511380382023763e-002
8028	8.297321036222549e-002	8.317637711026708e-002
8275	8.076277361780437e-002	8.128305161640990e-002
8307	7.941029001465061e-002	7.943282347242814e-002
8355	7.751647803499417e-002	7.762471166286916e-002
8504	7.584198679923582e-002	7.585775750291836e-002
8536	7.411964457663323e-002	7.413102413009177e-002
8660	7.181746098804076e-002	7.244359600749903e-002
8698	7.040469630240243e-002	7.079457843841380e-002
8768	6.718667988451899e-002	6.760829753919818e-002
8883	6.594349353203266e-002	6.606934480075961e-002
8938	6.445810977529431e-002	6.456542290346556e-002
8952	6.256517608579748e-002	6.309573444801933e-002
9000	6.161987751297704e-002	6.165950018614822e-002
9098	5.975310083382479e-002	6.025595860743578e-002
9220	5.873914908688049e-002	5.888436553555890e-002
9286	5.748746631013635e-002	5.754399373371569e-002
9485	5.617457877286558e-002	5.623413251903491e-002
9575	5.487352140346191e-002	5.495408738576246e-002
9675	5.361765181525080e-002	5.370317963702527e-002
9794	5.241814147292356e-002	5.248074602497726e-002
9967	5.051036428023981e-002	5.128613839913648e-002
10009	5.006515076943674e-002	5.011872336272722e-002
10263	4.886997005087279e-002	4.897788193684461e-002
10349	4.781299068632827e-002	4.786300923226383e-002
10444	4.677129265075719e-002	4.677351412871982e-002
10536	4.569738288063552e-002	4.570881896148749e-002
10719	4.457042178395487e-002	4.466835921509630e-002
10846	4.363003992301429e-002	4.365158322401658e-002
11161	4.263774388955399e-002	4.265795188015926e-002
11477	4.168688302509260e-002	4.168693834703355e-002
11961	4.071038251728854e-002	4.073802778041128e-002
12258	3.979442476751127e-002	3.981071705534973e-002
12585	3.886769245785537e-002	3.890451449942807e-002
13064	3.791013823151113e-002	3.801893963205612e-002
13556	3.707013682888782e-002	3.715352290971726e-002
14410	3.630657459629283e-002	3.630780547701014e-002
15490	3.541242459932426e-002	3.548133892335755e-002
16247	3.466978482931993e-002	3.467368504525317e-002
17545	3.387895084359416e-002	3.388441561392026e-002
20062	3.310229209478044e-002	3.311311214825911e-002
22042	3.235901808975983e-002	3.235936569296283e-002
25636	3.162210563468249e-002	3.162277660168379e-002
32376	3.090277414426734e-002	3.090295432513590e-002
56608	3.019939526915239e-002	3.019951720402016e-002
1000001	2.955256077755464e-002	3.019951720402016e-002
%
% index = 2199, name = bbob_f021_i21_d10__bbob_f021_i22_d10
% instance = 10, reference value = 8.929659313302280e-001
% function evaluation | indicator value | target hit
1	1.689925417888796e+003	1.698243652461744e+003
2	5.370476875732950e+002	5.495408738576248e+002
6	1.150787048877469e+002	1.174897554939529e+002
318	1.140108327550717e+002	1.148153621496883e+002
381	8.671079593179516e+001	8.709635899560806e+001
388	8.379569625436604e+001	8.511380382023764e+001
473	7.620303539273196e+001	7.762471166286916e+001
536	4.154943582575507e+001	4.168693834703355e+001
723	4.022914420668435e+001	4.073802778041128e+001
726	3.840798217224845e+001	3.890451449942807e+001
873	3.185404125172187e+001	3.235936569296283e+001
901	1.876398535264586e+001	1.905460717963247e+001
1007	4.143527458986249e+000	4.168693834703354e+000
1674	3.268586714535891e+000	3.311311214825911e+000
1786	2.246553310529739e+000	2.290867652767773e+000
1882	1.986087749533740e+000	1.995262314968880e+000
1934	1.891931824234704e+000	1.905460717963247e+000
2019	1.819933624205642e+000	1.862087136662868e+000
2037	1.612764685363348e+000	1.621810097358930e+000
2039	1.417607411159904e+000	1.445439770745927e+000
2083	1.058784331967733e+000	1.071519305237606e+000
2490	9.343429566612279e-001	9.549925860214360e-001
2598	9.311476226247440e-001	9.332543007969910e-001
2685	8.969630904957279e-001	9.120108393559098e-001
2924	8.895608752395675e-001	8.912509381337456e-001
3190	8.697336074252589e-001	8.709635899560806e-001
3215	8.324144190004019e-001	8.511380382023764e-001
3297	8.266083060503264e-001	8.317637711026710e-001
3627	7.733239252274398e-001	7.762471166286917e-001
3770	6.385814313714755e-001	6.456542290346555e-001
4294	6.196217922637117e-001	6.309573444801933e-001
4348	6.064380029765716e-001	6.165950018614822e-001
4365	6.019833234283565e-001	6.025595860743578e-001
4450	5.855026793080181e-001	5.888436553555889e-001
4579	5.740601460329062e-001	5.754399373371569e-001
4614	5.605645344214187e-001	5.623413251903491e-001
4769	5.452802404198174e-001	5.495408738576245e-001
4781	5.025338440537999e-001	5.128613839913648e-001
4800	4.879292631322071e-001	4.897788193684462e-001
4862	4.781487538034184e-001	4.786300923226383e-001
4877	4.641376021932268e-001	4.677351412871982e-001
4921	4.528307009477155e-001	4.570881896148750e-001
4991	4.464788965877762e-001	4.466835921509632e-001
5071	4.363591164445451e-001	4.365158322401660e-001
5106	4.087301726922110e-001	4.168693834703354e-001
5117	3.983399665413762e-001	4.073802778041127e-001
5174	3.968342699258134e-001	3.981071705534973e-001
5209	3.880898860697120e-001	3.890451449942806e-001
5336	3.662065263443505e-001	3.715352290971726e-001
5381	3.432177546462630e-001	3.467368504525316e-001
5528	3.376681362376361e-001	3.388441561392026e-001
5607	3.262784626031267e-001	3.311311214825911e-001
5608	3.223781152236752e-001	3.235936569296283e-001
5704	3.114106082909841e-001	3.162277660168379e-001
5716	3.085566875646608e-001	3.090295432513591e-001
5878	3.008635229969783e-001	3.019951720402016e-001
5969	2.931299185771292e-001	2.951209226666385e-001
6034	2.880357716894957e-001	2.884031503126606e-001
6141	2.800015068359680e-001	2.818382931264454e-001
6214	2.738831724884848e-001	2.754228703338166e-001
6236	2.679133806733688e-001	2.691534803926916e-001
6281	2.623659072474933e-001	2.630267991895382e-001
6393	2.569339167788812e-001	2.570395782768864e-001
6407	2.509620353955698e-001	2.511886431509580e-001
6516	2.435548168340707e-001	2.454708915685031e-001
6527	2.396307243588861e-001	2.398832919019490e-001
6614	2.294596134781182e-001	2.344228815319922e-001
6621	2.281870764286869e-001	2.290867652767773e-001
6784	2.223897457909191e-001	2.238721138568340e-001
6874	2.183080957996303e-001	2.187761623949552e-001
6991	2.112427395907677e-001	2.137962089502232e-001
7043	2.071233641803385e-001	2.089296130854039e-001
7101	2.037740437541841e-001	2.041737944669530e-001
7220	1.992978345767036e-001	1.995262314968880e-001
7534	1.946953063790192e-001	1.949844599758046e-001
7650	1.888341421000034e-001	1.905460717963247e-001
7727	1.861595518363287e-001	1.862087136662868e-001
7728	1.799372682725562e-001	1.819700858609984e-001
7832	1.770593882763279e-001	1.778279410038923e-001
7850	1.734329639752062e-001	1.737800828749375e-001
7953	1.696141750730958e-001	1.698243652461744e-001
8137	1.647657618158956e-001	1.659586907437561e-001
8294	1.618633242099608e-001	1.621810097358930e-001
8325	1.583225969307575e-001	1.584893192461113e-001
8550	1.535236765612217e-001	1.548816618912481e-001
8877	1.511612960057305e-001	1.513561248436208e-001
8982	1.461235249531009e-001	1.479108388168208e-001
9029	1.442049480745583e-001	1.445439770745928e-001
9288	1.390934686188003e-001	1.412537544622755e-001
9519	1.364972180691012e-001	1.380384264602885e-001
9605	1.341284743824126e-001	1.348962882591654e-001
9778	1.307050567434390e-001	1.318256738556407e-001
10023	1.278009811255743e-001	1.288249551693134e-001
10159	1.258732276306455e-001	1.258925411794167e-001
10308	1.219533495826317e-001	1.230268770812382e-001
10437	1.201001704998249e-001	1.202264434617413e-001
10527	1.173871720414026e-001	1.174897554939529e-001
10681	1.148140804315135e-001	1.148153621496883e-001
10715	1.121269289312686e-001	1.122018454301964e-001
10771	1.089051308688084e-001	1.096478196143185e-001
10844	1.062881238085159e-001	1.071519305237607e-001
10950	1.042696950826800e-001	1.047128548050900e-001
11038	1.022862268839042e-001	1.023292992280754e-001
11116	9.971150794730055e-002	1.000000000000000e-001
11232	9.577490243178644e-002	9.772372209558107e-002
11267	9.547170274406480e-002	9.549925860214359e-002
11359	9.317967256601578e-002	9.332543007969910e-002
11505	9.120075591270360e-002	9.120108393559097e-002
11587	8.854210120471762e-002	8.912509381337455e-002
11658	8.708103393872013e-002	8.709635899560805e-002
11749	8.504966389493152e-002	8.511380382023763e-002
11922	8.310768307263150e-002	8.317637711026708e-002
12060	8.109656271303489e-002	8.128305161640990e-002
12240	7.941572752424608e-002	7.943282347242814e-002
12509	7.761750806211953e-002	7.762471166286916e-002
12771	7.583235688300216e-002	7.585775750291836e-002
13126	7.410849116805651e-002	7.413102413009177e-002
13504	7.241663029277889e-002	7.244359600749903e-002
13988	7.077178654618188e-002	7.079457843841380e-002
14861	6.917787549728827e-002	6.918309709189366e-002
16139	6.760778131714218e-002	6.760829753919818e-002
17934	6.606906523103717e-002	6.606934480075961e-002
23176	6.456436376925556e-002	6.456542290346556e-002
175511	6.309460416850876e-002	6.309573444801933e-002
290197	6.164800816168747e-002	6.165950018614822e-002
303509	6.025499272243484e-002	6.025595860743578e-002
315407	5.839985612194121e-002	5.888436553555890e-002
317274	5.752018639372269e-002	5.754399373371569e-002
320183	5.623387385257961e-002	5.623413251903491e-002
323994	5.488573022131549e-002	5.495408738576246e-002
325801	5.339381498171170e-002	5.370317963702527e-002
327457	5.243668286877490e-002	5.248074602497726e-002
329169	5.124992621523949e-002	5.128613839913648e-002
330651	5.011206458474238e-002	5.011872336272722e-002
332647	4.897384542839689e-002	4.897788193684461e-002
334340	4.782861670861172e-002	4.786300923226383e-002
335962	4.675293258136992e-002	4.677351412871982e-002
337323	4.570364317807230e-002	4.570881896148749e-002
340111	4.466392587147805e-002	4.466835921509630e-002
342844	4.364261037941442e-002	4.365158322401658e-002
347849	4.265785341825690e-002	4.265795188015926e-002
371747	4.168449259190277e-002	4.168693834703355e-002
1000001	4.121369372552086e-002	4.168693834703355e-002
