%
% index = 2220, name = bbob_f001_i02_d20__bbob_f006_i04_d20
% instance = 1, reference value = 8.870933785124450e-001
% function evaluation | indicator value | target hit
1	7.021461190700974e+002	7.079457843841381e+002
2	1.999866907926794e+002	2.041737944669530e+002
6	1.515574580796122e+002	1.548816618912481e+002
21	1.347728011999949e+002	1.348962882591653e+002
96	1.137334102072979e+002	1.148153621496883e+002
276	8.466681901522942e+001	8.511380382023764e+001
400	7.181112168365166e+001	7.244359600749903e+001
457	6.001286678305873e+001	6.025595860743578e+001
836	4.387946637400154e+001	4.466835921509630e+001
915	4.178825080339251e+001	4.265795188015925e+001
948	4.089512822868836e+001	4.168693834703355e+001
1002	3.816742801129757e+001	3.890451449942807e+001
1074	3.223041191070332e+001	3.235936569296283e+001
1157	3.079334116651723e+001	3.090295432513591e+001
1438	2.926913189603387e+001	2.951209226666386e+001
1483	2.494888595960235e+001	2.511886431509580e+001
1527	2.397777619342148e+001	2.398832919019490e+001
2005	1.938536093529580e+001	1.949844599758045e+001
2013	1.845107916104594e+001	1.862087136662868e+001
2073	1.531600751124579e+001	1.548816618912481e+001
2231	1.404649186789574e+001	1.412537544622754e+001
2398	1.354902606747512e+001	1.380384264602885e+001
2528	1.117218264019781e+001	1.122018454301964e+001
2619	7.506369127527932e+000	7.585775750291838e+000
2646	7.409803014244445e+000	7.413102413009175e+000
2977	6.671267556433123e+000	6.760829753919817e+000
3414	5.188250694355503e+000	5.248074602497725e+000
3415	5.060620708167565e+000	5.128613839913649e+000
3654	4.683497109239830e+000	4.786300923226384e+000
3810	4.592621933645035e+000	4.677351412871983e+000
4030	4.441743920733321e+000	4.466835921509632e+000
4083	4.004425155503768e+000	4.073802778041127e+000
4207	3.965884437543076e+000	3.981071705534972e+000
4243	3.667996827438390e+000	3.715352290971725e+000
4525	3.443060411993526e+000	3.467368504525317e+000
4598	3.154928539759945e+000	3.162277660168379e+000
5023	2.988408093220830e+000	3.019951720402016e+000
5048	2.861501743340642e+000	2.884031503126606e+000
5112	2.644642743284120e+000	2.691534803926916e+000
5180	2.457525529564449e+000	2.511886431509580e+000
5377	1.997860797994445e+000	2.041737944669529e+000
5713	1.989359444140445e+000	1.995262314968880e+000
6070	1.567968747912945e+000	1.584893192461114e+000
6086	1.427170751579945e+000	1.445439770745927e+000
6288	1.395478225930945e+000	1.412537544622754e+000
6297	1.376559949676945e+000	1.380384264602885e+000
6348	1.060691854748945e+000	1.071519305237606e+000
6613	9.464754639569449e-001	9.549925860214360e-001
6941	9.274990645594449e-001	9.332543007969910e-001
6959	8.836508443547886e-001	8.912509381337456e-001
7060	8.436942789174484e-001	8.511380382023764e-001
7216	8.244127647564655e-001	8.317637711026710e-001
7252	8.061560931339352e-001	8.128305161640993e-001
7449	7.804605751516552e-001	7.943282347242815e-001
7538	6.756526506781231e-001	6.760829753919818e-001
7960	6.599370087091396e-001	6.606934480075960e-001
8143	6.450836782423111e-001	6.456542290346555e-001
8241	6.294747241713733e-001	6.309573444801933e-001
8417	6.108790179293390e-001	6.165950018614822e-001
8449	5.970573348503604e-001	6.025595860743578e-001
8588	5.743062202622825e-001	5.754399373371569e-001
8675	5.530455388272818e-001	5.623413251903491e-001
8691	5.362159904553390e-001	5.370317963702527e-001
8706	5.240256928478582e-001	5.248074602497725e-001
8940	4.721195491928770e-001	4.786300923226383e-001
9053	4.675467217894220e-001	4.677351412871982e-001
9183	4.542478805121108e-001	4.570881896148750e-001
9425	4.421633194038045e-001	4.466835921509632e-001
9436	4.348174132495404e-001	4.365158322401660e-001
9464	4.258811213348072e-001	4.265795188015927e-001
9486	4.113429231502735e-001	4.168693834703354e-001
9623	4.067750756316040e-001	4.073802778041127e-001
9682	3.926609336042373e-001	3.981071705534973e-001
9743	3.888535491107433e-001	3.890451449942806e-001
9925	3.800958215905680e-001	3.801893963205612e-001
10037	3.440135429874168e-001	3.467368504525316e-001
10195	3.375102221064800e-001	3.388441561392026e-001
10376	3.305484277284984e-001	3.311311214825911e-001
10462	3.214282833452509e-001	3.235936569296283e-001
10563	3.159133800074965e-001	3.162277660168379e-001
10631	3.087238327550897e-001	3.090295432513591e-001
10685	3.018047552747658e-001	3.019951720402016e-001
10705	2.816780325928053e-001	2.818382931264454e-001
10878	2.742160308350626e-001	2.754228703338166e-001
10932	2.660952619238050e-001	2.691534803926916e-001
10990	2.629743050634045e-001	2.630267991895382e-001
10999	2.570263171841838e-001	2.570395782768864e-001
11021	2.497822036015557e-001	2.511886431509580e-001
11061	2.316092014869603e-001	2.344228815319922e-001
11081	2.250141797038803e-001	2.290867652767773e-001
11090	2.236057583041639e-001	2.238721138568340e-001
11217	2.181899536529489e-001	2.187761623949552e-001
11300	2.122215915673887e-001	2.137962089502232e-001
11409	2.087073501955994e-001	2.089296130854039e-001
11414	2.035024326083210e-001	2.041737944669530e-001
11519	1.993740801547718e-001	1.995262314968880e-001
11569	1.947569281742214e-001	1.949844599758046e-001
11629	1.884503363418850e-001	1.905460717963247e-001
11684	1.844498089569353e-001	1.862087136662868e-001
11733	1.793371048948285e-001	1.819700858609984e-001
11804	1.477113058563492e-001	1.479108388168208e-001
11897	1.438962622911675e-001	1.445439770745928e-001
11970	1.411939024951932e-001	1.412537544622755e-001
11994	1.337949020175995e-001	1.348962882591654e-001
12128	1.317810440756602e-001	1.318256738556407e-001
12162	1.272399126181136e-001	1.288249551693134e-001
12197	1.257969850477365e-001	1.258925411794167e-001
12319	1.230264247253451e-001	1.230268770812382e-001
12429	1.164787551351473e-001	1.174897554939529e-001
12437	1.128159531930204e-001	1.148153621496883e-001
12469	1.117299728335653e-001	1.122018454301964e-001
12556	1.095289548719243e-001	1.096478196143185e-001
12655	1.054899934925178e-001	1.071519305237607e-001
12676	1.046862990392750e-001	1.047128548050900e-001
12878	1.005577859981117e-001	1.023292992280754e-001
12891	9.991862766444171e-002	1.000000000000000e-001
12948	8.959868335279864e-002	9.120108393559097e-002
12994	8.911868896764053e-002	8.912509381337455e-002
13057	8.705898360134945e-002	8.709635899560805e-002
13291	8.487308430976559e-002	8.511380382023763e-002
13367	8.305214558251084e-002	8.317637711026708e-002
13421	8.127769729737810e-002	8.128305161640990e-002
13570	7.908872048452387e-002	7.943282347242814e-002
13705	7.537163299313299e-002	7.585775750291836e-002
13773	7.400371646086568e-002	7.413102413009177e-002
13906	7.239975184632930e-002	7.244359600749903e-002
14019	6.846723647505248e-002	6.918309709189366e-002
14146	6.756103704968686e-002	6.760829753919818e-002
14273	6.602116898892241e-002	6.606934480075961e-002
14410	6.409513425195601e-002	6.456542290346556e-002
14447	6.256955381373530e-002	6.309573444801933e-002
14609	6.161539555744189e-002	6.165950018614822e-002
14714	5.982483931275151e-002	6.025595860743578e-002
14830	5.885703827294098e-002	5.888436553555890e-002
14899	5.397572638314319e-002	5.495408738576246e-002
14939	5.369693852274049e-002	5.370317963702527e-002
15230	5.244088426810190e-002	5.248074602497726e-002
15593	5.126789794060227e-002	5.128613839913648e-002
15977	5.011594964522870e-002	5.011872336272722e-002
16520	4.896363106832635e-002	4.897788193684461e-002
17183	4.785239324622181e-002	4.786300923226383e-002
18976	4.677108859194823e-002	4.677351412871982e-002
2000001	4.614125155643545e-002	4.677351412871982e-002
%
% index = 2221, name = bbob_f001_i03_d20__bbob_f006_i05_d20
% instance = 2, reference value = 9.500543579431450e-001
% function evaluation | indicator value | target hit
1	1.673409171407637e+003	1.698243652461744e+003
2	4.891305314958246e+002	4.897788193684461e+002
6	4.161912211394079e+002	4.168693834703355e+002
9	3.898636232695531e+002	3.981071705534973e+002
12	3.356997910031039e+002	3.388441561392024e+002
51	2.431531328323253e+002	2.454708915685031e+002
96	1.975102953900038e+002	1.995262314968879e+002
336	1.128051585180602e+002	1.148153621496883e+002
648	1.066941332866567e+002	1.071519305237606e+002
687	1.037400515363962e+002	1.047128548050900e+002
774	9.273795417535125e+001	9.332543007969910e+001
785	9.037009446408843e+001	9.120108393559097e+001
881	5.229176356560200e+001	5.248074602497726e+001
1051	4.737361521058072e+001	4.786300923226383e+001
1739	4.497979207092763e+001	4.570881896148750e+001
1762	4.126767950940438e+001	4.168693834703355e+001
1861	3.929574553084918e+001	3.981071705534973e+001
2148	3.783617188757550e+001	3.801893963205612e+001
2168	3.697013855893064e+001	3.715352290971726e+001
2169	2.891622194712889e+001	2.951209226666386e+001
2264	2.629983697572947e+001	2.630267991895381e+001
2867	2.550586356772070e+001	2.570395782768863e+001
2994	2.261087371581895e+001	2.290867652767774e+001
3009	2.140925768359442e+001	2.187761623949553e+001
3024	1.688988130785222e+001	1.698243652461744e+001
3293	1.595125209997526e+001	1.621810097358930e+001
3614	1.338002712932136e+001	1.348962882591653e+001
3842	1.299616582171022e+001	1.318256738556407e+001
3956	1.225851988935957e+001	1.230268770812382e+001
4156	1.106246467914274e+001	1.122018454301964e+001
4166	1.066222842417310e+001	1.071519305237607e+001
4242	9.971794987267645e+000	1.000000000000000e+001
4321	9.600164363554612e+000	9.772372209558107e+000
4358	7.774413426662192e+000	7.943282347242816e+000
4540	7.294537659742730e+000	7.413102413009175e+000
4636	6.546063359361645e+000	6.606934480075959e+000
4746	5.553657586697145e+000	5.623413251903491e+000
4859	4.932257688123188e+000	5.011872336272722e+000
5037	4.726372476679960e+000	4.786300923226384e+000
5063	4.256756795437627e+000	4.265795188015927e+000
5226	3.951980182548331e+000	3.981071705534972e+000
5362	3.779996569531637e+000	3.801893963205612e+000
5456	3.560678350094645e+000	3.630780547701014e+000
5542	3.261131395789487e+000	3.311311214825911e+000
5608	3.183834200796645e+000	3.235936569296283e+000
5609	2.998266005163500e+000	3.019951720402016e+000
5798	2.797770748514721e+000	2.818382931264454e+000
5848	2.666650459632645e+000	2.691534803926916e+000
5893	1.944150490367989e+000	1.949844599758045e+000
6152	1.634168035068645e+000	1.659586907437561e+000
6325	1.412184978553572e+000	1.412537544622754e+000
6570	1.178617986337536e+000	1.202264434617413e+000
6684	1.132350478767145e+000	1.148153621496883e+000
6714	9.244631052760026e-001	9.332543007969910e-001
6853	9.072717504006772e-001	9.120108393559098e-001
7108	8.727212079513085e-001	8.912509381337456e-001
7148	8.643109938630389e-001	8.709635899560806e-001
7244	7.412016413790339e-001	7.413102413009175e-001
7400	5.533162264967049e-001	5.623413251903491e-001
7458	5.437875738190514e-001	5.495408738576245e-001
7519	5.255406827225857e-001	5.370317963702527e-001
7564	5.240864710581690e-001	5.248074602497725e-001
7651	4.962576018988811e-001	5.011872336272722e-001
7690	4.600728648369746e-001	4.677351412871982e-001
7698	4.054762226128981e-001	4.073802778041127e-001
7700	3.942585639095689e-001	3.981071705534973e-001
7752	3.881379918202176e-001	3.890451449942806e-001
7833	3.746621827697463e-001	3.801893963205612e-001
7947	3.712965467233426e-001	3.715352290971726e-001
8008	3.568090316878334e-001	3.630780547701014e-001
8037	3.468394865901189e-001	3.548133892335755e-001
8049	3.334139126118200e-001	3.388441561392026e-001
8064	3.283838253239542e-001	3.311311214825911e-001
8229	3.231315745767075e-001	3.235936569296283e-001
8265	3.154166539982055e-001	3.162277660168379e-001
8283	3.009834992227692e-001	3.019951720402016e-001
8513	2.947317101848400e-001	2.951209226666385e-001
8613	2.882346086213022e-001	2.884031503126606e-001
8673	2.657810125387090e-001	2.691534803926916e-001
8712	2.623951130541824e-001	2.630267991895382e-001
8771	2.568563507478398e-001	2.570395782768864e-001
8877	2.471000074524313e-001	2.511886431509580e-001
8927	2.089321644182415e-001	2.137962089502232e-001
8935	2.087270479316425e-001	2.089296130854039e-001
9020	2.023911142061496e-001	2.041737944669530e-001
9039	1.926193894947781e-001	1.949844599758046e-001
9177	1.874251332242922e-001	1.905460717963247e-001
9230	1.859654171069565e-001	1.862087136662868e-001
9277	1.699231929273763e-001	1.737800828749375e-001
9288	1.697739159675523e-001	1.698243652461744e-001
9420	1.657522335690729e-001	1.659586907437561e-001
9467	1.560613730287285e-001	1.584893192461113e-001
9482	1.494363509424613e-001	1.513561248436208e-001
9565	1.406022891673789e-001	1.412537544622755e-001
9777	1.380021808643127e-001	1.380384264602885e-001
9875	1.345241136117871e-001	1.348962882591654e-001
9918	1.317569629206511e-001	1.318256738556407e-001
9941	1.278602962666123e-001	1.288249551693134e-001
9944	1.160790356094693e-001	1.174897554939529e-001
9985	1.137541964640707e-001	1.148153621496883e-001
10093	1.120127715453178e-001	1.122018454301964e-001
10176	1.028703686489527e-001	1.047128548050900e-001
10189	1.021476755441992e-001	1.023292992280754e-001
10340	9.973931765819388e-002	1.000000000000000e-001
10415	9.531248162991179e-002	9.549925860214359e-002
10601	9.326359425831232e-002	9.332543007969910e-002
10689	8.903874555432911e-002	8.912509381337455e-002
10720	8.434061820296401e-002	8.511380382023763e-002
10736	8.121776939996406e-002	8.128305161640990e-002
10842	7.110576955518222e-002	7.244359600749903e-002
10885	7.078238732627185e-002	7.079457843841380e-002
10989	6.901071010463777e-002	6.918309709189366e-002
11094	6.749821264561573e-002	6.760829753919818e-002
11255	6.598623743056764e-002	6.606934480075961e-002
11442	6.455115325095406e-002	6.456542290346556e-002
11454	6.118527320005529e-002	6.165950018614822e-002
11514	6.020064515443802e-002	6.025595860743578e-002
11726	5.880095386703910e-002	5.888436553555890e-002
11861	5.715622463023018e-002	5.754399373371569e-002
11892	5.616004874346636e-002	5.623413251903491e-002
12067	5.477645024892475e-002	5.495408738576246e-002
12257	5.307723847304791e-002	5.370317963702527e-002
12327	5.246809799543517e-002	5.248074602497726e-002
12466	5.109879643521942e-002	5.128613839913648e-002
12489	4.554508589340878e-002	4.570881896148749e-002
12601	4.226303103436901e-002	4.265795188015926e-002
12627	4.168369749013834e-002	4.168693834703355e-002
12730	4.071430795860753e-002	4.073802778041128e-002
12907	3.979934428726162e-002	3.981071705534973e-002
12993	3.771344959026424e-002	3.801893963205612e-002
13080	3.711258618959501e-002	3.715352290971726e-002
13133	3.628615696642634e-002	3.630780547701014e-002
13139	3.378172916857847e-002	3.388441561392026e-002
13148	3.309136641188282e-002	3.311311214825911e-002
13230	3.178318704684735e-002	3.235936569296283e-002
13239	3.150104857117053e-002	3.162277660168379e-002
13339	3.074859258068852e-002	3.090295432513590e-002
13403	3.015752082087952e-002	3.019951720402016e-002
13521	2.895887460871227e-002	2.951209226666385e-002
13564	2.883654515733702e-002	2.884031503126606e-002
13584	2.653817195796460e-002	2.691534803926915e-002
13598	2.626385471143067e-002	2.630267991895382e-002
13737	2.569975128072277e-002	2.570395782768863e-002
13831	2.511761041249172e-002	2.511886431509579e-002
14034	2.449840004032644e-002	2.454708915685030e-002
14348	2.398828412339094e-002	2.398832919019490e-002
15597	2.344140410331130e-002	2.344228815319923e-002
2000001	2.300466990551042e-002	2.344228815319923e-002
%
% index = 2222, name = bbob_f001_i07_d20__bbob_f006_i08_d20
% instance = 3, reference value = 8.676616540067300e-001
% function evaluation | indicator value | target hit
1	1.648444378175782e+003	1.659586907437561e+003
2	5.522815332738330e+002	5.623413251903490e+002
4	4.998504092968151e+002	5.011872336272725e+002
6	4.420029312289831e+002	4.466835921509630e+002
9	4.225390913458462e+002	4.265795188015925e+002
12	3.133242995058674e+002	3.162277660168379e+002
14	3.080130773403753e+002	3.090295432513592e+002
19	2.917292916483019e+002	2.951209226666387e+002
85	2.769653300659898e+002	2.818382931264455e+002
221	2.033746328660300e+002	2.041737944669530e+002
494	1.869422309023481e+002	1.905460717963246e+002
504	1.772917971217857e+002	1.778279410038923e+002
510	1.319203992062636e+002	1.348962882591653e+002
752	1.099077610879903e+002	1.122018454301963e+002
847	1.084100217554231e+002	1.096478196143185e+002
1125	9.102470187603332e+001	9.120108393559097e+001
1138	8.817654718802243e+001	8.912509381337455e+001
1234	8.261674152590399e+001	8.317637711026708e+001
1434	8.095226765704658e+001	8.128305161640991e+001
1558	5.690651242156728e+001	5.754399373371570e+001
1826	5.532722787036827e+001	5.623413251903491e+001
1948	4.798726791151314e+001	4.897788193684461e+001
2180	4.148638879397862e+001	4.168693834703355e+001
2702	3.298967825151671e+001	3.311311214825911e+001
2971	3.234288325821751e+001	3.235936569296283e+001
3048	2.723937370613415e+001	2.754228703338166e+001
3182	2.656168370727753e+001	2.691534803926916e+001
3284	2.240059907238031e+001	2.290867652767774e+001
3310	2.145348198797970e+001	2.187761623949553e+001
3577	2.121350055978132e+001	2.137962089502232e+001
3609	1.596713751261243e+001	1.621810097358930e+001
3934	1.546851699143397e+001	1.548816618912481e+001
3992	1.470418063135168e+001	1.479108388168207e+001
4113	1.308886700435481e+001	1.318256738556407e+001
4352	1.273124408327373e+001	1.288249551693134e+001
4368	1.205289426629216e+001	1.230268770812382e+001
4375	1.125014404450695e+001	1.148153621496883e+001
4553	1.073641192070773e+001	1.096478196143185e+001
4577	1.019714612582473e+001	1.023292992280754e+001
4677	9.743200151366230e+000	9.772372209558107e+000
4814	8.767723866550965e+000	8.912509381337454e+000
5043	7.989388658531229e+000	8.128305161640993e+000
5335	7.667593468993229e+000	7.762471166286917e+000
5359	7.334176545490229e+000	7.413102413009175e+000
5394	6.997836184346229e+000	7.079457843841379e+000
5416	6.352706974920729e+000	6.456542290346556e+000
5522	5.443501202125730e+000	5.495408738576245e+000
5639	5.075691712217729e+000	5.128613839913649e+000
5651	4.884611567922730e+000	4.897788193684462e+000
5735	4.431532448010730e+000	4.466835921509632e+000
5820	4.126188527443730e+000	4.168693834703354e+000
5961	3.999691170818730e+000	4.073802778041127e+000
6105	3.047829465483230e+000	3.090295432513591e+000
6273	2.257019991913230e+000	2.290867652767773e+000
6583	2.213114525788730e+000	2.238721138568339e+000
6599	1.902347878059882e+000	1.905460717963247e+000
6650	1.657485195953230e+000	1.659586907437561e+000
6723	1.514023477305230e+000	1.548816618912481e+000
6831	1.467255110541230e+000	1.479108388168207e+000
7021	1.103083978848730e+000	1.122018454301963e+000
7173	1.049919378598730e+000	1.071519305237606e+000
7391	1.045435181850230e+000	1.047128548050900e+000
7406	8.589188464722980e-001	8.709635899560806e-001
7647	8.181408062683940e-001	8.317637711026710e-001
7698	6.002403207920921e-001	6.025595860743578e-001
7911	5.875533577359655e-001	5.888436553555889e-001
8096	5.568621195356993e-001	5.623413251903491e-001
8143	4.617459710328198e-001	4.677351412871982e-001
8200	4.569950639410694e-001	4.570881896148750e-001
8323	4.459479786164124e-001	4.466835921509632e-001
8355	4.291634611909152e-001	4.365158322401660e-001
8386	4.265140263920444e-001	4.265795188015927e-001
8391	4.105059582371765e-001	4.168693834703354e-001
8398	4.058532527445729e-001	4.073802778041127e-001
8426	3.837386679359462e-001	3.890451449942806e-001
8522	3.796050016928811e-001	3.801893963205612e-001
8528	3.659120191143218e-001	3.715352290971726e-001
8635	3.628142374818937e-001	3.630780547701014e-001
8779	3.535780532419753e-001	3.548133892335755e-001
8799	3.459927346821048e-001	3.467368504525316e-001
8816	3.353904614457622e-001	3.388441561392026e-001
8822	3.171740503188706e-001	3.235936569296283e-001
8880	3.161321425307184e-001	3.162277660168379e-001
9123	3.088894868782947e-001	3.090295432513591e-001
9153	2.967279963425098e-001	3.019951720402016e-001
9184	2.947583410870559e-001	2.951209226666385e-001
9242	2.877238315241572e-001	2.884031503126606e-001
9292	2.806462526838103e-001	2.818382931264454e-001
9327	2.703883107151134e-001	2.754228703338166e-001
9387	2.678356751933104e-001	2.691534803926916e-001
9452	2.287147254891080e-001	2.290867652767773e-001
9476	2.200911618711288e-001	2.238721138568340e-001
9498	2.181895988642472e-001	2.187761623949552e-001
9549	2.005319158408302e-001	2.041737944669530e-001
9559	1.949681144536212e-001	1.949844599758046e-001
9584	1.874573488282471e-001	1.905460717963247e-001
9602	1.859160257868106e-001	1.862087136662868e-001
9801	1.695523057301908e-001	1.698243652461744e-001
9878	1.645416978764778e-001	1.659586907437561e-001
9932	1.608862487742389e-001	1.621810097358930e-001
9979	1.581004847038964e-001	1.584893192461113e-001
10006	1.527380811495298e-001	1.548816618912481e-001
10098	1.513273260814970e-001	1.513561248436208e-001
10196	1.465003165678716e-001	1.479108388168208e-001
10306	1.427958261681118e-001	1.445439770745928e-001
10337	1.378730704616005e-001	1.380384264602885e-001
10449	1.348504508300055e-001	1.348962882591654e-001
10554	1.316757471266469e-001	1.318256738556407e-001
10667	1.282552030454353e-001	1.288249551693134e-001
10742	1.253824728074245e-001	1.258925411794167e-001
10938	1.230242325506145e-001	1.230268770812382e-001
11000	1.167091150855271e-001	1.174897554939529e-001
11132	1.147468887033504e-001	1.148153621496883e-001
11353	1.119998378740169e-001	1.122018454301964e-001
11461	1.092683755064695e-001	1.096478196143185e-001
11671	1.059852279948630e-001	1.071519305237607e-001
11731	1.033383545195590e-001	1.047128548050900e-001
11813	9.871814120497313e-002	1.000000000000000e-001
11902	9.751926733191763e-002	9.772372209558107e-002
11974	9.490453427868273e-002	9.549925860214359e-002
12052	9.332528685448915e-002	9.332543007969910e-002
12286	9.103865485595064e-002	9.120108393559097e-002
12557	8.851863009763183e-002	8.912509381337455e-002
12586	6.090053175008459e-002	6.165950018614822e-002
12671	6.022778532311668e-002	6.025595860743578e-002
12810	5.871794193982383e-002	5.888436553555890e-002
13090	5.751197995443147e-002	5.754399373371569e-002
13218	5.611713249094508e-002	5.623413251903491e-002
13614	5.490862034527888e-002	5.495408738576246e-002
14428	5.369384900777108e-002	5.370317963702527e-002
17907	5.248067738042050e-002	5.248074602497726e-002
2000001	5.226508267954488e-002	5.248074602497726e-002
%
% index = 2223, name = bbob_f001_i09_d20__bbob_f006_i10_d20
% instance = 4, reference value = 9.327820337781450e-001
% function evaluation | indicator value | target hit
1	1.270628111010800e+003	1.288249551693134e+003
2	3.594918556069284e+002	3.630780547701014e+002
6	2.852715847622003e+002	2.884031503126606e+002
21	1.975177790085385e+002	1.995262314968879e+002
96	1.823937362890008e+002	1.862087136662867e+002
374	1.744054970463851e+002	1.778279410038923e+002
448	1.649659763551362e+002	1.659586907437561e+002
545	1.583610956465148e+002	1.584893192461114e+002
567	1.433519207556743e+002	1.445439770745928e+002
640	1.127737594746818e+002	1.148153621496883e+002
807	1.117188046002158e+002	1.122018454301963e+002
963	1.073762867369204e+002	1.096478196143185e+002
1035	7.605512067699054e+001	7.762471166286916e+001
1363	5.953165057098981e+001	6.025595860743578e+001
1502	5.748603887186687e+001	5.754399373371570e+001
1615	5.580992130328900e+001	5.623413251903491e+001
1707	5.378830899649603e+001	5.495408738576246e+001
1881	4.466027465545183e+001	4.466835921509630e+001
2294	4.084186084745695e+001	4.168693834703355e+001
2328	3.829475914994497e+001	3.890451449942807e+001
2404	3.776458410242785e+001	3.801893963205612e+001
2434	3.137868851552475e+001	3.162277660168379e+001
2700	2.425158308885643e+001	2.454708915685030e+001
3030	2.257745699468653e+001	2.290867652767774e+001
3162	2.003826954875520e+001	2.041737944669530e+001
3319	1.854407400472165e+001	1.862087136662868e+001
3422	1.806442144131314e+001	1.819700858609983e+001
3507	1.382872493461765e+001	1.412537544622754e+001
3702	1.190303740315265e+001	1.202264434617413e+001
3914	8.337449978487625e+000	8.511380382023766e+000
4003	8.036353960148581e+000	8.128305161640993e+000
4175	7.626817330835451e+000	7.762471166286917e+000
4212	7.287720912388145e+000	7.413102413009175e+000
4275	5.876118979006670e+000	5.888436553555890e+000
4523	5.073257976708034e+000	5.128613839913649e+000
4601	3.632974705289208e+000	3.715352290971725e+000
4845	3.376069607113720e+000	3.388441561392026e+000
4943	3.005622429784645e+000	3.019951720402016e+000
5194	2.710170756305145e+000	2.754228703338166e+000
5312	2.659897083185645e+000	2.691534803926916e+000
5315	2.429260199841645e+000	2.454708915685031e+000
5513	2.361222698952145e+000	2.398832919019490e+000
5528	2.231299399547145e+000	2.238721138568339e+000
5567	1.911286263456645e+000	1.949844599758045e+000
5630	1.762535528811145e+000	1.778279410038923e+000
5638	1.118618624347645e+000	1.122018454301963e+000
5695	1.095221990018645e+000	1.096478196143185e+000
6031	1.062071956349645e+000	1.071519305237606e+000
6045	1.026981410339645e+000	1.047128548050900e+000
6093	1.015224069719645e+000	1.023292992280754e+000
6109	9.156454601863002e-001	9.332543007969910e-001
6169	8.032804835591438e-001	8.128305161640993e-001
6310	7.821781233589897e-001	7.943282347242815e-001
6350	7.436015566839042e-001	7.585775750291838e-001
6435	7.388581091472094e-001	7.413102413009175e-001
6600	6.699125033519555e-001	6.760829753919818e-001
6807	6.294693128680158e-001	6.309573444801933e-001
6926	6.153905653325185e-001	6.165950018614822e-001
6961	5.940491957809169e-001	6.025595860743578e-001
7036	5.530869364905602e-001	5.623413251903491e-001
7071	5.467527370567135e-001	5.495408738576245e-001
7137	5.229987571877993e-001	5.248074602497725e-001
7182	5.030992836069320e-001	5.128613839913648e-001
7198	4.946711262428700e-001	5.011872336272722e-001
7213	4.013663948940252e-001	4.073802778041127e-001
7298	3.951232875708368e-001	3.981071705534973e-001
7341	3.795212530290852e-001	3.801893963205612e-001
7423	3.693197510579229e-001	3.715352290971726e-001
7541	3.626817340613108e-001	3.630780547701014e-001
7545	2.977925850094763e-001	3.019951720402016e-001
7557	2.922400007427927e-001	2.951209226666385e-001
7597	2.880264167585260e-001	2.884031503126606e-001
7617	2.798278175398290e-001	2.818382931264454e-001
7637	2.748133360932290e-001	2.754228703338166e-001
7698	2.681995464383278e-001	2.691534803926916e-001
7763	2.623436378166459e-001	2.630267991895382e-001
7770	2.421164522299870e-001	2.454708915685031e-001
7780	2.393307144758065e-001	2.398832919019490e-001
7820	2.336488780970695e-001	2.344228815319922e-001
7833	2.245075210583563e-001	2.290867652767773e-001
7887	2.086958951813919e-001	2.089296130854039e-001
7985	1.991823424104130e-001	1.995262314968880e-001
8090	1.940638702355194e-001	1.949844599758046e-001
8124	1.902585412625067e-001	1.905460717963247e-001
8209	1.841701420122291e-001	1.862087136662868e-001
8273	1.766177847758950e-001	1.778279410038923e-001
8321	1.725941819849628e-001	1.737800828749375e-001
8410	1.695497936902360e-001	1.698243652461744e-001
8412	1.640287081340408e-001	1.659586907437561e-001
8444	1.602576723343598e-001	1.621810097358930e-001
8492	1.561968057362944e-001	1.584893192461113e-001
8512	1.481626338350648e-001	1.513561248436208e-001
8551	1.477036239703579e-001	1.479108388168208e-001
8558	1.442591876079216e-001	1.445439770745928e-001
8618	1.411872111940323e-001	1.412537544622755e-001
8661	1.352432092280019e-001	1.380384264602885e-001
8667	1.342569255482286e-001	1.348962882591654e-001
8753	1.304086165162167e-001	1.318256738556407e-001
8775	1.250859185371008e-001	1.258925411794167e-001
8827	1.224643787516778e-001	1.230268770812382e-001
8862	1.194376686620090e-001	1.202264434617413e-001
8900	1.174635297038246e-001	1.174897554939529e-001
8970	1.142745660618589e-001	1.148153621496883e-001
8977	1.115388245055068e-001	1.122018454301964e-001
9027	1.093797433483508e-001	1.096478196143185e-001
9081	1.025963921045636e-001	1.047128548050900e-001
9086	1.021583624937323e-001	1.023292992280754e-001
9131	9.583008344668897e-002	9.772372209558107e-002
9146	9.541924583961192e-002	9.549925860214359e-002
9166	9.304393681829593e-002	9.332543007969910e-002
9214	9.119408963416831e-002	9.120108393559097e-002
9248	8.908343128364371e-002	8.912509381337455e-002
9308	8.687842488671316e-002	8.709635899560805e-002
9317	8.089059221299755e-002	8.128305161640990e-002
9358	7.938707544155543e-002	7.943282347242814e-002
9414	7.758606656219658e-002	7.762471166286916e-002
9530	7.572754203691812e-002	7.585775750291836e-002
9610	7.395200583726758e-002	7.413102413009177e-002
9647	7.197936966075691e-002	7.244359600749903e-002
9736	7.069380990495267e-002	7.079457843841380e-002
9749	6.825278046342076e-002	6.918309709189366e-002
9776	6.757556279764165e-002	6.760829753919818e-002
9797	6.566577226613446e-002	6.606934480075961e-002
9852	6.445105768107518e-002	6.456542290346556e-002
9909	6.264481838048763e-002	6.309573444801933e-002
9949	6.045106058898131e-002	6.165950018614822e-002
9975	6.015346398165633e-002	6.025595860743578e-002
10008	5.794115969535485e-002	5.888436553555890e-002
10019	5.739761664536514e-002	5.754399373371569e-002
10085	5.621183276113140e-002	5.623413251903491e-002
10127	5.422567822215574e-002	5.495408738576246e-002
10184	5.369418213999710e-002	5.370317963702527e-002
10215	4.898960756308990e-002	5.011872336272722e-002
10244	4.896104789721001e-002	4.897788193684461e-002
10293	4.785994835272045e-002	4.786300923226383e-002
10349	4.672725252318699e-002	4.677351412871982e-002
10355	4.532770289562238e-002	4.570881896148749e-002
10427	4.448001940459723e-002	4.466835921509630e-002
10491	4.361793977851292e-002	4.365158322401658e-002
10546	4.222812858552749e-002	4.265795188015926e-002
10583	4.166977245733206e-002	4.168693834703355e-002
10687	4.051339231071471e-002	4.073802778041128e-002
10786	3.894286651377288e-002	3.981071705534973e-002
10793	3.889364411735663e-002	3.890451449942807e-002
10870	3.633825038899230e-002	3.715352290971726e-002
10890	3.630651969779153e-002	3.630780547701014e-002
10972	3.547339075443357e-002	3.548133892335755e-002
11077	3.465979049193380e-002	3.467368504525317e-002
11096	3.385900462784142e-002	3.388441561392026e-002
11263	3.308144033774618e-002	3.311311214825911e-002
11267	3.140406650336347e-002	3.162277660168379e-002
11386	3.082289254484694e-002	3.090295432513590e-002
11468	3.015985491427897e-002	3.019951720402016e-002
11525	2.924812554529610e-002	2.951209226666385e-002
11665	2.883304542492426e-002	2.884031503126606e-002
11737	2.817890476212204e-002	2.818382931264454e-002
11810	2.752690017573400e-002	2.754228703338166e-002
11848	2.683280034631874e-002	2.691534803926915e-002
11890	2.627539830227843e-002	2.630267991895382e-002
12003	2.569366610622081e-002	2.570395782768863e-002
12142	2.507537536952686e-002	2.511886431509579e-002
12226	2.448986555060662e-002	2.454708915685030e-002
12287	2.396625090876292e-002	2.398832919019490e-002
12441	2.334154109616315e-002	2.344228815319923e-002
12500	2.290398915232794e-002	2.290867652767774e-002
12646	2.238635170978187e-002	2.238721138568340e-002
12854	2.186667601553083e-002	2.187761623949553e-002
13333	2.137868054756997e-002	2.137962089502233e-002
14154	2.088992435468873e-002	2.089296130854040e-002
17643	2.041730494069793e-002	2.041737944669530e-002
2000001	2.030436004280722e-002	2.041737944669530e-002
%
% index = 2224, name = bbob_f001_i11_d20__bbob_f006_i12_d20
% instance = 5, reference value = 8.756175680437510e-001
% function evaluation | indicator value | target hit
1	9.562488679913056e+002	9.772372209558112e+002
2	2.790979854616505e+002	2.818382931264455e+002
6	2.156724048323461e+002	2.187761623949552e+002
10	2.136675229665490e+002	2.137962089502233e+002
21	1.610880079594702e+002	1.621810097358930e+002
96	1.319142412335135e+002	1.348962882591653e+002
353	1.255018111631495e+002	1.258925411794168e+002
431	1.186975525958719e+002	1.202264434617413e+002
456	1.113666468644184e+002	1.122018454301963e+002
635	1.050693028884349e+002	1.071519305237606e+002
650	9.646199325252077e+001	9.772372209558107e+001
686	7.069578362685240e+001	7.079457843841381e+001
895	6.700637070710319e+001	6.760829753919819e+001
915	6.586865585935058e+001	6.606934480075961e+001
961	5.288540928519358e+001	5.370317963702527e+001
1031	4.694085329773568e+001	4.786300923226383e+001
1423	3.770060603424856e+001	3.801893963205612e+001
1935	3.274804699292444e+001	3.311311214825911e+001
2022	3.171608556947096e+001	3.235936569296283e+001
2052	3.000154800166212e+001	3.019951720402016e+001
2243	2.754061827579831e+001	2.754228703338166e+001
2246	2.612016340677882e+001	2.630267991895381e+001
2353	2.391861642979052e+001	2.398832919019490e+001
2372	2.160476436568045e+001	2.187761623949553e+001
2598	1.965178201301759e+001	1.995262314968880e+001
2806	1.891041273772568e+001	1.905460717963247e+001
2905	1.852869074150367e+001	1.862087136662868e+001
3078	1.627256554085318e+001	1.659586907437561e+001
3086	1.469168946410959e+001	1.479108388168207e+001
3106	1.349375587514959e+001	1.380384264602885e+001
3187	1.189337605231125e+001	1.202264434617413e+001
3231	1.073044308319783e+001	1.096478196143185e+001
3254	1.034295358096757e+001	1.047128548050900e+001
3283	8.007737875877130e+000	8.128305161640993e+000
3551	7.873763824111251e+000	7.943282347242816e+000
3590	7.415368371094851e+000	7.585775750291838e+000
3640	7.018589097384505e+000	7.079457843841379e+000
3813	5.994527520328749e+000	6.025595860743578e+000
3853	4.825303847727607e+000	4.897788193684462e+000
4039	4.200847070484678e+000	4.265795188015927e+000
4315	4.118606610247332e+000	4.168693834703354e+000
4440	4.023922751081250e+000	4.073802778041127e+000
4662	3.825959772791251e+000	3.890451449942806e+000
4666	3.720941887578751e+000	3.801893963205612e+000
4684	3.525387422869751e+000	3.548133892335755e+000
4958	3.187578439497251e+000	3.235936569296283e+000
5202	2.692950152215751e+000	2.754228703338166e+000
5353	2.339986958336251e+000	2.344228815319922e+000
5751	1.908959667769251e+000	1.949844599758045e+000
6163	1.620194136516251e+000	1.621810097358930e+000
6311	1.527258021457751e+000	1.548816618912481e+000
6427	1.398606240685751e+000	1.412537544622754e+000
6530	1.234094013440751e+000	1.258925411794167e+000
6533	1.021275334793751e+000	1.023292992280754e+000
6770	9.444736236807509e-001	9.549925860214360e-001
6984	8.185169211181829e-001	8.317637711026710e-001
7013	7.823464647252391e-001	7.943282347242815e-001
7108	7.489735710192293e-001	7.585775750291838e-001
7111	7.390017322231306e-001	7.413102413009175e-001
7245	6.458696993012030e-001	6.606934480075960e-001
7327	6.369028044353813e-001	6.456542290346555e-001
7376	6.286131732870341e-001	6.309573444801933e-001
7507	6.105288908756079e-001	6.165950018614822e-001
7562	5.548221679639613e-001	5.623413251903491e-001
7674	5.488411072051473e-001	5.495408738576245e-001
7767	5.302953429988417e-001	5.370317963702527e-001
7804	5.191542026993319e-001	5.248074602497725e-001
7848	5.012869019747739e-001	5.128613839913648e-001
7872	5.000416768964667e-001	5.011872336272722e-001
7955	4.332938095393196e-001	4.365158322401660e-001
8038	4.262221766423473e-001	4.265795188015927e-001
8180	4.161683497945745e-001	4.168693834703354e-001
8185	3.906846237876893e-001	3.981071705534973e-001
8319	3.890347074440850e-001	3.890451449942806e-001
8382	3.770279755628591e-001	3.801893963205612e-001
8493	3.705869517028047e-001	3.715352290971726e-001
8564	3.626712193937363e-001	3.630780547701014e-001
8567	3.390304858633456e-001	3.467368504525316e-001
8580	3.388281744002080e-001	3.388441561392026e-001
8641	3.309342553727539e-001	3.311311214825911e-001
8809	2.668702268384692e-001	2.691534803926916e-001
8867	2.610874026996209e-001	2.630267991895382e-001
8931	2.563523839024395e-001	2.570395782768864e-001
9047	2.326299859829060e-001	2.344228815319922e-001
9179	2.227235405422420e-001	2.238721138568340e-001
9196	2.178136994517512e-001	2.187761623949552e-001
9280	2.117362234720406e-001	2.137962089502232e-001
9331	2.086528932338372e-001	2.089296130854039e-001
9458	2.041031260834152e-001	2.041737944669530e-001
9492	1.857930635397548e-001	1.862087136662868e-001
9616	1.661151407844957e-001	1.698243652461744e-001
9667	1.582657239672276e-001	1.584893192461113e-001
9758	1.542507621157114e-001	1.548816618912481e-001
9960	1.510759848377477e-001	1.513561248436208e-001
9986	1.378599904352291e-001	1.380384264602885e-001
10122	1.342956915356142e-001	1.348962882591654e-001
10163	1.256212575947381e-001	1.258925411794167e-001
10186	1.212546477360900e-001	1.230268770812382e-001
10205	1.164787366717572e-001	1.174897554939529e-001
10284	1.142765365739489e-001	1.148153621496883e-001
10430	1.116597566203375e-001	1.122018454301964e-001
10513	1.072854178214661e-001	1.096478196143185e-001
10548	1.071018693283605e-001	1.071519305237607e-001
10672	1.047062852991194e-001	1.047128548050900e-001
10991	9.968689092897942e-002	1.000000000000000e-001
11177	9.752287192538189e-002	9.772372209558107e-002
11194	9.464622863545680e-002	9.549925860214359e-002
11216	9.323967557829072e-002	9.332543007969910e-002
11309	8.976769202589419e-002	9.120108393559097e-002
11362	8.906958389606789e-002	8.912509381337455e-002
11389	8.149248706973367e-002	8.317637711026708e-002
11393	8.079186319699661e-002	8.128305161640990e-002
11502	7.894502569823603e-002	7.943282347242814e-002
11605	7.759264663315213e-002	7.762471166286916e-002
11678	5.649565400771206e-002	5.754399373371569e-002
11717	5.619350977478166e-002	5.623413251903491e-002
11789	5.487162742459717e-002	5.495408738576246e-002
11900	5.350624507431234e-002	5.370317963702527e-002
12099	5.247411372833100e-002	5.248074602497726e-002
12536	5.127953181892797e-002	5.128613839913648e-002
13161	5.011561040244406e-002	5.011872336272722e-002
14420	4.897409114226170e-002	4.897788193684461e-002
16710	4.786057780925768e-002	4.786300923226383e-002
2000001	4.725769366014732e-002	4.786300923226383e-002
%
% index = 2225, name = bbob_f001_i13_d20__bbob_f006_i14_d20
% instance = 6, reference value = 9.103621277772930e-001
% function evaluation | indicator value | target hit
1	1.595176194126704e+003	1.621810097358930e+003
2	5.721313729201362e+002	5.754399373371566e+002
6	4.374196041215586e+002	4.466835921509630e+002
12	4.189624637675755e+002	4.265795188015925e+002
20	4.144670740165204e+002	4.168693834703355e+002
21	2.889799218581156e+002	2.951209226666387e+002
96	2.692122381330602e+002	2.754228703338166e+002
230	2.647458755030877e+002	2.691534803926917e+002
313	2.375491297368823e+002	2.398832919019490e+002
432	2.043782279790693e+002	2.089296130854039e+002
559	1.909157832737061e+002	1.949844599758046e+002
737	1.308615469256583e+002	1.318256738556407e+002
911	1.225055871121015e+002	1.230268770812381e+002
1092	1.016619295156753e+002	1.023292992280754e+002
1383	7.214452223179225e+001	7.244359600749903e+001
1631	7.063151492318929e+001	7.079457843841381e+001
1705	6.081195863187067e+001	6.165950018614822e+001
1761	5.734698254437002e+001	5.754399373371570e+001
2025	4.930091317837474e+001	5.011872336272722e+001
2255	3.686618332617280e+001	3.715352290971726e+001
2466	2.638462090843853e+001	2.691534803926916e+001
3139	2.629522228900216e+001	2.630267991895381e+001
3234	2.402599936060867e+001	2.454708915685030e+001
3266	2.321523000378025e+001	2.344228815319923e+001
3352	2.217432491803261e+001	2.238721138568340e+001
3520	2.058935004482578e+001	2.089296130854040e+001
3597	1.992556104631637e+001	1.995262314968880e+001
3665	1.734001425392798e+001	1.737800828749375e+001
3750	1.666248004599152e+001	1.698243652461744e+001
3924	1.623773493181748e+001	1.659586907437561e+001
3931	1.237912309506020e+001	1.258925411794168e+001
3962	1.068483902587729e+001	1.071519305237607e+001
4184	8.451432899612794e+000	8.511380382023766e+000
4345	7.987463939925296e+000	8.128305161640993e+000
4406	7.061674418910293e+000	7.079457843841379e+000
4539	6.798962816900293e+000	6.918309709189365e+000
4722	6.671113123983793e+000	6.760829753919817e+000
4736	5.357045692162293e+000	5.370317963702528e+000
4873	4.903280444745293e+000	5.011872336272722e+000
5215	4.631414210947793e+000	4.677351412871983e+000
5272	3.927613933622792e+000	3.981071705534972e+000
5430	3.561781629026793e+000	3.630780547701014e+000
5497	3.120972754192793e+000	3.162277660168379e+000
5540	3.009206900480293e+000	3.019951720402016e+000
5744	2.590705910078799e+000	2.630267991895382e+000
5994	2.347399502726101e+000	2.398832919019490e+000
6069	2.175290768800793e+000	2.187761623949553e+000
6207	2.110339870988293e+000	2.137962089502232e+000
6342	2.070646235115793e+000	2.089296130854040e+000
6347	2.027579018785793e+000	2.041737944669529e+000
6353	1.840085893188793e+000	1.862087136662868e+000
6489	1.732328125179793e+000	1.737800828749375e+000
6504	1.679659419010293e+000	1.698243652461744e+000
6618	1.544137090021793e+000	1.548816618912481e+000
6677	1.494137520642793e+000	1.513561248436208e+000
6742	1.180437283132793e+000	1.202264434617413e+000
6865	1.169729436284793e+000	1.174897554939530e+000
7028	9.597836259567930e-001	9.772372209558107e-001
7446	9.233278492692930e-001	9.332543007969910e-001
7532	9.052306380635035e-001	9.120108393559098e-001
7546	8.698966542415452e-001	8.709635899560806e-001
7873	8.146978469609664e-001	8.317637711026710e-001
7953	7.643433509543330e-001	7.762471166286917e-001
7958	7.380942547500805e-001	7.413102413009175e-001
8025	7.229488265879036e-001	7.244359600749900e-001
8151	6.838569139291288e-001	6.918309709189364e-001
8163	6.642445984428647e-001	6.760829753919818e-001
8164	6.591294868967655e-001	6.606934480075960e-001
8200	6.217907156701799e-001	6.309573444801933e-001
8213	6.112862086337447e-001	6.165950018614822e-001
8236	5.984252843211005e-001	6.025595860743578e-001
8358	5.879105254192464e-001	5.888436553555889e-001
8415	5.530378172170217e-001	5.623413251903491e-001
8433	5.413329467607235e-001	5.495408738576245e-001
8571	5.271700248622301e-001	5.370317963702527e-001
8574	5.158269946333594e-001	5.248074602497725e-001
8643	5.121468852204585e-001	5.128613839913648e-001
8682	4.891343663720151e-001	4.897788193684462e-001
8703	4.777601068339144e-001	4.786300923226383e-001
8718	4.268782157086289e-001	4.365158322401660e-001
8724	4.258736236929385e-001	4.265795188015927e-001
8850	4.161000298666669e-001	4.168693834703354e-001
9020	3.950622370789143e-001	3.981071705534973e-001
9165	3.643643829266644e-001	3.715352290971726e-001
9196	3.630095783021498e-001	3.630780547701014e-001
9290	3.546137584860402e-001	3.548133892335755e-001
9436	2.917515844775027e-001	2.951209226666385e-001
9530	2.808423597403501e-001	2.818382931264454e-001
9579	2.687446549919527e-001	2.691534803926916e-001
9633	2.613825411087433e-001	2.630267991895382e-001
9715	2.565300465325781e-001	2.570395782768864e-001
9736	2.272392658624386e-001	2.290867652767773e-001
9767	2.218523885031287e-001	2.238721138568340e-001
9830	2.156861650783641e-001	2.187761623949552e-001
9876	2.085983622263155e-001	2.089296130854039e-001
9938	2.034807024180674e-001	2.041737944669530e-001
10005	1.992194997059492e-001	1.995262314968880e-001
10024	1.899220826823532e-001	1.905460717963247e-001
10119	1.861240389530886e-001	1.862087136662868e-001
10131	1.654054844023650e-001	1.659586907437561e-001
10237	1.460265380776186e-001	1.479108388168208e-001
10284	1.443261775886071e-001	1.445439770745928e-001
10368	1.408768402811710e-001	1.412537544622755e-001
10464	1.376962727830274e-001	1.380384264602885e-001
10532	1.330866837718101e-001	1.348962882591654e-001
10562	1.312535273391872e-001	1.318256738556407e-001
10679	1.287730066857881e-001	1.288249551693134e-001
10738	1.255480598982529e-001	1.258925411794167e-001
10867	1.227505915288123e-001	1.230268770812382e-001
10986	1.198796170364294e-001	1.202264434617413e-001
11041	1.043974680325701e-001	1.047128548050900e-001
11055	9.936587373808126e-002	1.000000000000000e-001
11091	9.724647794770913e-002	9.772372209558107e-002
11165	9.530052854506121e-002	9.549925860214359e-002
11193	9.317118704516259e-002	9.332543007969910e-002
11245	9.093194272314720e-002	9.120108393559097e-002
11343	8.908870688621640e-002	8.912509381337455e-002
11360	8.699226397341664e-002	8.709635899560805e-002
11447	8.501084521646585e-002	8.511380382023763e-002
11538	8.239698881925150e-002	8.317637711026708e-002
11617	8.119621472006822e-002	8.128305161640990e-002
11698	7.882550812267752e-002	7.943282347242814e-002
11795	7.736578399811367e-002	7.762471166286916e-002
11843	7.570062400080357e-002	7.585775750291836e-002
12027	6.865877520159225e-002	6.918309709189366e-002
12126	6.738757625391045e-002	6.760829753919818e-002
12204	6.483991157914792e-002	6.606934480075961e-002
12255	6.452980315596457e-002	6.456542290346556e-002
12330	6.308642346844928e-002	6.309573444801933e-002
12443	6.155646241754598e-002	6.165950018614822e-002
12456	5.772853489599672e-002	5.888436553555890e-002
12489	5.751366427270255e-002	5.754399373371569e-002
12523	5.557936779186212e-002	5.623413251903491e-002
12536	5.470317498862898e-002	5.495408738576246e-002
12601	5.314988949222332e-002	5.370317963702527e-002
12615	5.247145903670736e-002	5.248074602497726e-002
12696	4.948401344223563e-002	5.011872336272722e-002
12717	4.883432281327582e-002	4.897788193684461e-002
12785	4.772138575922036e-002	4.786300923226383e-002
12799	4.642654300595805e-002	4.677351412871982e-002
12876	4.536420553858656e-002	4.570881896148749e-002
12975	4.162840782998845e-002	4.168693834703355e-002
13016	3.740007913966159e-002	3.801893963205612e-002
13046	3.669331502550144e-002	3.715352290971726e-002
13164	3.624197671320517e-002	3.630780547701014e-002
13313	3.547804239289509e-002	3.548133892335755e-002
13556	3.467060006346279e-002	3.467368504525317e-002
14020	3.388426780747211e-002	3.388441561392026e-002
14923	3.311209148489891e-002	3.311311214825911e-002
20840	3.235934969090237e-002	3.235936569296283e-002
2000001	3.226567534951108e-002	3.235936569296283e-002
%
% index = 2226, name = bbob_f001_i15_d20__bbob_f006_i16_d20
% instance = 7, reference value = 9.232996549352610e-001
% function evaluation | indicator value | target hit
1	1.227398968096459e+003	1.230268770812381e+003
2	3.011727399441402e+002	3.019951720402016e+002
21	2.035921793248751e+002	2.041737944669530e+002
230	1.882297440215328e+002	1.905460717963246e+002
283	1.770488205633573e+002	1.778279410038923e+002
369	1.627896920324623e+002	1.659586907437561e+002
400	1.395918776490282e+002	1.412537544622754e+002
531	1.119571194833843e+002	1.122018454301963e+002
609	8.935634087611676e+001	9.120108393559097e+001
711	8.031603052339557e+001	8.128305161640991e+001
1235	7.830502770033318e+001	7.943282347242814e+001
1277	7.600588624128930e+001	7.762471166286916e+001
1283	6.983597383290558e+001	7.079457843841381e+001
1291	6.813115380921963e+001	6.918309709189366e+001
1418	6.365634222590664e+001	6.456542290346556e+001
1535	6.256778724924332e+001	6.309573444801933e+001
1537	4.753392553185744e+001	4.786300923226383e+001
1718	4.538533840010574e+001	4.570881896148750e+001
1740	4.069493308126160e+001	4.073802778041128e+001
1800	3.549737211332133e+001	3.630780547701014e+001
1961	3.528882183104957e+001	3.548133892335755e+001
2086	2.877696333047364e+001	2.884031503126606e+001
2114	2.048639624233476e+001	2.089296130854040e+001
2526	1.967945227303485e+001	1.995262314968880e+001
2706	1.936835860397370e+001	1.949844599758045e+001
2780	1.806867909844643e+001	1.819700858609983e+001
2802	1.512715515403510e+001	1.513561248436208e+001
3148	1.446364469583727e+001	1.479108388168207e+001
3255	9.871865710693909e+000	1.000000000000000e+001
3524	9.335657796064202e+000	9.549925860214358e+000
3631	8.528548283709615e+000	8.709635899560805e+000
3746	7.779616136792360e+000	7.943282347242816e+000
3934	7.197525534934725e+000	7.244359600749901e+000
4113	6.990479333619845e+000	7.079457843841379e+000
4115	6.564982967293260e+000	6.606934480075959e+000
4163	4.087054594998290e+000	4.168693834703354e+000
4412	3.019913847030761e+000	3.019951720402016e+000
4724	2.494984770335261e+000	2.511886431509580e+000
4776	1.894074894738548e+000	1.905460717963247e+000
4845	1.547084355815761e+000	1.548816618912481e+000
5149	1.292048728603761e+000	1.318256738556407e+000
5562	1.243468372953509e+000	1.258925411794167e+000
5564	1.139616583664261e+000	1.148153621496883e+000
5577	1.069698350275761e+000	1.071519305237606e+000
5680	1.025033340158261e+000	1.047128548050900e+000
5845	1.017269977833261e+000	1.023292992280754e+000
5876	9.769804032787610e-001	9.772372209558107e-001
5879	8.773802916311768e-001	8.912509381337456e-001
6054	8.699909428540097e-001	8.709635899560806e-001
6098	8.368353163090755e-001	8.511380382023764e-001
6187	7.981275063500083e-001	8.128305161640993e-001
6266	7.902095068744921e-001	7.943282347242815e-001
6326	7.567202302762905e-001	7.585775750291838e-001
6361	7.102969385693159e-001	7.244359600749900e-001
6362	6.762267204358328e-001	6.918309709189364e-001
6373	6.740447685498718e-001	6.760829753919818e-001
6406	5.730841707927874e-001	5.754399373371569e-001
6540	5.458774581610879e-001	5.495408738576245e-001
6586	5.126603465448715e-001	5.128613839913648e-001
6639	4.924402368964544e-001	5.011872336272722e-001
6662	4.896593036123318e-001	4.897788193684462e-001
6825	4.726375429487613e-001	4.786300923226383e-001
6841	4.675510018581057e-001	4.677351412871982e-001
6892	4.556495845073204e-001	4.570881896148750e-001
6933	4.413316350563038e-001	4.466835921509632e-001
6970	4.351911465119971e-001	4.365158322401660e-001
7049	4.231826780888375e-001	4.265795188015927e-001
7066	3.207472359488217e-001	3.235936569296283e-001
7112	3.160693114428760e-001	3.162277660168379e-001
7193	3.078024588628466e-001	3.090295432513591e-001
7353	2.953692794927496e-001	3.019951720402016e-001
7356	2.938825959897577e-001	2.951209226666385e-001
7492	2.832121932495193e-001	2.884031503126606e-001
7505	2.803577540465716e-001	2.818382931264454e-001
7533	2.722845417484843e-001	2.754228703338166e-001
7583	2.691396167426843e-001	2.691534803926916e-001
7650	2.610197359724772e-001	2.630267991895382e-001
7682	2.542958733441829e-001	2.570395782768864e-001
7707	2.438584899005016e-001	2.454708915685031e-001
7733	2.398828422762136e-001	2.398832919019490e-001
7765	2.060792364212274e-001	2.089296130854039e-001
7785	2.040087609263805e-001	2.041737944669530e-001
7839	1.963042504027621e-001	1.995262314968880e-001
7854	1.946798943430824e-001	1.949844599758046e-001
7949	1.903547671178789e-001	1.905460717963247e-001
7992	1.849404447028855e-001	1.862087136662868e-001
8030	1.819572384893005e-001	1.819700858609984e-001
8192	1.715273339384810e-001	1.737800828749375e-001
8210	1.602745193675415e-001	1.621810097358930e-001
8242	1.567815446101892e-001	1.584893192461113e-001
8301	1.548732852014182e-001	1.548816618912481e-001
8365	1.513389383201851e-001	1.513561248436208e-001
8432	1.475774597099280e-001	1.479108388168208e-001
8465	1.439511269333159e-001	1.445439770745928e-001
8583	1.409437952754976e-001	1.412537544622755e-001
8722	1.380140462294134e-001	1.380384264602885e-001
8731	1.310606028302388e-001	1.318256738556407e-001
8901	1.277998772932146e-001	1.288249551693134e-001
9012	1.258056844321389e-001	1.258925411794167e-001
9103	1.112134281004157e-001	1.122018454301964e-001
9151	1.075340487903903e-001	1.096478196143185e-001
9177	1.071254235916195e-001	1.071519305237607e-001
9269	1.046383345049110e-001	1.047128548050900e-001
9385	9.946754609785058e-002	1.000000000000000e-001
9508	9.712948875398941e-002	9.772372209558107e-002
9593	9.540809529396788e-002	9.549925860214359e-002
9716	9.270099654064246e-002	9.332543007969910e-002
9758	9.096114384472742e-002	9.120108393559097e-002
9936	8.893177034761957e-002	8.912509381337455e-002
10003	8.320978772100507e-002	8.511380382023763e-002
10014	8.299886492159347e-002	8.317637711026708e-002
10102	7.436212164226741e-002	7.585775750291836e-002
10129	7.412782982952848e-002	7.413102413009177e-002
10263	7.217988829067523e-002	7.244359600749903e-002
10314	7.044040959194009e-002	7.079457843841380e-002
10440	6.913808734227078e-002	6.918309709189366e-002
10607	6.265403989126017e-002	6.309573444801933e-002
10741	6.091540675241802e-002	6.165950018614822e-002
10746	5.994232378885878e-002	6.025595860743578e-002
10894	5.883581400972826e-002	5.888436553555890e-002
10941	5.359890830459657e-002	5.370317963702527e-002
11075	5.241508573606624e-002	5.248074602497726e-002
11239	4.872867743250864e-002	4.897788193684461e-002
11396	4.783710901474891e-002	4.786300923226383e-002
11573	4.672313962772667e-002	4.677351412871982e-002
11773	2.901565197423317e-002	2.951209226666385e-002
11789	2.879972806248066e-002	2.884031503126606e-002
11799	2.638892073014765e-002	2.691534803926915e-002
11819	2.628741485837161e-002	2.630267991895382e-002
11914	2.554864530679857e-002	2.570395782768863e-002
11918	2.440673540991112e-002	2.454708915685030e-002
12032	2.387211904370223e-002	2.398832919019490e-002
12113	2.340931507849720e-002	2.344228815319923e-002
12247	2.285053870696985e-002	2.290867652767774e-002
12396	2.236579198260758e-002	2.238721138568340e-002
12594	2.186492487928526e-002	2.187761623949553e-002
12796	2.137195293242677e-002	2.137962089502233e-002
13082	2.089015108878911e-002	2.089296130854040e-002
13560	2.041640359585994e-002	2.041737944669530e-002
14625	1.995113528427861e-002	1.995262314968880e-002
16812	1.949642262307760e-002	1.949844599758046e-002
2000001	1.923502064674132e-002	1.949844599758046e-002
%
% index = 2227, name = bbob_f001_i17_d20__bbob_f006_i18_d20
% instance = 8, reference value = 9.245978320454640e-001
% function evaluation | indicator value | target hit
1	7.932382683813049e+002	7.943282347242813e+002
2	2.023399485033587e+002	2.041737944669530e+002
6	1.589856777068971e+002	1.621810097358930e+002
21	1.391856848723977e+002	1.412537544622754e+002
188	1.330948566721901e+002	1.348962882591653e+002
249	1.231665016299858e+002	1.258925411794168e+002
310	1.067648125089775e+002	1.071519305237606e+002
405	8.854666615753665e+001	8.912509381337455e+001
411	7.922662532842280e+001	7.943282347242814e+001
823	7.108569078552405e+001	7.244359600749903e+001
965	7.040624132435849e+001	7.079457843841381e+001
968	6.703135441081490e+001	6.760829753919819e+001
993	6.353862560024268e+001	6.456542290346556e+001
1055	6.203450592732389e+001	6.309573444801933e+001
1056	6.008049566011238e+001	6.025595860743578e+001
1103	4.185506675209969e+001	4.265795188015925e+001
1507	3.472012024046243e+001	3.548133892335755e+001
1547	3.460547447454391e+001	3.467368504525317e+001
1723	2.840059634679147e+001	2.884031503126606e+001
1791	2.575659801635079e+001	2.630267991895381e+001
1834	2.408373873538891e+001	2.454708915685030e+001
1839	2.325045329331744e+001	2.344228815319923e+001
1864	2.154479463958849e+001	2.187761623949553e+001
2113	1.996571033559556e+001	2.041737944669530e+001
2139	1.906358000749645e+001	1.949844599758045e+001
2211	1.287474129949124e+001	1.288249551693134e+001
2686	1.120134949624623e+001	1.122018454301964e+001
2964	1.066202664155338e+001	1.071519305237607e+001
3039	9.923687181118503e+000	1.000000000000000e+001
3185	9.111446764721165e+000	9.120108393559097e+000
3186	7.420505528112947e+000	7.585775750291838e+000
3502	7.362524196030385e+000	7.413102413009175e+000
3563	7.079105133594740e+000	7.079457843841379e+000
3594	6.901692439521823e+000	6.918309709189365e+000
3711	6.447584141144352e+000	6.456542290346556e+000
3744	4.271509862041964e+000	4.365158322401660e+000
3786	4.003952676283964e+000	4.073802778041127e+000
3955	3.715636230876464e+000	3.801893963205612e+000
4104	3.248051575724936e+000	3.311311214825911e+000
4249	3.127605225401964e+000	3.162277660168379e+000
4418	2.708906132180160e+000	2.754228703338166e+000
4422	2.689548399160568e+000	2.691534803926916e+000
4462	2.545881035386464e+000	2.570395782768864e+000
4601	2.025271269011393e+000	2.041737944669529e+000
4668	1.748388209514964e+000	1.778279410038923e+000
4768	1.477213370521093e+000	1.479108388168207e+000
5120	1.170006006313964e+000	1.174897554939530e+000
5363	1.131383523696464e+000	1.148153621496883e+000
5466	1.059729323203464e+000	1.071519305237606e+000
5629	8.879733090719144e-001	8.912509381337456e-001
5709	8.332094939931949e-001	8.511380382023764e-001
5775	8.202160769079455e-001	8.317637711026710e-001
5894	6.946151579065949e-001	7.079457843841379e-001
5909	6.918303699011582e-001	6.918309709189364e-001
5948	6.494078892414318e-001	6.606934480075960e-001
6018	6.349902151608065e-001	6.456542290346555e-001
6026	6.292579469227522e-001	6.309573444801933e-001
6092	6.024158438344042e-001	6.025595860743578e-001
6153	5.748243475017381e-001	5.754399373371569e-001
6241	5.590292118364089e-001	5.623413251903491e-001
6270	5.447611213919791e-001	5.495408738576245e-001
6284	5.319371610438395e-001	5.370317963702527e-001
6319	4.884480883448023e-001	4.897788193684462e-001
6473	4.784692013724970e-001	4.786300923226383e-001
6486	4.673863364819237e-001	4.677351412871982e-001
6516	4.463114043033220e-001	4.466835921509632e-001
6637	4.325364875062142e-001	4.365158322401660e-001
6673	4.212368909825022e-001	4.265795188015927e-001
6704	3.545259315317230e-001	3.548133892335755e-001
6778	3.467095629270242e-001	3.467368504525316e-001
6837	3.350705698299582e-001	3.388441561392026e-001
6967	3.286455073027000e-001	3.311311214825911e-001
7038	2.963429809327990e-001	3.019951720402016e-001
7039	2.912208357898317e-001	2.951209226666385e-001
7100	2.847260989725667e-001	2.884031503126606e-001
7130	2.818181664448577e-001	2.818382931264454e-001
7194	2.688071487187413e-001	2.691534803926916e-001
7257	2.629350528621314e-001	2.630267991895382e-001
7323	2.568705976923512e-001	2.570395782768864e-001
7407	2.490251820898967e-001	2.511886431509580e-001
7444	2.267390378465837e-001	2.290867652767773e-001
7502	2.049886127284282e-001	2.089296130854039e-001
7515	2.027017919575537e-001	2.041737944669530e-001
7579	1.967316950281687e-001	1.995262314968880e-001
7645	1.934711112432497e-001	1.949844599758046e-001
7692	1.905177519330936e-001	1.905460717963247e-001
7783	1.861835629618397e-001	1.862087136662868e-001
7900	1.819017197425521e-001	1.819700858609984e-001
7993	1.747345297816818e-001	1.778279410038923e-001
8000	1.546093005478385e-001	1.548816618912481e-001
8051	1.498859411527598e-001	1.513561248436208e-001
8077	1.437552733438496e-001	1.445439770745928e-001
8078	1.353814047349266e-001	1.380384264602885e-001
8085	1.343312641739179e-001	1.348962882591654e-001
8149	1.311327329367898e-001	1.318256738556407e-001
8202	1.284967367942071e-001	1.288249551693134e-001
8254	1.204638680647653e-001	1.230268770812382e-001
8261	1.201198405508401e-001	1.202264434617413e-001
8296	1.096921971336933e-001	1.122018454301964e-001
8298	1.093190972340705e-001	1.096478196143185e-001
8382	1.043427718597405e-001	1.047128548050900e-001
8476	9.860733441383085e-002	1.000000000000000e-001
8549	9.735702750073483e-002	9.772372209558107e-002
8649	9.488650826424183e-002	9.549925860214359e-002
8691	9.332464779550709e-002	9.332543007969910e-002
8764	9.119940798143167e-002	9.120108393559097e-002
8856	8.788450176263207e-002	8.912509381337455e-002
8863	8.510944163096790e-002	8.511380382023763e-002
8917	8.272101713676749e-002	8.317637711026708e-002
9036	8.048894472294776e-002	8.128305161640990e-002
9159	7.941880244061361e-002	7.943282347242814e-002
9206	7.729391371932115e-002	7.762471166286916e-002
9301	7.578836096352815e-002	7.585775750291836e-002
9351	7.279197609994992e-002	7.413102413009177e-002
9398	7.244092349196529e-002	7.244359600749903e-002
9463	7.078963365332391e-002	7.079457843841380e-002
9578	6.913215373545811e-002	6.918309709189366e-002
9732	6.751976253754588e-002	6.760829753919818e-002
9908	6.588076304892165e-002	6.606934480075961e-002
9977	6.226277495834309e-002	6.309573444801933e-002
10018	6.154093455024789e-002	6.165950018614822e-002
10080	6.002508650196059e-002	6.025595860743578e-002
10311	5.868205169175400e-002	5.888436553555890e-002
10458	5.750296073497530e-002	5.754399373371569e-002
10607	5.611696152928436e-002	5.623413251903491e-002
10664	5.482117183511359e-002	5.495408738576246e-002
10736	5.266669942493985e-002	5.370317963702527e-002
10742	4.867720594776526e-002	4.897788193684461e-002
10839	4.784733283317344e-002	4.786300923226383e-002
10964	4.671306193543523e-002	4.677351412871982e-002
11186	4.494293446893849e-002	4.570881896148749e-002
11220	4.461003063692770e-002	4.466835921509630e-002
11267	4.337721548147955e-002	4.365158322401658e-002
11385	4.260302154946860e-002	4.265795188015926e-002
11528	4.076562434127995e-002	4.168693834703355e-002
11535	4.072991659169989e-002	4.073802778041128e-002
11666	3.966599595847198e-002	3.981071705534973e-002
11711	3.870221223144243e-002	3.890451449942807e-002
11926	3.800506435193707e-002	3.801893963205612e-002
12208	3.715062241870326e-002	3.715352290971726e-002
12377	3.615755043620827e-002	3.630780547701014e-002
12512	3.547795517189589e-002	3.548133892335755e-002
12794	3.466783061767464e-002	3.467368504525317e-002
13113	3.386885624152136e-002	3.388441561392026e-002
13803	3.311141917827265e-002	3.311311214825911e-002
16186	3.235865066919308e-002	3.235936569296283e-002
2000001	3.207297074998394e-002	3.235936569296283e-002
%
% index = 2228, name = bbob_f001_i19_d20__bbob_f006_i21_d20
% instance = 9, reference value = 8.912638689869040e-001
% function evaluation | indicator value | target hit
1	1.899218778522289e+003	1.905460717963246e+003
2	6.198074411074067e+002	6.309573444801930e+002
6	5.921167368966150e+002	6.025595860743575e+002
9	3.743455391905144e+002	3.801893963205613e+002
14	3.703969044880053e+002	3.715352290971724e+002
37	2.768901364205943e+002	2.818382931264455e+002
264	2.491807988266430e+002	2.511886431509580e+002
347	2.306695042666672e+002	2.344228815319923e+002
546	2.028499313061899e+002	2.041737944669530e+002
651	1.875712110575454e+002	1.905460717963246e+002
671	1.540595820777108e+002	1.548816618912481e+002
737	1.432596546052999e+002	1.445439770745928e+002
861	1.326834768170939e+002	1.348962882591653e+002
992	1.087994656312794e+002	1.096478196143185e+002
1231	1.048655660469968e+002	1.071519305237606e+002
1428	1.022722514288544e+002	1.023292992280754e+002
1492	9.900918034127329e+001	1.000000000000000e+002
1498	9.770801776808092e+001	9.772372209558107e+001
1646	8.900087560948141e+001	8.912509381337455e+001
1725	8.410669636902502e+001	8.511380382023764e+001
1755	7.284657133081207e+001	7.413102413009177e+001
2094	6.093873798760941e+001	6.165950018614822e+001
2297	5.674491445977491e+001	5.754399373371570e+001
2433	5.064183377883784e+001	5.128613839913648e+001
2684	4.862215000678940e+001	4.897788193684461e+001
2711	4.641811008008644e+001	4.677351412871981e+001
2727	4.439871405001293e+001	4.466835921509630e+001
2766	3.903637503542497e+001	3.981071705534973e+001
3104	3.745999648578252e+001	3.801893963205612e+001
3111	3.640175632783335e+001	3.715352290971726e+001
3116	3.515335641459436e+001	3.548133892335755e+001
3131	3.195374115634402e+001	3.235936569296283e+001
3375	3.119547983812355e+001	3.162277660168379e+001
3406	2.827791994423338e+001	2.884031503126606e+001
3481	2.560254004198910e+001	2.570395782768863e+001
3678	2.088937763241504e+001	2.089296130854040e+001
3868	1.910667408905450e+001	1.949844599758045e+001
3935	1.166856329552209e+001	1.174897554939530e+001
4585	1.083871434008067e+001	1.096478196143185e+001
4767	1.027441972516659e+001	1.047128548050900e+001
4789	9.851514257826491e+000	1.000000000000000e+001
4793	8.945870586474497e+000	9.120108393559097e+000
4838	8.785791221164343e+000	8.912509381337454e+000
4849	7.460566038101904e+000	7.585775750291838e+000
5103	7.076040785920851e+000	7.079457843841379e+000
5134	6.336107680470953e+000	6.456542290346556e+000
5256	6.059293137209497e+000	6.165950018614822e+000
5444	5.886481894647377e+000	5.888436553555890e+000
5520	5.686468020021683e+000	5.754399373371570e+000
5540	4.897521792763159e+000	4.897788193684462e+000
5773	4.630158724611221e+000	4.677351412871983e+000
5971	4.515883859432856e+000	4.570881896148751e+000
6069	4.334782804745117e+000	4.365158322401660e+000
6119	4.111688964045003e+000	4.168693834703354e+000
6135	3.803600566995904e+000	3.890451449942806e+000
6223	3.747942474755404e+000	3.801893963205612e+000
6533	3.666046100183904e+000	3.715352290971725e+000
6540	2.680545650353404e+000	2.691534803926916e+000
6918	2.490523805889904e+000	2.511886431509580e+000
6921	2.413378211265727e+000	2.454708915685031e+000
6954	2.398203749474904e+000	2.398832919019490e+000
6995	2.306188911824128e+000	2.344228815319922e+000
7078	2.109574710134404e+000	2.137962089502232e+000
7151	1.873755963118904e+000	1.905460717963247e+000
7314	1.815977086593404e+000	1.819700858609983e+000
7363	1.719415224246904e+000	1.737800828749375e+000
7390	1.451971785809904e+000	1.479108388168207e+000
7620	1.413762011181404e+000	1.445439770745927e+000
7641	1.053775593264404e+000	1.071519305237606e+000
7666	1.022296008668904e+000	1.023292992280754e+000
7721	8.665486501709983e-001	8.709635899560806e-001
7815	8.054644231375445e-001	8.128305161640993e-001
7982	7.021505948018865e-001	7.079457843841379e-001
8154	6.879183994392870e-001	6.918309709189364e-001
8256	6.742330454354115e-001	6.760829753919818e-001
8328	5.706820277201680e-001	5.754399373371569e-001
8338	5.356823092735672e-001	5.370317963702527e-001
8343	4.756155662579794e-001	4.786300923226383e-001
8350	4.352029071724423e-001	4.365158322401660e-001
8367	4.146707395796700e-001	4.168693834703354e-001
8462	3.966730940406436e-001	3.981071705534973e-001
8468	3.835639903357394e-001	3.890451449942806e-001
8486	3.779180588661668e-001	3.801893963205612e-001
8731	3.713725609131086e-001	3.715352290971726e-001
8809	3.621423474209978e-001	3.630780547701014e-001
8812	3.502732415991953e-001	3.548133892335755e-001
8839	3.405734498861678e-001	3.467368504525316e-001
8893	3.333427133557753e-001	3.388441561392026e-001
8910	3.289633055670813e-001	3.311311214825911e-001
8917	3.088866381912152e-001	3.090295432513591e-001
8954	2.950965851682379e-001	2.951209226666385e-001
8957	2.814265657488794e-001	2.818382931264454e-001
9088	2.700408520949594e-001	2.754228703338166e-001
9097	2.639564485018233e-001	2.691534803926916e-001
9147	2.607840337192390e-001	2.630267991895382e-001
9241	2.521008488413490e-001	2.570395782768864e-001
9251	2.465929774669696e-001	2.511886431509580e-001
9259	2.427746689495123e-001	2.454708915685031e-001
9325	2.390093308026021e-001	2.398832919019490e-001
9464	2.207822331462214e-001	2.238721138568340e-001
9517	2.163813532274269e-001	2.187761623949552e-001
9574	2.124992350456897e-001	2.137962089502232e-001
9670	2.086858239712327e-001	2.089296130854039e-001
9811	1.984924012829359e-001	1.995262314968880e-001
9835	1.939215741144766e-001	1.949844599758046e-001
9961	1.904794934942031e-001	1.905460717963247e-001
10091	1.848531229326451e-001	1.862087136662868e-001
10135	1.818098996532253e-001	1.819700858609984e-001
10214	1.778170553572017e-001	1.778279410038923e-001
10278	1.695813512437696e-001	1.698243652461744e-001
10317	1.656371100984361e-001	1.659586907437561e-001
10330	1.546060448734129e-001	1.548816618912481e-001
10363	1.499562379565338e-001	1.513561248436208e-001
10433	1.458270955188171e-001	1.479108388168208e-001
10464	1.444283273559650e-001	1.445439770745928e-001
10558	1.411711115333826e-001	1.412537544622755e-001
10685	1.362184758490164e-001	1.380384264602885e-001
10765	1.348885352810362e-001	1.348962882591654e-001
10910	1.316242050205045e-001	1.318256738556407e-001
10993	1.287833168252317e-001	1.288249551693134e-001
11021	1.244208273883874e-001	1.258925411794167e-001
11046	1.229434301946715e-001	1.230268770812382e-001
11106	1.157655783209799e-001	1.174897554939529e-001
11107	1.142077048711979e-001	1.148153621496883e-001
11168	1.118788038917327e-001	1.122018454301964e-001
11227	1.065605298392558e-001	1.071519305237607e-001
11237	1.046483917684316e-001	1.047128548050900e-001
11269	9.686017392244539e-002	9.772372209558107e-002
11355	9.545303004849393e-002	9.549925860214359e-002
11403	9.330187799764911e-002	9.332543007969910e-002
11417	8.815561896191593e-002	8.912509381337455e-002
11494	8.682306637924686e-002	8.709635899560805e-002
11515	8.509998192317103e-002	8.511380382023763e-002
11609	8.308969100354346e-002	8.317637711026708e-002
11687	8.122943625438861e-002	8.128305161640990e-002
11805	7.853029621063423e-002	7.943282347242814e-002
11851	7.726816128906544e-002	7.762471166286916e-002
12002	7.547559023429751e-002	7.585775750291836e-002
12106	7.405416872174164e-002	7.413102413009177e-002
12164	7.237849799764562e-002	7.244359600749903e-002
12252	7.077787910367606e-002	7.079457843841380e-002
12305	6.861776057549163e-002	6.918309709189366e-002
12331	6.516075178809488e-002	6.606934480075961e-002
12384	6.454091103207871e-002	6.456542290346556e-002
12495	6.263974418418228e-002	6.309573444801933e-002
12560	6.139111746718107e-002	6.165950018614822e-002
12589	6.003746283729516e-002	6.025595860743578e-002
12833	5.853091977339864e-002	5.888436553555890e-002
12872	5.748389662194164e-002	5.754399373371569e-002
12921	5.570275274128711e-002	5.623413251903491e-002
13012	5.495314096146264e-002	5.495408738576246e-002
13119	5.357105827357145e-002	5.370317963702527e-002
13175	5.235870804086995e-002	5.248074602497726e-002
13327	5.089160334708143e-002	5.128613839913648e-002
13481	5.005037094313525e-002	5.011872336272722e-002
13513	4.889001358226985e-002	4.897788193684461e-002
13527	4.553466571402298e-002	4.570881896148749e-002
13587	4.433719196730768e-002	4.466835921509630e-002
13689	4.338756077319739e-002	4.365158322401658e-002
13803	4.263755258866053e-002	4.265795188015926e-002
13969	4.155466154012677e-002	4.168693834703355e-002
14027	3.835667491387607e-002	3.890451449942807e-002
14082	3.801651679862728e-002	3.801893963205612e-002
14161	3.713731415464927e-002	3.715352290971726e-002
14309	3.585565324642714e-002	3.630780547701014e-002
14355	3.548001377151366e-002	3.548133892335755e-002
14580	3.464509753419698e-002	3.467368504525317e-002
14720	3.382852452188290e-002	3.388441561392026e-002
14879	3.311005761849328e-002	3.311311214825911e-002
15195	3.235128128003506e-002	3.235936569296283e-002
15721	3.161574351350993e-002	3.162277660168379e-002
16613	3.090239809166884e-002	3.090295432513590e-002
17685	3.019297067374094e-002	3.019951720402016e-002
20015	2.951137552820760e-002	2.951209226666385e-002
2000001	2.914665976154673e-002	2.951209226666385e-002
%
% index = 2229, name = bbob_f001_i21_d20__bbob_f006_i22_d20
% instance = 10, reference value = 9.328378714171580e-001
% function evaluation | indicator value | target hit
1	1.215233705620217e+003	1.230268770812381e+003
2	3.962091226723568e+002	3.981071705534973e+002
6	2.525644429666320e+002	2.570395782768865e+002
22	2.469124144651024e+002	2.511886431509580e+002
37	2.308515444337245e+002	2.344228815319923e+002
160	2.240225472675615e+002	2.290867652767772e+002
202	2.059954122277225e+002	2.089296130854039e+002
354	1.425622242639581e+002	1.445439770745928e+002
617	9.884120041413293e+001	1.000000000000000e+002
781	7.301062661853069e+001	7.413102413009177e+001
1231	7.129500391834013e+001	7.244359600749903e+001
1351	6.925237188068618e+001	7.079457843841381e+001
1374	6.760973925712109e+001	6.918309709189366e+001
1450	5.954504019483786e+001	6.025595860743578e+001
1620	5.798709919474841e+001	5.888436553555890e+001
1633	4.316404679071999e+001	4.365158322401658e+001
2181	4.177178502332120e+001	4.265795188015925e+001
2254	3.937814417453450e+001	3.981071705534973e+001
2309	3.420750113436920e+001	3.467368504525317e+001
2337	2.998115188242705e+001	3.019951720402016e+001
2587	2.916700272854033e+001	2.951209226666386e+001
2620	2.306756786793292e+001	2.344228815319923e+001
2630	2.286389793682879e+001	2.290867652767774e+001
2808	1.773726225438286e+001	1.778279410038923e+001
3169	1.607260437328462e+001	1.621810097358930e+001
3299	1.553779686767344e+001	1.584893192461113e+001
3376	1.484067446582770e+001	1.513561248436208e+001
3476	1.254819654779220e+001	1.258925411794168e+001
3726	1.088693251033095e+001	1.096478196143185e+001
3951	1.054200486509593e+001	1.071519305237607e+001
4035	1.022758374313013e+001	1.023292992280754e+001
4121	8.486959292485375e+000	8.511380382023766e+000
4379	8.228636144476083e+000	8.317637711026711e+000
4552	5.823816707326658e+000	5.888436553555890e+000
4819	4.769863278094158e+000	4.786300923226384e+000
5159	4.487561923399563e+000	4.570881896148751e+000
5252	4.386319032023639e+000	4.466835921509632e+000
5256	4.124724757796158e+000	4.168693834703354e+000
5264	3.915722779394158e+000	3.981071705534972e+000
5291	3.607902407409329e+000	3.630780547701014e+000
5296	3.439447755488658e+000	3.467368504525317e+000
5486	3.278009343019774e+000	3.311311214825911e+000
5544	2.881541552000158e+000	2.884031503126606e+000
5702	2.752400136399485e+000	2.754228703338166e+000
5706	2.096254317361220e+000	2.137962089502232e+000
5713	1.970585488239682e+000	1.995262314968880e+000
5721	1.872569493680110e+000	1.905460717963247e+000
5828	1.322591976272272e+000	1.348962882591654e+000
6324	1.291236861300182e+000	1.318256738556407e+000
6351	1.223606007864353e+000	1.230268770812382e+000
6545	1.126090939941658e+000	1.148153621496883e+000
6590	1.035977713149158e+000	1.047128548050900e+000
6881	9.388736600726581e-001	9.549925860214360e-001
6965	9.036113241218610e-001	9.120108393559098e-001
7015	8.810457922982941e-001	8.912509381337456e-001
7026	7.644504133748518e-001	7.762471166286917e-001
7085	6.897970684460552e-001	6.918309709189364e-001
7187	6.504423483875010e-001	6.606934480075960e-001
7284	6.395071023232158e-001	6.456542290346555e-001
7460	6.251765741909239e-001	6.309573444801933e-001
7494	6.134910047836242e-001	6.165950018614822e-001
7511	5.894915062966327e-001	6.025595860743578e-001
7518	5.674105577232154e-001	5.754399373371569e-001
7537	5.535152073712450e-001	5.623413251903491e-001
7580	5.460517740592199e-001	5.495408738576245e-001
7599	5.316715748153954e-001	5.370317963702527e-001
7640	5.179986925070645e-001	5.248074602497725e-001
7660	5.118990418418943e-001	5.128613839913648e-001
7676	5.007325864321388e-001	5.011872336272722e-001
7681	4.777221339047777e-001	4.786300923226383e-001
7712	4.608230707594569e-001	4.677351412871982e-001
7722	4.458012359860930e-001	4.466835921509632e-001
7740	4.361556312132404e-001	4.365158322401660e-001
7825	4.227485947767250e-001	4.265795188015927e-001
7856	4.150940758149470e-001	4.168693834703354e-001
7875	4.048148638492671e-001	4.073802778041127e-001
7903	3.956208639920829e-001	3.981071705534973e-001
7905	3.878384023295151e-001	3.890451449942806e-001
7964	3.798111150976997e-001	3.801893963205612e-001
8006	3.707675562560551e-001	3.715352290971726e-001
8081	3.618718885767717e-001	3.630780547701014e-001
8101	3.465153998474767e-001	3.467368504525316e-001
8162	3.375924653378593e-001	3.388441561392026e-001
8205	3.273565299457912e-001	3.311311214825911e-001
8229	3.168199161023972e-001	3.235936569296283e-001
8234	3.158113885330247e-001	3.162277660168379e-001
8270	2.992634168129501e-001	3.019951720402016e-001
8284	2.847337105393690e-001	2.884031503126606e-001
8318	2.809548590687735e-001	2.818382931264454e-001
8336	2.643629210994792e-001	2.691534803926916e-001
8342	2.498667683569601e-001	2.511886431509580e-001
8549	2.441414128795132e-001	2.454708915685031e-001
8608	2.387391517318178e-001	2.398832919019490e-001
8634	2.324333009840003e-001	2.344228815319922e-001
8704	2.290461372375954e-001	2.290867652767773e-001
8730	2.191230460391090e-001	2.238721138568340e-001
8759	2.171929076487904e-001	2.187761623949552e-001
8811	2.086557411989135e-001	2.089296130854039e-001
8850	1.967247379283746e-001	1.995262314968880e-001
8883	1.946511132508746e-001	1.949844599758046e-001
8895	1.898041381982617e-001	1.905460717963247e-001
8913	1.827005714925652e-001	1.862087136662868e-001
8918	1.792938093834197e-001	1.819700858609984e-001
8919	1.766441594408306e-001	1.778279410038923e-001
8928	1.729152110239355e-001	1.737800828749375e-001
8968	1.690425328369011e-001	1.698243652461744e-001
8985	1.652411907339090e-001	1.659586907437561e-001
9013	1.605588770749599e-001	1.621810097358930e-001
9017	1.551341928375011e-001	1.584893192461113e-001
9019	1.546838734737022e-001	1.548816618912481e-001
9074	1.483254835752170e-001	1.513561248436208e-001
9075	1.477328279471505e-001	1.479108388168208e-001
9099	1.428847871858433e-001	1.445439770745928e-001
9175	1.399300909176662e-001	1.412537544622755e-001
9243	1.373888465210894e-001	1.380384264602885e-001
9248	1.337805926795598e-001	1.348962882591654e-001
9260	1.298219222846222e-001	1.318256738556407e-001
9285	1.285616354168176e-001	1.288249551693134e-001
9345	1.246959050473839e-001	1.258925411794167e-001
9374	1.212532955706278e-001	1.230268770812382e-001
9419	1.201931339719027e-001	1.202264434617413e-001
9530	1.173947022108387e-001	1.174897554939529e-001
9544	1.078615564870764e-001	1.096478196143185e-001
9547	1.070597610962941e-001	1.071519305237607e-001
9567	1.028940112064402e-001	1.047128548050900e-001
9572	1.020928090772272e-001	1.023292992280754e-001
9623	9.903919919156923e-002	1.000000000000000e-001
9679	9.707302724064837e-002	9.772372209558107e-002
9714	9.541232526667298e-002	9.549925860214359e-002
9772	9.266346826425109e-002	9.332543007969910e-002
9800	9.074364447378780e-002	9.120108393559097e-002
9881	8.904499201434191e-002	8.912509381337455e-002
9928	8.407283818086242e-002	8.511380382023763e-002
9983	8.195682373411561e-002	8.317637711026708e-002
10011	8.051343084729556e-002	8.128305161640990e-002
10045	7.919901750168790e-002	7.943282347242814e-002
10100	7.633281822412397e-002	7.762471166286916e-002
10117	7.554234014585881e-002	7.585775750291836e-002
10191	7.219601830637745e-002	7.244359600749903e-002
10236	7.075442667006582e-002	7.079457843841380e-002
10339	6.886546083979350e-002	6.918309709189366e-002
10342	6.740412830345488e-002	6.760829753919818e-002
10411	6.547221321389907e-002	6.606934480075961e-002
10467	6.444223510290148e-002	6.456542290346556e-002
10554	6.292254450167545e-002	6.309573444801933e-002
10603	6.156847612482408e-002	6.165950018614822e-002
10716	5.997704258295167e-002	6.025595860743578e-002
10718	5.692964630240083e-002	5.754399373371569e-002
10738	5.533814800401127e-002	5.623413251903491e-002
10763	5.493182341062786e-002	5.495408738576246e-002
10846	5.367932259070252e-002	5.370317963702527e-002
10924	5.215623899375987e-002	5.248074602497726e-002
11013	5.106546061705897e-002	5.128613839913648e-002
11171	4.995617378453943e-002	5.011872336272722e-002
11201	4.859543209174966e-002	4.897788193684461e-002
11288	4.625666565443642e-002	4.677351412871982e-002
11293	4.472577787512966e-002	4.570881896148749e-002
11341	4.463085604863781e-002	4.466835921509630e-002
11572	4.364288539996941e-002	4.365158322401658e-002
11575	4.246756286408304e-002	4.265795188015926e-002
11601	4.163266814356359e-002	4.168693834703355e-002
11666	4.072821929807835e-002	4.073802778041128e-002
11671	3.974983512825947e-002	3.981071705534973e-002
11761	3.888251891252603e-002	3.890451449942807e-002
11901	3.788972773376809e-002	3.801893963205612e-002
11967	3.714226082494820e-002	3.715352290971726e-002
12163	3.627032200474467e-002	3.630780547701014e-002
12361	3.546545850104743e-002	3.548133892335755e-002
12550	3.465023195309147e-002	3.467368504525317e-002
12777	3.371190621836273e-002	3.388441561392026e-002
12808	3.268976082244868e-002	3.311311214825911e-002
12881	3.230174565293920e-002	3.235936569296283e-002
13070	3.161804899814025e-002	3.162277660168379e-002
13298	3.084752892693921e-002	3.090295432513590e-002
13487	3.018416884393627e-002	3.019951720402016e-002
13888	2.951162889975201e-002	2.951209226666385e-002
14264	2.884004931336337e-002	2.884031503126606e-002
14755	2.817702877108974e-002	2.818382931264454e-002
15861	2.753919785485548e-002	2.754228703338166e-002
21561	2.691384709281963e-002	2.691534803926915e-002
2000001	2.670566852095846e-002	2.691534803926915e-002
