%
% index = 2270, name = bbob_f001_i02_d20__bbob_f017_i04_d20
% instance = 1, reference value = 9.690811955911750e-001
% function evaluation | indicator value | target hit
1	1.189544591710795e+010	1.202264434617413e+010
2	5.849490457792983e+006	5.888436553555884e+006
4	7.008069872637664e+004	7.079457843841374e+004
7	1.417776655209627e+004	1.445439770745928e+004
132	1.213686143704043e+004	1.230268770812381e+004
201	4.779114155791771e+003	4.786300923226385e+003
619	3.700392305838666e+003	3.715352290971724e+003
711	2.450922118953304e+003	2.454708915685031e+003
833	1.980679404400536e+003	1.995262314968879e+003
1014	1.290839334434489e+003	1.318256738556408e+003
1141	8.573925673520412e+002	8.709635899560806e+002
1392	5.932800503166817e+002	6.025595860743575e+002
1546	3.689667116869276e+002	3.715352290971724e+002
1801	2.820610270784163e+002	2.884031503126606e+002
1919	2.495811809772190e+002	2.511886431509580e+002
1959	2.174090412419782e+002	2.187761623949552e+002
2101	1.744251939868982e+002	1.778279410038923e+002
2221	1.501763535239965e+002	1.513561248436209e+002
2320	1.353848737432289e+002	1.380384264602885e+002
2327	9.134308959287358e+001	9.332543007969910e+001
2456	7.696809814763019e+001	7.762471166286916e+001
2629	3.858100941541802e+001	3.890451449942807e+001
2712	2.168176830826583e+001	2.187761623949553e+001
2928	1.427653827416420e+001	1.445439770745927e+001
3139	1.408495052796601e+001	1.412537544622754e+001
3160	1.170033392562162e+001	1.174897554939530e+001
3351	9.376487562880591e+000	9.549925860214358e+000
3473	6.713146350422902e+000	6.760829753919817e+000
3476	5.167885308882065e+000	5.248074602497725e+000
3577	4.293001041799391e+000	4.365158322401660e+000
3660	3.056874455998360e+000	3.090295432513591e+000
3861	2.999445402255055e+000	3.019951720402016e+000
3898	1.572591436342175e+000	1.584893192461114e+000
4049	1.152050913496675e+000	1.174897554939530e+000
4071	1.089367044249405e+000	1.096478196143185e+000
4152	1.065229915479828e+000	1.071519305237606e+000
4206	9.944785590086750e-001	1.000000000000000e+000
4237	9.182256336814186e-001	9.332543007969910e-001
4267	9.023776049018382e-001	9.120108393559098e-001
4304	8.867289912662888e-001	8.912509381337456e-001
4341	8.684044368417088e-001	8.709635899560806e-001
4516	8.424647672667821e-001	8.511380382023764e-001
4523	8.288173940213472e-001	8.317637711026710e-001
4564	7.560391902132747e-001	7.585775750291838e-001
4576	6.583491333013897e-001	6.606934480075960e-001
4743	6.292471463383204e-001	6.309573444801933e-001
4817	5.871972468502531e-001	5.888436553555889e-001
4911	5.563141542923014e-001	5.623413251903491e-001
5006	5.423845077026368e-001	5.495408738576245e-001
5019	5.286956941955567e-001	5.370317963702527e-001
5065	5.226292198012454e-001	5.248074602497725e-001
5125	4.980589976446468e-001	5.011872336272722e-001
5141	4.878313766176126e-001	4.897788193684462e-001
5186	4.776272872471055e-001	4.786300923226383e-001
5221	4.628756229534866e-001	4.677351412871982e-001
5282	4.478373060565248e-001	4.570881896148750e-001
5297	4.463280103402900e-001	4.466835921509632e-001
5368	3.754652930503127e-001	3.801893963205612e-001
5462	3.668500138053819e-001	3.715352290971726e-001
5465	3.620733848158548e-001	3.630780547701014e-001
5488	3.457351464777968e-001	3.467368504525316e-001
5507	3.374604605253073e-001	3.388441561392026e-001
5748	3.285178089619889e-001	3.311311214825911e-001
5755	3.225874954703062e-001	3.235936569296283e-001
5756	3.088608511773451e-001	3.090295432513591e-001
5793	2.954414470173695e-001	3.019951720402016e-001
5828	2.866508047773811e-001	2.884031503126606e-001
5913	2.729098183626537e-001	2.754228703338166e-001
5970	2.646299301873115e-001	2.691534803926916e-001
5974	2.592155004067933e-001	2.630267991895382e-001
6061	2.531377703103221e-001	2.570395782768864e-001
6110	2.510805431786898e-001	2.511886431509580e-001
6114	2.440969052830928e-001	2.454708915685031e-001
6190	2.392659073163477e-001	2.398832919019490e-001
6195	2.333550892692915e-001	2.344228815319922e-001
6295	2.241440285001022e-001	2.290867652767773e-001
6309	2.230796307607889e-001	2.238721138568340e-001
6316	2.166088781459216e-001	2.187761623949552e-001
6367	2.137608748189120e-001	2.137962089502232e-001
6453	2.079261839706961e-001	2.089296130854039e-001
6544	2.025866783461779e-001	2.041737944669530e-001
6711	1.970542420027659e-001	1.995262314968880e-001
6793	1.705609180525473e-001	1.737800828749375e-001
6831	1.698004760802494e-001	1.698243652461744e-001
6897	1.659044208573558e-001	1.659586907437561e-001
7001	1.575340374826046e-001	1.584893192461113e-001
7079	1.545581018273772e-001	1.548816618912481e-001
7345	1.503822909687439e-001	1.513561248436208e-001
7359	1.471571867849536e-001	1.479108388168208e-001
7533	1.436435519944694e-001	1.445439770745928e-001
7592	1.350003409974000e-001	1.380384264602885e-001
7603	1.346230788080356e-001	1.348962882591654e-001
7981	1.300560416647023e-001	1.318256738556407e-001
8248	1.273408676029348e-001	1.288249551693134e-001
8635	1.256575642943280e-001	1.258925411794167e-001
9336	1.229162329601200e-001	1.230268770812382e-001
10447	1.151830722977084e-001	1.174897554939529e-001
10875	1.147100664237284e-001	1.148153621496883e-001
11030	1.121082509486716e-001	1.122018454301964e-001
12092	1.095771840252698e-001	1.096478196143185e-001
12996	1.070527025049237e-001	1.071519305237607e-001
13837	1.042222777108866e-001	1.047128548050900e-001
14963	1.020934153653115e-001	1.023292992280754e-001
16529	9.995553755293485e-002	1.000000000000000e-001
18575	9.771999792078512e-002	9.772372209558107e-002
19015	9.418555254663230e-002	9.549925860214359e-002
19609	9.318925551143809e-002	9.332543007969910e-002
22326	9.088886002347707e-002	9.120108393559097e-002
23450	8.890819020158391e-002	8.912509381337455e-002
27112	8.709552610319837e-002	8.709635899560805e-002
29137	8.466241980895262e-002	8.511380382023763e-002
34371	8.316781600225331e-002	8.317637711026708e-002
45173	8.113474500904516e-002	8.128305161640990e-002
48008	7.913957347203449e-002	7.943282347242814e-002
60208	7.749583834849882e-002	7.762471166286916e-002
78109	7.560516789610694e-002	7.585775750291836e-002
96684	7.411437495741513e-002	7.413102413009177e-002
112091	7.238438344154297e-002	7.244359600749903e-002
161341	7.079427703258201e-002	7.079457843841380e-002
257314	6.918211981777600e-002	6.918309709189366e-002
282737	6.605021086006568e-002	6.606934480075961e-002
399096	6.332994315273621e-002	6.456542290346556e-002
438829	6.309570385997854e-002	6.309573444801933e-002
715994	6.164118297325227e-002	6.165950018614822e-002
928867	5.991436685901774e-002	6.025595860743578e-002
1635422	5.888422377640812e-002	5.888436553555890e-002
2000001	5.869050869167136e-002	5.888436553555890e-002
%
% index = 2271, name = bbob_f001_i03_d20__bbob_f017_i05_d20
% instance = 2, reference value = 9.052380015428621e-001
% function evaluation | indicator value | target hit
1	3.693381654706918e+017	3.715352290971728e+017
2	6.292623741876740e+004	6.309573444801930e+004
22	2.246251291329403e+004	2.290867652767775e+004
140	1.901935328141359e+004	1.905460717963248e+004
222	1.750865825932866e+004	1.778279410038923e+004
329	1.634997223268251e+004	1.659586907437560e+004
445	1.044198131170620e+004	1.047128548050899e+004
703	8.212661627445086e+003	8.317637711026709e+003
901	5.784718904268344e+003	5.888436553555890e+003
1002	5.351652089436539e+003	5.370317963702527e+003
1047	3.945904465744211e+003	3.981071705534973e+003
1319	3.376865051884306e+003	3.388441561392024e+003
1347	2.613046072382411e+003	2.630267991895381e+003
1517	2.178729707594957e+003	2.187761623949552e+003
1674	1.804663675001218e+003	1.819700858609983e+003
1710	1.342320883764825e+003	1.348962882591653e+003
2115	9.944146270412164e+002	1.000000000000000e+003
2140	8.633903088877717e+002	8.709635899560806e+002
2275	6.248409872694087e+002	6.309573444801930e+002
2318	4.891207954219379e+002	4.897788193684461e+002
2328	4.148509699473230e+002	4.168693834703355e+002
2486	3.493193184023187e+002	3.548133892335753e+002
2566	3.378430851995387e+002	3.388441561392024e+002
2589	1.924732887697758e+002	1.949844599758046e+002
2888	1.690989117524329e+002	1.698243652461744e+002
3005	1.658277652006151e+002	1.659586907437561e+002
3039	1.540652367963452e+002	1.548816618912481e+002
3062	1.361895428877207e+002	1.380384264602885e+002
3082	1.103853837408968e+002	1.122018454301963e+002
3187	5.761095166967210e+001	5.888436553555890e+001
3479	1.764558659910155e+001	1.778279410038923e+001
3592	1.598342258908498e+001	1.621810097358930e+001
3760	1.452054099363542e+001	1.479108388168207e+001
3857	1.139007387913089e+001	1.148153621496883e+001
3959	7.277328701577023e+000	7.413102413009175e+000
4009	5.878306556041517e+000	5.888436553555890e+000
4077	5.696860081895320e+000	5.754399373371570e+000
4157	4.418283909591368e+000	4.466835921509632e+000
4185	2.033005172026863e+000	2.041737944669529e+000
4401	1.371034820736362e+000	1.380384264602885e+000
4651	1.268388329268362e+000	1.288249551693134e+000
4667	1.228638902173862e+000	1.230268770812382e+000
4752	1.152704907910362e+000	1.174897554939530e+000
4814	8.922149594150692e-001	9.120108393559098e-001
4841	8.766075381445666e-001	8.912509381337456e-001
5013	8.659071185179824e-001	8.709635899560806e-001
5143	8.391056993646006e-001	8.511380382023764e-001
5265	8.081962539720857e-001	8.128305161640993e-001
5363	7.815288081564299e-001	7.943282347242815e-001
5368	7.709096372490846e-001	7.762471166286917e-001
5370	7.493944571549068e-001	7.585775750291838e-001
5457	7.359716413669208e-001	7.413102413009175e-001
5582	7.115907354160866e-001	7.244359600749900e-001
5594	6.933464595124992e-001	7.079457843841379e-001
5659	6.717406789532130e-001	6.760829753919818e-001
5764	6.428266830565269e-001	6.456542290346555e-001
5850	6.224637275030687e-001	6.309573444801933e-001
5853	6.158823349270519e-001	6.165950018614822e-001
5948	5.933222131516567e-001	6.025595860743578e-001
5951	5.878439726961842e-001	5.888436553555889e-001
6001	5.677256472017458e-001	5.754399373371569e-001
6006	5.617266644097437e-001	5.623413251903491e-001
6009	5.491882970618327e-001	5.495408738576245e-001
6017	4.791695054804392e-001	4.897788193684462e-001
6065	4.784147927747819e-001	4.786300923226383e-001
6234	4.669227486855247e-001	4.677351412871982e-001
6441	4.452962813472767e-001	4.466835921509632e-001
6535	4.141277310202450e-001	4.168693834703354e-001
6589	4.051474253239581e-001	4.073802778041127e-001
6708	3.934736099038442e-001	3.981071705534973e-001
6789	3.874188656589428e-001	3.890451449942806e-001
6947	3.795079393428826e-001	3.801893963205612e-001
7056	3.709115377219885e-001	3.715352290971726e-001
7140	3.627506328536214e-001	3.630780547701014e-001
7218	3.544293641880550e-001	3.548133892335755e-001
7367	3.454393642912302e-001	3.467368504525316e-001
7539	3.346040021375087e-001	3.388441561392026e-001
7634	3.307572283074935e-001	3.311311214825911e-001
7658	3.069969172232923e-001	3.090295432513591e-001
7817	2.998158784819639e-001	3.019951720402016e-001
8113	2.944444291288734e-001	2.951209226666385e-001
8241	2.878558773095773e-001	2.884031503126606e-001
8499	2.816560200372809e-001	2.818382931264454e-001
8588	2.642292747336543e-001	2.691534803926916e-001
8676	2.626006724818505e-001	2.630267991895382e-001
8732	2.519660312595519e-001	2.570395782768864e-001
8773	2.506913879211661e-001	2.511886431509580e-001
9213	2.441189988524221e-001	2.454708915685031e-001
9729	2.390765668244501e-001	2.398832919019490e-001
9912	2.343515948869638e-001	2.344228815319922e-001
10082	2.034545477270553e-001	2.041737944669530e-001
10230	1.994830542443974e-001	1.995262314968880e-001
10824	1.948439573294288e-001	1.949844599758046e-001
11039	1.900838609478326e-001	1.905460717963247e-001
11751	1.809350643638710e-001	1.819700858609984e-001
11943	1.774102585443639e-001	1.778279410038923e-001
12893	1.688015483230901e-001	1.698243652461744e-001
13803	1.659227720984603e-001	1.659586907437561e-001
14439	1.621126240441674e-001	1.621810097358930e-001
15296	1.576429021689472e-001	1.584893192461113e-001
15648	1.544719943646198e-001	1.548816618912481e-001
16199	1.512538182626330e-001	1.513561248436208e-001
17672	1.477667684865885e-001	1.479108388168208e-001
18951	1.443031939235315e-001	1.445439770745928e-001
20992	1.412442586633373e-001	1.412537544622755e-001
22234	1.322774354292480e-001	1.348962882591654e-001
22637	1.318161888430861e-001	1.318256738556407e-001
24905	1.288069476477315e-001	1.288249551693134e-001
26375	1.253138974824524e-001	1.258925411794167e-001
28713	1.225463763734499e-001	1.230268770812382e-001
30337	1.194135213492820e-001	1.202264434617413e-001
30984	1.174731295585054e-001	1.174897554939529e-001
34265	1.111979609924804e-001	1.122018454301964e-001
37327	1.094701457868269e-001	1.096478196143185e-001
42814	1.068802591738788e-001	1.071519305237607e-001
48737	1.046880896076355e-001	1.047128548050900e-001
57155	1.023252627021045e-001	1.023292992280754e-001
62956	9.999574095741404e-002	1.000000000000000e-001
85028	9.600917610134907e-002	9.772372209558107e-002
85193	9.539010669905557e-002	9.549925860214359e-002
102667	9.330557913751925e-002	9.332543007969910e-002
121892	9.119967711455068e-002	9.120108393559097e-002
139988	8.912295873423615e-002	8.912509381337455e-002
176665	8.703222430445390e-002	8.709635899560805e-002
210253	8.370832100782744e-002	8.511380382023763e-002
210348	8.199457770657659e-002	8.317637711026708e-002
213101	8.071561242710801e-002	8.128305161640990e-002
235639	7.908420200421362e-002	7.943282347242814e-002
257455	7.721790457392042e-002	7.762471166286916e-002
288889	7.585730800045132e-002	7.585775750291836e-002
326080	7.363498411079195e-002	7.413102413009177e-002
368897	7.244218956683513e-002	7.244359600749903e-002
414458	7.078547790965051e-002	7.079457843841380e-002
451299	6.916659178248330e-002	6.918309709189366e-002
571372	6.760167767150793e-002	6.760829753919818e-002
635709	6.605326210904394e-002	6.606934480075961e-002
751567	6.456522844327250e-002	6.456542290346556e-002
1251301	6.307544121972220e-002	6.309573444801933e-002
1381939	6.165940184901564e-002	6.165950018614822e-002
1409473	5.972911891744315e-002	6.025595860743578e-002
1651164	5.887855428161481e-002	5.888436553555890e-002
2000001	5.792497855140921e-002	5.888436553555890e-002
%
% index = 2272, name = bbob_f001_i07_d20__bbob_f017_i08_d20
% instance = 3, reference value = 9.505732050920550e-001
% function evaluation | indicator value | target hit
1	4.685411334795016e+014	4.786300923226380e+014
2	3.607177256074454e+006	3.630780547701010e+006
8	9.856248023988048e+005	1.000000000000000e+006
10	7.188904839914807e+004	7.244359600749906e+004
22	7.723933006073696e+003	7.762471166286920e+003
342	4.451852107584547e+003	4.466835921509631e+003
640	4.109496769848453e+003	4.168693834703355e+003
801	3.916631195386817e+003	3.981071705534973e+003
888	3.451460737805734e+003	3.467368504525316e+003
965	2.872002875426732e+003	2.884031503126606e+003
1107	2.532746167040026e+003	2.570395782768865e+003
1122	2.140419109619042e+003	2.187761623949552e+003
1160	1.812089912950280e+003	1.819700858609983e+003
1323	1.506729389113861e+003	1.513561248436209e+003
1493	9.461712024872973e+002	9.549925860214360e+002
1606	8.528923999158041e+002	8.709635899560806e+002
1771	5.830846598198314e+002	5.888436553555890e+002
1780	3.988728953431616e+002	4.073802778041126e+002
2108	3.338735705480946e+002	3.388441561392024e+002
2185	3.216516714395426e+002	3.235936569296281e+002
2217	2.343727433461601e+002	2.344228815319923e+002
2342	1.497455301040384e+002	1.513561248436209e+002
2553	1.388995478224649e+002	1.412537544622754e+002
2692	9.436491411959145e+001	9.549925860214358e+001
2805	5.745269998706655e+001	5.754399373371570e+001
3005	3.571077150948440e+001	3.630780547701014e+001
3015	2.556718493341255e+001	2.570395782768863e+001
3267	1.240260075335643e+001	1.258925411794168e+001
3271	1.214883432944202e+001	1.230268770812382e+001
3532	5.803171113550400e+000	5.888436553555890e+000
3780	2.949811825787752e+000	2.951209226666386e+000
4005	1.152342057631123e+000	1.174897554939530e+000
4249	9.572754284795551e-001	9.772372209558107e-001
4365	9.452476507906789e-001	9.549925860214360e-001
4463	8.527017118040958e-001	8.709635899560806e-001
4583	8.235349521793092e-001	8.317637711026710e-001
4669	8.005831320517503e-001	8.128305161640993e-001
4710	7.299075513962363e-001	7.413102413009175e-001
4744	7.230141385754435e-001	7.244359600749900e-001
4770	7.064111481666207e-001	7.079457843841379e-001
4820	6.533122961125223e-001	6.606934480075960e-001
4907	6.286874025439178e-001	6.309573444801933e-001
4984	5.929579838626546e-001	6.025595860743578e-001
5004	5.859946061954706e-001	5.888436553555889e-001
5048	5.722123130342353e-001	5.754399373371569e-001
5055	5.543748070467668e-001	5.623413251903491e-001
5077	5.467472410454757e-001	5.495408738576245e-001
5141	5.299230204982272e-001	5.370317963702527e-001
5156	5.228131220710254e-001	5.248074602497725e-001
5315	4.993452763900234e-001	5.011872336272722e-001
5351	4.893441300946261e-001	4.897788193684462e-001
5405	4.773971080645584e-001	4.786300923226383e-001
5432	4.674496945240551e-001	4.677351412871982e-001
5561	4.467996911367292e-001	4.570881896148750e-001
5608	4.449031787522231e-001	4.466835921509632e-001
5677	4.284598772876287e-001	4.365158322401660e-001
5774	4.246668952054126e-001	4.265795188015927e-001
5841	4.106796638939515e-001	4.168693834703354e-001
5845	3.960399267145668e-001	3.981071705534973e-001
6006	3.793980827317034e-001	3.801893963205612e-001
6087	3.585015602978764e-001	3.630780547701014e-001
6175	3.536568636826928e-001	3.548133892335755e-001
6284	3.464620209504468e-001	3.467368504525316e-001
6302	3.347379019049416e-001	3.388441561392026e-001
6320	3.238872286071929e-001	3.311311214825911e-001
6340	3.231282318345501e-001	3.235936569296283e-001
6371	3.146937350278776e-001	3.162277660168379e-001
6475	3.041897594585488e-001	3.090295432513591e-001
6582	2.996944902776084e-001	3.019951720402016e-001
6702	2.950196109976357e-001	2.951209226666385e-001
6829	2.845379607929233e-001	2.884031503126606e-001
6833	2.733864246700744e-001	2.754228703338166e-001
7138	2.669723238545316e-001	2.691534803926916e-001
7251	2.624881151391632e-001	2.630267991895382e-001
7611	2.552407854506353e-001	2.570395782768864e-001
7782	2.504158419508400e-001	2.511886431509580e-001
7980	2.446316902251650e-001	2.454708915685031e-001
8270	2.393417478010697e-001	2.398832919019490e-001
8322	2.278373497404077e-001	2.290867652767773e-001
8332	2.175616436948327e-001	2.187761623949552e-001
8369	2.132550855920458e-001	2.137962089502232e-001
8517	2.088311798174928e-001	2.089296130854039e-001
8859	2.034678516885653e-001	2.041737944669530e-001
9434	1.989788952629482e-001	1.995262314968880e-001
9665	1.941272461805893e-001	1.949844599758046e-001
9983	1.905181023707054e-001	1.905460717963247e-001
10925	1.859308830859031e-001	1.862087136662868e-001
11432	1.801240120560392e-001	1.819700858609984e-001
11763	1.773657212362415e-001	1.778279410038923e-001
12125	1.667247706030044e-001	1.698243652461744e-001
12504	1.563592367396263e-001	1.584893192461113e-001
12764	1.540238973330432e-001	1.548816618912481e-001
13174	1.511987414127798e-001	1.513561248436208e-001
13833	1.438541567940956e-001	1.445439770745928e-001
14246	1.297211193404245e-001	1.318256738556407e-001
14376	1.286762732221332e-001	1.288249551693134e-001
15759	1.232319414414724e-001	1.258925411794167e-001
16146	1.218879926094707e-001	1.230268770812382e-001
16890	1.202103155616159e-001	1.202264434617413e-001
18643	1.174092610678560e-001	1.174897554939529e-001
20087	1.148141189287079e-001	1.148153621496883e-001
20874	1.095237773635209e-001	1.096478196143185e-001
21638	1.021331293688141e-001	1.023292992280754e-001
22350	9.919240387564521e-002	1.000000000000000e-001
24490	9.768778007968282e-002	9.772372209558107e-002
30057	9.436781799813043e-002	9.549925860214359e-002
30527	9.154507181385374e-002	9.332543007969910e-002
30962	9.118038961355490e-002	9.120108393559097e-002
35746	8.865166911870248e-002	8.912509381337455e-002
39395	8.700512697161056e-002	8.709635899560805e-002
50944	8.502373201883917e-002	8.511380382023763e-002
62202	8.315325621448155e-002	8.317637711026708e-002
69910	8.127195499367612e-002	8.128305161640990e-002
73564	7.941898586994645e-002	7.943282347242814e-002
93863	7.621420842360771e-002	7.762471166286916e-002
98147	7.584623532560508e-002	7.585775750291836e-002
120243	7.408463221922379e-002	7.413102413009177e-002
138023	7.216961219680629e-002	7.244359600749903e-002
152625	7.023490212501748e-002	7.079457843841380e-002
167739	6.917123584502793e-002	6.918309709189366e-002
180257	6.610977357693848e-002	6.760829753919818e-002
183458	6.603887249631146e-002	6.606934480075961e-002
206977	6.456451653833228e-002	6.456542290346556e-002
284375	6.288518919755770e-002	6.309573444801933e-002
371972	6.165263741101079e-002	6.165950018614822e-002
420428	6.025516320132185e-002	6.025595860743578e-002
627792	5.883055749504351e-002	5.888436553555890e-002
829598	5.728481094555882e-002	5.754399373371569e-002
1050959	5.621875664684484e-002	5.623413251903491e-002
1738395	5.468192027700569e-002	5.495408738576246e-002
2000001	5.424280693714145e-002	5.495408738576246e-002
%
% index = 2273, name = bbob_f001_i09_d20__bbob_f017_i10_d20
% instance = 4, reference value = 9.565438609868050e-001
% function evaluation | indicator value | target hit
1	1.954065480786612e+015	1.995262314968883e+015
2	1.568797358969247e+009	1.584893192461111e+009
3	4.454399234400990e+006	4.466835921509635e+006
6	9.796836754777773e+003	1.000000000000000e+004
21	5.151645638110168e+003	5.248074602497728e+003
460	5.107040176261583e+003	5.128613839913648e+003
524	4.103110267556526e+003	4.168693834703355e+003
545	2.740132862640131e+003	2.754228703338166e+003
862	1.124274665040246e+003	1.148153621496883e+003
1187	9.666474885743564e+002	9.772372209558112e+002
1333	4.342496976853010e+002	4.365158322401661e+002
1800	3.362253879830930e+002	3.388441561392024e+002
1916	2.653267884614945e+002	2.691534803926917e+002
2169	2.475667882112930e+002	2.511886431509580e+002
2184	2.058243191755717e+002	2.089296130854039e+002
2196	2.007455614526300e+002	2.041737944669530e+002
2219	1.929822349432877e+002	1.949844599758046e+002
2254	1.767593676417706e+002	1.778279410038923e+002
2261	1.119450267514551e+002	1.122018454301963e+002
2316	1.094064116135631e+002	1.096478196143185e+002
2380	9.823819816658011e+001	1.000000000000000e+002
2491	7.241747929142942e+001	7.244359600749903e+001
2563	3.774896595534309e+001	3.801893963205612e+001
2882	3.640592473751962e+001	3.715352290971726e+001
2889	3.047466027290627e+001	3.090295432513591e+001
2907	2.728102884601800e+001	2.754228703338166e+001
3004	2.143268818469077e+001	2.187761623949553e+001
3012	2.053672743508298e+001	2.089296130854040e+001
3065	1.846223259266670e+001	1.862087136662868e+001
3158	1.664763489892429e+001	1.698243652461744e+001
3184	7.182517474551093e+000	7.244359600749901e+000
3409	5.005694936588546e+000	5.011872336272722e+000
3573	4.250099347583658e+000	4.265795188015927e+000
3694	3.303863452203010e+000	3.311311214825911e+000
3753	3.140404860664094e+000	3.162277660168379e+000
3834	1.909219450791466e+000	1.949844599758045e+000
3837	1.697271936387305e+000	1.698243652461744e+000
4007	1.517364462068799e+000	1.548816618912481e+000
4039	1.353536024631123e+000	1.380384264602885e+000
4074	1.339113928506689e+000	1.348962882591654e+000
4219	1.116519782281753e+000	1.122018454301963e+000
4401	1.043092502240805e+000	1.047128548050900e+000
4419	9.574138725643050e-001	9.772372209558107e-001
4464	9.533618168463921e-001	9.549925860214360e-001
4543	9.134066110530544e-001	9.332543007969910e-001
4567	9.081256371861742e-001	9.120108393559098e-001
4590	8.833662561050546e-001	8.912509381337456e-001
4631	8.708828596013678e-001	8.709635899560806e-001
4698	8.292664844419864e-001	8.317637711026710e-001
4737	6.912363844417262e-001	6.918309709189364e-001
4755	6.701097434581680e-001	6.760829753919818e-001
4905	6.504559319910542e-001	6.606934480075960e-001
4942	6.417342186399424e-001	6.456542290346555e-001
4990	6.221575729946174e-001	6.309573444801933e-001
5027	6.157880115820044e-001	6.165950018614822e-001
5039	5.743313966847126e-001	5.754399373371569e-001
5097	5.362566782036271e-001	5.370317963702527e-001
5139	4.174348101737991e-001	4.265795188015927e-001
5190	4.151104033321750e-001	4.168693834703354e-001
5302	4.032566641358104e-001	4.073802778041127e-001
5383	3.941776363650746e-001	3.981071705534973e-001
5423	3.887407725347213e-001	3.890451449942806e-001
5485	3.738479619766992e-001	3.801893963205612e-001
5518	3.619278497381675e-001	3.630780547701014e-001
5601	3.540813117348897e-001	3.548133892335755e-001
5668	3.459184648009364e-001	3.467368504525316e-001
5722	3.293815834068414e-001	3.311311214825911e-001
5740	3.233856340261581e-001	3.235936569296283e-001
5879	3.147095558951696e-001	3.162277660168379e-001
5947	3.087236695713143e-001	3.090295432513591e-001
5963	2.984236967056526e-001	3.019951720402016e-001
5995	2.930739538954578e-001	2.951209226666385e-001
6013	2.860219656084495e-001	2.884031503126606e-001
6050	2.815836239685673e-001	2.818382931264454e-001
6077	2.684520578172197e-001	2.691534803926916e-001
6137	2.622055711286453e-001	2.630267991895382e-001
6173	2.529324755070852e-001	2.570395782768864e-001
6185	2.472766322126896e-001	2.511886431509580e-001
6243	2.432265479812117e-001	2.454708915685031e-001
6285	2.396968165107306e-001	2.398832919019490e-001
6298	2.338514040265668e-001	2.344228815319922e-001
6330	2.248718203362644e-001	2.290867652767773e-001
6334	2.235919167939970e-001	2.238721138568340e-001
6387	2.183186126202366e-001	2.187761623949552e-001
6430	2.112147646261343e-001	2.137962089502232e-001
6510	2.080045253652527e-001	2.089296130854039e-001
6586	1.952305000124761e-001	1.995262314968880e-001
6592	1.947373448417591e-001	1.949844599758046e-001
6632	1.879971720957955e-001	1.905460717963247e-001
6638	1.856538583259365e-001	1.862087136662868e-001
6789	1.774091765664551e-001	1.778279410038923e-001
6864	1.723810630319403e-001	1.737800828749375e-001
6993	1.697288782961883e-001	1.698243652461744e-001
7025	1.610002340781572e-001	1.621810097358930e-001
7083	1.583587920501551e-001	1.584893192461113e-001
7147	1.542679431304264e-001	1.548816618912481e-001
7282	1.508720325741739e-001	1.513561248436208e-001
7419	1.467507297032543e-001	1.479108388168208e-001
7519	1.442610292897754e-001	1.445439770745928e-001
7569	1.380617069188853e-001	1.412537544622755e-001
7602	1.379215034994002e-001	1.380384264602885e-001
7742	1.333549972459058e-001	1.348962882591654e-001
7877	1.312972674622480e-001	1.318256738556407e-001
7979	1.274042553190845e-001	1.288249551693134e-001
8053	1.255803769696587e-001	1.258925411794167e-001
8142	1.219795594624572e-001	1.230268770812382e-001
8349	1.185916478317037e-001	1.202264434617413e-001
8416	1.161919239990203e-001	1.174897554939529e-001
8620	1.114378675316530e-001	1.122018454301964e-001
8701	1.088748406214246e-001	1.096478196143185e-001
8869	1.068074290211354e-001	1.071519305237607e-001
9067	1.035853762232807e-001	1.047128548050900e-001
9413	1.022352216285044e-001	1.023292992280754e-001
9783	9.702881008469244e-002	9.772372209558107e-002
9861	9.531374078941546e-002	9.549925860214359e-002
10035	9.322957380649632e-002	9.332543007969910e-002
10067	9.040186600990308e-002	9.120108393559097e-002
10389	8.906350786571826e-002	8.912509381337455e-002
11061	8.703065613804129e-002	8.709635899560805e-002
11541	8.457165312845183e-002	8.511380382023763e-002
12091	8.284580431892741e-002	8.317637711026708e-002
12739	8.121311504938167e-002	8.128305161640990e-002
13336	7.917564756290529e-002	7.943282347242814e-002
13904	7.761376315611768e-002	7.762471166286916e-002
14898	7.583593150840096e-002	7.585775750291836e-002
15258	7.271564191780022e-002	7.413102413009177e-002
15562	7.237406117504264e-002	7.244359600749903e-002
16310	7.078668130606769e-002	7.079457843841380e-002
17034	6.916380227505292e-002	6.918309709189366e-002
18009	6.753823067312881e-002	6.760829753919818e-002
19340	6.593630473844281e-002	6.606934480075961e-002
20194	6.369563360591524e-002	6.456542290346556e-002
21566	6.307790668907531e-002	6.309573444801933e-002
22763	6.165722001216367e-002	6.165950018614822e-002
23737	5.967086246363762e-002	6.025595860743578e-002
25431	5.884247828535105e-002	5.888436553555890e-002
27242	5.693323295121189e-002	5.754399373371569e-002
29013	5.619898091819375e-002	5.623413251903491e-002
31629	5.495364897792276e-002	5.495408738576246e-002
33199	5.315073350213673e-002	5.370317963702527e-002
35106	5.244776776448668e-002	5.248074602497726e-002
38594	5.103690042833176e-002	5.128613839913648e-002
41091	5.002296858888300e-002	5.011872336272722e-002
41391	4.887115917434570e-002	4.897788193684461e-002
44549	4.785929471218109e-002	4.786300923226383e-002
45987	4.677088821628328e-002	4.677351412871982e-002
52227	4.570850885256927e-002	4.570881896148749e-002
60238	4.440180704507757e-002	4.466835921509630e-002
66458	4.358481214237775e-002	4.365158322401658e-002
69651	4.201807091189991e-002	4.265795188015926e-002
72141	4.167782561337530e-002	4.168693834703355e-002
77160	4.065078336731742e-002	4.073802778041128e-002
89166	3.971701995953803e-002	3.981071705534973e-002
97954	3.888770961829280e-002	3.890451449942807e-002
112881	3.797762409033867e-002	3.801893963205612e-002
122865	3.715328541431562e-002	3.715352290971726e-002
138780	3.627093513824564e-002	3.630780547701014e-002
154713	3.541365095307758e-002	3.548133892335755e-002
175598	3.467341632351007e-002	3.467368504525317e-002
204946	3.387265640810866e-002	3.388441561392026e-002
244894	3.310617956582695e-002	3.311311214825911e-002
281390	3.231520937951671e-002	3.235936569296283e-002
345962	3.159644604669731e-002	3.162277660168379e-002
418179	3.089962724392192e-002	3.090295432513590e-002
500433	3.019778251782579e-002	3.019951720402016e-002
627064	2.939535067027832e-002	2.951209226666385e-002
794808	2.882633661598422e-002	2.884031503126606e-002
950091	2.817128022558946e-002	2.818382931264454e-002
1106402	2.754223515753362e-002	2.754228703338166e-002
1288011	2.691532322680212e-002	2.691534803926915e-002
1618427	2.630264063770116e-002	2.630267991895382e-002
2000001	2.571250121325941e-002	2.630267991895382e-002
%
% index = 2274, name = bbob_f001_i11_d20__bbob_f017_i12_d20
% instance = 5, reference value = 9.101951525127650e-001
% function evaluation | indicator value | target hit
1	1.478219073534578e+009	1.479108388168207e+009
2	3.497000837779749e+004	3.548133892335753e+004
114	3.020824400443433e+004	3.090295432513592e+004
172	2.866404535618953e+004	2.884031503126606e+004
249	2.788731919779541e+004	2.818382931264455e+004
342	1.572526580324967e+004	1.584893192461114e+004
419	1.458579693945934e+004	1.479108388168207e+004
433	1.202897348504658e+004	1.230268770812381e+004
592	1.137131113198782e+004	1.148153621496882e+004
707	1.088531889370409e+004	1.096478196143185e+004
857	8.130525142018199e+003	8.317637711026709e+003
873	5.801281296207771e+003	5.888436553555890e+003
890	5.461155351678025e+003	5.495408738576249e+003
896	5.112186255225639e+003	5.128613839913648e+003
1294	4.427231454860053e+003	4.466835921509631e+003
1309	3.809727605080179e+003	3.890451449942805e+003
1477	2.046493678202536e+003	2.089296130854039e+003
1622	1.904862742502840e+003	1.905460717963246e+003
1770	1.755587187310001e+003	1.778279410038923e+003
1882	1.714189047577837e+003	1.737800828749376e+003
1885	1.637557370344062e+003	1.659586907437561e+003
1893	1.278193094583559e+003	1.288249551693134e+003
2009	6.449606910077981e+002	6.456542290346556e+002
2081	6.168395582238726e+002	6.309573444801930e+002
2341	5.827023557575255e+002	5.888436553555890e+002
2463	4.967317741625514e+002	5.011872336272725e+002
2544	4.655097886187060e+002	4.677351412871981e+002
2579	3.720398132363252e+002	3.801893963205613e+002
2692	3.351006709935041e+002	3.388441561392024e+002
2756	3.198587275353336e+002	3.235936569296281e+002
2782	2.894113867412934e+002	2.951209226666387e+002
2851	2.879420362256765e+002	2.884031503126606e+002
2993	2.602542270906316e+002	2.630267991895382e+002
2994	2.296889264095931e+002	2.344228815319923e+002
3008	2.002106721226399e+002	2.041737944669530e+002
3177	1.929808435177410e+002	1.949844599758046e+002
3212	1.867875951980597e+002	1.905460717963246e+002
3301	1.601154304690672e+002	1.621810097358930e+002
3412	1.402001520491959e+002	1.412537544622754e+002
3470	1.378867684750081e+002	1.380384264602885e+002
3566	1.227058534532569e+002	1.230268770812381e+002
3603	1.179972378099060e+002	1.202264434617413e+002
3605	1.098770057598332e+002	1.122018454301963e+002
3779	1.001240868612516e+002	1.023292992280754e+002
3934	8.397236282282981e+001	8.511380382023764e+001
4122	7.448980760912781e+001	7.585775750291836e+001
4251	6.187602044730325e+001	6.309573444801933e+001
4372	5.858903441145838e+001	5.888436553555890e+001
4430	5.510786912689350e+001	5.623413251903491e+001
4454	4.655190715589112e+001	4.677351412871981e+001
4594	3.616759384879887e+001	3.630780547701014e+001
4612	3.420042219120185e+001	3.467368504525317e+001
4732	3.343303663077627e+001	3.388441561392025e+001
4800	2.975758452514369e+001	3.019951720402016e+001
5021	2.707066570205544e+001	2.754228703338166e+001
5175	2.297430522237341e+001	2.344228815319923e+001
5376	2.187000715721293e+001	2.187761623949553e+001
5436	2.056925068925536e+001	2.089296130854040e+001
5474	1.805535602007058e+001	1.819700858609983e+001
5620	1.615690006670437e+001	1.621810097358930e+001
5650	1.297951790115989e+001	1.318256738556407e+001
5751	1.225546106880803e+001	1.230268770812382e+001
5943	8.549807208041599e+000	8.709635899560805e+000
6000	6.280009149166364e+000	6.309573444801933e+000
6259	5.320144483874074e+000	5.370317963702528e+000
6268	1.627994231004504e+000	1.659586907437561e+000
6388	1.164374813084265e+000	1.174897554939530e+000
6592	9.348294814507649e-001	9.549925860214360e-001
6649	8.581679154075596e-001	8.709635899560806e-001
6742	8.258717615846327e-001	8.317637711026710e-001
6832	7.591089550660746e-001	7.762471166286917e-001
6911	7.506841347931268e-001	7.585775750291838e-001
7020	7.372837367424706e-001	7.413102413009175e-001
7062	7.232854399136635e-001	7.244359600749900e-001
7075	7.075031339939355e-001	7.079457843841379e-001
7091	6.628480524146809e-001	6.760829753919818e-001
7096	6.534358751592331e-001	6.606934480075960e-001
7280	6.233133195603564e-001	6.309573444801933e-001
7351	6.150392201046138e-001	6.165950018614822e-001
7377	5.916495571457430e-001	6.025595860743578e-001
7402	5.846192626434518e-001	5.888436553555889e-001
7426	5.729718159797752e-001	5.754399373371569e-001
7450	5.608008179981423e-001	5.623413251903491e-001
7483	5.470384685327325e-001	5.495408738576245e-001
7602	5.355265115498341e-001	5.370317963702527e-001
7639	5.036097396306106e-001	5.128613839913648e-001
7668	4.980587491797924e-001	5.011872336272722e-001
7758	4.888531311150217e-001	4.897788193684462e-001
7800	4.655536786913378e-001	4.677351412871982e-001
7809	4.529184714070059e-001	4.570881896148750e-001
7867	4.445524790059341e-001	4.466835921509632e-001
7904	4.204858100602833e-001	4.265795188015927e-001
7915	4.153145179795088e-001	4.168693834703354e-001
7921	4.021541483150758e-001	4.073802778041127e-001
7992	3.937811561992208e-001	3.981071705534973e-001
8010	3.805848103202145e-001	3.890451449942806e-001
8017	3.796512971434676e-001	3.801893963205612e-001
8138	3.689116269337185e-001	3.715352290971726e-001
8261	3.503691041197503e-001	3.548133892335755e-001
8351	3.453931835185762e-001	3.467368504525316e-001
8435	3.382730467651726e-001	3.388441561392026e-001
8473	3.289306885739178e-001	3.311311214825911e-001
8597	3.229179323731487e-001	3.235936569296283e-001
8676	3.161516867178327e-001	3.162277660168379e-001
8784	3.088014262116271e-001	3.090295432513591e-001
8903	3.013992500776128e-001	3.019951720402016e-001
9006	2.950273299618673e-001	2.951209226666385e-001
9071	2.880032434002809e-001	2.884031503126606e-001
9131	2.779466110290457e-001	2.818382931264454e-001
9181	2.701373379197845e-001	2.754228703338166e-001
9296	2.682128812756862e-001	2.691534803926916e-001
9335	2.594334926235131e-001	2.630267991895382e-001
9374	2.551720285520180e-001	2.570395782768864e-001
9463	2.505329389481416e-001	2.511886431509580e-001
9670	2.430423256149480e-001	2.454708915685031e-001
9710	2.259816722242761e-001	2.290867652767773e-001
9847	2.229099741894033e-001	2.238721138568340e-001
10051	2.187462624487150e-001	2.187761623949552e-001
10323	2.133324932980081e-001	2.137962089502232e-001
10636	2.089009551996917e-001	2.089296130854039e-001
10702	2.013485424923975e-001	2.041737944669530e-001
10719	1.941241424087344e-001	1.949844599758046e-001
11389	1.899866936994840e-001	1.905460717963247e-001
11738	1.856871553478293e-001	1.862087136662868e-001
11829	1.799991957811360e-001	1.819700858609984e-001
12187	1.777445758502630e-001	1.778279410038923e-001
12771	1.737637304536559e-001	1.737800828749375e-001
13292	1.697930013242770e-001	1.698243652461744e-001
13659	1.657139958861857e-001	1.659586907437561e-001
13722	1.621360489891411e-001	1.621810097358930e-001
14715	1.584826179403084e-001	1.584893192461113e-001
15236	1.507842831995245e-001	1.513561248436208e-001
16032	1.478130453439421e-001	1.479108388168208e-001
16812	1.443420094712820e-001	1.445439770745928e-001
16871	1.410420952392828e-001	1.412537544622755e-001
17635	1.379829342896701e-001	1.380384264602885e-001
18016	1.342751258323079e-001	1.348962882591654e-001
19872	1.315474013004210e-001	1.318256738556407e-001
22206	1.287495526720374e-001	1.288249551693134e-001
24249	1.240489523492921e-001	1.258925411794167e-001
25754	1.228083240348632e-001	1.230268770812382e-001
27600	1.200720539704473e-001	1.202264434617413e-001
29086	1.173712304480731e-001	1.174897554939529e-001
31732	1.147688220772338e-001	1.148153621496883e-001
32217	1.120127582598732e-001	1.122018454301964e-001
33745	1.092829165538404e-001	1.096478196143185e-001
36129	1.070577803510306e-001	1.071519305237607e-001
42400	1.046935823142117e-001	1.047128548050900e-001
48502	1.021286747521282e-001	1.023292992280754e-001
54332	9.963096426069118e-002	1.000000000000000e-001
60334	9.771820564887679e-002	9.772372209558107e-002
71255	9.523978571563585e-002	9.549925860214359e-002
80238	9.330983806138093e-002	9.332543007969910e-002
95828	9.119811998927374e-002	9.120108393559097e-002
108461	8.912145228988022e-002	8.912509381337455e-002
125787	8.704098510681968e-002	8.709635899560805e-002
133685	8.508776655987982e-002	8.511380382023763e-002
154486	8.313154673978507e-002	8.317637711026708e-002
169930	8.125616470787744e-002	8.128305161640990e-002
184529	7.942666931299947e-002	7.943282347242814e-002
211223	7.760868898513151e-002	7.762471166286916e-002
232384	7.585232044988033e-002	7.585775750291836e-002
264660	7.412890121884441e-002	7.413102413009177e-002
290534	7.239920723654814e-002	7.244359600749903e-002
325164	7.058315926481806e-002	7.079457843841380e-002
371170	6.916073451602589e-002	6.918309709189366e-002
438610	6.758266845793015e-002	6.760829753919818e-002
522923	6.606065826838981e-002	6.606934480075961e-002
599404	6.453835308867750e-002	6.456542290346556e-002
629981	6.295235557875822e-002	6.309573444801933e-002
741609	6.155611203208622e-002	6.165950018614822e-002
844468	6.020819058624261e-002	6.025595860743578e-002
919797	5.885934296353612e-002	5.888436553555890e-002
1078387	5.751050540873748e-002	5.754399373371569e-002
1280119	5.621576230197478e-002	5.623413251903491e-002
1366661	5.489948443840831e-002	5.495408738576246e-002
1515776	5.369460995711228e-002	5.370317963702527e-002
1616611	5.190380919342974e-002	5.248074602497726e-002
1674220	5.096563963469281e-002	5.128613839913648e-002
1728596	4.996847952960870e-002	5.011872336272722e-002
1836244	4.896001003134942e-002	4.897788193684461e-002
2000001	4.830946894876897e-002	4.897788193684461e-002
%
% index = 2275, name = bbob_f001_i13_d20__bbob_f017_i14_d20
% instance = 6, reference value = 9.297514026827700e-001
% function evaluation | indicator value | target hit
1	4.662080714815684e+006	4.677351412871981e+006
10	3.370046978217246e+006	3.388441561392027e+006
16	1.462559125826536e+006	1.479108388168207e+006
31	9.547773627245040e+005	9.549925860214368e+005
36	2.281029153317271e+005	2.290867652767775e+005
39	4.527145171276522e+004	4.570881896148752e+004
51	2.848728482265623e+004	2.884031503126606e+004
453	2.743063831599267e+004	2.754228703338169e+004
478	2.405052372098836e+004	2.454708915685029e+004
493	2.054761194526449e+004	2.089296130854041e+004
629	1.293600738516000e+004	1.318256738556407e+004
909	1.121933032916236e+004	1.122018454301963e+004
1072	9.350011397767574e+003	9.549925860214360e+003
1113	4.843036885540818e+003	4.897788193684462e+003
1460	4.647690373356167e+003	4.677351412871981e+003
1461	4.527063371315432e+003	4.570881896148752e+003
1496	4.195863000072201e+003	4.265795188015925e+003
1516	3.722243980513808e+003	3.801893963205613e+003
1526	3.017840028448328e+003	3.019951720402016e+003
1603	2.858810776983105e+003	2.884031503126606e+003
1750	2.161254070576661e+003	2.187761623949552e+003
1909	1.882576632081894e+003	1.905460717963246e+003
1914	1.052391592047005e+003	1.071519305237606e+003
1962	9.554553678640713e+002	9.772372209558112e+002
2137	9.240067429511555e+002	9.332543007969915e+002
2196	5.796264976542637e+002	5.888436553555890e+002
2214	5.609671988723114e+002	5.623413251903490e+002
2360	4.786150079250823e+002	4.786300923226385e+002
2382	2.438384739785141e+002	2.454708915685031e+002
2701	2.064482271017488e+002	2.089296130854039e+002
2940	1.770981527959162e+002	1.778279410038923e+002
2943	1.242750950971497e+002	1.258925411794168e+002
3039	1.067010444679363e+002	1.071519305237606e+002
3142	9.812769267590790e+001	1.000000000000000e+002
3160	7.758985105686060e+001	7.762471166286916e+001
3264	4.885535687278863e+001	4.897788193684461e+001
3596	4.551017598814344e+001	4.570881896148750e+001
3625	4.076771539243359e+001	4.168693834703355e+001
3635	1.749194748291675e+001	1.778279410038923e+001
3970	1.090045380234252e+001	1.096478196143185e+001
4002	6.789212558005773e+000	6.918309709189365e+000
4214	6.356789952858307e+000	6.456542290346556e+000
4247	5.555010463184059e+000	5.623413251903491e+000
4293	4.203335297737533e+000	4.265795188015927e+000
4303	3.964460036159323e+000	3.981071705534972e+000
4351	3.418456199859818e+000	3.467368504525317e+000
4406	2.808884752956251e+000	2.818382931264454e+000
4488	2.139470297501270e+000	2.187761623949553e+000
4603	1.467932171333270e+000	1.479108388168207e+000
4832	1.322476329382270e+000	1.348962882591654e+000
4883	1.266436616716770e+000	1.288249551693134e+000
4895	1.141564578632270e+000	1.148153621496883e+000
4968	9.322312541172699e-001	9.332543007969910e-001
5233	8.691860121338534e-001	8.709635899560806e-001
5321	8.315060681219699e-001	8.317637711026710e-001
5364	8.095421205183565e-001	8.128305161640993e-001
5534	7.724292171026315e-001	7.762471166286917e-001
5621	7.495959765497062e-001	7.585775750291838e-001
5705	6.701576370527578e-001	6.760829753919818e-001
5758	6.587041435790597e-001	6.606934480075960e-001
5932	6.425468006936943e-001	6.456542290346555e-001
5940	6.298149899314021e-001	6.309573444801933e-001
5981	5.562368998484604e-001	5.623413251903491e-001
6871	4.991288420363856e-001	5.011872336272722e-001
7165	4.889541768607528e-001	4.897788193684462e-001
7514	4.263896355726956e-001	4.265795188015927e-001
7810	4.158171124104916e-001	4.168693834703354e-001
9077	4.058204724143271e-001	4.073802778041127e-001
9143	3.973829408863291e-001	3.981071705534973e-001
9901	3.832773739418873e-001	3.890451449942806e-001
10436	3.754549651851449e-001	3.801893963205612e-001
10510	3.706047920211425e-001	3.715352290971726e-001
11082	3.629384454652456e-001	3.630780547701014e-001
11620	3.502545509938155e-001	3.548133892335755e-001
11777	3.459453759615973e-001	3.467368504525316e-001
11924	3.334133368821630e-001	3.388441561392026e-001
12332	3.307881603479309e-001	3.311311214825911e-001
13223	3.149487995426130e-001	3.162277660168379e-001
15488	3.081125173862628e-001	3.090295432513591e-001
15613	2.998765767774125e-001	3.019951720402016e-001
16640	2.765034050306017e-001	2.818382931264454e-001
17264	2.745563371415106e-001	2.754228703338166e-001
20829	2.690771757109784e-001	2.691534803926916e-001
25118	2.620901693908257e-001	2.630267991895382e-001
33292	2.490737454539548e-001	2.511886431509580e-001
38283	2.454684415841668e-001	2.454708915685031e-001
52147	2.398144434371055e-001	2.398832919019490e-001
78226	2.343068601519293e-001	2.344228815319922e-001
103861	2.235018881471590e-001	2.238721138568340e-001
174249	2.165702810979050e-001	2.187761623949552e-001
190282	2.128576021630557e-001	2.137962089502232e-001
220342	2.078601450703300e-001	2.089296130854039e-001
327821	2.041075822633288e-001	2.041737944669530e-001
433798	1.994778874854305e-001	1.995262314968880e-001
1450494	1.948212481824412e-001	1.949844599758046e-001
2000001	1.934010028988780e-001	1.949844599758046e-001
%
% index = 2276, name = bbob_f001_i15_d20__bbob_f017_i16_d20
% instance = 7, reference value = 9.488953415084420e-001
% function evaluation | indicator value | target hit
1	1.687262501598954e+006	1.698243652461746e+006
6	2.957624435621541e+005	3.019951720402019e+005
10	1.388361238257739e+004	1.412537544622756e+004
22	1.131781788652607e+004	1.148153621496882e+004
384	1.092675474170372e+004	1.096478196143185e+004
397	7.065601213566374e+003	7.079457843841380e+003
583	4.784946543401200e+003	4.786300923226385e+003
675	3.192115025451320e+003	3.235936569296281e+003
891	2.574017478628118e+003	2.630267991895381e+003
912	1.514686624496334e+003	1.548816618912481e+003
1229	1.499780296652204e+003	1.513561248436209e+003
1358	1.476759524621824e+003	1.479108388168207e+003
1451	1.321144095573553e+003	1.348962882591653e+003
1471	1.110216202043325e+003	1.122018454301963e+003
1495	1.082635695137512e+003	1.096478196143185e+003
1633	1.023327407806777e+003	1.047128548050900e+003
1722	1.022992744549256e+003	1.023292992280754e+003
1735	9.508540734605786e+002	9.549925860214360e+002
1757	6.456470388654922e+002	6.456542290346556e+002
1810	3.925644756316326e+002	3.981071705534973e+002
1980	2.918657545609900e+002	2.951209226666387e+002
2169	1.824103373903235e+002	1.862087136662867e+002
2512	9.522849663470225e+001	9.549925860214358e+001
2833	9.322603545323116e+001	9.332543007969910e+001
2865	5.169650270469641e+001	5.248074602497726e+001
3037	3.162602161237383e+001	3.235936569296283e+001
3126	2.433608851950090e+001	2.454708915685030e+001
3217	2.006282518938607e+001	2.041737944669530e+001
3289	1.265229730042963e+001	1.288249551693134e+001
3444	1.179266338729023e+001	1.202264434617413e+001
3519	1.110648865763409e+001	1.122018454301964e+001
3587	8.291974224802599e+000	8.317637711026711e+000
3658	6.780386008916439e+000	6.918309709189365e+000
3755	3.516999421320250e+000	3.548133892335755e+000
3800	3.232835128515600e+000	3.235936569296283e+000
3848	2.804718680545915e+000	2.818382931264454e+000
4091	1.340233457762784e+000	1.348962882591654e+000
4276	1.020833313281942e+000	1.023292992280754e+000
4335	9.431145087015561e-001	9.549925860214360e-001
4414	9.119368940895763e-001	9.120108393559098e-001
4420	8.440724402618732e-001	8.511380382023764e-001
4632	8.134273090316039e-001	8.317637711026710e-001
4650	7.864239078269644e-001	7.943282347242815e-001
4728	7.388213846201196e-001	7.413102413009175e-001
4747	6.935706094443839e-001	7.079457843841379e-001
4816	6.899804706596062e-001	6.918309709189364e-001
4823	6.743837256685545e-001	6.760829753919818e-001
4855	6.598219670674481e-001	6.606934480075960e-001
4965	6.405563690787470e-001	6.456542290346555e-001
4967	6.308664141034703e-001	6.309573444801933e-001
5034	5.848269532753760e-001	5.888436553555889e-001
5051	5.403739883289978e-001	5.495408738576245e-001
5085	5.192317440687650e-001	5.248074602497725e-001
5104	4.881786565020660e-001	4.897788193684462e-001
5237	4.779364063978962e-001	4.786300923226383e-001
5271	4.525715823860466e-001	4.570881896148750e-001
5335	4.321883738082799e-001	4.365158322401660e-001
5528	4.248434172007106e-001	4.265795188015927e-001
5653	4.160374695636826e-001	4.168693834703354e-001
5711	3.993902165898104e-001	4.073802778041127e-001
5763	3.970917711439980e-001	3.981071705534973e-001
5867	3.890276248954665e-001	3.890451449942806e-001
5892	3.743411239089135e-001	3.801893963205612e-001
5911	3.704136186412953e-001	3.715352290971726e-001
5986	3.539032271567192e-001	3.548133892335755e-001
6067	3.294368515514798e-001	3.311311214825911e-001
6171	3.186130460086406e-001	3.235936569296283e-001
6216	3.101987955442849e-001	3.162277660168379e-001
6251	3.058821338903012e-001	3.090295432513591e-001
6314	3.019570172525474e-001	3.019951720402016e-001
6557	2.937019414986557e-001	2.951209226666385e-001
6659	2.848227668917285e-001	2.884031503126606e-001
6712	2.774960472419112e-001	2.818382931264454e-001
6861	2.730852906315120e-001	2.754228703338166e-001
6895	2.665892082935512e-001	2.691534803926916e-001
6906	2.580998781118417e-001	2.630267991895382e-001
6935	2.471705487672551e-001	2.511886431509580e-001
7029	2.418489585617875e-001	2.454708915685031e-001
7055	2.390489711450726e-001	2.398832919019490e-001
7158	2.182188590364689e-001	2.187761623949552e-001
7418	2.137728115934248e-001	2.137962089502232e-001
7659	2.075977373420603e-001	2.089296130854039e-001
7719	2.040950735282899e-001	2.041737944669530e-001
8119	1.994031981292548e-001	1.995262314968880e-001
8360	1.929218120654883e-001	1.949844599758046e-001
8506	1.905410351083359e-001	1.905460717963247e-001
8713	1.764225097820462e-001	1.778279410038923e-001
9271	1.696814903099790e-001	1.698243652461744e-001
9906	1.659466853115629e-001	1.659586907437561e-001
10046	1.582186597293693e-001	1.584893192461113e-001
11020	1.547223601276000e-001	1.548816618912481e-001
11536	1.506139372787892e-001	1.513561248436208e-001
12663	1.477855112507658e-001	1.479108388168208e-001
13606	1.444880589239393e-001	1.445439770745928e-001
15406	1.412442933621446e-001	1.412537544622755e-001
16942	1.380024543412598e-001	1.380384264602885e-001
20273	1.348571883323401e-001	1.348962882591654e-001
22860	1.318238499431189e-001	1.318256738556407e-001
25904	1.287738310930152e-001	1.288249551693134e-001
29574	1.157390972670452e-001	1.174897554939529e-001
31832	1.147375122629530e-001	1.148153621496883e-001
38553	1.121987395655938e-001	1.122018454301964e-001
47426	1.065983195895064e-001	1.071519305237607e-001
65101	1.028160475736217e-001	1.047128548050900e-001
72958	1.023261194752385e-001	1.023292992280754e-001
139924	9.971577967744472e-002	1.000000000000000e-001
157841	9.762773981400730e-002	9.772372209558107e-002
204637	9.544050268107251e-002	9.549925860214359e-002
245353	9.321468005455647e-002	9.332543007969910e-002
376094	9.118517468830933e-002	9.120108393559097e-002
808056	8.906079788516519e-002	8.912509381337455e-002
1326398	8.697700776872996e-002	8.709635899560805e-002
2000001	8.628280802714849e-002	8.709635899560805e-002
%
% index = 2277, name = bbob_f001_i17_d20__bbob_f017_i18_d20
% instance = 8, reference value = 9.428869811121540e-001
% function evaluation | indicator value | target hit
1	2.074617826092739e+014	2.089296130854041e+014
2	1.636734097531549e+007	1.659586907437560e+007
6	3.368554593557222e+005	3.388441561392028e+005
11	2.254581459496578e+005	2.290867652767775e+005
37	2.838130368033587e+004	2.884031503126606e+004
89	2.781067096867398e+004	2.818382931264455e+004
270	2.644043253423972e+004	2.691534803926914e+004
278	2.510980835555923e+004	2.511886431509582e+004
322	2.000494511637583e+004	2.041737944669528e+004
335	1.736780355306264e+004	1.737800828749376e+004
518	1.510881419509904e+004	1.513561248436207e+004
520	1.386625004652206e+004	1.412537544622756e+004
545	6.645770949584301e+003	6.760829753919819e+003
669	5.982607580750110e+003	6.025595860743575e+003
679	5.857253181990070e+003	5.888436553555890e+003
1013	4.993294152303963e+003	5.011872336272725e+003
1135	4.321258929569740e+003	4.365158322401661e+003
1186	2.430578737889094e+003	2.454708915685031e+003
1334	2.014395259761854e+003	2.041737944669530e+003
1403	1.936722936684086e+003	1.949844599758045e+003
1476	1.654791164648301e+003	1.659586907437561e+003
1633	1.459701609408597e+003	1.479108388168207e+003
1698	1.254194799723840e+003	1.258925411794168e+003
1734	9.958655225656511e+002	1.000000000000000e+003
1884	8.515279243367149e+002	8.709635899560806e+002
1896	8.043093497137811e+002	8.128305161640996e+002
1974	6.749020890523066e+002	6.760829753919819e+002
2102	5.360941431188843e+002	5.370317963702527e+002
2252	4.339478356550856e+002	4.365158322401661e+002
2399	4.033423565092077e+002	4.073802778041126e+002
2422	3.769061230595942e+002	3.801893963205613e+002
2436	3.471962022514334e+002	3.548133892335753e+002
2522	2.076005350148044e+002	2.089296130854039e+002
2661	1.972838885761635e+002	1.995262314968879e+002
2689	1.571127924768765e+002	1.584893192461114e+002
2769	6.770447784510421e+001	6.918309709189366e+001
2894	3.917710755039105e+001	3.981071705534973e+001
3146	1.382783875301685e+001	1.412537544622754e+001
3533	1.360752766353642e+001	1.380384264602885e+001
3607	1.102004605586066e+001	1.122018454301964e+001
3639	1.079310054920344e+001	1.096478196143185e+001
3660	7.487926324692082e+000	7.585775750291838e+000
3854	7.148006468924939e+000	7.244359600749901e+000
3900	5.130402075964920e+000	5.248074602497725e+000
3957	4.810293532712355e+000	4.897788193684462e+000
4008	4.194041082351551e+000	4.265795188015927e+000
4030	3.630720156632995e+000	3.630780547701014e+000
4117	3.154018763658154e+000	3.162277660168379e+000
4156	1.440635765939654e+000	1.445439770745927e+000
4250	1.229029221961654e+000	1.230268770812382e+000
4291	1.161562153801154e+000	1.174897554939530e+000
4514	1.089053390814154e+000	1.096478196143185e+000
4560	9.246980917204858e-001	9.332543007969910e-001
4609	9.062315012629677e-001	9.120108393559098e-001
4685	8.597193614939138e-001	8.709635899560806e-001
4719	8.196122784269095e-001	8.317637711026710e-001
4801	8.066365767167845e-001	8.128305161640993e-001
4846	6.829255192154474e-001	6.918309709189364e-001
4938	6.459231748340986e-001	6.606934480075960e-001
4990	6.417839005850685e-001	6.456542290346555e-001
5063	6.303822309650349e-001	6.309573444801933e-001
5185	5.947796287071141e-001	6.025595860743578e-001
5358	5.805413664772678e-001	5.888436553555889e-001
5373	5.749998406147774e-001	5.754399373371569e-001
5497	5.576389497557849e-001	5.623413251903491e-001
5534	5.413089078789632e-001	5.495408738576245e-001
5594	5.330325204227495e-001	5.370317963702527e-001
5627	5.214815325762452e-001	5.248074602497725e-001
5750	5.123894196293024e-001	5.128613839913648e-001
5804	4.925086641290587e-001	5.011872336272722e-001
5833	4.834115712854212e-001	4.897788193684462e-001
5877	4.745521055041466e-001	4.786300923226383e-001
5942	4.633601977137340e-001	4.677351412871982e-001
5968	4.546434886956570e-001	4.570881896148750e-001
5987	4.463327250000595e-001	4.466835921509632e-001
6078	4.261196885059299e-001	4.265795188015927e-001
6219	4.144864795774023e-001	4.168693834703354e-001
6253	4.061162900453441e-001	4.073802778041127e-001
6443	3.979607402127415e-001	3.981071705534973e-001
6469	3.876614509932990e-001	3.890451449942806e-001
6489	3.786745023037128e-001	3.801893963205612e-001
6635	3.703624873123068e-001	3.715352290971726e-001
6672	3.617463962346825e-001	3.630780547701014e-001
6757	3.536726288817080e-001	3.548133892335755e-001
6901	3.452697500261017e-001	3.467368504525316e-001
7054	3.384993817930090e-001	3.388441561392026e-001
7100	3.293443186421561e-001	3.311311214825911e-001
7196	3.214256441962377e-001	3.235936569296283e-001
7405	3.161858374092598e-001	3.162277660168379e-001
7534	3.006484678319865e-001	3.019951720402016e-001
7720	2.857154070806202e-001	2.884031503126606e-001
7850	2.815176206502545e-001	2.818382931264454e-001
8144	2.700917120111485e-001	2.754228703338166e-001
8146	2.691265423861355e-001	2.691534803926916e-001
8246	2.614296294275181e-001	2.630267991895382e-001
8422	2.565918549688324e-001	2.570395782768864e-001
8738	2.504333033588273e-001	2.511886431509580e-001
8873	2.453376478839965e-001	2.454708915685031e-001
9021	2.397714649496781e-001	2.398832919019490e-001
9504	2.343810491759786e-001	2.344228815319922e-001
9853	2.287097312311699e-001	2.290867652767773e-001
10509	2.215674034965103e-001	2.238721138568340e-001
10771	2.169065357094823e-001	2.187761623949552e-001
11404	2.135010695367180e-001	2.137962089502232e-001
12340	2.083871505056368e-001	2.089296130854039e-001
13026	2.036359318183199e-001	2.041737944669530e-001
13164	1.973415841886586e-001	1.995262314968880e-001
13438	1.860776428764006e-001	1.862087136662868e-001
14207	1.811268132621631e-001	1.819700858609984e-001
14447	1.750185427420546e-001	1.778279410038923e-001
14754	1.726605685821122e-001	1.737800828749375e-001
15140	1.696181511921195e-001	1.698243652461744e-001
15264	1.653846234527224e-001	1.659586907437561e-001
16497	1.606755503886992e-001	1.621810097358930e-001
18138	1.584585151523873e-001	1.584893192461113e-001
18885	1.543213654036034e-001	1.548816618912481e-001
19709	1.498564066807869e-001	1.513561248436208e-001
20044	1.458269280803992e-001	1.479108388168208e-001
21056	1.442929465529961e-001	1.445439770745928e-001
21743	1.382360925713699e-001	1.412537544622755e-001
21986	1.379794488865447e-001	1.380384264602885e-001
24865	1.348551096660658e-001	1.348962882591654e-001
28623	1.318077555669766e-001	1.318256738556407e-001
33383	1.287830898784756e-001	1.288249551693134e-001
36576	1.238985691468733e-001	1.258925411794167e-001
38035	1.190198575647105e-001	1.202264434617413e-001
39807	1.173807273225833e-001	1.174897554939529e-001
42892	1.147438965012686e-001	1.148153621496883e-001
46231	1.114289088116116e-001	1.122018454301964e-001
48117	1.068726340893268e-001	1.071519305237607e-001
50921	1.040720443639595e-001	1.047128548050900e-001
56560	1.023197954760375e-001	1.023292992280754e-001
69810	9.990865031958185e-002	1.000000000000000e-001
89980	9.766284725552898e-002	9.772372209558107e-002
98809	9.307633902138213e-002	9.332543007969910e-002
125024	9.113708844894530e-002	9.120108393559097e-002
143595	8.910921353995183e-002	8.912509381337455e-002
187469	8.708481371254850e-002	8.709635899560805e-002
206387	8.496552747114106e-002	8.511380382023763e-002
235655	8.317300348196699e-002	8.317637711026708e-002
252816	8.128217887038958e-002	8.128305161640990e-002
313123	7.942686463826720e-002	7.943282347242814e-002
374312	7.762421538111897e-002	7.762471166286916e-002
448153	7.566381470994166e-002	7.585775750291836e-002
466004	7.408071379975090e-002	7.413102413009177e-002
519254	7.206324323260693e-002	7.244359600749903e-002
658801	7.053426617552649e-002	7.079457843841380e-002
739438	6.914425053245998e-002	6.918309709189366e-002
892720	6.757149498426485e-002	6.760829753919818e-002
1201819	6.584626893973877e-002	6.606934480075961e-002
1530078	6.454108264389014e-002	6.456542290346556e-002
1866041	6.294829083859954e-002	6.309573444801933e-002
2000001	6.246164628479345e-002	6.309573444801933e-002
%
% index = 2278, name = bbob_f001_i19_d20__bbob_f017_i21_d20
% instance = 9, reference value = 9.136968141396210e-001
% function evaluation | indicator value | target hit
1	5.540407631749658e+009	5.623413251903491e+009
2	2.277737710550508e+005	2.290867652767775e+005
29	5.282903399425871e+004	5.370317963702533e+004
65	3.475382154253702e+004	3.548133892335753e+004
68	3.313493966884702e+004	3.388441561392028e+004
93	2.265732044904996e+004	2.290867652767775e+004
158	1.898278088555051e+004	1.905460717963248e+004
291	1.730787111243799e+004	1.737800828749376e+004
496	1.490257337726814e+004	1.513561248436207e+004
634	1.273904876803131e+004	1.288249551693135e+004
740	1.108904397725319e+004	1.122018454301963e+004
764	8.007694990801204e+003	8.128305161640995e+003
790	6.569421965660499e+003	6.606934480075958e+003
941	5.428948113661195e+003	5.495408738576249e+003
1156	5.276772423790934e+003	5.370317963702527e+003
1172	5.201305411392846e+003	5.248074602497728e+003
1269	4.162172815178958e+003	4.168693834703355e+003
1347	3.798772397183792e+003	3.801893963205613e+003
1393	2.517227207867234e+003	2.570395782768865e+003
1519	2.035505756917549e+003	2.041737944669530e+003
1533	1.886918482918483e+003	1.905460717963246e+003
1587	1.801741510398109e+003	1.819700858609983e+003
1609	1.767097138746678e+003	1.778279410038923e+003
1801	1.656895846611108e+003	1.659586907437561e+003
1866	1.164756838577530e+003	1.174897554939529e+003
1872	1.097419853707308e+003	1.122018454301963e+003
1894	9.413819116923820e+002	9.549925860214360e+002
2157	6.676322860243043e+002	6.760829753919819e+002
2221	6.256644897812398e+002	6.309573444801930e+002
2329	6.029949273375687e+002	6.165950018614822e+002
2336	5.674214162369177e+002	5.754399373371566e+002
2391	5.395102731438562e+002	5.495408738576248e+002
2401	5.095629542361352e+002	5.128613839913649e+002
2474	3.032512009528263e+002	3.090295432513592e+002
2655	2.805904486080576e+002	2.818382931264455e+002
2715	1.802430283320934e+002	1.819700858609982e+002
2873	1.493110745384212e+002	1.513561248436209e+002
2956	1.299158083361020e+002	1.318256738556407e+002
3033	1.231435466192976e+002	1.258925411794168e+002
3051	1.157854118653281e+002	1.174897554939529e+002
3061	8.473147823614094e+001	8.511380382023764e+001
3240	7.716558915603132e+001	7.762471166286916e+001
3275	6.533711832877216e+001	6.606934480075961e+001
3320	3.358026791541403e+001	3.388441561392025e+001
3353	2.898779893900536e+001	2.951209226666386e+001
3623	2.625554954994820e+001	2.630267991895381e+001
3662	2.271742617555521e+001	2.290867652767774e+001
3733	1.932586667507386e+001	1.949844599758045e+001
3744	1.380217421704536e+001	1.380384264602885e+001
3759	1.228105607967429e+001	1.230268770812382e+001
3849	9.601610897174908e+000	9.772372209558107e+000
3866	9.337837699837657e+000	9.549925860214358e+000
3867	4.263750567957107e+000	4.265795188015927e+000
4133	2.931612066303121e+000	2.951209226666386e+000
4232	1.759922590339985e+000	1.778279410038923e+000
4526	1.454752935024523e+000	1.479108388168207e+000
4534	9.852989971236209e-001	1.000000000000000e+000
4551	8.960276307868662e-001	9.120108393559098e-001
4632	8.112519461311178e-001	8.128305161640993e-001
4999	7.702425357356828e-001	7.762471166286917e-001
5079	7.381804430472518e-001	7.413102413009175e-001
5080	7.193447142790486e-001	7.244359600749900e-001
5142	6.869308861569803e-001	6.918309709189364e-001
5306	6.694604560495703e-001	6.760829753919818e-001
5370	6.514430675187191e-001	6.606934480075960e-001
5377	6.193110848845982e-001	6.309573444801933e-001
5448	6.156476130799278e-001	6.165950018614822e-001
5500	5.739835553330885e-001	5.754399373371569e-001
5725	5.567156843557777e-001	5.623413251903491e-001
5774	5.414133313158904e-001	5.495408738576245e-001
5842	5.188252037722434e-001	5.248074602497725e-001
5877	4.776419915530600e-001	4.786300923226383e-001
6079	4.674863684460369e-001	4.677351412871982e-001
6169	4.530487356645513e-001	4.570881896148750e-001
6177	4.461590045923499e-001	4.466835921509632e-001
6201	4.286316518622521e-001	4.365158322401660e-001
6203	4.244416848478335e-001	4.265795188015927e-001
6413	4.128817938031102e-001	4.168693834703354e-001
6473	4.068515203109705e-001	4.073802778041127e-001
6552	3.979557558353696e-001	3.981071705534973e-001
6600	3.762196007946522e-001	3.801893963205612e-001
6679	3.704804065665043e-001	3.715352290971726e-001
6737	3.603796760468540e-001	3.630780547701014e-001
6922	3.537093157627526e-001	3.548133892335755e-001
6982	3.378267833631244e-001	3.388441561392026e-001
7046	3.299974034870720e-001	3.311311214825911e-001
7263	3.223014939190109e-001	3.235936569296283e-001
7665	3.110211998175004e-001	3.162277660168379e-001
7860	3.052658785623220e-001	3.090295432513591e-001
8144	3.019189855089002e-001	3.019951720402016e-001
8248	2.755006523844691e-001	2.818382931264454e-001
8289	2.752520191704270e-001	2.754228703338166e-001
8313	2.688830510630694e-001	2.691534803926916e-001
8492	2.612206895485123e-001	2.630267991895382e-001
8704	2.482442647055302e-001	2.511886431509580e-001
8864	2.404741916779641e-001	2.454708915685031e-001
8898	2.393942082549995e-001	2.398832919019490e-001
9033	2.322521595987678e-001	2.344228815319922e-001
9428	2.290551720548854e-001	2.290867652767773e-001
9514	2.174714114702808e-001	2.187761623949552e-001
10116	2.133403950945200e-001	2.137962089502232e-001
10559	2.087359491497233e-001	2.089296130854039e-001
10838	2.019403971862686e-001	2.041737944669530e-001
10926	1.921361743724812e-001	1.949844599758046e-001
11134	1.905109100038238e-001	1.905460717963247e-001
12087	1.861896865200874e-001	1.862087136662868e-001
13334	1.818792265613696e-001	1.819700858609984e-001
13718	1.772956716180886e-001	1.778279410038923e-001
15676	1.737345105950464e-001	1.737800828749375e-001
16988	1.694487898422632e-001	1.698243652461744e-001
18267	1.647536669568913e-001	1.659586907437561e-001
20780	1.616144148460919e-001	1.621810097358930e-001
23119	1.584732459413712e-001	1.584893192461113e-001
23125	1.534959260654796e-001	1.548816618912481e-001
25025	1.513509517671587e-001	1.513561248436208e-001
26978	1.473543435170398e-001	1.479108388168208e-001
30812	1.445329122794431e-001	1.445439770745928e-001
34793	1.412138003347543e-001	1.412537544622755e-001
42788	1.377467789259957e-001	1.380384264602885e-001
57460	1.348711056557574e-001	1.348962882591654e-001
70248	1.283019521636488e-001	1.288249551693134e-001
92497	1.255787032674648e-001	1.258925411794167e-001
111359	1.223652281509721e-001	1.230268770812382e-001
132323	1.184484563071536e-001	1.202264434617413e-001
157197	1.174484128691100e-001	1.174897554939529e-001
204836	1.143020526016608e-001	1.148153621496883e-001
243890	1.111396749640731e-001	1.122018454301964e-001
306440	1.093084004479319e-001	1.096478196143185e-001
468842	1.067331902546153e-001	1.071519305237607e-001
559354	1.037900034322351e-001	1.047128548050900e-001
763576	1.023187667765853e-001	1.023292992280754e-001
1121721	9.999688309944033e-002	1.000000000000000e-001
2000001	9.818159656489800e-002	1.000000000000000e-001
%
% index = 2279, name = bbob_f001_i21_d20__bbob_f017_i22_d20
% instance = 10, reference value = 9.183279479391030e-001
% function evaluation | indicator value | target hit
1	1.887413866889559e+011	1.905460717963244e+011
2	2.709881421579899e+008	2.754228703338164e+008
3	2.304928428471457e+008	2.344228815319918e+008
6	2.378835524287889e+005	2.398832919019490e+005
7	2.252273304313024e+004	2.290867652767775e+004
39	2.037925729786047e+004	2.041737944669528e+004
72	1.710827082972552e+004	1.737800828749376e+004
126	1.653175836006708e+004	1.659586907437560e+004
202	1.171973124312755e+004	1.174897554939530e+004
394	9.814618030295978e+003	1.000000000000000e+004
540	9.385040282569333e+003	9.549925860214360e+003
600	7.514184124863798e+003	7.585775750291836e+003
602	6.732623437651925e+003	6.760829753919819e+003
608	5.813186303844795e+003	5.888436553555890e+003
630	5.638239826572214e+003	5.754399373371567e+003
689	5.565270246402969e+003	5.623413251903491e+003
718	4.510047212244806e+003	4.570881896148752e+003
771	4.378858058063222e+003	4.466835921509631e+003
834	3.505143820006074e+003	3.548133892335753e+003
867	2.681263737306437e+003	2.691534803926917e+003
981	2.584377098744469e+003	2.630267991895381e+003
1065	2.492878625989933e+003	2.511886431509580e+003
1087	1.832459472932967e+003	1.862087136662868e+003
1317	1.735654358994489e+003	1.737800828749376e+003
1441	1.153794490125901e+003	1.174897554939529e+003
1692	1.143891565834954e+003	1.148153621496883e+003
1731	1.026561353492849e+003	1.047128548050900e+003
1779	5.674147596454689e+002	5.754399373371566e+002
2034	5.466682077088020e+002	5.495408738576248e+002
2072	4.149926692165702e+002	4.168693834703355e+002
2342	3.963328659570496e+002	3.981071705534973e+002
2444	3.879323434935652e+002	3.890451449942805e+002
2474	2.333584853585501e+002	2.344228815319923e+002
2621	2.265230719089204e+002	2.290867652767772e+002
2665	2.048891603994834e+002	2.089296130854039e+002
2683	2.022076619104936e+002	2.041737944669530e+002
2769	1.758247592863507e+002	1.778279410038923e+002
2841	1.024135379360480e+002	1.047128548050900e+002
3000	1.007507890048408e+002	1.023292992280754e+002
3008	9.755614051672863e+001	9.772372209558107e+001
3021	9.123162216701260e+001	9.332543007969910e+001
3122	6.012076393734728e+001	6.025595860743578e+001
3200	5.021408118503341e+001	5.128613839913648e+001
3406	4.867291062806312e+001	4.897788193684461e+001
3428	3.611081974704475e+001	3.630780547701014e+001
3532	1.893252835795083e+001	1.905460717963247e+001
3536	1.623000280077147e+001	1.659586907437561e+001
3666	1.608963631197250e+001	1.621810097358930e+001
3704	9.185235707425623e+000	9.332543007969910e+000
3854	6.167040218182300e+000	6.309573444801933e+000
3878	5.875458402015610e+000	5.888436553555890e+000
3924	2.961150886360103e+000	3.019951720402016e+000
4014	2.607235054238984e+000	2.630267991895382e+000
4215	2.464851939516674e+000	2.511886431509580e+000
4404	2.327554178379069e+000	2.344228815319922e+000
4473	2.139116085360264e+000	2.187761623949553e+000
4509	1.896426122337114e+000	1.905460717963247e+000
4527	1.556548695325356e+000	1.584893192461114e+000
4560	1.501825622527103e+000	1.513561248436208e+000
4619	1.058194471643603e+000	1.071519305237606e+000
4686	8.985031358866098e-001	9.120108393559098e-001
4855	8.429521631794144e-001	8.511380382023764e-001
4898	8.216574746452273e-001	8.317637711026710e-001
4900	8.123142346878380e-001	8.128305161640993e-001
4979	7.215289762153669e-001	7.244359600749900e-001
5134	7.074019189284260e-001	7.079457843841379e-001
5143	6.884886143554265e-001	6.918309709189364e-001
5278	6.735916609931694e-001	6.760829753919818e-001
5306	6.356150787095523e-001	6.456542290346555e-001
5344	6.285835155351141e-001	6.309573444801933e-001
5399	6.161044163244962e-001	6.165950018614822e-001
5526	5.847350524249194e-001	5.888436553555889e-001
5575	5.751045516523208e-001	5.754399373371569e-001
5621	5.392667222112877e-001	5.495408738576245e-001
5687	5.365666614719349e-001	5.370317963702527e-001
5758	5.179960626449854e-001	5.248074602497725e-001
5791	4.751144300519922e-001	4.786300923226383e-001
5838	4.654701802634846e-001	4.677351412871982e-001
5910	4.536791398323543e-001	4.570881896148750e-001
5939	4.335116378545952e-001	4.365158322401660e-001
5995	4.259750403260197e-001	4.265795188015927e-001
6202	4.149327272377632e-001	4.168693834703354e-001
6324	4.073440487431930e-001	4.073802778041127e-001
6511	3.957473975846358e-001	3.981071705534973e-001
6544	3.851907015457431e-001	3.890451449942806e-001
6724	3.650407262839472e-001	3.715352290971726e-001
6765	3.590467204256489e-001	3.630780547701014e-001
6868	3.543661845471551e-001	3.548133892335755e-001
7151	3.465724566552205e-001	3.467368504525316e-001
7341	3.348881086022971e-001	3.388441561392026e-001
7349	3.310832403412946e-001	3.311311214825911e-001
7491	3.157925957453095e-001	3.162277660168379e-001
7862	3.069075422449904e-001	3.090295432513591e-001
8428	3.017123066911294e-001	3.019951720402016e-001
8789	2.850441800290310e-001	2.884031503126606e-001
9021	2.818282271593510e-001	2.818382931264454e-001
9109	2.720581742114988e-001	2.754228703338166e-001
9456	2.675210036570507e-001	2.691534803926916e-001
9650	2.625403997451202e-001	2.630267991895382e-001
10074	2.569412309451356e-001	2.570395782768864e-001
11290	2.510281109983027e-001	2.511886431509580e-001
11356	2.417471336990574e-001	2.454708915685031e-001
11400	2.349605952933371e-001	2.398832919019490e-001
11523	2.337160028971625e-001	2.344228815319922e-001
11876	2.275132908296852e-001	2.290867652767773e-001
12598	2.235627782811874e-001	2.238721138568340e-001
12847	2.163390574340143e-001	2.187761623949552e-001
13354	2.090372418512664e-001	2.137962089502232e-001
13390	2.087533080728545e-001	2.089296130854039e-001
13837	2.034940964003482e-001	2.041737944669530e-001
14874	1.976278074565585e-001	1.995262314968880e-001
15740	1.948897946352644e-001	1.949844599758046e-001
17353	1.876658372544890e-001	1.905460717963247e-001
17977	1.798177202345180e-001	1.819700858609984e-001
19170	1.763961709058475e-001	1.778279410038923e-001
21131	1.737548871155933e-001	1.737800828749375e-001
22002	1.675414645488492e-001	1.698243652461744e-001
23265	1.658241929774280e-001	1.659586907437561e-001
24874	1.597790001245965e-001	1.621810097358930e-001
27245	1.583496466139136e-001	1.584893192461113e-001
29755	1.432412841364038e-001	1.445439770745928e-001
32824	1.411929830178533e-001	1.412537544622755e-001
33307	1.245952417151791e-001	1.258925411794167e-001
33517	1.193916519465500e-001	1.202264434617413e-001
35169	1.174523897281345e-001	1.174897554939529e-001
37584	1.146709743177766e-001	1.148153621496883e-001
39161	1.120181024897590e-001	1.122018454301964e-001
40898	1.095192874270781e-001	1.096478196143185e-001
41696	1.071181254869145e-001	1.071519305237607e-001
44441	1.035727768898571e-001	1.047128548050900e-001
46956	1.017939556492594e-001	1.023292992280754e-001
50067	9.983171246560951e-002	1.000000000000000e-001
60611	9.762459585876504e-002	9.772372209558107e-002
72453	9.536292074438701e-002	9.549925860214359e-002
78673	9.201264490507255e-002	9.332543007969910e-002
85448	9.113678854940110e-002	9.120108393559097e-002
100178	8.876701118594865e-002	8.912509381337455e-002
109370	8.699026001848420e-002	8.709635899560805e-002
141494	8.487387735333873e-002	8.511380382023763e-002
152844	8.310623345526402e-002	8.317637711026708e-002
173427	8.126417547186493e-002	8.128305161640990e-002
195166	7.886488059391172e-002	7.943282347242814e-002
198653	7.734314334738446e-002	7.762471166286916e-002
235833	7.585754807155976e-002	7.585775750291836e-002
277231	7.412941620933988e-002	7.413102413009177e-002
365181	7.244147348777896e-002	7.244359600749903e-002
414610	7.079068401959021e-002	7.079457843841380e-002
503619	6.888884520007821e-002	6.918309709189366e-002
674368	6.759775216482189e-002	6.760829753919818e-002
958205	6.492214809162289e-002	6.606934480075961e-002
1039857	6.440893431181238e-002	6.456542290346556e-002
1363043	6.309534679157480e-002	6.309573444801933e-002
1736204	6.165516122300818e-002	6.165950018614822e-002
2000001	6.108862523628800e-002	6.165950018614822e-002
