%
% index = 2360, name = bbob_f002_i02_d20__bbob_f017_i04_d20
% instance = 1, reference value = 9.760402749186230e-001
% function evaluation | indicator value | target hit
1	3.809454977676141e+010	3.890451449942805e+010
2	1.873269045531194e+007	1.905460717963248e+007
4	2.244287140874638e+005	2.290867652767775e+005
7	4.539638068273852e+004	4.570881896148752e+004
132	3.546928690177383e+004	3.548133892335753e+004
194	3.398445860596976e+004	3.467368504525317e+004
201	3.045629396873766e+004	3.090295432513592e+004
202	2.823549569427172e+004	2.884031503126606e+004
249	2.715783193722386e+004	2.754228703338169e+004
496	2.675419483683254e+004	2.691534803926914e+004
502	2.623225362511140e+004	2.630267991895381e+004
583	2.238722021193154e+004	2.290867652767775e+004
601	2.031384036673414e+004	2.041737944669528e+004
616	1.655343786190771e+004	1.659586907437560e+004
743	1.559244503951644e+004	1.584893192461114e+004
1070	1.278525237427823e+004	1.288249551693135e+004
1103	1.105338817059435e+004	1.122018454301963e+004
1431	1.019976125294360e+004	1.023292992280754e+004
1479	7.274196470752703e+003	7.413102413009177e+003
1757	5.799808403981747e+003	5.888436553555890e+003
2092	4.582875115426738e+003	4.677351412871981e+003
2171	3.434593308126116e+003	3.467368504525316e+003
2353	2.480745945359676e+003	2.511886431509580e+003
2531	2.427044105311793e+003	2.454708915685031e+003
2573	1.782134594419095e+003	1.819700858609983e+003
2595	1.586003624281237e+003	1.621810097358930e+003
2619	1.533832005299048e+003	1.548816618912481e+003
2922	1.130893225998624e+003	1.148153621496883e+003
3014	1.114735391507165e+003	1.122018454301963e+003
3123	1.096418814386003e+003	1.096478196143185e+003
3126	1.054327243009749e+003	1.071519305237606e+003
3223	9.498428721234376e+002	9.549925860214360e+002
3289	7.216077681469167e+002	7.244359600749899e+002
3366	5.973926844225412e+002	6.025595860743575e+002
3566	5.386026714124749e+002	5.495408738576248e+002
3672	4.113404654202616e+002	4.168693834703355e+002
3688	3.370539936264026e+002	3.388441561392024e+002
3837	3.209928398703371e+002	3.235936569296281e+002
3954	2.835638680907901e+002	2.884031503126606e+002
3975	2.752432108726441e+002	2.754228703338166e+002
4058	1.488930609874726e+002	1.513561248436209e+002
4153	1.085395768673421e+002	1.096478196143185e+002
4430	6.370733915452463e+001	6.456542290346556e+001
4566	5.231317283641862e+001	5.248074602497726e+001
4650	4.010668471510613e+001	4.073802778041128e+001
4701	3.821345352508762e+001	3.890451449942807e+001
4809	3.175571248083712e+001	3.235936569296283e+001
5031	1.244168119400862e+001	1.258925411794168e+001
5211	1.549354423545623e+000	1.584893192461114e+000
5618	1.094689132919123e+000	1.096478196143185e+000
5792	8.433626179147670e-001	8.511380382023764e-001
6076	7.937279471667634e-001	7.943282347242815e-001
6153	6.918994712170705e-001	7.079457843841379e-001
6374	6.917693196881307e-001	6.918309709189364e-001
6764	6.711757242138352e-001	6.760829753919818e-001
7226	6.283104608793246e-001	6.309573444801933e-001
7407	5.331931275896544e-001	5.370317963702527e-001
8678	5.121013925299667e-001	5.128613839913648e-001
8778	4.437850711315109e-001	4.466835921509632e-001
10272	4.319051039315457e-001	4.365158322401660e-001
11865	4.243546873426775e-001	4.265795188015927e-001
13128	4.058895150468436e-001	4.073802778041127e-001
14576	3.857630983255997e-001	3.890451449942806e-001
19168	3.747923610740847e-001	3.801893963205612e-001
19234	3.692643161509009e-001	3.715352290971726e-001
19867	3.611259953324530e-001	3.630780547701014e-001
24603	3.528222275578700e-001	3.548133892335755e-001
50782	3.440047719103606e-001	3.467368504525316e-001
101838	3.386278092870149e-001	3.388441561392026e-001
2000001	3.311692872100198e-001	3.388441561392026e-001
%
% index = 2361, name = bbob_f002_i03_d20__bbob_f017_i05_d20
% instance = 2, reference value = 9.770695731945430e-001
% function evaluation | indicator value | target hit
1	4.256772585934505e+017	4.265795188015917e+017
2	7.252476730365305e+004	7.413102413009177e+004
22	2.588982104089557e+004	2.630267991895381e+004
263	1.890019208553580e+004	1.905460717963248e+004
291	1.607921860205225e+004	1.621810097358930e+004
380	1.218369282752195e+004	1.230268770812381e+004
1096	1.113120188837999e+004	1.122018454301963e+004
1142	6.955341441208308e+003	7.079457843841380e+003
1224	6.430793160133746e+003	6.456542290346556e+003
1535	4.159650429336259e+003	4.168693834703355e+003
1641	4.000511239359134e+003	4.073802778041126e+003
1761	2.094864076840892e+003	2.137962089502233e+003
2192	1.902136653229126e+003	1.905460717963246e+003
2214	1.520453533477239e+003	1.548816618912481e+003
2230	1.453466983672038e+003	1.479108388168207e+003
2298	9.909200342012803e+002	1.000000000000000e+003
2552	6.163563941814979e+002	6.165950018614822e+002
2767	5.923130674018597e+002	6.025595860743575e+002
2906	4.887371882535779e+002	4.897788193684461e+002
2919	3.126841199633761e+002	3.162277660168379e+002
3059	2.378981852550908e+002	2.398832919019490e+002
3277	2.187078092607860e+002	2.187761623949552e+002
3282	1.352063609645495e+002	1.380384264602885e+002
3811	6.301403772446754e+001	6.309573444801933e+001
3942	2.704261061287604e+001	2.754228703338166e+001
4101	1.986602781928955e+001	1.995262314968880e+001
4254	1.922745328333804e+001	1.949844599758045e+001
4295	1.711559182578305e+001	1.737800828749375e+001
4596	1.604661615282505e+001	1.621810097358930e+001
4669	7.512809233819542e+000	7.585775750291838e+000
4718	5.812882326060042e+000	5.888436553555890e+000
4854	5.608789296584043e+000	5.623413251903491e+000
4923	5.348625694133043e+000	5.370317963702528e+000
4926	1.626539234048043e+000	1.659586907437561e+000
5169	1.464011383555543e+000	1.479108388168207e+000
5309	1.361788822075543e+000	1.380384264602885e+000
5317	1.302266744568543e+000	1.318256738556407e+000
5353	1.243378375108543e+000	1.258925411794167e+000
5380	8.492296414252655e-001	8.511380382023764e-001
5985	8.278401602701121e-001	8.317637711026710e-001
6067	8.115898565804850e-001	8.128305161640993e-001
6081	7.707682306773460e-001	7.762471166286917e-001
6101	7.413344053828027e-001	7.585775750291838e-001
6176	7.408344302440313e-001	7.413102413009175e-001
6332	6.928178681543027e-001	7.079457843841379e-001
6352	6.543160248272653e-001	6.606934480075960e-001
6370	5.937055276642952e-001	6.025595860743578e-001
6817	5.847211615625679e-001	5.888436553555889e-001
7077	5.655602198296286e-001	5.754399373371569e-001
7264	5.480110080597775e-001	5.495408738576245e-001
7269	5.205438344354791e-001	5.248074602497725e-001
7599	5.099266691214880e-001	5.128613839913648e-001
7736	4.819857099150993e-001	4.897788193684462e-001
7761	4.291984428838878e-001	4.365158322401660e-001
8866	4.073337346162372e-001	4.073802778041127e-001
9817	3.932868446273345e-001	3.981071705534973e-001
10600	3.869219848365529e-001	3.890451449942806e-001
13983	3.791225391601707e-001	3.801893963205612e-001
14593	3.669969425865921e-001	3.715352290971726e-001
17710	3.551887103407679e-001	3.630780547701014e-001
20915	3.535005770525669e-001	3.548133892335755e-001
25302	3.462585925451442e-001	3.467368504525316e-001
2000001	3.424274485433786e-001	3.467368504525316e-001
%
% index = 2362, name = bbob_f002_i07_d20__bbob_f017_i08_d20
% instance = 3, reference value = 9.884485199869690e-001
% function evaluation | indicator value | target hit
1	1.164793380423986e+015	1.174897554939530e+015
2	8.967443694965359e+006	9.120108393559096e+006
8	2.450263375653993e+006	2.454708915685029e+006
10	1.787157488873910e+005	1.819700858609983e+005
22	1.919750170082327e+004	1.949844599758046e+004
305	1.077397364473081e+004	1.096478196143185e+004
847	9.471161199569002e+003	9.549925860214360e+003
972	7.398963439767776e+003	7.413102413009177e+003
1423	5.272789632836521e+003	5.370317963702527e+003
1453	5.177747934502358e+003	5.248074602497728e+003
1540	4.465960220464753e+003	4.466835921509631e+003
1760	3.864212791867129e+003	3.890451449942805e+003
1881	3.068714910284129e+003	3.090295432513592e+003
1946	2.703190390310194e+003	2.754228703338166e+003
2071	2.401938066477832e+003	2.454708915685031e+003
2190	1.674682745281547e+003	1.698243652461744e+003
2425	1.586550484919980e+003	1.621810097358930e+003
2660	1.427247423365670e+003	1.445439770745928e+003
2686	1.358604599345592e+003	1.380384264602885e+003
2766	9.857926384966604e+002	1.000000000000000e+003
2890	9.617567116734319e+002	9.772372209558112e+002
2894	9.506663128099430e+002	9.549925860214360e+002
2966	4.625560861326470e+002	4.677351412871981e+002
3062	3.631964056228965e+002	3.715352290971724e+002
3213	3.412128054677829e+002	3.467368504525317e+002
3296	3.001395626831520e+002	3.019951720402016e+002
3298	2.352952186098405e+002	2.398832919019490e+002
3474	2.143079472321150e+002	2.187761623949552e+002
3578	2.071117546350755e+002	2.089296130854039e+002
3658	1.999843643326805e+002	2.041737944669530e+002
3661	1.816837451290060e+002	1.819700858609982e+002
3722	1.747435436105725e+002	1.778279410038923e+002
3761	1.732408974292845e+002	1.737800828749376e+002
3790	1.104856886093130e+002	1.122018454301963e+002
3835	1.015382270778985e+002	1.023292992280754e+002
3945	7.161909475049397e+001	7.244359600749903e+001
4176	3.847673121351197e+001	3.890451449942807e+001
4214	2.942449127114497e+001	2.951209226666386e+001
4443	1.738978274534947e+001	1.778279410038923e+001
4501	8.732768479585969e+000	8.912509381337454e+000
4885	5.898810885899969e+000	6.025595860743578e+000
5149	4.835774377692469e+000	4.897788193684462e+000
5164	4.230450100391469e+000	4.265795188015927e+000
5357	2.768182296193969e+000	2.818382931264454e+000
5371	2.110826528818969e+000	2.137962089502232e+000
5387	2.008364038010969e+000	2.041737944669529e+000
5450	1.506290088613969e+000	1.513561248436208e+000
5458	1.447348614928969e+000	1.479108388168207e+000
5677	1.265834595015469e+000	1.288249551693134e+000
5682	1.082928461168469e+000	1.096478196143185e+000
5763	9.626729820783662e-001	9.772372209558107e-001
6024	7.738088735318633e-001	7.762471166286917e-001
6465	6.584191549915410e-001	6.606934480075960e-001
6700	6.007146317185266e-001	6.025595860743578e-001
7526	5.856576141554931e-001	5.888436553555889e-001
8298	5.671015741614377e-001	5.754399373371569e-001
8302	5.428116299681431e-001	5.495408738576245e-001
8560	5.035563526032227e-001	5.128613839913648e-001
9253	4.906882626522177e-001	5.011872336272722e-001
11633	4.640581857855129e-001	4.677351412871982e-001
12670	4.531725832412787e-001	4.570881896148750e-001
12717	4.430110630275331e-001	4.466835921509632e-001
15068	4.364789518818151e-001	4.365158322401660e-001
21689	4.229988600900563e-001	4.265795188015927e-001
24595	4.072382144553771e-001	4.073802778041127e-001
54044	3.948627523507704e-001	3.981071705534973e-001
2000001	3.948613403139227e-001	3.981071705534973e-001
%
% index = 2363, name = bbob_f002_i09_d20__bbob_f017_i10_d20
% instance = 4, reference value = 9.944255810137680e-001
% function evaluation | indicator value | target hit
1	2.561112799392595e+015	2.570395782768865e+015
2	2.056157808075272e+009	2.089296130854041e+009
3	5.838196852853353e+006	5.888436553555884e+006
6	1.283821563311497e+004	1.288249551693135e+004
21	6.747199563100720e+003	6.760829753919819e+003
394	5.969816832420659e+003	6.025595860743575e+003
730	5.727880526395740e+003	5.754399373371567e+003
744	4.282269339577136e+003	4.365158322401661e+003
777	3.589417030193917e+003	3.630780547701014e+003
1186	2.881746668006622e+003	2.884031503126606e+003
1296	2.664875820367696e+003	2.691534803926917e+003
1509	2.338708939461586e+003	2.344228815319923e+003
1624	6.243093346104311e+002	6.309573444801930e+002
2193	4.758662979340078e+002	4.786300923226385e+002
2889	4.448099684261558e+002	4.466835921509630e+002
2934	3.445608923382084e+002	3.467368504525317e+002
3025	3.274998785809139e+002	3.311311214825911e+002
3036	2.814626691212253e+002	2.818382931264455e+002
3091	1.814672000120519e+002	1.819700858609982e+002
3471	1.141162674041513e+002	1.148153621496883e+002
3627	1.010370542197513e+002	1.023292992280754e+002
3712	5.413037487936426e+001	5.495408738576246e+001
3789	5.075470472534176e+001	5.128613839913648e+001
4212	3.718229859384726e+001	3.801893963205612e+001
4322	1.895712008875827e+001	1.905460717963247e+001
4477	1.845913023658877e+001	1.862087136662868e+001
4609	1.103734182612077e+001	1.122018454301964e+001
4803	6.070286256603268e+000	6.165950018614822e+000
4871	5.153778597095268e+000	5.248074602497725e+000
5001	2.218095767520268e+000	2.238721138568339e+000
5399	1.178796566619268e+000	1.202264434617413e+000
5595	9.735593364775396e-001	9.772372209558107e-001
5883	7.441075564354680e-001	7.585775750291838e-001
6027	6.264439912153264e-001	6.309573444801933e-001
6067	5.364586085433272e-001	5.370317963702527e-001
6420	5.200972898049783e-001	5.248074602497725e-001
6466	4.644523797526167e-001	4.677351412871982e-001
6628	4.569798568723156e-001	4.570881896148750e-001
6902	4.280007350465813e-001	4.365158322401660e-001
7005	4.104001881899720e-001	4.168693834703354e-001
7024	3.013086308647656e-001	3.019951720402016e-001
7601	2.722876175968332e-001	2.754228703338166e-001
7612	2.591836004842343e-001	2.630267991895382e-001
7782	2.562612504128049e-001	2.570395782768864e-001
8101	2.494737633986780e-001	2.511886431509580e-001
8502	2.398306810349602e-001	2.398832919019490e-001
8718	2.301174716513325e-001	2.344228815319922e-001
8821	2.174806138999470e-001	2.187761623949552e-001
10197	2.067591885440910e-001	2.089296130854039e-001
11622	1.849776284389098e-001	1.862087136662868e-001
12056	1.703834775556870e-001	1.737800828749375e-001
15153	1.691089635286097e-001	1.698243652461744e-001
16992	1.498253135940124e-001	1.513561248436208e-001
19506	1.454095388805043e-001	1.479108388168208e-001
21872	1.381888695474935e-001	1.412537544622755e-001
24868	1.347051564363390e-001	1.348962882591654e-001
2000001	1.340879164618537e-001	1.348962882591654e-001
%
% index = 2364, name = bbob_f002_i11_d20__bbob_f017_i12_d20
% instance = 5, reference value = 9.983833096386940e-001
% function evaluation | indicator value | target hit
1	1.996847789357557e+008	2.041737944669532e+008
2	4.725784606271335e+003	4.786300923226385e+003
180	4.589975697963244e+003	4.677351412871981e+003
193	4.222481656608521e+003	4.265795188015925e+003
249	3.995881351505924e+003	4.073802778041126e+003
252	3.881132086197974e+003	3.890451449942805e+003
363	2.960975592242351e+003	3.019951720402016e+003
506	2.615161781589937e+003	2.630267991895381e+003
803	2.277599173884037e+003	2.290867652767772e+003
968	1.821479851639067e+003	1.862087136662868e+003
1047	1.593889010281126e+003	1.621810097358930e+003
1237	1.272682639822176e+003	1.288249551693134e+003
1496	9.253192159632971e+002	9.332543007969915e+002
1745	7.097845968831269e+002	7.244359600749899e+002
1818	6.785086068055177e+002	6.918309709189363e+002
1868	5.387806718466268e+002	5.495408738576248e+002
1968	5.313180702325577e+002	5.370317963702527e+002
2276	3.858069469774388e+002	3.890451449942805e+002
2352	3.239024917383946e+002	3.311311214825911e+002
2568	1.902563927581221e+002	1.905460717963246e+002
3023	1.857366821104491e+002	1.862087136662867e+002
3028	1.588357048087395e+002	1.621810097358930e+002
3078	1.261421666574347e+002	1.288249551693134e+002
3103	9.885390378621021e+001	1.000000000000000e+002
3276	6.782203416214698e+001	6.918309709189366e+001
3277	5.513722644218652e+001	5.623413251903491e+001
3306	5.016324591175795e+001	5.128613839913648e+001
3521	4.406329260227030e+001	4.466835921509630e+001
3685	3.956706882826813e+001	3.981071705534973e+001
3733	2.487400992771233e+001	2.511886431509580e+001
3742	2.295164523754619e+001	2.344228815319923e+001
3966	8.560896744882177e+000	8.709635899560805e+000
4213	4.790578906842193e+000	4.897788193684462e+000
4542	4.040921565151193e+000	4.073802778041127e+000
4707	3.670033173665694e+000	3.715352290971725e+000
4760	3.191222491387194e+000	3.235936569296283e+000
4865	1.135708705726194e+000	1.148153621496883e+000
4879	1.049942183723694e+000	1.071519305237606e+000
5178	8.289888301334822e-001	8.317637711026710e-001
5220	7.561937991295034e-001	7.585775750291838e-001
5516	5.456250785758113e-001	5.495408738576245e-001
5543	5.170534817758459e-001	5.248074602497725e-001
5679	4.602186231055061e-001	4.677351412871982e-001
5691	4.495182070703561e-001	4.570881896148750e-001
5829	4.406179488912801e-001	4.466835921509632e-001
5867	3.421559524759615e-001	3.467368504525316e-001
5881	3.318853993267172e-001	3.388441561392026e-001
5887	3.302481692009848e-001	3.311311214825911e-001
5963	2.868097656566939e-001	2.884031503126606e-001
5967	2.244054967843796e-001	2.290867652767773e-001
6138	2.228835616230287e-001	2.238721138568340e-001
6226	1.741067575691798e-001	1.778279410038923e-001
6230	1.736515019430654e-001	1.737800828749375e-001
6431	1.505543899913053e-001	1.513561248436208e-001
6514	1.429650512441313e-001	1.445439770745928e-001
6625	1.369434386175509e-001	1.380384264602885e-001
6695	1.335820158708470e-001	1.348962882591654e-001
6723	1.218814917473532e-001	1.230268770812382e-001
6750	1.163362633460936e-001	1.174897554939529e-001
6877	1.059020397704816e-001	1.071519305237607e-001
7019	1.046936983190627e-001	1.047128548050900e-001
7188	8.914158337584488e-002	9.120108393559097e-002
7217	8.910216430472706e-002	8.912509381337455e-002
7912	8.132283549638342e-002	8.317637711026708e-002
7942	8.125460301698029e-002	8.128305161640990e-002
8058	7.935018939001781e-002	7.943282347242814e-002
8111	7.550069782654201e-002	7.585775750291836e-002
8272	6.115053115515556e-002	6.165950018614822e-002
9256	5.846047239969543e-002	5.888436553555890e-002
9273	5.711160217368394e-002	5.754399373371569e-002
9740	5.397390768341814e-002	5.495408738576246e-002
10119	5.262022797548849e-002	5.370317963702527e-002
10297	5.223057432778655e-002	5.248074602497726e-002
10342	4.850111395450929e-002	4.897788193684461e-002
10614	4.623266506160206e-002	4.677351412871982e-002
11144	4.287712401366672e-002	4.365158322401658e-002
12254	4.110743641315406e-002	4.168693834703355e-002
12355	4.063539216621281e-002	4.073802778041128e-002
16179	3.958309909908730e-002	3.981071705534973e-002
2000001	3.927126989125962e-002	3.981071705534973e-002
%
% index = 2365, name = bbob_f002_i13_d20__bbob_f017_i14_d20
% instance = 6, reference value = 9.867060625172031e-001
% function evaluation | indicator value | target hit
1	1.414222808051813e+006	1.445439770745928e+006
10	1.022289643068202e+006	1.023292992280754e+006
16	4.436611757438901e+005	4.466835921509635e+005
31	2.896277197704743e+005	2.951209226666384e+005
36	6.919419064468832e+004	7.079457843841374e+004
39	1.373325937367344e+004	1.380384264602884e+004
51	8.641299593803302e+003	8.709635899560806e+003
290	7.755156033710758e+003	7.762471166286920e+003
379	7.533963093828453e+003	7.585775750291836e+003
381	7.076182683237825e+003	7.079457843841380e+003
541	5.631586899947056e+003	5.754399373371567e+003
747	5.168301071022507e+003	5.248074602497728e+003
809	4.473854752573769e+003	4.570881896148752e+003
845	3.131577182905259e+003	3.162277660168380e+003
1022	2.696725785987148e+003	2.754228703338166e+003
1273	2.265810731109792e+003	2.290867652767772e+003
1606	1.822336246195997e+003	1.862087136662868e+003
1669	1.810269333460449e+003	1.819700858609983e+003
1735	1.427062476745351e+003	1.445439770745928e+003
1813	1.332316886732257e+003	1.348962882591653e+003
1839	1.317319831241274e+003	1.318256738556408e+003
2006	1.009740022944322e+003	1.023292992280754e+003
2020	7.486734286506052e+002	7.585775750291836e+002
2193	6.556570190315312e+002	6.606934480075958e+002
2405	5.471625654331988e+002	5.495408738576248e+002
2611	5.335300770924412e+002	5.370317963702527e+002
2620	3.935122551301832e+002	3.981071705534973e+002
2743	2.987861103372787e+002	3.019951720402016e+002
2931	2.941801584861557e+002	2.951209226666387e+002
3016	2.409807361218952e+002	2.454708915685031e+002
3041	1.920210898603532e+002	1.949844599758046e+002
3071	1.465738402559302e+002	1.479108388168207e+002
3316	9.154296918569870e+001	9.332543007969910e+001
3470	7.306163724888370e+001	7.413102413009177e+001
3521	6.549940672510320e+001	6.606934480075961e+001
3762	4.566521804661420e+001	4.570881896148750e+001
3794	3.248959522599020e+001	3.311311214825911e+001
3798	3.224962928056520e+001	3.235936569296283e+001
3870	2.365594414639170e+001	2.398832919019490e+001
3876	1.462164496840670e+001	1.479108388168207e+001
4083	1.422017700265870e+001	1.445439770745927e+001
4304	1.323380463088820e+001	1.348962882591653e+001
4362	1.121791645538320e+001	1.122018454301964e+001
4365	5.212641118725703e+000	5.248074602497725e+000
4554	4.138551856095702e+000	4.168693834703354e+000
4555	2.081947675076703e+000	2.089296130854040e+000
4973	1.179000439628203e+000	1.202264434617413e+000
5004	1.170720972201203e+000	1.174897554939530e+000
5250	1.108736765271703e+000	1.122018454301963e+000
5280	9.872576873002030e-001	1.000000000000000e+000
5337	9.725271316239323e-001	9.772372209558107e-001
5368	7.386572009389181e-001	7.413102413009175e-001
5503	6.036407162140345e-001	6.165950018614822e-001
5644	5.946578617589426e-001	6.025595860743578e-001
5649	5.814830742196619e-001	5.888436553555889e-001
5680	5.614408427429745e-001	5.623413251903491e-001
5707	4.945830504138770e-001	5.011872336272722e-001
5758	4.590485026208618e-001	4.677351412871982e-001
5991	4.536555798527168e-001	4.570881896148750e-001
6117	4.092776490339517e-001	4.168693834703354e-001
6169	3.783250741788337e-001	3.801893963205612e-001
6461	3.306075518491517e-001	3.311311214825911e-001
6658	3.211707766172448e-001	3.235936569296283e-001
7687	2.992340029217449e-001	3.019951720402016e-001
8053	2.839691156176721e-001	2.884031503126606e-001
8982	2.751024049747662e-001	2.754228703338166e-001
9023	2.580614443332647e-001	2.630267991895382e-001
10430	2.401880376196880e-001	2.454708915685031e-001
10514	2.394143022553831e-001	2.398832919019490e-001
15757	2.344028667757302e-001	2.344228815319922e-001
17840	2.247779024394566e-001	2.290867652767773e-001
21023	2.238008871101237e-001	2.238721138568340e-001
25953	2.154869716579755e-001	2.187761623949552e-001
27753	2.131725803994583e-001	2.137962089502232e-001
2000001	2.130585386921756e-001	2.137962089502232e-001
%
% index = 2366, name = bbob_f002_i15_d20__bbob_f017_i16_d20
% instance = 7, reference value = 9.989270589187910e-001
% function evaluation | indicator value | target hit
1	4.919003363681617e+005	5.011872336272725e+005
6	8.622599487001766e+004	8.709635899560814e+004
10	4.053743645074674e+003	4.073802778041126e+003
22	3.301474884189534e+003	3.311311214825911e+003
191	1.906889690983246e+003	1.949844599758045e+003
261	1.657720972898044e+003	1.659586907437561e+003
516	1.341348513571891e+003	1.348962882591653e+003
1005	1.027091909188747e+003	1.047128548050900e+003
1082	9.540157382860726e+002	9.549925860214360e+002
1083	8.777457620905027e+002	8.912509381337459e+002
1170	6.544957462353040e+002	6.606934480075958e+002
1485	5.524684292474018e+002	5.623413251903490e+002
1501	4.544317255429008e+002	4.570881896148752e+002
1654	4.459899266108131e+002	4.466835921509630e+002
1690	4.175526685712919e+002	4.265795188015925e+002
1722	4.017939963776853e+002	4.073802778041126e+002
1886	2.663660961278924e+002	2.691534803926917e+002
2023	2.524092361901346e+002	2.570395782768865e+002
2025	2.413137689759065e+002	2.454708915685031e+002
2155	2.245113723631646e+002	2.290867652767772e+002
2198	1.894731115916592e+002	1.905460717963246e+002
2301	1.251435849790575e+002	1.258925411794168e+002
2442	1.145364665938503e+002	1.148153621496883e+002
2586	7.881242697389979e+001	7.943282347242814e+001
2661	6.872543309689330e+001	6.918309709189366e+001
2873	6.304135538601885e+001	6.309573444801933e+001
3028	5.819136716554379e+001	5.888436553555890e+001
3033	5.403302440386229e+001	5.495408738576246e+001
3214	5.179329450599329e+001	5.248074602497726e+001
3239	3.434254156187329e+001	3.467368504525317e+001
3344	3.246597392263829e+001	3.311311214825911e+001
3511	1.971384006193629e+001	1.995262314968880e+001
3577	1.814834908117179e+001	1.819700858609983e+001
3950	1.279955808428429e+001	1.288249551693134e+001
4031	8.449507803003792e+000	8.511380382023766e+000
4179	7.234846155392790e+000	7.244359600749901e+000
4266	5.606391697061791e+000	5.623413251903491e+000
4545	2.751728635194791e+000	2.754228703338166e+000
4631	1.999115321500791e+000	2.041737944669529e+000
4840	1.156235113116291e+000	1.174897554939530e+000
4943	7.127388922783202e-001	7.244359600749900e-001
5003	6.834317559438314e-001	6.918309709189364e-001
5047	6.213585171848857e-001	6.309573444801933e-001
5229	3.265734686188345e-001	3.311311214825911e-001
5331	3.161589258896321e-001	3.162277660168379e-001
5404	2.436046396972476e-001	2.454708915685031e-001
5457	2.398735047793074e-001	2.398832919019490e-001
5482	2.026801977988558e-001	2.041737944669530e-001
5546	1.688226790212870e-001	1.698243652461744e-001
5693	1.657806854995486e-001	1.659586907437561e-001
5733	1.346201642453959e-001	1.348962882591654e-001
6005	1.263850009526689e-001	1.288249551693134e-001
6113	1.258834313960605e-001	1.258925411794167e-001
6203	1.141897795156364e-001	1.148153621496883e-001
6283	9.841147534128369e-002	1.000000000000000e-001
6499	9.687352289046858e-002	9.772372209558107e-002
6647	8.385760058882097e-002	8.511380382023763e-002
7002	8.241703389073740e-002	8.317637711026708e-002
7328	7.591829873826028e-002	7.762471166286916e-002
7381	7.492796702759996e-002	7.585775750291836e-002
7525	7.181108314724227e-002	7.244359600749903e-002
7937	7.019324564762386e-002	7.079457843841380e-002
8302	6.657129451467203e-002	6.760829753919818e-002
8410	6.446895087923599e-002	6.456542290346556e-002
8564	6.036914878985644e-002	6.165950018614822e-002
9110	6.025573229283510e-002	6.025595860743578e-002
9172	5.487690649819121e-002	5.495408738576246e-002
10423	5.343159940958908e-002	5.370317963702527e-002
15056	5.146316642147175e-002	5.248074602497726e-002
20950	4.902947526635493e-002	5.011872336272722e-002
21392	4.892433302143828e-002	4.897788193684461e-002
22715	4.551698873051890e-002	4.570881896148749e-002
27424	4.461064271524740e-002	4.466835921509630e-002
28148	4.142641822877791e-002	4.168693834703355e-002
38048	4.037692013867122e-002	4.073802778041128e-002
2000001	4.036978075926068e-002	4.073802778041128e-002
%
% index = 2367, name = bbob_f002_i17_d20__bbob_f017_i18_d20
% instance = 8, reference value = 9.821876031715741e-001
% function evaluation | indicator value | target hit
1	2.297174280501600e+014	2.344228815319918e+014
2	1.812316194067790e+007	1.819700858609983e+007
6	3.729930871428545e+005	3.801893963205612e+005
11	2.496519259629926e+005	2.511886431509582e+005
37	3.145482486373087e+004	3.162277660168379e+004
89	3.080326190522434e+004	3.090295432513592e+004
149	3.018684448710269e+004	3.019951720402019e+004
277	2.939154533081809e+004	2.951209226666384e+004
333	2.437317310599591e+004	2.454708915685029e+004
392	2.352568468975842e+004	2.398832919019490e+004
419	2.238904121426560e+004	2.290867652767775e+004
466	1.832527015783215e+004	1.862087136662866e+004
645	1.580135015250344e+004	1.584893192461114e+004
670	8.320162867273508e+003	8.511380382023768e+003
914	7.563231455550368e+003	7.585775750291836e+003
1169	6.222214323507746e+003	6.309573444801930e+003
1434	6.116888906955977e+003	6.165950018614823e+003
1502	5.619271987356681e+003	5.623413251903491e+003
1659	5.441854826175008e+003	5.495408738576249e+003
1847	5.083464223647031e+003	5.128613839913648e+003
1907	4.488936305504119e+003	4.570881896148752e+003
1924	4.380768198909999e+003	4.466835921509631e+003
1934	3.985529592803966e+003	4.073802778041126e+003
1984	2.989373181748466e+003	3.019951720402016e+003
2078	2.946716214971364e+003	2.951209226666387e+003
2406	2.880195151905034e+003	2.884031503126606e+003
2441	2.552465204612860e+003	2.570395782768865e+003
2445	1.324245913218794e+003	1.348962882591653e+003
2647	1.075383890958222e+003	1.096478196143185e+003
2838	8.067807520257700e+002	8.128305161640996e+002
2964	5.260263410671610e+002	5.370317963702527e+002
3211	3.191115128995842e+002	3.235936569296281e+002
3479	3.002890698827736e+002	3.019951720402016e+002
3483	2.897742570401106e+002	2.951209226666387e+002
3543	2.627827061648698e+002	2.630267991895382e+002
3751	1.803145518411076e+002	1.819700858609982e+002
3999	1.080093994044691e+002	1.096478196143185e+002
4088	1.005907753945861e+002	1.023292992280754e+002
4410	7.068660960043957e+001	7.079457843841381e+001
4419	6.282544525434907e+001	6.309573444801933e+001
4461	6.150384925249858e+001	6.165950018614822e+001
4579	4.569726951707558e+001	4.570881896148750e+001
4589	4.028422409089458e+001	4.073802778041128e+001
4733	3.914142923071557e+001	3.981071705534973e+001
4911	3.575589074042907e+001	3.630780547701014e+001
4937	2.468097245283708e+001	2.511886431509580e+001
4996	1.387158116420858e+001	1.412537544622754e+001
5099	1.079657489739157e+001	1.096478196143185e+001
5155	1.056102853646157e+001	1.071519305237607e+001
5211	8.076353202226075e+000	8.128305161640993e+000
5213	4.220777674935074e+000	4.265795188015927e+000
5294	2.633249039254074e+000	2.691534803926916e+000
5481	2.212349135993574e+000	2.238721138568339e+000
5657	2.037077412651574e+000	2.041737944669529e+000
5725	1.803450001184574e+000	1.819700858609983e+000
5921	1.492182555442074e+000	1.513561248436208e+000
5981	1.331581863527574e+000	1.348962882591654e+000
6072	1.144305956055074e+000	1.148153621496883e+000
6098	7.224373559747443e-001	7.244359600749900e-001
6170	7.049210012089165e-001	7.079457843841379e-001
6392	6.380751497129703e-001	6.456542290346555e-001
6705	6.232759950171651e-001	6.309573444801933e-001
6798	6.159944801577942e-001	6.165950018614822e-001
6858	5.569496233577356e-001	5.623413251903491e-001
6934	5.460629191604713e-001	5.495408738576245e-001
7092	5.269251191845531e-001	5.370317963702527e-001
7310	4.513524202410041e-001	4.570881896148750e-001
7417	4.142804572040669e-001	4.168693834703354e-001
7788	3.896571584184294e-001	3.981071705534973e-001
7931	3.867066590035603e-001	3.890451449942806e-001
8707	3.753935577411762e-001	3.801893963205612e-001
8903	3.678152249021445e-001	3.715352290971726e-001
9401	3.543461298066025e-001	3.548133892335755e-001
9845	3.213529880037487e-001	3.235936569296283e-001
12303	3.092792189988946e-001	3.162277660168379e-001
13364	3.087212601813789e-001	3.090295432513591e-001
13404	2.907850327706499e-001	2.951209226666385e-001
14576	2.830928662468689e-001	2.884031503126606e-001
16963	2.815563772752203e-001	2.818382931264454e-001
31539	2.737814028875180e-001	2.754228703338166e-001
32037	2.667397247931140e-001	2.691534803926916e-001
44154	2.618433858523250e-001	2.630267991895382e-001
2000001	2.616885736950750e-001	2.630267991895382e-001
%
% index = 2368, name = bbob_f002_i19_d20__bbob_f017_i21_d20
% instance = 9, reference value = 9.944723787061101e-001
% function evaluation | indicator value | target hit
1	2.956839093032381e+009	3.019951720402019e+009
2	1.215597265617562e+005	1.230268770812381e+005
29	2.819524671973081e+004	2.884031503126606e+004
65	1.854755508907640e+004	1.862087136662866e+004
68	1.768323295400933e+004	1.778279410038923e+004
93	1.209298142904593e+004	1.230268770812381e+004
209	1.138756465344233e+004	1.148153621496882e+004
264	9.264597429020329e+003	9.332543007969915e+003
296	7.018567276901430e+003	7.079457843841380e+003
522	5.748772883792093e+003	5.754399373371567e+003
670	5.349449961151358e+003	5.370317963702527e+003
796	5.098430436897700e+003	5.128613839913648e+003
803	3.875933840219252e+003	3.890451449942805e+003
818	3.304530884513880e+003	3.311311214825911e+003
1108	2.909849215571865e+003	2.951209226666387e+003
1222	2.713918968080416e+003	2.754228703338166e+003
1254	2.324940649317376e+003	2.344228815319923e+003
1282	1.743230333331395e+003	1.778279410038923e+003
1317	1.202088738917870e+003	1.202264434617413e+003
1448	1.058666710700014e+003	1.071519305237606e+003
1679	1.042390011733724e+003	1.047128548050900e+003
1740	9.156268771499548e+002	9.332543007969915e+002
1817	8.386650361595315e+002	8.511380382023768e+002
1840	6.353796965353270e+002	6.456542290346556e+002
1954	5.226577969934541e+002	5.248074602497728e+002
2182	4.635179240904897e+002	4.677351412871981e+002
2238	2.930707761820296e+002	2.951209226666387e+002
2436	2.710853328280076e+002	2.754228703338166e+002
2648	2.494223324537271e+002	2.511886431509580e+002
2686	1.990930865081161e+002	1.995262314968879e+002
2768	8.414684620865110e+001	8.511380382023764e+001
2900	8.030463656363460e+001	8.128305161640991e+001
3128	7.268682394275361e+001	7.413102413009177e+001
3313	4.713029444918961e+001	4.786300923226383e+001
3470	4.421345131302111e+001	4.466835921509630e+001
3471	4.348644560278611e+001	4.365158322401658e+001
3625	3.993621657219461e+001	4.073802778041128e+001
3727	3.250199532236961e+001	3.311311214825911e+001
3748	2.938803907629861e+001	2.951209226666386e+001
3993	2.017884542560961e+001	2.041737944669530e+001
4021	1.957350330979861e+001	1.995262314968880e+001
4044	1.803853380146311e+001	1.819700858609983e+001
4050	1.705600977534161e+001	1.737800828749375e+001
4103	1.388346801497611e+001	1.412537544622754e+001
4139	1.357673151002911e+001	1.380384264602885e+001
4164	7.721554787121610e+000	7.762471166286917e+000
4459	6.913477169614610e+000	6.918309709189365e+000
4463	6.543461210555610e+000	6.606934480075959e+000
4483	4.029045833389610e+000	4.073802778041127e+000
4567	1.556784200929110e+000	1.584893192461114e+000
4821	1.341176619915610e+000	1.348962882591654e+000
4990	4.925335370306946e-001	5.011872336272722e-001
5488	3.762677167379467e-001	3.801893963205612e-001
5697	3.457821765130116e-001	3.467368504525316e-001
5853	3.204722604649354e-001	3.235936569296283e-001
5986	2.633488452610336e-001	2.691534803926916e-001
6107	2.508833434204644e-001	2.511886431509580e-001
6348	2.414043183111144e-001	2.454708915685031e-001
6457	2.178061012196108e-001	2.187761623949552e-001
6674	2.137655307537349e-001	2.137962089502232e-001
6949	1.794156671693031e-001	1.819700858609984e-001
6974	1.715549758783728e-001	1.737800828749375e-001
7418	1.681504911326291e-001	1.698243652461744e-001
8250	1.633793291160800e-001	1.659586907437561e-001
8740	1.589095089164897e-001	1.621810097358930e-001
9216	1.521803675374985e-001	1.548816618912481e-001
10909	1.494250588830370e-001	1.513561248436208e-001
12373	1.471660604305825e-001	1.479108388168208e-001
12685	1.381107305457027e-001	1.412537544622755e-001
13448	1.358876989672380e-001	1.380384264602885e-001
14657	1.325691500889880e-001	1.348962882591654e-001
18177	1.317831291431011e-001	1.318256738556407e-001
21241	1.222710008402941e-001	1.230268770812382e-001
2000001	1.204365706517946e-001	1.230268770812382e-001
%
% index = 2369, name = bbob_f002_i21_d20__bbob_f017_i22_d20
% instance = 10, reference value = 9.890774311517560e-001
% function evaluation | indicator value | target hit
1	3.116704331914250e+011	3.162277660168380e+011
2	4.474852768706560e+008	4.570881896148752e+008
3	3.806150069215656e+008	3.890451449942805e+008
6	3.928197599677389e+005	3.981071705534969e+005
7	3.719190851665921e+004	3.801893963205613e+004
39	3.365184905122254e+004	3.388441561392028e+004
72	2.825406321403772e+004	2.884031503126606e+004
126	2.348879266148506e+004	2.398832919019490e+004
374	2.200736775146973e+004	2.238721138568338e+004
431	2.181172626425594e+004	2.187761623949552e+004
500	1.738585605134864e+004	1.778279410038923e+004
561	1.569331211987216e+004	1.584893192461114e+004
614	1.510988486357490e+004	1.513561248436207e+004
768	1.361873638913771e+004	1.380384264602884e+004
929	1.028251042693027e+004	1.047128548050899e+004
1055	8.947712967090576e+003	9.120108393559096e+003
1478	7.497126882383986e+003	7.585775750291836e+003
1532	5.035777485861888e+003	5.128613839913648e+003
1830	4.050970769617062e+003	4.073802778041126e+003
1865	3.423459554307488e+003	3.467368504525316e+003
2169	2.725606644279555e+003	2.754228703338166e+003
2230	2.168254529039777e+003	2.187761623949552e+003
2461	2.050892695364884e+003	2.089296130854039e+003
2532	1.820442136896786e+003	1.862087136662868e+003
2580	1.511406951946095e+003	1.513561248436209e+003
2695	1.466207498857950e+003	1.479108388168207e+003
2746	1.305806748370011e+003	1.318256738556408e+003
2892	1.168369895608901e+003	1.174897554939529e+003
3024	1.066877475985055e+003	1.071519305237606e+003
3054	8.439790462485338e+002	8.511380382023768e+002
3061	5.936434839852683e+002	6.025595860743575e+002
3157	5.812785392038641e+002	5.888436553555890e+002
3318	5.279823497833537e+002	5.370317963702527e+002
3366	3.926995913999423e+002	3.981071705534973e+002
3801	2.904864276452893e+002	2.951209226666387e+002
3915	2.008130243219387e+002	2.041737944669530e+002
4188	1.819114967722672e+002	1.819700858609982e+002
4251	1.701656249461827e+002	1.737800828749376e+002
4265	1.502202823319447e+002	1.513561248436209e+002
4344	1.469686530436922e+002	1.479108388168207e+002
4409	2.045018254425425e+001	2.089296130854040e+001
5044	2.033743125309426e+001	2.041737944669530e+001
5142	1.498498282090626e+001	1.513561248436208e+001
5147	1.189072216327126e+001	1.202264434617413e+001
5154	5.751982422854756e+000	5.754399373371570e+000
5310	4.122766581579256e+000	4.168693834703354e+000
5598	2.645044977643756e+000	2.691534803926916e+000
5651	2.306377200885756e+000	2.344228815319922e+000
5825	1.986192975407256e+000	1.995262314968880e+000
5881	1.202615853469256e+000	1.230268770812382e+000
6090	1.119697684728756e+000	1.122018454301963e+000
6133	1.030029260354756e+000	1.047128548050900e+000
6264	9.519056651300005e-001	9.549925860214360e-001
6383	7.569887333664608e-001	7.585775750291838e-001
6561	6.693604659763858e-001	6.760829753919818e-001
6693	6.530827672530473e-001	6.606934480075960e-001
6717	6.253707157346580e-001	6.309573444801933e-001
7066	5.758963671625754e-001	5.888436553555889e-001
7139	5.639600420294801e-001	5.754399373371569e-001
7251	5.337229733858735e-001	5.370317963702527e-001
7267	5.218700334006007e-001	5.248074602497725e-001
7309	4.262755661404304e-001	4.265795188015927e-001
7518	4.162832056068956e-001	4.168693834703354e-001
8245	4.072235313420856e-001	4.073802778041127e-001
8270	3.676920286948177e-001	3.715352290971726e-001
8943	3.624628106950749e-001	3.630780547701014e-001
9621	3.450930571538543e-001	3.467368504525316e-001
9839	3.370280714036688e-001	3.388441561392026e-001
10134	3.266060721317111e-001	3.311311214825911e-001
10805	3.141806335753057e-001	3.162277660168379e-001
12271	2.940585512353509e-001	2.951209226666385e-001
13800	2.820866898965678e-001	2.884031503126606e-001
14822	2.782079755520669e-001	2.818382931264454e-001
15661	2.725729751980258e-001	2.754228703338166e-001
22310	2.683322164959063e-001	2.691534803926916e-001
33780	2.619942806435276e-001	2.630267991895382e-001
2000001	2.618388571692483e-001	2.630267991895382e-001
