%
% index = 1550, name = bbob_f015_i02_d05__bbob_f015_i04_d05
% instance = 1, reference value = 9.471552550521430e-001
% function evaluation | indicator value | target hit
1	3.832516793244454e+011	3.890451449942805e+011
2	5.963703110910629e+010	6.025595860743568e+010
3	2.201191452026998e+005	2.238721138568338e+005
6	3.897841612743086e+004	3.981071705534969e+004
10	5.621513115210493e+003	5.623413251903491e+003
37	1.101867120897466e+003	1.122018454301963e+003
230	1.943156199151101e+002	1.949844599758046e+002
424	3.993622963003806e+001	4.073802778041128e+001
484	3.893738160447062e+001	3.981071705534973e+001
637	3.825735827205513e+001	3.890451449942807e+001
773	1.814161020734364e+001	1.819700858609983e+001
1085	1.299307066362024e+001	1.318256738556407e+001
1184	9.486829130149102e+000	9.549925860214358e+000
1274	5.765915079138352e+000	5.888436553555890e+000
1279	5.074419262979790e+000	5.128613839913649e+000
1470	2.289451163698643e+000	2.290867652767773e+000
1490	2.170796297136972e+000	2.187761623949553e+000
1525	2.048007730421811e+000	2.089296130854040e+000
1668	1.851923820760143e+000	1.862087136662868e+000
1715	9.405523268363086e-001	9.549925860214360e-001
1902	9.010867353347418e-001	9.120108393559098e-001
1976	8.548287691633489e-001	8.709635899560806e-001
1981	8.331760514741344e-001	8.511380382023764e-001
2024	8.268860310378523e-001	8.317637711026710e-001
2027	5.410336652986136e-001	5.495408738576245e-001
2087	5.336089183411397e-001	5.370317963702527e-001
2230	4.861110126139103e-001	4.897788193684462e-001
2611	4.769135838886066e-001	4.786300923226383e-001
2662	4.607697114928819e-001	4.677351412871982e-001
2717	3.917266757618353e-001	3.981071705534973e-001
2736	3.810270266309042e-001	3.890451449942806e-001
2842	3.765503411052715e-001	3.801893963205612e-001
2957	3.575101653610221e-001	3.630780547701014e-001
3048	3.480358330418839e-001	3.548133892335755e-001
3162	3.308529153200567e-001	3.311311214825911e-001
3397	2.989885985984402e-001	3.019951720402016e-001
3718	2.948802213433088e-001	2.951209226666385e-001
4188	2.811689050921896e-001	2.818382931264454e-001
4215	2.737025911362515e-001	2.754228703338166e-001
4515	2.683938873716338e-001	2.691534803926916e-001
4763	2.517396788515921e-001	2.570395782768864e-001
4890	2.505478599752048e-001	2.511886431509580e-001
5031	2.445788429743468e-001	2.454708915685031e-001
5151	2.172536959135851e-001	2.187761623949552e-001
5589	2.093177433935208e-001	2.137962089502232e-001
5635	2.064584080846876e-001	2.089296130854039e-001
6170	2.028146786612125e-001	2.041737944669530e-001
6268	1.989159673999882e-001	1.995262314968880e-001
7268	1.868620554464643e-001	1.905460717963247e-001
7559	1.857617300707424e-001	1.862087136662868e-001
7857	1.810337823793352e-001	1.819700858609984e-001
8293	1.765901226039520e-001	1.778279410038923e-001
8839	1.710753876731367e-001	1.737800828749375e-001
9195	1.695630102684533e-001	1.698243652461744e-001
9646	1.620201428079690e-001	1.621810097358930e-001
9995	1.552243614946895e-001	1.584893192461113e-001
10099	1.539678940910620e-001	1.548816618912481e-001
10772	1.450564871754362e-001	1.479108388168208e-001
10852	1.440579033971502e-001	1.445439770745928e-001
12028	1.411478572105075e-001	1.412537544622755e-001
12471	1.333190951853476e-001	1.348962882591654e-001
12516	1.289340820051543e-001	1.318256738556407e-001
12681	1.251073966581300e-001	1.258925411794167e-001
13322	1.128910871544925e-001	1.148153621496883e-001
13419	1.121933192871089e-001	1.122018454301964e-001
14016	1.094963384438038e-001	1.096478196143185e-001
14257	9.896147988927273e-002	1.000000000000000e-001
14273	9.720348995125328e-002	9.772372209558107e-002
14494	9.546227560286080e-002	9.549925860214359e-002
14711	9.113395888350950e-002	9.120108393559097e-002
15319	8.836756137268387e-002	8.912509381337455e-002
15441	8.618125340589777e-002	8.709635899560805e-002
15520	8.505541266770256e-002	8.511380382023763e-002
15562	8.185858185637651e-002	8.317637711026708e-002
15707	8.124059524172889e-002	8.128305161640990e-002
16114	7.938090759722905e-002	7.943282347242814e-002
16339	7.356634631716297e-002	7.413102413009177e-002
16400	6.722025452920599e-002	6.760829753919818e-002
16711	6.594405866997910e-002	6.606934480075961e-002
16999	6.455606776614109e-002	6.456542290346556e-002
17228	6.227266757031991e-002	6.309573444801933e-002
17340	6.125103700176315e-002	6.165950018614822e-002
17376	6.017507085630014e-002	6.025595860743578e-002
17381	5.304661676295253e-002	5.370317963702527e-002
17731	5.245885290738928e-002	5.248074602497726e-002
18002	5.096965282503185e-002	5.128613839913648e-002
18018	4.925684249882834e-002	5.011872336272722e-002
18552	4.896684030491005e-002	4.897788193684461e-002
18797	4.778818578026167e-002	4.786300923226383e-002
19300	4.674868934454990e-002	4.677351412871982e-002
19650	4.508771872360029e-002	4.570881896148749e-002
19812	4.466696088185862e-002	4.466835921509630e-002
20050	4.329559399980987e-002	4.365158322401658e-002
20375	4.256595770345673e-002	4.265795188015926e-002
20917	4.139778900576463e-002	4.168693834703355e-002
21197	4.055522805700851e-002	4.073802778041128e-002
21821	3.980229099021437e-002	3.981071705534973e-002
23074	3.887940455904027e-002	3.890451449942807e-002
25071	3.801286737886989e-002	3.801893963205612e-002
28634	3.714825249280596e-002	3.715352290971726e-002
32908	3.630765244549716e-002	3.630780547701014e-002
42300	3.546278613500953e-002	3.548133892335755e-002
61724	3.467213585143447e-002	3.467368504525317e-002
171256	3.388439866888793e-002	3.388441561392026e-002
500001	3.381694090069720e-002	3.388441561392026e-002
%
% index = 1551, name = bbob_f015_i03_d05__bbob_f015_i05_d05
% instance = 2, reference value = 9.032148914293480e-001
% function evaluation | indicator value | target hit
1	3.281737370096517e+012	3.311311214825908e+012
2	4.506327776190586e+005	4.570881896148752e+005
3	1.624434391411774e+004	1.659586907437560e+004
6	1.554730899554444e+002	1.584893192461114e+002
37	4.247064383773745e+001	4.265795188015925e+001
442	3.812787387231173e+001	3.890451449942807e+001
517	2.750032003338082e+001	2.754228703338166e+001
574	2.237247361321274e+001	2.238721138568340e+001
638	1.997291378411677e+001	2.041737944669530e+001
639	1.395515069390133e+001	1.412537544622754e+001
680	9.504791529039881e+000	9.549925860214358e+000
783	8.042432379289249e+000	8.128305161640993e+000
810	6.205980341847226e+000	6.309573444801933e+000
1131	3.344992021794087e+000	3.388441561392026e+000
1184	3.218438726983553e+000	3.235936569296283e+000
1250	2.414082092373374e+000	2.454708915685031e+000
1342	2.387451917632996e+000	2.398832919019490e+000
1411	2.150725853407089e+000	2.187761623949553e+000
1454	1.719547846707848e+000	1.737800828749375e+000
1456	1.117762727323348e+000	1.122018454301963e+000
1615	8.930870197069560e-001	9.120108393559098e-001
1672	8.034243540713194e-001	8.128305161640993e-001
1697	7.768612705952158e-001	7.943282347242815e-001
1740	7.661341656398961e-001	7.762471166286917e-001
1813	7.489223551204726e-001	7.585775750291838e-001
1829	6.940452468677759e-001	7.079457843841379e-001
1849	6.374334414948011e-001	6.456542290346555e-001
1897	6.299913344146668e-001	6.309573444801933e-001
1931	5.876997407436686e-001	5.888436553555889e-001
1955	5.069494322085331e-001	5.128613839913648e-001
1958	4.949521872598784e-001	5.011872336272722e-001
1970	4.730673683599057e-001	4.786300923226383e-001
2033	4.486955587270549e-001	4.570881896148750e-001
2051	4.399435470312301e-001	4.466835921509632e-001
2057	3.925658884249147e-001	3.981071705534973e-001
2124	3.653879766066758e-001	3.715352290971726e-001
2195	3.443977149747014e-001	3.467368504525316e-001
2205	3.290739678990946e-001	3.311311214825911e-001
2207	3.213071819836569e-001	3.235936569296283e-001
2213	3.144718816900173e-001	3.162277660168379e-001
2235	3.033178303450680e-001	3.090295432513591e-001
2243	3.019422455064905e-001	3.019951720402016e-001
2252	2.940814967996825e-001	2.951209226666385e-001
2399	2.793156429359675e-001	2.818382931264454e-001
2405	2.714340144479662e-001	2.754228703338166e-001
2446	2.681034916424655e-001	2.691534803926916e-001
2479	2.626909135032481e-001	2.630267991895382e-001
2600	2.555297056165162e-001	2.570395782768864e-001
2627	2.486298779306976e-001	2.511886431509580e-001
2642	2.434978393866397e-001	2.454708915685031e-001
2664	2.390233933021686e-001	2.398832919019490e-001
2699	2.300718774250612e-001	2.344228815319922e-001
2700	2.284085997553814e-001	2.290867652767773e-001
2911	1.923712668820903e-001	1.949844599758046e-001
2949	1.894168125716048e-001	1.905460717963247e-001
3034	1.860796477132662e-001	1.862087136662868e-001
3362	1.814793495945433e-001	1.819700858609984e-001
3372	1.742964907432222e-001	1.778279410038923e-001
3595	1.732186472282419e-001	1.737800828749375e-001
3918	1.623937178989524e-001	1.659586907437561e-001
3923	1.611439154212850e-001	1.621810097358930e-001
4440	1.443197094058538e-001	1.445439770745928e-001
4937	1.376983917318755e-001	1.380384264602885e-001
5389	1.341520168560579e-001	1.348962882591654e-001
5502	1.292324190133213e-001	1.318256738556407e-001
5697	1.286902900668249e-001	1.288249551693134e-001
6501	1.231415614989103e-001	1.258925411794167e-001
6676	1.228083900681267e-001	1.230268770812382e-001
7453	1.130826724629250e-001	1.148153621496883e-001
8339	1.121720030206326e-001	1.122018454301964e-001
8758	1.059416988071548e-001	1.071519305237607e-001
10187	1.037662370329739e-001	1.047128548050900e-001
11566	1.013531499955530e-001	1.023292992280754e-001
11627	9.885307248158637e-002	1.000000000000000e-001
12948	9.737932001505478e-002	9.772372209558107e-002
12997	9.509046663201115e-002	9.549925860214359e-002
14185	9.299075747264063e-002	9.332543007969910e-002
14844	8.988170310437871e-002	9.120108393559097e-002
16048	8.850523103870267e-002	8.912509381337455e-002
16212	8.494217284830230e-002	8.511380382023763e-002
17239	8.316780277304225e-002	8.317637711026708e-002
20009	8.021214253079934e-002	8.128305161640990e-002
21525	7.935759304336232e-002	7.943282347242814e-002
22679	7.760052397992812e-002	7.762471166286916e-002
23478	7.503060725596444e-002	7.585775750291836e-002
23991	7.396708013363507e-002	7.413102413009177e-002
24592	7.240583445958493e-002	7.244359600749903e-002
25372	7.059231804150268e-002	7.079457843841380e-002
25749	6.907507595457063e-002	6.918309709189366e-002
26514	6.755754374697454e-002	6.760829753919818e-002
27054	6.602935986106873e-002	6.606934480075961e-002
27895	6.430796740699607e-002	6.456542290346556e-002
28228	6.304601787032871e-002	6.309573444801933e-002
29089	6.160736803310840e-002	6.165950018614822e-002
29347	6.023965517915142e-002	6.025595860743578e-002
30359	5.883138158914070e-002	5.888436553555890e-002
31314	5.754003216466019e-002	5.754399373371569e-002
32097	5.623221074219542e-002	5.623413251903491e-002
32798	5.489611589041865e-002	5.495408738576246e-002
33051	5.369641757402865e-002	5.370317963702527e-002
33720	5.136621940969810e-002	5.248074602497726e-002
33797	5.122157952612594e-002	5.128613839913648e-002
34794	5.010195733723954e-002	5.011872336272722e-002
36022	4.897136715148265e-002	4.897788193684461e-002
38377	4.781756180020758e-002	4.786300923226383e-002
40185	4.677216170156417e-002	4.677351412871982e-002
42253	4.554484715302143e-002	4.570881896148749e-002
45289	4.465016254563270e-002	4.466835921509630e-002
49963	4.363415963883022e-002	4.365158322401658e-002
53325	4.257411740730577e-002	4.265795188015926e-002
56501	4.168692777444027e-002	4.168693834703355e-002
63042	4.071173218580082e-002	4.073802778041128e-002
70486	3.978407631952907e-002	3.981071705534973e-002
78678	3.886603013017453e-002	3.890451449942807e-002
95812	3.801811114676357e-002	3.801893963205612e-002
142426	3.714901837935114e-002	3.715352290971726e-002
389014	3.586929008400341e-002	3.630780547701014e-002
500001	3.553650644429207e-002	3.630780547701014e-002
%
% index = 1552, name = bbob_f015_i07_d05__bbob_f015_i08_d05
% instance = 3, reference value = 8.933368327609980e-001
% function evaluation | indicator value | target hit
1	3.772727596580916e+014	3.801893963205613e+014
2	5.397983357371948e+006	5.495408738576248e+006
3	1.231947017362124e+006	1.258925411794166e+006
4	2.392824529509079e+005	2.398832919019490e+005
5	1.157361256742217e+004	1.174897554939530e+004
10	6.314389306669212e+002	6.456542290346556e+002
22	1.859368018076332e+002	1.862087136662867e+002
37	5.092318071707602e+001	5.128613839913648e+001
509	3.744017963318222e+001	3.801893963205612e+001
687	3.371091022432287e+001	3.388441561392025e+001
812	2.380490428089266e+001	2.398832919019490e+001
815	1.102725869114097e+001	1.122018454301964e+001
1050	3.384239364043700e+000	3.388441561392026e+000
1239	1.578833774116998e+000	1.584893192461114e+000
1274	7.119931751559945e-001	7.244359600749900e-001
1603	5.911631411478776e-001	6.025595860743578e-001
1796	5.866159847938848e-001	5.888436553555889e-001
1949	5.374871095146243e-001	5.495408738576245e-001
1969	4.932929795571911e-001	5.011872336272722e-001
1986	4.810575619417449e-001	4.897788193684462e-001
2064	4.753533614366088e-001	4.786300923226383e-001
2090	4.568468129742428e-001	4.570881896148750e-001
2235	4.312305590692028e-001	4.365158322401660e-001
2299	4.256807278867384e-001	4.265795188015927e-001
2323	4.008448522691662e-001	4.073802778041127e-001
2349	3.946256497492923e-001	3.981071705534973e-001
2364	3.873718680481308e-001	3.890451449942806e-001
2474	3.698522835446595e-001	3.715352290971726e-001
2510	3.590632876448112e-001	3.630780547701014e-001
2524	3.522721012447535e-001	3.548133892335755e-001
2549	3.364233226953227e-001	3.388441561392026e-001
2567	3.300737698582938e-001	3.311311214825911e-001
2589	3.127025487162394e-001	3.162277660168379e-001
2595	3.036068664321938e-001	3.090295432513591e-001
2620	2.996843947460561e-001	3.019951720402016e-001
2665	2.902443320326110e-001	2.951209226666385e-001
2675	2.667310105851856e-001	2.691534803926916e-001
2760	2.629024796021869e-001	2.630267991895382e-001
2805	2.494636019833869e-001	2.511886431509580e-001
2893	2.437954767060881e-001	2.454708915685031e-001
2941	2.332296187397850e-001	2.344228815319922e-001
2944	2.277433751268341e-001	2.290867652767773e-001
3230	2.229953475511844e-001	2.238721138568340e-001
3358	2.158065202797089e-001	2.187761623949552e-001
3376	2.053877845820231e-001	2.089296130854039e-001
3395	1.952554757545580e-001	1.995262314968880e-001
3399	1.947706584681828e-001	1.949844599758046e-001
3566	1.878660807298004e-001	1.905460717963247e-001
3686	1.850064116334673e-001	1.862087136662868e-001
3755	1.739509879528568e-001	1.778279410038923e-001
3980	1.708256591948143e-001	1.737800828749375e-001
4065	1.692983361983818e-001	1.698243652461744e-001
4422	1.617154360068923e-001	1.621810097358930e-001
4459	1.552732860764383e-001	1.584893192461113e-001
4478	1.547109781180428e-001	1.548816618912481e-001
5355	1.472818355148250e-001	1.479108388168208e-001
5604	1.375591823923984e-001	1.380384264602885e-001
5735	1.348748377166780e-001	1.348962882591654e-001
5828	1.315040664761393e-001	1.318256738556407e-001
6012	1.287565922804854e-001	1.288249551693134e-001
6711	1.246699087999070e-001	1.258925411794167e-001
7073	1.230046535060652e-001	1.230268770812382e-001
7405	1.196803944968113e-001	1.202264434617413e-001
8023	1.174342729012312e-001	1.174897554939529e-001
8513	1.132061539346382e-001	1.148153621496883e-001
8966	1.112976237855502e-001	1.122018454301964e-001
9005	1.077946640859251e-001	1.096478196143185e-001
10188	1.069282753143602e-001	1.071519305237607e-001
10932	1.046307132382810e-001	1.047128548050900e-001
11319	1.015307789274774e-001	1.023292992280754e-001
12020	9.811173285218322e-002	1.000000000000000e-001
12179	9.769895808777396e-002	9.772372209558107e-002
12926	9.357322123278289e-002	9.549925860214359e-002
13243	9.331660506705641e-002	9.332543007969910e-002
13679	8.879150313788142e-002	8.912509381337455e-002
14393	8.699426424549683e-002	8.709635899560805e-002
15115	8.455956716751678e-002	8.511380382023763e-002
15479	8.310636421711226e-002	8.317637711026708e-002
16471	8.095722611475198e-002	8.128305161640990e-002
16979	7.901472350848060e-002	7.943282347242814e-002
17708	7.726722017165588e-002	7.762471166286916e-002
18089	7.060842314075688e-002	7.079457843841380e-002
18682	6.772334592319651e-002	6.918309709189366e-002
18959	6.725969145498845e-002	6.760829753919818e-002
20059	6.504376178899174e-002	6.606934480075961e-002
20716	6.406888660520571e-002	6.456542290346556e-002
21796	6.308689922838784e-002	6.309573444801933e-002
23111	6.097743585046178e-002	6.165950018614822e-002
23686	6.025398142870519e-002	6.025595860743578e-002
24395	5.864459806588396e-002	5.888436553555890e-002
25028	5.655415982625789e-002	5.754399373371569e-002
25333	5.622739640036112e-002	5.623413251903491e-002
26606	5.490598226974619e-002	5.495408738576246e-002
27469	5.367801831640329e-002	5.370317963702527e-002
27935	5.207464033682396e-002	5.248074602497726e-002
28485	5.111047299617655e-002	5.128613839913648e-002
28829	5.002003502516750e-002	5.011872336272722e-002
30177	4.863807067202042e-002	4.897788193684461e-002
32095	4.785681695130262e-002	4.786300923226383e-002
32580	4.675625749898826e-002	4.677351412871982e-002
34238	4.564064407736324e-002	4.570881896148749e-002
36911	4.462057039291645e-002	4.466835921509630e-002
40452	4.350587318291666e-002	4.365158322401658e-002
43340	4.261454458654224e-002	4.265795188015926e-002
45798	4.166811041200724e-002	4.168693834703355e-002
51638	4.068863073484663e-002	4.073802778041128e-002
57640	3.979882320892159e-002	3.981071705534973e-002
63030	3.890344689458325e-002	3.890451449942807e-002
64049	3.773429075969015e-002	3.801893963205612e-002
67494	3.706550324011859e-002	3.715352290971726e-002
77049	3.630555476756492e-002	3.630780547701014e-002
83078	3.529498306487333e-002	3.548133892335755e-002
88686	3.439265798003777e-002	3.467368504525317e-002
95416	3.387597911854079e-002	3.388441561392026e-002
112270	3.301508157133493e-002	3.311311214825911e-002
121817	3.235571550579675e-002	3.235936569296283e-002
126696	3.158233551922041e-002	3.162277660168379e-002
160124	3.087389995734557e-002	3.090295432513590e-002
194604	2.853100995450764e-002	2.884031503126606e-002
214409	2.722551067566459e-002	2.754228703338166e-002
216298	2.682138360231978e-002	2.691534803926915e-002
243833	2.629049386258109e-002	2.630267991895382e-002
253921	2.523599213458905e-002	2.570395782768863e-002
255987	2.500641841412576e-002	2.511886431509579e-002
260381	2.372075153051423e-002	2.398832919019490e-002
265905	2.337782080564810e-002	2.344228815319923e-002
270113	2.224614851053286e-002	2.238721138568340e-002
285477	2.184987590719412e-002	2.187761623949553e-002
313823	2.137634936728294e-002	2.137962089502233e-002
346059	2.087874711552362e-002	2.089296130854040e-002
390503	2.041721301569455e-002	2.041737944669530e-002
416463	1.995247152765478e-002	1.995262314968880e-002
500001	1.963793155010152e-002	1.995262314968880e-002
%
% index = 1553, name = bbob_f015_i09_d05__bbob_f015_i10_d05
% instance = 4, reference value = 9.097061158282790e-001
% function evaluation | indicator value | target hit
1	5.744457833786390e+004	5.754399373371567e+004
2	4.999126210825365e+004	5.011872336272725e+004
6	2.777608007913670e+003	2.818382931264455e+003
10	6.926647489593843e+002	7.079457843841381e+002
41	2.058541788969490e+002	2.089296130854039e+002
48	1.987757033407533e+002	1.995262314968879e+002
184	1.809374359504726e+002	1.819700858609982e+002
221	1.498661126207907e+002	1.513561248436209e+002
342	1.032579575778621e+002	1.047128548050900e+002
481	4.403581371769612e+001	4.466835921509630e+001
629	2.617890832966763e+001	2.630267991895381e+001
961	2.314098398311202e+001	2.344228815319923e+001
964	2.211201270768832e+001	2.238721138568340e+001
1047	2.070922423941758e+001	2.089296130854040e+001
1082	1.785652635067681e+001	1.819700858609983e+001
1137	1.523935910534969e+001	1.548816618912481e+001
1171	5.741755825791756e+000	5.754399373371570e+000
1349	3.722940548508294e+000	3.801893963205612e+000
1465	3.023456371219394e+000	3.090295432513591e+000
1492	1.723964586288204e+000	1.737800828749375e+000
1537	1.500867967785279e+000	1.513561248436208e+000
1659	1.340444757140744e+000	1.348962882591654e+000
1833	1.085025094729279e+000	1.096478196143185e+000
2046	7.369292872920481e-001	7.413102413009175e-001
2198	6.972752925112892e-001	7.079457843841379e-001
2228	6.689752600206094e-001	6.760829753919818e-001
2429	6.577801591926918e-001	6.606934480075960e-001
2584	4.743468156319575e-001	4.786300923226383e-001
2654	4.562775526402093e-001	4.570881896148750e-001
2659	4.462005553514864e-001	4.466835921509632e-001
2669	4.136835286264908e-001	4.168693834703354e-001
2810	3.967836475391409e-001	3.981071705534973e-001
2910	3.711171177154974e-001	3.715352290971726e-001
3076	3.630220648135988e-001	3.630780547701014e-001
3124	3.536567324755428e-001	3.548133892335755e-001
3218	3.450828846106303e-001	3.467368504525316e-001
3307	3.316554559049237e-001	3.388441561392026e-001
3339	3.267686692923771e-001	3.311311214825911e-001
3495	3.199841837327079e-001	3.235936569296283e-001
3528	3.146744580764354e-001	3.162277660168379e-001
3717	3.060631470377561e-001	3.090295432513591e-001
4465	2.942538621937157e-001	2.951209226666385e-001
4580	2.866730767931892e-001	2.884031503126606e-001
4902	2.818308982666855e-001	2.818382931264454e-001
5190	2.745988370157199e-001	2.754228703338166e-001
5530	2.585275845124108e-001	2.630267991895382e-001
6162	2.554509188826014e-001	2.570395782768864e-001
6174	2.439512834746351e-001	2.454708915685031e-001
7214	2.326637331031941e-001	2.344228815319922e-001
7463	2.270943343937426e-001	2.290867652767773e-001
7934	2.213226671363261e-001	2.238721138568340e-001
7976	2.167910713049880e-001	2.187761623949552e-001
8020	2.069578232817779e-001	2.089296130854039e-001
8515	2.038462348246891e-001	2.041737944669530e-001
8999	1.989115414391950e-001	1.995262314968880e-001
9133	1.893976420989454e-001	1.905460717963247e-001
11589	1.849702977054089e-001	1.862087136662868e-001
12184	1.809279420801789e-001	1.819700858609984e-001
12495	1.777289311556527e-001	1.778279410038923e-001
12892	1.736844720072532e-001	1.737800828749375e-001
14627	1.697582457963849e-001	1.698243652461744e-001
15032	1.650722378668880e-001	1.659586907437561e-001
15210	1.608507559218313e-001	1.621810097358930e-001
15463	1.582373792539303e-001	1.584893192461113e-001
15968	1.519863260741931e-001	1.548816618912481e-001
16299	1.509672766105978e-001	1.513561248436208e-001
17469	1.433627214054377e-001	1.445439770745928e-001
18484	1.407619182146563e-001	1.412537544622755e-001
18945	1.351818236982884e-001	1.380384264602885e-001
18992	1.347933532971384e-001	1.348962882591654e-001
20251	1.315037276636986e-001	1.318256738556407e-001
21048	1.257843486528164e-001	1.258925411794167e-001
21462	1.079247606280441e-001	1.096478196143185e-001
21525	1.067709826982556e-001	1.071519305237607e-001
21598	1.044220202842734e-001	1.047128548050900e-001
21918	1.020891576740922e-001	1.023292992280754e-001
22292	9.764837995365228e-002	9.772372209558107e-002
22547	9.384470627203179e-002	9.549925860214359e-002
22818	9.222397989975173e-002	9.332543007969910e-002
23035	9.116722597073768e-002	9.120108393559097e-002
23147	8.628123018709022e-002	8.709635899560805e-002
23483	7.660320108963881e-002	7.762471166286916e-002
23681	7.581333377363220e-002	7.585775750291836e-002
24267	7.411830736488678e-002	7.413102413009177e-002
25412	7.233729694187996e-002	7.244359600749903e-002
25534	6.874874224879979e-002	6.918309709189366e-002
25929	6.747259233121061e-002	6.760829753919818e-002
26248	6.363960028261617e-002	6.456542290346556e-002
26254	6.203687759401622e-002	6.309573444801933e-002
26301	6.147120363201164e-002	6.165950018614822e-002
26688	6.015022014086413e-002	6.025595860743578e-002
27155	5.834521462975306e-002	5.888436553555890e-002
27553	5.750831581004912e-002	5.754399373371569e-002
27777	5.533065308847796e-002	5.623413251903491e-002
28290	5.490003078729489e-002	5.495408738576246e-002
28721	5.298451265730431e-002	5.370317963702527e-002
28834	5.234454008215572e-002	5.248074602497726e-002
29602	4.957717291239827e-002	5.011872336272722e-002
30334	4.892655952067260e-002	4.897788193684461e-002
30622	4.783434031857803e-002	4.786300923226383e-002
32152	4.677336398809906e-002	4.677351412871982e-002
33037	4.562666386456338e-002	4.570881896148749e-002
35381	4.459209295280375e-002	4.466835921509630e-002
37154	4.347170637969799e-002	4.365158322401658e-002
42516	4.263335596011419e-002	4.265795188015926e-002
50352	4.168233161096158e-002	4.168693834703355e-002
57506	4.073541254617741e-002	4.073802778041128e-002
87041	3.979107674130067e-002	3.981071705534973e-002
185903	3.890348645301200e-002	3.890451449942807e-002
500001	3.869024689464495e-002	3.890451449942807e-002
%
% index = 1554, name = bbob_f015_i11_d05__bbob_f015_i12_d05
% instance = 5, reference value = 9.426456328575870e-001
% function evaluation | indicator value | target hit
1	4.707389902816301e+007	4.786300923226380e+007
2	1.242060108394992e+007	1.258925411794166e+007
3	2.032705811633255e+006	2.041737944669528e+006
6	1.355235968004429e+002	1.380384264602885e+002
98	4.023945371376452e+001	4.073802778041128e+001
348	3.836344979790335e+001	3.890451449942807e+001
498	3.633857008526407e+001	3.715352290971726e+001
535	1.815028944877009e+001	1.819700858609983e+001
555	1.400836833250769e+001	1.412537544622754e+001
566	1.005355988638571e+001	1.023292992280754e+001
669	8.060953410074625e+000	8.128305161640993e+000
805	5.056480065178501e+000	5.128613839913649e+000
894	4.664728504142454e+000	4.677351412871983e+000
936	3.110340702413366e+000	3.162277660168379e+000
974	1.746118663160548e+000	1.778279410038923e+000
1162	1.714887110011706e+000	1.737800828749375e+000
1232	8.629239270323503e-001	8.709635899560806e-001
1238	7.202779155290231e-001	7.244359600749900e-001
1498	6.655904427710210e-001	6.760829753919818e-001
1546	6.371262427104965e-001	6.456542290346555e-001
1615	4.500760143488207e-001	4.570881896148750e-001
1629	4.445701009875588e-001	4.466835921509632e-001
1647	4.193353827108332e-001	4.265795188015927e-001
1738	4.015113100034627e-001	4.073802778041127e-001
1847	3.449824615795653e-001	3.467368504525316e-001
1881	3.372892351782987e-001	3.388441561392026e-001
1891	3.155755509370813e-001	3.162277660168379e-001
1932	2.924153939931441e-001	2.951209226666385e-001
1949	2.791830738227905e-001	2.818382931264454e-001
2027	2.492821542394859e-001	2.511886431509580e-001
2081	2.401705087704352e-001	2.454708915685031e-001
2083	2.325558350397597e-001	2.344228815319922e-001
2123	2.251665848570281e-001	2.290867652767773e-001
2156	2.190677820989392e-001	2.238721138568340e-001
2165	2.177180885554327e-001	2.187761623949552e-001
2239	2.120988826954262e-001	2.137962089502232e-001
2240	2.078831809702914e-001	2.089296130854039e-001
2273	1.968165133568511e-001	1.995262314968880e-001
2317	1.923788099071760e-001	1.949844599758046e-001
2330	1.892996561510659e-001	1.905460717963247e-001
2359	1.850673343488973e-001	1.862087136662868e-001
2398	1.819397082811560e-001	1.819700858609984e-001
2405	1.743877860719486e-001	1.778279410038923e-001
2415	1.653092164176582e-001	1.659586907437561e-001
2488	1.620976760468158e-001	1.621810097358930e-001
2490	1.432930848651459e-001	1.445439770745928e-001
2514	1.412296829332904e-001	1.412537544622755e-001
2611	1.370437721150594e-001	1.380384264602885e-001
2692	1.302090457172554e-001	1.318256738556407e-001
2720	1.283521330684170e-001	1.288249551693134e-001
2755	1.211541652972668e-001	1.230268770812382e-001
2759	1.181614101815833e-001	1.202264434617413e-001
2789	1.153395011867020e-001	1.174897554939529e-001
2828	1.143411500347142e-001	1.148153621496883e-001
2835	1.105731210040071e-001	1.122018454301964e-001
2897	1.034887722029902e-001	1.047128548050900e-001
3016	1.014921655100854e-001	1.023292992280754e-001
3351	9.972864479812438e-002	1.000000000000000e-001
3366	9.541283287566293e-002	9.549925860214359e-002
3599	9.324877219222616e-002	9.332543007969910e-002
3819	9.110921667318894e-002	9.120108393559097e-002
3936	8.194502633866829e-002	8.317637711026708e-002
4119	7.968733024197472e-002	8.128305161640990e-002
4565	7.942024375825385e-002	7.943282347242814e-002
4813	7.731442356284912e-002	7.762471166286916e-002
5238	7.522208450868062e-002	7.585775750291836e-002
5294	7.400762811109463e-002	7.413102413009177e-002
5698	7.239911410831967e-002	7.244359600749903e-002
6139	7.032267250485358e-002	7.079457843841380e-002
6637	6.838548293114455e-002	6.918309709189366e-002
6897	6.719135789281039e-002	6.760829753919818e-002
6914	6.527065566827328e-002	6.606934480075961e-002
7282	6.455659296168537e-002	6.456542290346556e-002
7896	6.235607462221016e-002	6.309573444801933e-002
8063	6.135298162190050e-002	6.165950018614822e-002
8652	5.890671188821828e-002	6.025595860743578e-002
9325	5.864532728691974e-002	5.888436553555890e-002
10874	5.751957627652216e-002	5.754399373371569e-002
11308	5.516717255626069e-002	5.623413251903491e-002
11949	5.494820131691336e-002	5.495408738576246e-002
13093	5.265825008599878e-002	5.370317963702527e-002
13452	5.242696379879552e-002	5.248074602497726e-002
14466	4.972736918280152e-002	5.011872336272722e-002
14559	4.801652611670870e-002	4.897788193684461e-002
14999	4.783404909475864e-002	4.786300923226383e-002
17413	4.525178210340153e-002	4.570881896148749e-002
17808	4.463055897425061e-002	4.466835921509630e-002
18931	4.358787714857393e-002	4.365158322401658e-002
19394	4.028844382337349e-002	4.073802778041128e-002
20287	3.980067913634844e-002	3.981071705534973e-002
21555	3.889238032945452e-002	3.890451449942807e-002
21803	3.794338868317282e-002	3.801893963205612e-002
22628	3.713339121412618e-002	3.715352290971726e-002
22979	3.474390480430645e-002	3.548133892335755e-002
23311	3.467080535979672e-002	3.467368504525317e-002
24505	3.387266091507957e-002	3.388441561392026e-002
25552	3.308898970885432e-002	3.311311214825911e-002
26335	3.234463714524694e-002	3.235936569296283e-002
27615	3.161893665217253e-002	3.162277660168379e-002
28999	3.086832082388524e-002	3.090295432513590e-002
31315	2.962322778947191e-002	3.019951720402016e-002
32319	2.951197093447733e-002	2.951209226666385e-002
34174	2.874001551490579e-002	2.884031503126606e-002
36873	2.817112164323199e-002	2.818382931264454e-002
38408	2.751140275464548e-002	2.754228703338166e-002
42377	2.691347477574191e-002	2.691534803926915e-002
43309	2.580568854702037e-002	2.630267991895382e-002
44685	2.569263275569944e-002	2.570395782768863e-002
51027	2.511758579839074e-002	2.511886431509579e-002
59523	2.454199816254210e-002	2.454708915685030e-002
66291	2.353277584555336e-002	2.398832919019490e-002
66955	2.329039580044601e-002	2.344228815319923e-002
70169	2.215107045367626e-002	2.238721138568340e-002
74426	2.187136525088806e-002	2.187761623949553e-002
86586	2.133203059118327e-002	2.137962089502233e-002
92263	2.083971290471021e-002	2.089296130854040e-002
98978	2.040886458921876e-002	2.041737944669530e-002
102705	1.926474469023143e-002	1.949844599758046e-002
106009	1.876317718012366e-002	1.905460717963247e-002
106403	1.818497366834149e-002	1.819700858609984e-002
112938	1.776026883655746e-002	1.778279410038923e-002
122185	1.725238740117607e-002	1.737800828749376e-002
131150	1.698233044556408e-002	1.698243652461744e-002
144956	1.658423483056792e-002	1.659586907437561e-002
149289	1.620839312789824e-002	1.621810097358930e-002
167623	1.524922250171845e-002	1.548816618912481e-002
169710	1.504049132586682e-002	1.513561248436208e-002
175578	1.432510146619437e-002	1.445439770745927e-002
183886	1.389983225979852e-002	1.412537544622754e-002
185771	1.377447348438698e-002	1.380384264602885e-002
192825	1.348914460094675e-002	1.348962882591653e-002
196510	1.250400136449703e-002	1.258925411794168e-002
198868	1.179692287712497e-002	1.202264434617413e-002
204064	1.174839270414518e-002	1.174897554939530e-002
220862	1.148140544264853e-002	1.148153621496883e-002
243590	1.121608620533010e-002	1.122018454301964e-002
272235	1.095823127278761e-002	1.096478196143185e-002
278633	1.062307711523425e-002	1.071519305237607e-002
321152	1.047117690969790e-002	1.047128548050900e-002
500001	1.027409393246070e-002	1.047128548050900e-002
%
% index = 1555, name = bbob_f015_i13_d05__bbob_f015_i14_d05
% instance = 6, reference value = 9.123955404182400e-001
% function evaluation | indicator value | target hit
1	6.079885036531863e+003	6.165950018614823e+003
6	2.283527483232291e+003	2.290867652767772e+003
10	1.200419921553249e+002	1.202264434617413e+002
48	8.915584560525862e+001	9.120108393559097e+001
498	5.993175548299502e+001	6.025595860743578e+001
638	2.777263765572583e+001	2.818382931264453e+001
829	2.211796387111485e+001	2.238721138568340e+001
995	1.735091548703795e+001	1.737800828749375e+001
1111	1.649849155196112e+001	1.659586907437561e+001
1130	1.557789007890271e+001	1.584893192461113e+001
1150	9.005761268152970e+000	9.120108393559097e+000
1440	8.231112030002464e+000	8.317637711026711e+000
1453	8.089238210980135e+000	8.128305161640993e+000
1528	7.475263265528915e+000	7.585775750291838e+000
1581	2.094937744527740e+000	2.137962089502232e+000
1805	1.936133272296160e+000	1.949844599758045e+000
1855	1.066875226707740e+000	1.071519305237606e+000
2032	9.633594727207400e-001	9.772372209558107e-001
2069	7.466645845059295e-001	7.585775750291838e-001
2205	7.154218186647190e-001	7.244359600749900e-001
2386	6.910929947148400e-001	6.918309709189364e-001
2517	6.686033885288736e-001	6.760829753919818e-001
2520	6.424757420731093e-001	6.456542290346555e-001
2658	5.568875703797115e-001	5.623413251903491e-001
2724	5.318619413752530e-001	5.370317963702527e-001
2770	4.964511672262743e-001	5.011872336272722e-001
2803	4.876413573038548e-001	4.897788193684462e-001
2890	4.204496266507344e-001	4.265795188015927e-001
2951	4.059993840110042e-001	4.073802778041127e-001
2999	3.657527673738682e-001	3.715352290971726e-001
3074	3.589970105149793e-001	3.630780547701014e-001
3128	3.221172565899888e-001	3.235936569296283e-001
3801	3.115359927510296e-001	3.162277660168379e-001
3881	2.973143221000668e-001	3.019951720402016e-001
4002	2.932606695332350e-001	2.951209226666385e-001
4144	2.872428250831034e-001	2.884031503126606e-001
4407	2.690562107348694e-001	2.691534803926916e-001
4532	2.267533226687715e-001	2.290867652767773e-001
4594	2.232924471172451e-001	2.238721138568340e-001
4681	2.167176316963424e-001	2.187761623949552e-001
5161	2.057190885450546e-001	2.089296130854039e-001
5203	2.040035048549674e-001	2.041737944669530e-001
5283	1.965587519039169e-001	1.995262314968880e-001
5799	1.933759542587767e-001	1.949844599758046e-001
6284	1.862658486471541e-001	1.905460717963247e-001
6353	1.855113765947860e-001	1.862087136662868e-001
7115	1.763485085138709e-001	1.778279410038923e-001
7219	1.734670145146400e-001	1.737800828749375e-001
7481	1.555446788061042e-001	1.584893192461113e-001
7889	1.543326243531447e-001	1.548816618912481e-001
8941	1.500133920283333e-001	1.513561248436208e-001
9149	1.466488014612436e-001	1.479108388168208e-001
9382	1.442561027292619e-001	1.445439770745928e-001
9781	1.369652190206815e-001	1.380384264602885e-001
10305	1.339256822624567e-001	1.348962882591654e-001
10685	1.316281369815809e-001	1.318256738556407e-001
12633	1.278182714058256e-001	1.288249551693134e-001
12947	1.228131669572409e-001	1.230268770812382e-001
13524	1.117291128461013e-001	1.122018454301964e-001
14111	1.095621800662964e-001	1.096478196143185e-001
15969	1.065192627200009e-001	1.071519305237607e-001
16502	1.041202171878687e-001	1.047128548050900e-001
16656	9.243704248219054e-002	9.332543007969910e-002
16769	9.118363871365520e-002	9.120108393559097e-002
16838	8.870892692390497e-002	8.912509381337455e-002
17395	8.234582016379943e-002	8.317637711026708e-002
18281	8.072117343893537e-002	8.128305161640990e-002
19008	7.942111259760143e-002	7.943282347242814e-002
19621	7.761463677468006e-002	7.762471166286916e-002
20103	7.579852367075102e-002	7.585775750291836e-002
20373	7.405203556554463e-002	7.413102413009177e-002
20830	7.197949087852373e-002	7.244359600749903e-002
21498	7.072111466911257e-002	7.079457843841380e-002
22112	6.905975115518348e-002	6.918309709189366e-002
22583	6.714825332503338e-002	6.760829753919818e-002
23256	6.599196578484645e-002	6.606934480075961e-002
24021	6.447018917864511e-002	6.456542290346556e-002
24639	6.269772213272917e-002	6.309573444801933e-002
24733	6.070749851341051e-002	6.165950018614822e-002
25068	6.019547573161410e-002	6.025595860743578e-002
26216	5.870733070449108e-002	5.888436553555890e-002
27279	5.753831800039133e-002	5.754399373371569e-002
27600	5.573208920242379e-002	5.623413251903491e-002
28472	5.494320230681604e-002	5.495408738576246e-002
29946	5.369905718773671e-002	5.370317963702527e-002
30487	5.208951742365642e-002	5.248074602497726e-002
31238	5.042730232562021e-002	5.128613839913648e-002
31857	5.011410794068527e-002	5.011872336272722e-002
34332	4.895756100297333e-002	4.897788193684461e-002
36763	4.783276120136282e-002	4.786300923226383e-002
39017	4.593395500009012e-002	4.677351412871982e-002
39982	4.569767374089295e-002	4.570881896148749e-002
46284	4.466221050668162e-002	4.466835921509630e-002
63607	4.355986575319726e-002	4.365158322401658e-002
69807	4.264190710150284e-002	4.265795188015926e-002
75662	4.163228963268872e-002	4.168693834703355e-002
77880	4.073781262201692e-002	4.073802778041128e-002
83620	3.977369511101569e-002	3.981071705534973e-002
87277	3.889556760699298e-002	3.890451449942807e-002
94797	3.798677710857334e-002	3.801893963205612e-002
130727	3.713544979765238e-002	3.715352290971726e-002
500001	3.653384076888078e-002	3.715352290971726e-002
%
% index = 1556, name = bbob_f015_i15_d05__bbob_f015_i16_d05
% instance = 7, reference value = 9.057445796846561e-001
% function evaluation | indicator value | target hit
1	1.304542933469957e+006	1.318256738556407e+006
5	1.455461273267141e+005	1.479108388168207e+005
7	7.270955089515242e+003	7.413102413009177e+003
10	4.476336093947911e+003	4.570881896148752e+003
12	2.683789788630896e+002	2.691534803926917e+002
245	1.114337468466203e+002	1.122018454301963e+002
342	7.981950374459363e+001	8.128305161640991e+001
550	5.836386825009966e+001	5.888436553555890e+001
673	3.073867101081280e+001	3.090295432513591e+001
739	2.197537986058569e+001	2.238721138568340e+001
887	2.109522535398234e+001	2.137962089502232e+001
902	1.908287497476290e+001	1.949844599758045e+001
1004	1.699600364035259e+001	1.737800828749375e+001
1092	1.220668490143821e+001	1.230268770812382e+001
1211	1.127654344713871e+001	1.148153621496883e+001
1234	1.037808073353290e+001	1.047128548050900e+001
1263	9.221480977965454e+000	9.332543007969910e+000
1315	7.049968658281916e+000	7.079457843841379e+000
1457	6.351040768136354e+000	6.456542290346556e+000
1539	6.163033827957137e+000	6.165950018614822e+000
1546	3.379023819935338e+000	3.388441561392026e+000
1624	3.102187542329447e+000	3.162277660168379e+000
1634	2.743429000118311e+000	2.754228703338166e+000
1651	2.415690907689721e+000	2.454708915685031e+000
1660	1.530844211794725e+000	1.548816618912481e+000
1847	1.232262858666473e+000	1.258925411794167e+000
1859	9.573844112111559e-001	9.772372209558107e-001
1875	9.055427058478489e-001	9.120108393559098e-001
2046	8.774417420265237e-001	8.912509381337456e-001
2122	8.315952931999550e-001	8.317637711026710e-001
2167	7.675897817489841e-001	7.762471166286917e-001
2252	6.836678407326423e-001	6.918309709189364e-001
2255	5.967820423155887e-001	6.025595860743578e-001
2383	5.836600890980987e-001	5.888436553555889e-001
2475	5.349303448021763e-001	5.370317963702527e-001
2592	5.144108869323408e-001	5.248074602497725e-001
2674	5.070567579378817e-001	5.128613839913648e-001
2686	4.765848065137334e-001	4.786300923226383e-001
2776	4.268916416277390e-001	4.365158322401660e-001
2823	4.256158286332485e-001	4.265795188015927e-001
2843	4.161556904823420e-001	4.168693834703354e-001
3042	4.060403314520118e-001	4.073802778041127e-001
3170	3.980617160710223e-001	3.981071705534973e-001
3263	3.889070535335528e-001	3.890451449942806e-001
3566	3.726916712954717e-001	3.801893963205612e-001
3587	3.650969229172640e-001	3.715352290971726e-001
3625	3.626748153377806e-001	3.630780547701014e-001
3691	3.546557534152028e-001	3.548133892335755e-001
3791	3.321429923186805e-001	3.388441561392026e-001
3794	3.256006495289234e-001	3.311311214825911e-001
3843	3.232581222111625e-001	3.235936569296283e-001
3850	3.055244729279457e-001	3.090295432513591e-001
3966	2.797067781043433e-001	2.818382931264454e-001
4009	2.740808392390882e-001	2.754228703338166e-001
4182	2.574850092068355e-001	2.630267991895382e-001
4355	2.552131506551189e-001	2.570395782768864e-001
4470	2.500695762948700e-001	2.511886431509580e-001
4796	2.376492294548643e-001	2.398832919019490e-001
4921	2.289638035479812e-001	2.290867652767773e-001
5104	2.235679868728019e-001	2.238721138568340e-001
6020	2.049518830202567e-001	2.089296130854039e-001
6205	2.018943625869811e-001	2.041737944669530e-001
6369	1.937533806064395e-001	1.949844599758046e-001
6941	1.903377280234028e-001	1.905460717963247e-001
9644	1.845785800803004e-001	1.862087136662868e-001
9834	1.798825016714136e-001	1.819700858609984e-001
10522	1.724631383695426e-001	1.737800828749375e-001
11314	1.661445874855215e-001	1.698243652461744e-001
11761	1.643341544222420e-001	1.659586907437561e-001
12299	1.594679657966025e-001	1.621810097358930e-001
12495	1.584135102670373e-001	1.584893192461113e-001
12928	1.543288266428455e-001	1.548816618912481e-001
13123	1.503957242455707e-001	1.513561248436208e-001
13258	1.460785726763328e-001	1.479108388168208e-001
13615	1.445391771844248e-001	1.445439770745928e-001
13783	1.404558330016056e-001	1.412537544622755e-001
13874	1.322816626626003e-001	1.348962882591654e-001
14054	1.303095572270024e-001	1.318256738556407e-001
14968	1.287790687962087e-001	1.288249551693134e-001
15179	1.255283732739505e-001	1.258925411794167e-001
15655	1.217941683536895e-001	1.230268770812382e-001
15844	1.199038300851077e-001	1.202264434617413e-001
15950	1.174785721486422e-001	1.174897554939529e-001
16234	1.136219782770447e-001	1.148153621496883e-001
16714	1.117946754776884e-001	1.122018454301964e-001
17303	1.094861869464932e-001	1.096478196143185e-001
17373	1.053840239447144e-001	1.071519305237607e-001
17669	1.032337874854997e-001	1.047128548050900e-001
17762	1.018970551363658e-001	1.023292992280754e-001
18348	9.972472306714786e-002	1.000000000000000e-001
18497	9.755594914737797e-002	9.772372209558107e-002
19153	9.521858913001824e-002	9.549925860214359e-002
19637	9.290587518843774e-002	9.332543007969910e-002
20054	9.056108780328898e-002	9.120108393559097e-002
20489	8.887666404059202e-002	8.912509381337455e-002
20549	8.668557799369014e-002	8.709635899560805e-002
20824	8.431331449091606e-002	8.511380382023763e-002
21119	8.316694841291117e-002	8.317637711026708e-002
22049	8.041323045674431e-002	8.128305161640990e-002
22097	7.914699689484850e-002	7.943282347242814e-002
22373	7.735602538935160e-002	7.762471166286916e-002
23115	7.584392498954007e-002	7.585775750291836e-002
23286	7.354386771105070e-002	7.413102413009177e-002
23986	7.241036535902889e-002	7.244359600749903e-002
24972	7.078991948825752e-002	7.079457843841380e-002
25701	6.858344653520521e-002	6.918309709189366e-002
25927	6.758040738816318e-002	6.760829753919818e-002
26772	6.559975167968835e-002	6.606934480075961e-002
27231	6.189177036814098e-002	6.309573444801933e-002
27256	6.109027991669735e-002	6.165950018614822e-002
28589	6.017186919895468e-002	6.025595860743578e-002
30213	5.887279404957924e-002	5.888436553555890e-002
31488	5.734880551681287e-002	5.754399373371569e-002
31989	5.607678530287774e-002	5.623413251903491e-002
32118	5.388710694674459e-002	5.495408738576246e-002
32250	5.357933843739526e-002	5.370317963702527e-002
32640	5.215527710118895e-002	5.248074602497726e-002
33066	5.093944935934647e-002	5.128613839913648e-002
33396	5.000033861607123e-002	5.011872336272722e-002
34532	4.890108484973033e-002	4.897788193684461e-002
34803	4.780250730910141e-002	4.786300923226383e-002
35729	4.670559069389368e-002	4.677351412871982e-002
36493	4.565177179173308e-002	4.570881896148749e-002
37386	4.442485023517928e-002	4.466835921509630e-002
38006	4.355688940786640e-002	4.365158322401658e-002
39035	4.265127784167511e-002	4.265795188015926e-002
40609	4.163120494201555e-002	4.168693834703355e-002
41272	4.068362395117131e-002	4.073802778041128e-002
42672	3.934777312527826e-002	3.981071705534973e-002
42893	3.889844782896690e-002	3.890451449942807e-002
44167	3.798017481738869e-002	3.801893963205612e-002
47276	3.714989009722480e-002	3.715352290971726e-002
50203	3.630398634536114e-002	3.630780547701014e-002
53847	3.548098898849639e-002	3.548133892335755e-002
59972	3.467119551075815e-002	3.467368504525317e-002
67127	3.388397389109543e-002	3.388441561392026e-002
83799	3.311264475253972e-002	3.311311214825911e-002
230741	3.235856844273854e-002	3.235936569296283e-002
500001	3.220324096613958e-002	3.235936569296283e-002
%
% index = 1557, name = bbob_f015_i17_d05__bbob_f015_i18_d05
% instance = 8, reference value = 9.307704250178021e-001
% function evaluation | indicator value | target hit
1	6.954893873214084e+007	7.079457843841374e+007
2	3.174943878696539e+006	3.235936569296281e+006
6	8.385202685770146e+001	8.511380382023764e+001
231	5.760887644187818e+001	5.888436553555890e+001
497	3.507649277893656e+001	3.548133892335755e+001
534	2.761654081064923e+001	2.818382931264453e+001
746	2.020911598378629e+001	2.041737944669530e+001
818	1.688226975622997e+001	1.698243652461744e+001
859	6.811295080425989e+000	6.918309709189365e+000
1109	5.843792199407167e+000	5.888436553555890e+000
1145	5.095396996881908e+000	5.128613839913649e+000
1189	2.508069829146302e+000	2.511886431509580e+000
1346	7.701356638716836e-001	7.762471166286917e-001
1607	6.396912302276698e-001	6.456542290346555e-001
1804	5.772098734450102e-001	5.888436553555889e-001
1832	4.887872341697814e-001	4.897788193684462e-001
1901	4.763320212112837e-001	4.786300923226383e-001
1907	3.938745735502153e-001	3.981071705534973e-001
1912	3.501863178680503e-001	3.548133892335755e-001
2054	3.446310209107413e-001	3.467368504525316e-001
2074	3.248877984048096e-001	3.311311214825911e-001
2083	3.219257766472028e-001	3.235936569296283e-001
2134	3.153583843092679e-001	3.162277660168379e-001
2198	2.527637259686678e-001	2.570395782768864e-001
2259	2.480158090355592e-001	2.511886431509580e-001
2336	2.444009183923958e-001	2.454708915685031e-001
2363	2.318002764800000e-001	2.344228815319922e-001
2380	2.278842895094374e-001	2.290867652767773e-001
2383	2.233874758039621e-001	2.238721138568340e-001
2425	2.076798251745456e-001	2.089296130854039e-001
2447	2.023309345358139e-001	2.041737944669530e-001
2519	1.991908027536695e-001	1.995262314968880e-001
2590	1.944473305424820e-001	1.949844599758046e-001
2619	1.901970398261287e-001	1.905460717963247e-001
2746	1.846749364866249e-001	1.862087136662868e-001
2802	1.778648779862758e-001	1.819700858609984e-001
2821	1.777799054210809e-001	1.778279410038923e-001
2893	1.722194599988854e-001	1.737800828749375e-001
2980	1.535039949544649e-001	1.548816618912481e-001
3126	1.503080318615651e-001	1.513561248436208e-001
3127	1.474113071912268e-001	1.479108388168208e-001
3188	1.444668093448271e-001	1.445439770745928e-001
3290	1.305742052375790e-001	1.318256738556407e-001
3350	1.273241404224123e-001	1.288249551693134e-001
3438	1.257249740895833e-001	1.258925411794167e-001
3484	1.154583802872549e-001	1.174897554939529e-001
3516	1.132737217589210e-001	1.148153621496883e-001
3544	1.112769616959056e-001	1.122018454301964e-001
3858	1.041774825203157e-001	1.047128548050900e-001
3969	9.864278358554368e-002	1.000000000000000e-001
4070	9.706794864758839e-002	9.772372209558107e-002
4092	9.531629243566975e-002	9.549925860214359e-002
4245	9.298084621017166e-002	9.332543007969910e-002
4284	9.059514321113149e-002	9.120108393559097e-002
4496	8.698150151685136e-002	8.709635899560805e-002
4764	8.371573885510553e-002	8.511380382023763e-002
4807	8.182005362475897e-002	8.317637711026708e-002
4951	7.962966791742476e-002	8.128305161640990e-002
5260	7.898400048150234e-002	7.943282347242814e-002
5937	7.755004534187870e-002	7.762471166286916e-002
6588	7.291105045788826e-002	7.413102413009177e-002
6611	7.222373525423009e-002	7.244359600749903e-002
7629	7.052587700672586e-002	7.079457843841380e-002
8323	6.910978715237071e-002	6.918309709189366e-002
8878	6.738666116960335e-002	6.760829753919818e-002
9481	6.563099557147412e-002	6.606934480075961e-002
9821	6.391351648936994e-002	6.456542290346556e-002
10145	6.205304856971816e-002	6.309573444801933e-002
10397	6.019096672082258e-002	6.025595860743578e-002
10565	5.630286869465029e-002	5.754399373371569e-002
10621	5.622479194375885e-002	5.623413251903491e-002
10817	5.264900711649234e-002	5.370317963702527e-002
10896	5.158136915504596e-002	5.248074602497726e-002
10992	5.095852499808473e-002	5.128613839913648e-002
11170	4.937701337204048e-002	5.011872336272722e-002
11460	4.815893967670981e-002	4.897788193684461e-002
11669	4.744052700731771e-002	4.786300923226383e-002
12060	4.672527980524732e-002	4.677351412871982e-002
13385	4.546622926566213e-002	4.570881896148749e-002
14627	4.362563547182041e-002	4.365158322401658e-002
15296	3.893712212785150e-002	3.981071705534973e-002
15372	3.870480871240878e-002	3.890451449942807e-002
15644	3.800459849607485e-002	3.801893963205612e-002
16604	3.706998397151673e-002	3.715352290971726e-002
17388	3.628759557970041e-002	3.630780547701014e-002
18296	3.542350141146966e-002	3.548133892335755e-002
18826	3.462853117559905e-002	3.467368504525317e-002
19707	3.385088825041893e-002	3.388441561392026e-002
20588	3.282483536071956e-002	3.311311214825911e-002
21220	3.235717761530510e-002	3.235936569296283e-002
21638	3.119131809223241e-002	3.162277660168379e-002
21979	3.047891170113637e-002	3.090295432513590e-002
22052	2.971876407220753e-002	3.019951720402016e-002
22663	2.943654508832228e-002	2.951209226666385e-002
23278	2.877452154967963e-002	2.884031503126606e-002
23731	2.781668126962489e-002	2.818382931264454e-002
24353	2.728050208857458e-002	2.754228703338166e-002
24826	2.649088310961489e-002	2.691534803926915e-002
25626	2.618335347294831e-002	2.630267991895382e-002
26097	2.569095712515512e-002	2.570395782768863e-002
27523	2.503677397806436e-002	2.511886431509579e-002
28377	2.453462587260957e-002	2.454708915685030e-002
31801	2.398406245859530e-002	2.398832919019490e-002
34721	2.340954824679853e-002	2.344228815319923e-002
36805	2.272067465347816e-002	2.290867652767774e-002
39048	2.238485174547766e-002	2.238721138568340e-002
44978	2.187213179767744e-002	2.187761623949553e-002
54077	2.137899564851098e-002	2.137962089502233e-002
65568	2.088309542168532e-002	2.089296130854040e-002
81383	2.037848642221041e-002	2.041737944669530e-002
109136	1.995170192164886e-002	1.995262314968880e-002
128176	1.943167612890340e-002	1.949844599758046e-002
132192	1.899408042837070e-002	1.905460717963247e-002
134653	1.861065046303445e-002	1.862087136662868e-002
139112	1.817708652543959e-002	1.819700858609984e-002
145392	1.777000098444515e-002	1.778279410038923e-002
160728	1.737680025710686e-002	1.737800828749376e-002
305485	1.698029546150237e-002	1.698243652461744e-002
312054	1.647966053470096e-002	1.659586907437561e-002
330152	1.621440947181807e-002	1.621810097358930e-002
383470	1.574334366147656e-002	1.584893192461113e-002
438205	1.542822752424311e-002	1.548816618912481e-002
451051	1.510828829085253e-002	1.513561248436208e-002
474935	1.479091168561086e-002	1.479108388168207e-002
500001	1.447161271783426e-002	1.479108388168207e-002
%
% index = 1558, name = bbob_f015_i19_d05__bbob_f015_i21_d05
% instance = 9, reference value = 9.205127050622870e-001
% function evaluation | indicator value | target hit
1	8.775348337806535e+014	8.912509381337441e+014
2	4.678966301209757e+005	4.786300923226380e+005
3	3.612381548789460e+004	3.630780547701010e+004
12	3.144175620825621e+003	3.162277660168380e+003
21	2.921168268366900e+003	2.951209226666387e+003
38	3.563351297414012e+002	3.630780547701014e+002
44	1.605368237714800e+002	1.621810097358930e+002
149	1.286743710860973e+002	1.288249551693134e+002
212	9.844521672366300e+001	1.000000000000000e+002
345	7.541465701480362e+001	7.585775750291836e+001
445	5.028532837052271e+001	5.128613839913648e+001
680	3.918726691225853e+001	3.981071705534973e+001
716	3.683346942048107e+001	3.715352290971726e+001
939	2.840349902699004e+001	2.884031503126606e+001
944	2.561940771524913e+001	2.570395782768863e+001
951	1.858011354444399e+001	1.862087136662868e+001
1034	1.086745073614535e+001	1.096478196143185e+001
1284	6.789752371856049e+000	6.918309709189365e+000
1375	4.657988812165836e+000	4.677351412871983e+000
1479	3.579561815806788e+000	3.630780547701014e+000
1510	3.043301611059169e+000	3.090295432513591e+000
1636	1.694705925923787e+000	1.698243652461744e+000
1751	1.176949157816997e+000	1.202264434617413e+000
1924	1.112423076936787e+000	1.122018454301963e+000
2022	8.988135232373804e-001	9.120108393559098e-001
2040	7.834597268083110e-001	7.943282347242815e-001
2285	5.646966112507397e-001	5.754399373371569e-001
2355	5.582318370741481e-001	5.623413251903491e-001
2373	5.114709645913577e-001	5.128613839913648e-001
2454	4.241263753977493e-001	4.265795188015927e-001
2578	4.164408865219107e-001	4.168693834703354e-001
2643	4.051662535512638e-001	4.073802778041127e-001
2644	3.661362902966583e-001	3.715352290971726e-001
2702	3.520088633528100e-001	3.548133892335755e-001
2775	3.427612464777814e-001	3.467368504525316e-001
2789	3.324011261641036e-001	3.388441561392026e-001
2824	3.299540729185706e-001	3.311311214825911e-001
2869	3.152271897692636e-001	3.162277660168379e-001
2973	3.075777232704661e-001	3.090295432513591e-001
2995	2.964696931679114e-001	3.019951720402016e-001
3057	2.793904542260491e-001	2.818382931264454e-001
3148	2.694351176791654e-001	2.754228703338166e-001
3197	2.490262282631186e-001	2.511886431509580e-001
3218	2.438824509808817e-001	2.454708915685031e-001
3309	2.371430732107686e-001	2.398832919019490e-001
3400	2.336993229583346e-001	2.344228815319922e-001
3405	2.284928283206561e-001	2.290867652767773e-001
3503	2.222368509549292e-001	2.238721138568340e-001
3753	2.185656784742606e-001	2.187761623949552e-001
3928	2.133282918398125e-001	2.137962089502232e-001
4143	2.076071120678257e-001	2.089296130854039e-001
4425	2.040813374996885e-001	2.041737944669530e-001
4428	1.941641960913684e-001	1.949844599758046e-001
4574	1.893080695677142e-001	1.905460717963247e-001
4667	1.848665516252502e-001	1.862087136662868e-001
4740	1.752716761434341e-001	1.778279410038923e-001
4808	1.730202802964147e-001	1.737800828749375e-001
4809	1.680578921650608e-001	1.698243652461744e-001
4983	1.611357287579928e-001	1.621810097358930e-001
5294	1.575537110556829e-001	1.584893192461113e-001
5427	1.540198363949673e-001	1.548816618912481e-001
5672	1.475803075793504e-001	1.479108388168208e-001
6105	1.428859719898447e-001	1.445439770745928e-001
6532	1.403858825168626e-001	1.412537544622755e-001
6874	1.380175383187627e-001	1.380384264602885e-001
7153	1.305665876175239e-001	1.318256738556407e-001
7557	1.287018343404393e-001	1.288249551693134e-001
7974	1.237338801173291e-001	1.258925411794167e-001
8161	1.218771393125059e-001	1.230268770812382e-001
9455	1.200790371504117e-001	1.202264434617413e-001
10452	1.163689292623327e-001	1.174897554939529e-001
11083	1.139455693636219e-001	1.148153621496883e-001
11257	1.094857853827178e-001	1.096478196143185e-001
11346	1.017727349133963e-001	1.023292992280754e-001
12187	9.855448469113515e-002	1.000000000000000e-001
13748	9.029755229719561e-002	9.120108393559097e-002
13920	8.718536439428337e-002	8.912509381337455e-002
13999	8.677638456726000e-002	8.709635899560805e-002
15443	8.453707170525138e-002	8.511380382023763e-002
15775	8.265340264938037e-002	8.317637711026708e-002
16048	8.088465696525415e-002	8.128305161640990e-002
17628	7.942388709935133e-002	7.943282347242814e-002
18648	7.740710357705882e-002	7.762471166286916e-002
19820	7.510070097020472e-002	7.585775750291836e-002
20200	7.376373504047651e-002	7.413102413009177e-002
21223	7.237029701082587e-002	7.244359600749903e-002
22248	7.068872636404000e-002	7.079457843841380e-002
22574	6.875352613647623e-002	6.918309709189366e-002
22725	6.721715376771509e-002	6.760829753919818e-002
23988	6.599639662025181e-002	6.606934480075961e-002
24684	6.113470368288110e-002	6.165950018614822e-002
25715	5.901909211012901e-002	6.025595860743578e-002
26110	5.854552770209009e-002	5.888436553555890e-002
26185	5.580974259881510e-002	5.623413251903491e-002
28028	5.331598551279293e-002	5.370317963702527e-002
28637	5.203451882349763e-002	5.248074602497726e-002
29318	5.113120451734987e-002	5.128613839913648e-002
30517	5.006454654924064e-002	5.011872336272722e-002
31196	4.867146419213830e-002	4.897788193684461e-002
31997	4.709395593932453e-002	4.786300923226383e-002
32430	4.675519333056988e-002	4.677351412871982e-002
33376	4.539782409763227e-002	4.570881896148749e-002
34194	4.428925449006271e-002	4.466835921509630e-002
35233	4.363665745620993e-002	4.365158322401658e-002
35611	4.264769549238623e-002	4.265795188015926e-002
36151	4.164919481103335e-002	4.168693834703355e-002
37228	4.065911915181364e-002	4.073802778041128e-002
38318	3.974527070062928e-002	3.981071705534973e-002
38966	3.865581748785674e-002	3.890451449942807e-002
39868	3.801870841770361e-002	3.801893963205612e-002
42679	3.714764181334018e-002	3.715352290971726e-002
44580	3.625130154087575e-002	3.630780547701014e-002
47194	3.547536104964866e-002	3.548133892335755e-002
49327	3.431016940201737e-002	3.467368504525317e-002
50426	3.385600411776524e-002	3.388441561392026e-002
53131	3.310990101980427e-002	3.311311214825911e-002
57536	3.235728127712945e-002	3.235936569296283e-002
63516	3.155900899915165e-002	3.162277660168379e-002
68210	3.087365626255179e-002	3.090295432513590e-002
77158	3.006901217048297e-002	3.019951720402016e-002
84407	2.941593694473332e-002	2.951209226666385e-002
98184	2.882434832671921e-002	2.884031503126606e-002
199268	2.817247756555397e-002	2.818382931264454e-002
227245	2.717256070978968e-002	2.754228703338166e-002
234788	2.685820340260403e-002	2.691534803926915e-002
290042	2.629914700268610e-002	2.630267991895382e-002
500001	2.614103991379668e-002	2.630267991895382e-002
%
% index = 1559, name = bbob_f015_i21_d05__bbob_f015_i22_d05
% instance = 10, reference value = 9.508463970906250e-001
% function evaluation | indicator value | target hit
1	2.906792772710828e+014	2.951209226666390e+014
2	1.004193616198301e+009	1.023292992280754e+009
3	6.541458227996360e+006	6.606934480075965e+006
4	3.012535372150510e+006	3.019951720402019e+006
5	2.474195485447110e+005	2.511886431509582e+005
6	2.930471576180229e+002	2.951209226666387e+002
37	2.493970872107362e+001	2.511886431509580e+001
41	2.161118654489892e+001	2.187761623949553e+001
467	1.723608015089777e+001	1.737800828749375e+001
802	1.340472877992110e+001	1.348962882591653e+001
884	3.955483051213745e+000	3.981071705534972e+000
1297	2.300637773393125e+000	2.344228815319922e+000
1480	2.170611955438625e+000	2.187761623949553e+000
1676	1.804299988076125e+000	1.819700858609983e+000
1696	1.647988575458125e+000	1.659586907437561e+000
1709	1.313309563913125e+000	1.318256738556407e+000
1836	6.711555373187860e-001	6.760829753919818e-001
1976	6.486721082616800e-001	6.606934480075960e-001
2058	4.929548332011718e-001	5.011872336272722e-001
2075	4.838457950027051e-001	4.897788193684462e-001
2079	4.726493224475671e-001	4.786300923226383e-001
2123	4.659671929272016e-001	4.677351412871982e-001
2154	4.025380696339768e-001	4.073802778041127e-001
2161	3.962231515292263e-001	3.981071705534973e-001
2274	3.197364979477281e-001	3.235936569296283e-001
2307	3.056734502901973e-001	3.090295432513591e-001
2333	2.926731317699159e-001	2.951209226666385e-001
2349	2.662658838811934e-001	2.691534803926916e-001
2357	2.613877426155089e-001	2.630267991895382e-001
2425	2.523673552735590e-001	2.570395782768864e-001
2475	2.264436843166287e-001	2.290867652767773e-001
2483	2.216909318315419e-001	2.238721138568340e-001
2517	2.102807630428873e-001	2.137962089502232e-001
2523	2.063456634722493e-001	2.089296130854039e-001
2674	1.992910818453800e-001	1.995262314968880e-001
2684	1.847471407901132e-001	1.862087136662868e-001
2690	1.790633166681824e-001	1.819700858609984e-001
2711	1.756675279507624e-001	1.778279410038923e-001
2769	1.729907473545173e-001	1.737800828749375e-001
2861	1.647485201932447e-001	1.659586907437561e-001
2878	1.582050830596945e-001	1.584893192461113e-001
2940	1.375471066870495e-001	1.380384264602885e-001
2979	1.331492951900616e-001	1.348962882591654e-001
3016	1.304775214375694e-001	1.318256738556407e-001
3093	1.282382780284120e-001	1.288249551693134e-001
3163	1.232991480953890e-001	1.258925411794167e-001
3169	1.216745188675806e-001	1.230268770812382e-001
3262	1.196489708670678e-001	1.202264434617413e-001
3374	1.164389525807607e-001	1.174897554939529e-001
3555	1.137745986231213e-001	1.148153621496883e-001
3617	1.113507499448816e-001	1.122018454301964e-001
3857	1.093285743178780e-001	1.096478196143185e-001
3895	1.065862522845046e-001	1.071519305237607e-001
4287	1.016888600678629e-001	1.023292992280754e-001
4544	9.978021167499818e-002	1.000000000000000e-001
5467	9.622122866522531e-002	9.772372209558107e-002
5519	9.513110939462932e-002	9.549925860214359e-002
5814	9.293405134874011e-002	9.332543007969910e-002
6635	9.070956728452284e-002	9.120108393559097e-002
6643	8.407816496196052e-002	8.511380382023763e-002
7514	8.299949587096367e-002	8.317637711026708e-002
9761	8.089363608959110e-002	8.128305161640990e-002
9904	7.675948478553296e-002	7.762471166286916e-002
10483	7.548639164441628e-002	7.585775750291836e-002
10690	7.025683727940357e-002	7.079457843841380e-002
10829	6.774203264496415e-002	6.918309709189366e-002
11388	6.721631897225167e-002	6.760829753919818e-002
12847	6.603937139274085e-002	6.606934480075961e-002
14896	6.415897642684665e-002	6.456542290346556e-002
15529	6.285515314893964e-002	6.309573444801933e-002
17296	6.150789544478863e-002	6.165950018614822e-002
18888	6.024471025420386e-002	6.025595860743578e-002
19371	5.851593325769444e-002	5.888436553555890e-002
21118	5.715509409592301e-002	5.754399373371569e-002
21402	5.615442291845696e-002	5.623413251903491e-002
22218	5.485386599165343e-002	5.495408738576246e-002
22395	5.013606678699234e-002	5.128613839913648e-002
22455	4.930266089307500e-002	5.011872336272722e-002
22511	4.897599950484388e-002	4.897788193684461e-002
24951	4.766392214367166e-002	4.786300923226383e-002
25758	4.657793945556288e-002	4.677351412871982e-002
28198	4.568777729337203e-002	4.570881896148749e-002
29882	4.454373971360326e-002	4.466835921509630e-002
30173	4.348296833903997e-002	4.365158322401658e-002
31250	4.212139659074343e-002	4.265795188015926e-002
32450	4.168352120292207e-002	4.168693834703355e-002
33333	4.035563465868242e-002	4.073802778041128e-002
34098	3.965258159740359e-002	3.981071705534973e-002
36933	3.890424679926463e-002	3.890451449942807e-002
38677	3.704426821001816e-002	3.715352290971726e-002
39574	3.629275595402903e-002	3.630780547701014e-002
40978	3.547649734569358e-002	3.548133892335755e-002
45315	3.388657634979719e-002	3.467368504525317e-002
45355	3.386432986994759e-002	3.388441561392026e-002
48969	3.303583677986011e-002	3.311311214825911e-002
54490	3.177641727244673e-002	3.235936569296283e-002
56024	3.162070258914984e-002	3.162277660168379e-002
56424	2.996831654107834e-002	3.019951720402016e-002
57673	2.933994862062184e-002	2.951209226666385e-002
58471	2.868838997951939e-002	2.884031503126606e-002
62104	2.817590233295642e-002	2.818382931264454e-002
69611	2.601716944204535e-002	2.630267991895382e-002
74548	2.559927630319658e-002	2.570395782768863e-002
85079	2.511791902251137e-002	2.511886431509579e-002
98063	2.428738325233704e-002	2.454708915685030e-002
102677	2.380392901016726e-002	2.398832919019490e-002
109170	2.343755630489297e-002	2.344228815319923e-002
116404	2.289152303636632e-002	2.290867652767774e-002
152217	2.238586222284456e-002	2.238721138568340e-002
162641	2.171802608468754e-002	2.187761623949553e-002
171162	1.889904690200839e-002	1.905460717963247e-002
175275	1.845692390689724e-002	1.862087136662868e-002
191454	1.818252694897904e-002	1.819700858609984e-002
216086	1.746558345408855e-002	1.778279410038923e-002
255217	1.737263435159919e-002	1.737800828749376e-002
373882	1.697926466293309e-002	1.698243652461744e-002
402160	1.653001777462104e-002	1.659586907437561e-002
500001	1.645167760592781e-002	1.659586907437561e-002
