%
% index = 1400, name = bbob_f008_i02_d05__bbob_f015_i04_d05
% instance = 1, reference value = 9.733107025622240e-001
% function evaluation | indicator value | target hit
1	7.791066602161293e+006	7.943282347242822e+006
2	4.252135098649145e+006	4.265795188015926e+006
3	3.552490584937004e+006	3.630780547701010e+006
4	9.609537040040499e+005	9.772372209558112e+005
6	5.584423839388551e+004	5.623413251903491e+004
10	2.249081916053548e+004	2.290867652767775e+004
41	2.124480479420636e+004	2.137962089502232e+004
48	1.639521374638124e+004	1.659586907437560e+004
253	1.699545284511931e+003	1.737800828749376e+003
312	1.483817537763488e+003	1.513561248436209e+003
366	5.769206624141070e+002	5.888436553555890e+002
550	2.952428984284915e+002	3.019951720402016e+002
568	1.511086050409173e+002	1.513561248436209e+002
940	5.531139521798971e+001	5.623413251903491e+001
1161	4.137035848516586e+001	4.168693834703355e+001
1182	3.934670471608540e+001	3.981071705534973e+001
1275	2.913138265627086e+001	2.951209226666386e+001
1298	2.159815905881329e+001	2.187761623949553e+001
1380	9.445645322596871e+000	9.549925860214358e+000
1386	7.815726141948587e+000	7.943282347242816e+000
1410	3.105105243539224e+000	3.162277660168379e+000
1649	2.031046921418724e+000	2.041737944669529e+000
1748	4.907985476281748e-001	5.011872336272722e-001
1967	4.645844873542634e-001	4.677351412871982e-001
2188	4.413927445666072e-001	4.466835921509632e-001
2194	3.781992200387661e-001	3.801893963205612e-001
2254	3.618390632568722e-001	3.630780547701014e-001
2260	2.692097082468470e-001	2.754228703338166e-001
2323	2.660616512018579e-001	2.691534803926916e-001
2324	2.596082236142734e-001	2.630267991895382e-001
2343	2.420668855677852e-001	2.454708915685031e-001
2368	2.387747509555146e-001	2.398832919019490e-001
2476	2.279529219915122e-001	2.290867652767773e-001
2548	2.194740490588608e-001	2.238721138568340e-001
2551	1.918311438887431e-001	1.949844599758046e-001
2573	1.905029960489211e-001	1.905460717963247e-001
2652	1.808272640751671e-001	1.819700858609984e-001
2732	1.708566807935094e-001	1.737800828749375e-001
2774	1.651132460341421e-001	1.659586907437561e-001
2814	1.381893646469673e-001	1.412537544622755e-001
2844	1.373070967475137e-001	1.380384264602885e-001
3138	1.337409918383302e-001	1.348962882591654e-001
3159	1.305970522384440e-001	1.318256738556407e-001
3164	1.262008109518714e-001	1.288249551693134e-001
3199	1.257698577308293e-001	1.258925411794167e-001
3335	1.216097664198255e-001	1.230268770812382e-001
3420	1.185460949071062e-001	1.202264434617413e-001
3521	1.134869514614347e-001	1.148153621496883e-001
3586	1.062330181472196e-001	1.071519305237607e-001
3630	9.172937368682577e-002	9.332543007969910e-002
3683	9.111949332936398e-002	9.120108393559097e-002
3927	8.609751044634872e-002	8.709635899560805e-002
4141	8.508353700263072e-002	8.511380382023763e-002
4611	8.303323924358119e-002	8.317637711026708e-002
4847	6.696272305271889e-002	6.760829753919818e-002
5235	6.578981854214006e-002	6.606934480075961e-002
5411	6.455072429440545e-002	6.456542290346556e-002
5756	6.171992534578430e-002	6.309573444801933e-002
5863	6.160533555631009e-002	6.165950018614822e-002
6298	5.958762858573796e-002	6.025595860743578e-002
6361	4.632313684484457e-002	4.677351412871982e-002
6511	4.568434659025811e-002	4.570881896148749e-002
7055	4.453389929704688e-002	4.466835921509630e-002
7585	4.359386303088475e-002	4.365158322401658e-002
7871	4.257704772245730e-002	4.265795188015926e-002
8317	4.027640040725145e-002	4.073802778041128e-002
8656	3.926418430370027e-002	3.981071705534973e-002
9042	3.653679925479714e-002	3.715352290971726e-002
9070	3.600808631211927e-002	3.630780547701014e-002
9218	3.538418904754126e-002	3.548133892335755e-002
9331	3.399227070915911e-002	3.467368504525317e-002
9531	3.304583116114046e-002	3.311311214825911e-002
10276	2.912870340813634e-002	2.951209226666385e-002
12240	2.883536275904075e-002	2.884031503126606e-002
12603	2.523033947594844e-002	2.570395782768863e-002
13110	2.511398802076459e-002	2.511886431509579e-002
13502	2.377338344655289e-002	2.398832919019490e-002
13760	2.285685920491942e-002	2.290867652767774e-002
14011	2.171315903376292e-002	2.187761623949553e-002
14018	2.135794184484563e-002	2.137962089502233e-002
16983	2.087935702232036e-002	2.089296130854040e-002
18103	2.022700780676445e-002	2.041737944669530e-002
19434	1.914670975557731e-002	1.949844599758046e-002
20048	1.905420178018924e-002	1.905460717963247e-002
20624	1.759747646634480e-002	1.778279410038923e-002
24063	1.730716590553527e-002	1.737800828749376e-002
28986	1.698236043153767e-002	1.698243652461744e-002
32548	1.651931888810210e-002	1.659586907437561e-002
49153	1.619634020703820e-002	1.621810097358930e-002
51457	1.578188372210199e-002	1.584893192461113e-002
61295	1.548801759587404e-002	1.548816618912481e-002
66713	1.510177105352673e-002	1.513561248436208e-002
71265	1.258908608445364e-002	1.258925411794168e-002
72103	1.184870931053128e-002	1.202264434617413e-002
79920	8.388899763523638e-003	8.511380382023768e-003
81515	8.272019890753879e-003	8.317637711026709e-003
90511	8.119957981379433e-003	8.128305161640995e-003
105480	7.751821667684400e-003	7.762471166286920e-003
106548	7.580493938163735e-003	7.585775750291836e-003
137208	7.367432873569002e-003	7.413102413009177e-003
400164	7.234754476389882e-003	7.244359600749898e-003
500001	7.191395993762284e-003	7.244359600749898e-003
%
% index = 1401, name = bbob_f008_i03_d05__bbob_f015_i05_d05
% instance = 2, reference value = 9.771102923171260e-001
% function evaluation | indicator value | target hit
1	1.058165932443214e+007	1.071519305237607e+007
2	1.381491292763110e+006	1.412537544622755e+006
3	1.026064405471548e+006	1.047128548050899e+006
4	3.068064012546626e+005	3.090295432513592e+005
5	2.254387284308128e+005	2.290867652767775e+005
6	1.480208453352955e+004	1.513561248436207e+004
10	8.190140902136628e+003	8.317637711026709e+003
41	4.491088784226329e+003	4.570881896148752e+003
205	4.449698753102111e+003	4.466835921509631e+003
239	2.139326372937303e+003	2.187761623949552e+003
249	1.331939247069937e+003	1.348962882591653e+003
430	3.998724166429520e+002	4.073802778041126e+002
433	2.538639774530545e+002	2.570395782768865e+002
465	3.421002101475003e+001	3.467368504525317e+001
801	3.317737671009507e+001	3.388441561392025e+001
925	1.850761461362717e+001	1.862087136662868e+001
988	1.717547287962980e+001	1.737800828749375e+001
993	1.102674723168738e+001	1.122018454301964e+001
1021	5.679885448831506e+000	5.754399373371570e+000
1416	5.026006845113738e+000	5.128613839913649e+000
1420	2.818481080869126e+000	2.884031503126606e+000
1551	2.245730454813126e+000	2.290867652767773e+000
1589	7.292658754872156e-001	7.413102413009175e-001
1998	5.289474516828732e-001	5.370317963702527e-001
2140	5.093520993650127e-001	5.128613839913648e-001
2146	4.591888605478520e-001	4.677351412871982e-001
2237	4.368907359721701e-001	4.466835921509632e-001
2278	4.316315882880645e-001	4.365158322401660e-001
2292	4.076391670501682e-001	4.168693834703354e-001
2349	2.727881982659295e-001	2.754228703338166e-001
2530	2.459512146550350e-001	2.511886431509580e-001
2544	2.437652647402481e-001	2.454708915685031e-001
2581	2.284086953917149e-001	2.290867652767773e-001
2822	2.215113061376846e-001	2.238721138568340e-001
2935	2.169658126014018e-001	2.187761623949552e-001
2981	2.133487405319413e-001	2.137962089502232e-001
3004	1.848589050162878e-001	1.862087136662868e-001
3145	1.813698754402909e-001	1.819700858609984e-001
3301	1.489378830999956e-001	1.513561248436208e-001
3571	1.472869978855909e-001	1.479108388168208e-001
3652	1.439583732589368e-001	1.445439770745928e-001
3767	1.233599421797136e-001	1.258925411794167e-001
3822	1.227154254544483e-001	1.230268770812382e-001
4199	1.178144526106690e-001	1.202264434617413e-001
4219	1.174530855721447e-001	1.174897554939529e-001
4709	1.110338360118500e-001	1.122018454301964e-001
5075	1.090871937870511e-001	1.096478196143185e-001
5489	1.011058144229380e-001	1.023292992280754e-001
6443	9.994609131846111e-002	1.000000000000000e-001
6586	9.476798539948605e-002	9.549925860214359e-002
6821	9.179963615201281e-002	9.332543007969910e-002
7253	8.075620527705207e-002	8.128305161640990e-002
7348	7.900942892347596e-002	7.943282347242814e-002
8179	7.689661886158505e-002	7.762471166286916e-002
9128	7.576847361717154e-002	7.585775750291836e-002
11835	7.412353988423270e-002	7.413102413009177e-002
12494	7.237412301061996e-002	7.244359600749903e-002
13057	7.074324561773415e-002	7.079457843841380e-002
13662	6.694438772444000e-002	6.760829753919818e-002
13812	6.546652492903549e-002	6.606934480075961e-002
14609	5.437606672863560e-002	5.495408738576246e-002
15446	5.203188491596955e-002	5.248074602497726e-002
17921	5.126892891732982e-002	5.128613839913648e-002
27432	5.008452364935956e-002	5.011872336272722e-002
28687	4.881534000000976e-002	4.897788193684461e-002
40998	4.760288678488045e-002	4.786300923226383e-002
500001	4.690220524437971e-002	4.786300923226383e-002
%
% index = 1402, name = bbob_f008_i07_d05__bbob_f015_i08_d05
% instance = 3, reference value = 9.760575936374810e-001
% function evaluation | indicator value | target hit
1	2.137347947545753e+014	2.137962089502233e+014
2	2.029326064910450e+005	2.041737944669528e+005
4	5.020207660730498e+004	5.128613839913648e+004
5	3.926617007695873e+004	3.981071705534969e+004
6	2.158338840467379e+004	2.187761623949552e+004
10	1.626770004037676e+003	1.659586907437561e+003
41	8.206072069374155e+002	8.317637711026708e+002
282	4.133220275862603e+002	4.168693834703355e+002
346	7.724960807902221e+001	7.762471166286916e+001
529	6.729539548210347e+001	6.760829753919819e+001
726	3.562240191217423e+001	3.630780547701014e+001
796	2.107259114452563e+001	2.137962089502232e+001
803	1.555922249751195e+001	1.584893192461113e+001
863	1.239789195473001e+001	1.258925411794168e+001
888	7.465736645475122e+000	7.585775750291838e+000
945	7.257780681878773e+000	7.413102413009175e+000
1001	1.926821941398612e+000	1.949844599758045e+000
1311	9.342844751670478e-001	9.549925860214360e-001
1373	7.861951610625013e-001	7.943282347242815e-001
1690	4.952206215918379e-001	5.011872336272722e-001
1778	4.878211786233201e-001	4.897788193684462e-001
1834	4.610677703483602e-001	4.677351412871982e-001
1878	4.560599511798189e-001	4.570881896148750e-001
1890	4.464932306136337e-001	4.466835921509632e-001
1902	2.741638457312172e-001	2.754228703338166e-001
1908	2.582336833794325e-001	2.630267991895382e-001
1954	2.441714092500370e-001	2.454708915685031e-001
1979	2.332064385803113e-001	2.344228815319922e-001
2006	2.286309733337413e-001	2.290867652767773e-001
2072	2.209131249328489e-001	2.238721138568340e-001
2091	2.160833605507248e-001	2.187761623949552e-001
2094	2.128885846906552e-001	2.137962089502232e-001
2104	1.951697126713909e-001	1.995262314968880e-001
2107	1.932581144946424e-001	1.949844599758046e-001
2113	1.863210804857324e-001	1.905460717963247e-001
2140	1.855033514258931e-001	1.862087136662868e-001
2155	1.808876392600138e-001	1.819700858609984e-001
2161	1.757769846127339e-001	1.778279410038923e-001
2227	1.735745913873174e-001	1.737800828749375e-001
2364	1.669684879711438e-001	1.698243652461744e-001
2380	1.658885219005296e-001	1.659586907437561e-001
2398	1.612337096353324e-001	1.621810097358930e-001
2437	1.332643530729615e-001	1.348962882591654e-001
2464	1.312877425846927e-001	1.318256738556407e-001
2494	1.162445223789020e-001	1.174897554939529e-001
2569	1.132169257909008e-001	1.148153621496883e-001
2586	1.117072061894705e-001	1.122018454301964e-001
2618	1.093478171765895e-001	1.096478196143185e-001
2668	1.048312147942730e-001	1.071519305237607e-001
2673	1.045605231525878e-001	1.047128548050900e-001
2780	9.986802686976248e-002	1.000000000000000e-001
2906	9.725289624374012e-002	9.772372209558107e-002
3089	8.552157266041904e-002	8.709635899560805e-002
3091	8.299711113888220e-002	8.317637711026708e-002
3250	8.028949650616379e-002	8.128305161640990e-002
3264	7.942371344828791e-002	7.943282347242814e-002
3549	7.742226620347015e-002	7.762471166286916e-002
3879	7.551428108450187e-002	7.585775750291836e-002
4001	7.374129425270237e-002	7.413102413009177e-002
4200	6.719425176036864e-002	6.760829753919818e-002
4434	6.592917959283851e-002	6.606934480075961e-002
4983	6.385699108955889e-002	6.456542290346556e-002
5608	5.699004479026415e-002	5.754399373371569e-002
7075	5.622985590066576e-002	5.623413251903491e-002
7331	5.028106900012053e-002	5.128613839913648e-002
7792	5.011333989724021e-002	5.011872336272722e-002
9555	4.852225596878801e-002	4.897788193684461e-002
12521	4.599747514995989e-002	4.677351412871982e-002
13225	4.567580550027095e-002	4.570881896148749e-002
14236	4.282035697895958e-002	4.365158322401658e-002
14401	3.936665869717115e-002	3.981071705534973e-002
16177	3.890300780043854e-002	3.890451449942807e-002
128428	3.796222090026136e-002	3.801893963205612e-002
500001	3.775030509932231e-002	3.801893963205612e-002
%
% index = 1403, name = bbob_f008_i09_d05__bbob_f015_i10_d05
% instance = 4, reference value = 9.779981094565790e-001
% function evaluation | indicator value | target hit
1	2.476534212010671e+005	2.511886431509582e+005
2	1.121095145632807e+005	1.122018454301963e+005
4	3.100042993185488e+004	3.162277660168379e+004
6	1.466334201998149e+003	1.479108388168207e+003
10	1.236921230813947e+003	1.258925411794168e+003
37	1.092020285748848e+003	1.096478196143185e+003
41	3.462337581494951e+002	3.467368504525317e+002
346	1.147232552499105e+002	1.148153621496883e+002
566	2.003377759352155e+001	2.041737944669530e+001
732	8.442787827725869e+000	8.511380382023766e+000
877	6.291358803804079e+000	6.309573444801933e+000
1050	4.367927996951201e+000	4.466835921509632e+000
1154	4.333877873013682e+000	4.365158322401660e+000
1286	2.727712974296542e+000	2.754228703338166e+000
1374	6.232765843312420e-001	6.309573444801933e-001
1488	4.228212327296560e-001	4.265795188015927e-001
1544	3.727891414708634e-001	3.801893963205612e-001
1591	3.583331738606025e-001	3.630780547701014e-001
1680	3.375049832004782e-001	3.388441561392026e-001
1762	3.310087441519194e-001	3.311311214825911e-001
1771	3.114270868376677e-001	3.162277660168379e-001
1867	2.710765885284627e-001	2.754228703338166e-001
1966	2.676221514959827e-001	2.691534803926916e-001
1967	2.006513117831900e-001	2.041737944669530e-001
1992	1.922102994358500e-001	1.949844599758046e-001
2001	1.792399039516135e-001	1.819700858609984e-001
2063	1.770685436576955e-001	1.778279410038923e-001
2229	1.735171859337141e-001	1.737800828749375e-001
2321	1.625560172677741e-001	1.659586907437561e-001
2335	1.615255645254782e-001	1.621810097358930e-001
2467	1.580387219107260e-001	1.584893192461113e-001
2469	1.285438582761438e-001	1.288249551693134e-001
2492	1.235658962918668e-001	1.258925411794167e-001
2508	1.230100560431808e-001	1.230268770812382e-001
2515	1.170388820188213e-001	1.174897554939529e-001
2557	1.085667761547712e-001	1.096478196143185e-001
2643	9.806595117045935e-002	1.000000000000000e-001
2647	9.766299771235742e-002	9.772372209558107e-002
2700	9.400502339380323e-002	9.549925860214359e-002
2796	9.278268079066743e-002	9.332543007969910e-002
2867	8.938523325973335e-002	9.120108393559097e-002
2893	8.476630852451972e-002	8.511380382023763e-002
3105	8.094763538060212e-002	8.128305161640990e-002
3607	7.332657751445615e-002	7.413102413009177e-002
3651	7.004615296160199e-002	7.079457843841380e-002
3870	6.730218893564754e-002	6.760829753919818e-002
4347	6.474804588916328e-002	6.606934480075961e-002
4458	6.455929744993894e-002	6.456542290346556e-002
5570	6.291572529005107e-002	6.309573444801933e-002
6046	5.079898345326261e-002	5.128613839913648e-002
10453	4.986339193750533e-002	5.011872336272722e-002
11195	4.328670753940300e-002	4.365158322401658e-002
15559	4.265229808738169e-002	4.265795188015926e-002
17744	4.152883157772447e-002	4.168693834703355e-002
29922	4.065909051397931e-002	4.073802778041128e-002
66861	3.981058108547331e-002	3.981071705534973e-002
500001	3.969518099127412e-002	3.981071705534973e-002
%
% index = 1404, name = bbob_f008_i11_d05__bbob_f015_i12_d05
% instance = 5, reference value = 9.855166676690710e-001
% function evaluation | indicator value | target hit
1	6.198015128790929e+005	6.309573444801930e+005
3	2.355799299914459e+005	2.398832919019490e+005
6	4.423214770479345e+004	4.466835921509635e+004
11	2.034890057988275e+004	2.041737944669528e+004
14	1.153597046775194e+004	1.174897554939530e+004
15	1.120898550409073e+003	1.122018454301963e+003
54	9.116203586665862e+002	9.120108393559096e+002
188	5.495739845031750e+002	5.623413251903490e+002
235	4.410376665296636e+002	4.466835921509630e+002
260	2.791166875562153e+002	2.818382931264455e+002
290	2.381093376082340e+001	2.398832919019490e+001
704	1.830487841675857e+001	1.862087136662868e+001
899	5.808222745385836e+000	5.888436553555890e+000
977	4.268760150368723e+000	4.365158322401660e+000
1145	5.776368743197362e-001	5.888436553555889e-001
1189	5.581513490831835e-001	5.623413251903491e-001
1349	5.215194767839497e-001	5.248074602497725e-001
1387	4.827216849980588e-001	4.897788193684462e-001
1478	4.405579244944559e-001	4.466835921509632e-001
1531	2.621963279415380e-001	2.630267991895382e-001
1601	2.120084002255274e-001	2.137962089502232e-001
1716	2.064854713748994e-001	2.089296130854039e-001
1722	1.854424173671958e-001	1.862087136662868e-001
1729	1.756595884675667e-001	1.778279410038923e-001
1839	1.734470824357499e-001	1.737800828749375e-001
1854	1.449201218752871e-001	1.479108388168208e-001
1932	1.440019550435098e-001	1.445439770745928e-001
1934	1.289601100467985e-001	1.318256738556407e-001
1952	1.229656372484410e-001	1.230268770812382e-001
1971	1.154931835045093e-001	1.174897554939529e-001
1984	1.128430152194638e-001	1.148153621496883e-001
1986	1.014277107037764e-001	1.023292992280754e-001
2004	9.195550155863974e-002	9.332543007969910e-002
2017	8.928076443162214e-002	9.120108393559097e-002
2059	8.269263483875855e-002	8.317637711026708e-002
2106	8.038562822658313e-002	8.128305161640990e-002
2129	6.951723937402776e-002	7.079457843841380e-002
2136	6.862722051601800e-002	6.918309709189366e-002
2167	6.730734665046478e-002	6.760829753919818e-002
2181	6.362936893240889e-002	6.456542290346556e-002
2226	6.260437410667885e-002	6.309573444801933e-002
2240	5.853766347914058e-002	5.888436553555890e-002
2251	5.696086332825501e-002	5.754399373371569e-002
2266	5.366970536703541e-002	5.370317963702527e-002
2325	5.052686855378474e-002	5.128613839913648e-002
2329	4.899377497079105e-002	5.011872336272722e-002
2338	4.803074457677226e-002	4.897788193684461e-002
2342	4.640750732421339e-002	4.677351412871982e-002
2396	4.506216067184565e-002	4.570881896148749e-002
2398	4.452240195410306e-002	4.466835921509630e-002
2415	4.352566313478756e-002	4.365158322401658e-002
2466	4.239253096089246e-002	4.265795188015926e-002
2502	4.159330776397474e-002	4.168693834703355e-002
2547	3.943891565480329e-002	3.981071705534973e-002
2557	3.876873047224050e-002	3.890451449942807e-002
2575	3.789202944024417e-002	3.801893963205612e-002
2593	3.691665589617221e-002	3.715352290971726e-002
2754	3.527623447445727e-002	3.548133892335755e-002
2761	3.463971159378287e-002	3.467368504525317e-002
2820	3.365313309309992e-002	3.388441561392026e-002
2863	3.301505710979558e-002	3.311311214825911e-002
2926	3.149852637639916e-002	3.162277660168379e-002
2983	3.087559066269818e-002	3.090295432513590e-002
3060	3.018005374242450e-002	3.019951720402016e-002
3250	2.940198634460600e-002	2.951209226666385e-002
3335	2.865792781540311e-002	2.884031503126606e-002
3441	2.626777286965920e-002	2.630267991895382e-002
3562	2.566494644368955e-002	2.570395782768863e-002
3567	2.436043137463639e-002	2.454708915685030e-002
3754	2.397650741843593e-002	2.398832919019490e-002
3865	2.334136663768571e-002	2.344228815319923e-002
3942	2.151003819548647e-002	2.187761623949553e-002
4036	2.137902813013970e-002	2.137962089502233e-002
4316	2.082244995272875e-002	2.089296130854040e-002
4816	2.041713090758535e-002	2.041737944669530e-002
5012	1.908686491087208e-002	1.949844599758046e-002
5213	1.900131924194293e-002	1.905460717963247e-002
5793	1.861661077735854e-002	1.862087136662868e-002
6608	1.819593056034929e-002	1.819700858609984e-002
7524	1.677425792838472e-002	1.698243652461744e-002
7734	1.646431097247048e-002	1.659586907437561e-002
8580	1.610135076677832e-002	1.621810097358930e-002
8640	1.417310713381914e-002	1.445439770745927e-002
9085	1.396291093514401e-002	1.412537544622754e-002
9314	1.356521358996476e-002	1.380384264602885e-002
9329	1.315042166363045e-002	1.318256738556408e-002
9935	1.267551840485837e-002	1.288249551693134e-002
10007	1.252551183653128e-002	1.258925411794168e-002
10690	1.217198278646348e-002	1.230268770812382e-002
11101	1.093213315533137e-002	1.096478196143185e-002
11829	1.071333413575037e-002	1.071519305237607e-002
13099	1.034140370975134e-002	1.047128548050900e-002
15175	1.021220453584781e-002	1.023292992280754e-002
21101	9.778822430494216e-003	1.000000000000000e-002
21418	9.755501939728850e-003	9.772372209558112e-003
27806	9.547344788811252e-003	9.549925860214359e-003
123943	9.287556680328213e-003	9.332543007969915e-003
341288	8.723077263481871e-003	8.912509381337459e-003
500001	8.713153430068843e-003	8.912509381337459e-003
%
% index = 1405, name = bbob_f008_i13_d05__bbob_f015_i14_d05
% instance = 6, reference value = 9.722337763128550e-001
% function evaluation | indicator value | target hit
1	1.256566267557321e+006	1.258925411794166e+006
2	6.022162985505530e+005	6.025595860743581e+005
4	1.467366223745233e+005	1.479108388168207e+005
6	8.856878669220070e+003	8.912509381337459e+003
10	5.152363570956306e+003	5.248074602497728e+003
41	2.529175300782425e+003	2.570395782768865e+003
200	1.268046320899508e+003	1.288249551693134e+003
346	1.680275199003540e+002	1.698243652461744e+002
569	1.401355520373351e+002	1.412537544622754e+002
705	3.232677823661484e+001	3.235936569296283e+001
867	1.733010367699067e+001	1.737800828749375e+001
1023	3.089025363794855e+000	3.090295432513591e+000
1453	2.747301105235355e+000	2.754228703338166e+000
1501	1.213306925064855e+000	1.230268770812382e+000
1531	1.134209549610355e+000	1.148153621496883e+000
1757	8.787776051693536e-001	8.912509381337456e-001
1897	6.512050657283564e-001	6.606934480075960e-001
1932	5.034718610901161e-001	5.128613839913648e-001
2025	4.362416743274831e-001	4.365158322401660e-001
2046	4.104356844359116e-001	4.168693834703354e-001
2064	3.441692145731021e-001	3.467368504525316e-001
2178	3.116483795446624e-001	3.162277660168379e-001
2186	2.988536634538905e-001	3.019951720402016e-001
2226	2.943866753585863e-001	2.951209226666385e-001
2284	2.876973657891934e-001	2.884031503126606e-001
2335	2.787028956267748e-001	2.818382931264454e-001
2341	2.386855511040001e-001	2.398832919019490e-001
2361	2.084838693872525e-001	2.089296130854039e-001
2386	2.014526577774464e-001	2.041737944669530e-001
2516	1.989892271904489e-001	1.995262314968880e-001
2561	1.858945694969679e-001	1.862087136662868e-001
2564	1.576474477322664e-001	1.584893192461113e-001
2750	1.518106213038851e-001	1.548816618912481e-001
2788	1.488262802096075e-001	1.513561248436208e-001
2821	1.382404142973279e-001	1.412537544622755e-001
2827	1.378732175770134e-001	1.380384264602885e-001
2849	1.200960838402018e-001	1.202264434617413e-001
2962	1.164657889253034e-001	1.174897554939529e-001
3020	1.129914316982570e-001	1.148153621496883e-001
3126	1.117070293621976e-001	1.122018454301964e-001
3140	9.588380847702360e-002	9.772372209558107e-002
3301	9.529264794035153e-002	9.549925860214359e-002
3302	9.205421427298122e-002	9.332543007969910e-002
3392	9.096256816995829e-002	9.120108393559097e-002
3448	8.795635195166307e-002	8.912509381337455e-002
3615	8.651310158612957e-002	8.709635899560805e-002
3746	8.464566509355553e-002	8.511380382023763e-002
3940	7.653874872460453e-002	7.762471166286916e-002
4103	7.581828504977139e-002	7.585775750291836e-002
4391	7.250310196139609e-002	7.413102413009177e-002
4495	7.085741954879665e-002	7.244359600749903e-002
4537	6.973178448663786e-002	7.079457843841380e-002
4598	6.763753550316687e-002	6.918309709189366e-002
4753	6.716173111208001e-002	6.760829753919818e-002
5401	6.596401275559416e-002	6.606934480075961e-002
6033	6.451587468296260e-002	6.456542290346556e-002
6612	5.772502542573887e-002	5.888436553555890e-002
6872	5.583308310615021e-002	5.623413251903491e-002
7647	5.489821621763447e-002	5.495408738576246e-002
8852	5.359595993141675e-002	5.370317963702527e-002
8972	5.244085551990274e-002	5.248074602497726e-002
9906	5.096270911582945e-002	5.128613839913648e-002
10840	4.813032430709963e-002	4.897788193684461e-002
10870	4.628860137227508e-002	4.677351412871982e-002
13099	4.565354053549520e-002	4.570881896148749e-002
16115	4.447569391225492e-002	4.466835921509630e-002
19334	3.832216983223635e-002	3.890451449942807e-002
19534	3.708452924694794e-002	3.715352290971726e-002
19566	3.448816720023129e-002	3.467368504525317e-002
20195	3.370485889200880e-002	3.388441561392026e-002
21834	3.153250907166272e-002	3.162277660168379e-002
22421	3.038890736437949e-002	3.090295432513590e-002
23062	2.735886176609848e-002	2.754228703338166e-002
23470	2.662149370586364e-002	2.691534803926915e-002
24065	2.604168442414456e-002	2.630267991895382e-002
25338	2.461712136802052e-002	2.511886431509579e-002
25866	2.453245513949320e-002	2.454708915685030e-002
26470	2.328750807913926e-002	2.344228815319923e-002
28017	2.261507901082493e-002	2.290867652767774e-002
28976	2.231880056621582e-002	2.238721138568340e-002
29958	2.109737204096041e-002	2.137962089502233e-002
30745	2.040099754047098e-002	2.041737944669530e-002
32494	1.995232585157380e-002	1.995262314968880e-002
40597	1.948514137768198e-002	1.949844599758046e-002
500001	1.909352978030077e-002	1.949844599758046e-002
%
% index = 1406, name = bbob_f008_i15_d05__bbob_f015_i16_d05
% instance = 7, reference value = 9.696993218705360e-001
% function evaluation | indicator value | target hit
1	1.674910031445719e+006	1.698243652461746e+006
4	5.379976782794859e+005	5.495408738576248e+005
5	3.451800463329829e+005	3.467368504525317e+005
6	2.842624808769950e+005	2.884031503126606e+005
7	2.976867984262961e+004	3.019951720402019e+004
11	7.943131354662058e+003	7.943282347242814e+003
97	4.128694088444851e+003	4.168693834703355e+003
353	1.413877032094454e+003	1.445439770745928e+003
518	1.102511474582824e+003	1.122018454301963e+003
573	9.440792717632286e+002	9.549925860214360e+002
663	8.447440402359176e+002	8.511380382023768e+002
704	4.547416601788254e+002	4.570881896148752e+002
749	4.229154428436885e+002	4.265795188015925e+002
854	3.119663532662605e+002	3.162277660168379e+002
883	3.059036512982011e+002	3.090295432513592e+002
898	2.330004682770837e+002	2.344228815319923e+002
949	1.860758714803978e+002	1.862087136662867e+002
992	1.711029467355616e+002	1.737800828749376e+002
993	5.944159745454920e+001	6.025595860743578e+001
1154	4.539216555440522e+001	4.570881896148750e+001
1198	1.600341929034654e+001	1.621810097358930e+001
1202	1.508059016671307e+001	1.513561248436208e+001
1263	1.471283842980515e+001	1.479108388168207e+001
1275	1.368642876484103e+001	1.380384264602885e+001
1370	3.367258370358158e+000	3.388441561392026e+000
1524	2.526464561388536e+000	2.570395782768864e+000
1691	2.464986509501159e+000	2.511886431509580e+000
1763	1.209970917304036e+000	1.230268770812382e+000
1803	8.106822514983998e-001	8.128305161640993e-001
1944	7.736458211209725e-001	7.762471166286917e-001
1971	5.663362348581411e-001	5.754399373371569e-001
2090	5.548164038613831e-001	5.623413251903491e-001
2109	5.289418935474058e-001	5.370317963702527e-001
2129	4.864263489104597e-001	4.897788193684462e-001
2150	4.715905962990557e-001	4.786300923226383e-001
2184	3.794418750212677e-001	3.801893963205612e-001
2187	3.646248880231746e-001	3.715352290971726e-001
2188	3.114645537361787e-001	3.162277660168379e-001
2305	3.081894878646987e-001	3.090295432513591e-001
2308	2.798640911629947e-001	2.818382931264454e-001
2366	2.656664418491795e-001	2.691534803926916e-001
2469	2.518426081576851e-001	2.570395782768864e-001
2528	2.397214753246854e-001	2.398832919019490e-001
2601	2.239265133006870e-001	2.290867652767773e-001
2635	2.236270487492483e-001	2.238721138568340e-001
2643	2.180447279323687e-001	2.187761623949552e-001
2657	2.074814277782718e-001	2.089296130854039e-001
2679	1.835485568829228e-001	1.862087136662868e-001
2879	1.808646464810997e-001	1.819700858609984e-001
2956	1.437001214932844e-001	1.445439770745928e-001
3070	1.326504832547072e-001	1.348962882591654e-001
3091	1.312533268084170e-001	1.318256738556407e-001
3247	1.278193547468601e-001	1.288249551693134e-001
3280	1.249942406000175e-001	1.258925411794167e-001
3472	1.225400425037527e-001	1.230268770812382e-001
4366	1.201497748634133e-001	1.202264434617413e-001
4470	1.168928271452955e-001	1.174897554939529e-001
5347	1.134620477778471e-001	1.148153621496883e-001
5363	1.019680768979907e-001	1.023292992280754e-001
6612	9.376788759708199e-002	9.549925860214359e-002
7226	9.318998678391621e-002	9.332543007969910e-002
8621	8.484675864485347e-002	8.511380382023763e-002
11166	8.306758590360497e-002	8.317637711026708e-002
11541	7.947965581630190e-002	8.128305161640990e-002
11561	7.941622894806322e-002	7.943282347242814e-002
13223	7.756786046660991e-002	7.762471166286916e-002
13797	7.523232288233139e-002	7.585775750291836e-002
14325	7.411079581041791e-002	7.413102413009177e-002
15823	7.095759680579572e-002	7.244359600749903e-002
16123	7.070903964184327e-002	7.079457843841380e-002
16763	6.649514894180730e-002	6.760829753919818e-002
18591	6.542498673757968e-002	6.606934480075961e-002
19761	6.263541165514674e-002	6.309573444801933e-002
20136	6.089234437345481e-002	6.165950018614822e-002
20594	5.723508587263815e-002	5.754399373371569e-002
23229	5.617087058139303e-002	5.623413251903491e-002
32775	5.495128898739510e-002	5.495408738576246e-002
38986	5.309616701170528e-002	5.370317963702527e-002
406132	5.155821120363469e-002	5.248074602497726e-002
500001	5.155729162461420e-002	5.248074602497726e-002
%
% index = 1407, name = bbob_f008_i17_d05__bbob_f015_i18_d05
% instance = 8, reference value = 9.669245188376180e-001
% function evaluation | indicator value | target hit
1	2.677331539004053e+008	2.691534803926914e+008
2	2.536514189885304e+006	2.570395782768865e+006
6	2.530297186080608e+004	2.570395782768865e+004
41	1.288304527416459e+004	1.318256738556407e+004
253	4.660622606490098e+002	4.677351412871981e+002
640	4.988982296496940e+001	5.011872336272722e+001
836	2.459916109773586e+001	2.511886431509580e+001
1017	2.393811386086983e+001	2.398832919019490e+001
1102	1.760925729600923e+001	1.778279410038923e+001
1149	1.070385576979360e+001	1.071519305237607e+001
1190	1.694707754025118e+000	1.698243652461744e+000
1440	1.165982462396793e+000	1.174897554939530e+000
1749	8.958662633449501e-001	9.120108393559098e-001
1995	7.043239684897615e-001	7.079457843841379e-001
2052	6.766991316703450e-001	6.918309709189364e-001
2214	6.727035507179119e-001	6.760829753919818e-001
2282	6.464354382590110e-001	6.606934480075960e-001
2315	6.447285959047546e-001	6.456542290346555e-001
2332	5.963810719380207e-001	6.025595860743578e-001
2404	5.526555017566295e-001	5.623413251903491e-001
2457	5.139827456694260e-001	5.248074602497725e-001
2495	3.508894059829003e-001	3.548133892335755e-001
2575	3.007770327756755e-001	3.019951720402016e-001
2599	2.719167103191484e-001	2.754228703338166e-001
2785	2.586848707141377e-001	2.630267991895382e-001
2808	2.564960819561234e-001	2.570395782768864e-001
2956	2.430191152105402e-001	2.454708915685031e-001
3166	2.384617626249679e-001	2.398832919019490e-001
3196	2.268971351910004e-001	2.290867652767773e-001
3879	2.233824087131441e-001	2.238721138568340e-001
4451	2.124825699880354e-001	2.137962089502232e-001
5152	2.081104176181435e-001	2.089296130854039e-001
5339	1.789294150550086e-001	1.819700858609984e-001
5370	1.773731744418570e-001	1.778279410038923e-001
5487	1.728136013186723e-001	1.737800828749375e-001
5492	1.614356928289663e-001	1.621810097358930e-001
5809	1.548790174087039e-001	1.548816618912481e-001
6037	1.255670726907763e-001	1.258925411794167e-001
6135	1.027525346943194e-001	1.047128548050900e-001
6852	1.023022868647283e-001	1.023292992280754e-001
8592	9.939306776001933e-002	1.000000000000000e-001
9609	8.291970809651927e-002	8.317637711026708e-002
10026	7.676081615971919e-002	7.762471166286916e-002
10660	7.585705958760391e-002	7.585775750291836e-002
12277	7.379848287897972e-002	7.413102413009177e-002
13662	7.242321463703050e-002	7.244359600749903e-002
15562	6.843359018453488e-002	6.918309709189366e-002
16330	6.760304305232134e-002	6.760829753919818e-002
17018	5.860828925173189e-002	5.888436553555890e-002
22414	5.616104300194635e-002	5.623413251903491e-002
37208	5.495399178188343e-002	5.495408738576246e-002
500001	5.424428957066430e-002	5.495408738576246e-002
%
% index = 1408, name = bbob_f008_i19_d05__bbob_f015_i21_d05
% instance = 9, reference value = 9.578232912159110e-001
% function evaluation | indicator value | target hit
1	1.031468831321274e+015	1.047128548050899e+015
2	3.563358300901584e+009	3.630780547701017e+009
3	2.286415857131601e+007	2.290867652767775e+007
4	1.068982415929508e+007	1.071519305237607e+007
5	3.358430034653005e+005	3.388441561392028e+005
6	2.044198146917577e+003	2.089296130854039e+003
10	1.704468543939105e+003	1.737800828749376e+003
37	1.607292529839821e+003	1.621810097358930e+003
41	5.574992200483569e+002	5.623413251903490e+002
183	3.081338706517041e+002	3.090295432513592e+002
193	1.585214016666663e+001	1.621810097358930e+001
893	1.544241880763747e+001	1.548816618912481e+001
928	7.777085804540819e+000	7.943282347242816e+000
1182	5.048889732702484e+000	5.128613839913649e+000
1402	4.218973790945265e+000	4.265795188015927e+000
1419	3.126080808464165e+000	3.162277660168379e+000
1426	1.023512285794911e+000	1.047128548050900e+000
1634	9.630050143189111e-001	9.772372209558107e-001
1761	8.871621265083389e-001	8.912509381337456e-001
1918	6.881884728975128e-001	6.918309709189364e-001
2007	5.290484567475874e-001	5.370317963702527e-001
2161	4.029060564866159e-001	4.073802778041127e-001
2172	3.841274481391700e-001	3.890451449942806e-001
2211	3.643729709672660e-001	3.715352290971726e-001
2225	3.598422083622715e-001	3.630780547701014e-001
2313	3.483988081873396e-001	3.548133892335755e-001
2319	3.412298811344807e-001	3.467368504525316e-001
2345	3.252952846186624e-001	3.311311214825911e-001
2405	3.172532580034176e-001	3.235936569296283e-001
2424	3.135875522204569e-001	3.162277660168379e-001
2479	2.629358147040043e-001	2.630267991895382e-001
2544	2.507755570884575e-001	2.511886431509580e-001
2632	2.175890164064658e-001	2.187761623949552e-001
2670	2.119241526464507e-001	2.137962089502232e-001
2685	2.083776830559162e-001	2.089296130854039e-001
2700	2.041498506905521e-001	2.041737944669530e-001
2772	1.971043535265569e-001	1.995262314968880e-001
2807	1.945118092334163e-001	1.949844599758046e-001
2897	1.541431677479015e-001	1.548816618912481e-001
2929	1.501109854594623e-001	1.513561248436208e-001
2982	1.379948086442215e-001	1.380384264602885e-001
3093	1.347875597830162e-001	1.348962882591654e-001
3169	1.316732815699352e-001	1.318256738556407e-001
3387	1.282240930011326e-001	1.288249551693134e-001
3449	9.805243718996182e-002	1.000000000000000e-001
3491	9.356260592808252e-002	9.549925860214359e-002
3563	9.321745783285884e-002	9.332543007969910e-002
4220	9.057249789865607e-002	9.120108393559097e-002
4278	8.798504244293826e-002	8.912509381337455e-002
4894	8.685756357837626e-002	8.709635899560805e-002
5047	6.943525245757243e-002	7.079457843841380e-002
5135	6.815183674662184e-002	6.918309709189366e-002
5485	6.742923673553680e-002	6.760829753919818e-002
7458	6.598809624849655e-002	6.606934480075961e-002
9270	6.448601279752120e-002	6.456542290346556e-002
11003	6.309448492771452e-002	6.309573444801933e-002
11175	5.927163288160164e-002	6.025595860743578e-002
11805	5.873889365443252e-002	5.888436553555890e-002
13412	5.739929898932550e-002	5.754399373371569e-002
16085	5.253188010315657e-002	5.370317963702527e-002
16688	5.244319872523462e-002	5.248074602497726e-002
19566	5.128425926182045e-002	5.128613839913648e-002
21890	5.008389824020954e-002	5.011872336272722e-002
22555	4.686352940073568e-002	4.786300923226383e-002
22629	4.675220185899176e-002	4.677351412871982e-002
25110	4.568656211376032e-002	4.570881896148749e-002
25591	4.429287993338582e-002	4.466835921509630e-002
26196	4.334154895643083e-002	4.365158322401658e-002
27032	3.966283978358165e-002	3.981071705534973e-002
29947	3.874801782574089e-002	3.890451449942807e-002
31549	3.783469035832521e-002	3.801893963205612e-002
34227	3.715289957572310e-002	3.715352290971726e-002
34515	3.547039718500189e-002	3.548133892335755e-002
41550	3.459351861521431e-002	3.467368504525317e-002
62877	3.388159361212662e-002	3.388441561392026e-002
500001	3.363968000905515e-002	3.388441561392026e-002
%
% index = 1409, name = bbob_f008_i21_d05__bbob_f015_i22_d05
% instance = 10, reference value = 9.505635806683770e-001
% function evaluation | indicator value | target hit
1	2.369686161569867e+006	2.398832919019490e+006
2	1.255173834050972e+005	1.258925411794166e+005
4	3.664191387553741e+004	3.715352290971728e+004
6	1.353567529373607e+003	1.380384264602885e+003
10	1.308025245444452e+003	1.318256738556408e+003
37	1.129844485582068e+003	1.148153621496883e+003
41	3.432258209424688e+002	3.467368504525317e+002
253	3.198736596819721e+002	3.235936569296281e+002
360	6.042979910611994e+001	6.165950018614822e+001
592	4.697788703036048e+001	4.786300923226383e+001
639	1.931193376578120e+001	1.949844599758045e+001
692	1.137730911185349e+001	1.148153621496883e+001
853	6.686094760372501e+000	6.760829753919817e+000
857	5.540799013464828e+000	5.623413251903491e+000
974	1.803359627680877e+000	1.819700858609983e+000
1261	1.440688443978877e+000	1.445439770745927e+000
1297	1.386785012334877e+000	1.412537544622754e+000
1374	9.158882169229068e-001	9.332543007969910e-001
1419	6.932752618938373e-001	7.079457843841379e-001
1542	5.881904704710932e-001	5.888436553555889e-001
1587	4.833572559152898e-001	4.897788193684462e-001
1765	4.775904741119129e-001	4.786300923226383e-001
1771	4.449022320308350e-001	4.466835921509632e-001
1818	4.337880935777220e-001	4.365158322401660e-001
1852	3.385753152324721e-001	3.388441561392026e-001
1926	3.275180213688559e-001	3.311311214825911e-001
1962	3.192569675165835e-001	3.235936569296283e-001
1972	3.142732908727651e-001	3.162277660168379e-001
2063	2.990251796401263e-001	3.019951720402016e-001
2127	2.666055577213575e-001	2.691534803926916e-001
2221	2.600548176532085e-001	2.630267991895382e-001
2249	2.432207448605606e-001	2.454708915685031e-001
2298	2.393864481889012e-001	2.398832919019490e-001
2400	2.334619630622953e-001	2.344228815319922e-001
2417	2.211721008878304e-001	2.238721138568340e-001
2424	2.181711653580940e-001	2.187761623949552e-001
2477	1.879356539870702e-001	1.905460717963247e-001
2574	1.858684653272055e-001	1.862087136662868e-001
2607	1.755979139537520e-001	1.778279410038923e-001
2611	1.652333391032466e-001	1.659586907437561e-001
2690	1.613355053335490e-001	1.621810097358930e-001
2718	1.577896574281628e-001	1.584893192461113e-001
2803	1.535316975054983e-001	1.548816618912481e-001
2923	1.513022706147900e-001	1.513561248436208e-001
3032	1.471724959214974e-001	1.479108388168208e-001
3167	1.437695773671585e-001	1.445439770745928e-001
3430	1.410750524580512e-001	1.412537544622755e-001
3770	1.123453879309704e-001	1.148153621496883e-001
3786	1.121200686180814e-001	1.122018454301964e-001
4157	1.095722240280030e-001	1.096478196143185e-001
4623	7.884562010497165e-002	7.943282347242814e-002
5508	7.737358418678997e-002	7.762471166286916e-002
8016	7.527550669576810e-002	7.585775750291836e-002
8453	7.101360910013899e-002	7.244359600749903e-002
8965	7.050934044541701e-002	7.079457843841380e-002
12928	6.909478028835214e-002	6.918309709189366e-002
13827	6.563838660947641e-002	6.606934480075961e-002
14409	6.452334743828270e-002	6.456542290346556e-002
17368	6.183567748826291e-002	6.309573444801933e-002
17774	6.105106606952004e-002	6.165950018614822e-002
18987	5.265842376514451e-002	5.370317963702527e-002
19101	5.175080989872605e-002	5.248074602497726e-002
19951	5.056319864984205e-002	5.128613839913648e-002
22163	5.011863387441118e-002	5.011872336272722e-002
22439	4.738850417106066e-002	4.786300923226383e-002
24039	4.675612061350121e-002	4.677351412871982e-002
24780	4.438877591974644e-002	4.466835921509630e-002
25887	3.863868332117093e-002	3.890451449942807e-002
26643	3.796706322114640e-002	3.801893963205612e-002
29798	3.696753472946124e-002	3.715352290971726e-002
30859	3.630584393380187e-002	3.630780547701014e-002
38154	3.547463357811342e-002	3.548133892335755e-002
500001	3.481140867707333e-002	3.548133892335755e-002
