%
% index = 1410, name = bbob_f008_i02_d05__bbob_f017_i04_d05
% instance = 1, reference value = 9.728687593394420e-001
% function evaluation | indicator value | target hit
1	2.512344813216990e+011	2.570395782768865e+011
2	1.061301306378472e+006	1.071519305237607e+006
4	1.452203105836105e+005	1.479108388168207e+005
6	7.419042937965747e+003	7.585775750291836e+003
10	3.441489762136664e+003	3.467368504525316e+003
41	3.219308739574448e+003	3.235936569296281e+003
48	2.529570037702339e+003	2.570395782768865e+003
186	1.361940005586606e+003	1.380384264602885e+003
253	8.481301990893796e+002	8.511380382023768e+002
320	6.565798552255678e+002	6.606934480075958e+002
395	2.431017650116507e+002	2.454708915685031e+002
665	6.841076964375510e+001	6.918309709189366e+001
841	4.972754869929863e+001	5.011872336272722e+001
1005	3.520265141013098e+001	3.548133892335755e+001
1008	2.546768447214243e+001	2.570395782768863e+001
1019	2.282451290924863e+001	2.290867652767774e+001
1142	6.064905627497137e+000	6.165950018614822e+000
1336	3.491287750145069e+000	3.548133892335755e+000
1508	1.496434936205549e+000	1.513561248436208e+000
1769	1.237070607086125e+000	1.258925411794167e+000
1785	9.695012952411279e-001	9.772372209558107e-001
1858	8.855830172298488e-001	8.912509381337456e-001
1932	8.694701388726106e-001	8.709635899560806e-001
1992	8.458573075425619e-001	8.511380382023764e-001
2037	5.747002625068161e-001	5.754399373371569e-001
2047	5.252743165496525e-001	5.370317963702527e-001
2052	4.937314627617122e-001	5.011872336272722e-001
2065	4.377768326379364e-001	4.466835921509632e-001
2090	3.523982605193694e-001	3.548133892335755e-001
2176	3.382987117289290e-001	3.388441561392026e-001
2213	3.157749921457589e-001	3.162277660168379e-001
2243	2.832294127626599e-001	2.884031503126606e-001
2251	2.741227806296611e-001	2.754228703338166e-001
2292	2.312966182393805e-001	2.344228815319922e-001
2354	2.055611245202930e-001	2.089296130854039e-001
2364	2.029062447646094e-001	2.041737944669530e-001
2383	1.982517764374508e-001	1.995262314968880e-001
2403	1.945011864087488e-001	1.949844599758046e-001
2513	1.894375234241045e-001	1.905460717963247e-001
2521	1.778969144189643e-001	1.819700858609984e-001
2544	1.776931444080852e-001	1.778279410038923e-001
2570	1.718743181901375e-001	1.737800828749375e-001
2573	1.613067527034032e-001	1.621810097358930e-001
2632	1.570675628300133e-001	1.584893192461113e-001
2639	1.390561422297095e-001	1.412537544622755e-001
2668	1.342784613331123e-001	1.348962882591654e-001
2678	1.307164622501676e-001	1.318256738556407e-001
2685	1.249429868313889e-001	1.258925411794167e-001
2712	1.099568913736837e-001	1.122018454301964e-001
2714	1.087336246486564e-001	1.096478196143185e-001
2751	1.062442097834728e-001	1.071519305237607e-001
2776	1.046527875316873e-001	1.047128548050900e-001
2838	9.853284183374556e-002	1.000000000000000e-001
2925	9.638875563068261e-002	9.772372209558107e-002
2928	9.527168286613552e-002	9.549925860214359e-002
3075	8.574208887787538e-002	8.709635899560805e-002
3116	8.102356420360102e-002	8.128305161640990e-002
3247	7.859509406406295e-002	7.943282347242814e-002
3275	7.508294530754245e-002	7.585775750291836e-002
3338	7.402003172618921e-002	7.413102413009177e-002
3437	7.165806497331106e-002	7.244359600749903e-002
3450	6.931796835853177e-002	7.079457843841380e-002
3498	6.628136651350147e-002	6.760829753919818e-002
3603	6.547457357583697e-002	6.606934480075961e-002
3634	6.292948147694288e-002	6.309573444801933e-002
3822	5.918619551270432e-002	6.025595860743578e-002
3907	5.871264977373070e-002	5.888436553555890e-002
4191	5.748650871388172e-002	5.754399373371569e-002
4319	5.561497014924444e-002	5.623413251903491e-002
4390	5.476658641585708e-002	5.495408738576246e-002
4440	5.318782475621053e-002	5.370317963702527e-002
4473	5.240170996827942e-002	5.248074602497726e-002
4593	5.046986122090769e-002	5.128613839913648e-002
4623	5.010590374084945e-002	5.011872336272722e-002
4834	4.860787743001527e-002	4.897788193684461e-002
4908	4.740471130919643e-002	4.786300923226383e-002
4989	4.221722648591020e-002	4.265795188015926e-002
5300	4.158337751307817e-002	4.168693834703355e-002
5581	4.010543621130047e-002	4.073802778041128e-002
5613	3.900486899588973e-002	3.981071705534973e-002
5629	3.849479671973799e-002	3.890451449942807e-002
5641	3.726181112409499e-002	3.801893963205612e-002
5905	3.700939120896718e-002	3.715352290971726e-002
6424	3.627030224764805e-002	3.630780547701014e-002
6837	3.505110990060445e-002	3.548133892335755e-002
7211	3.408307975777458e-002	3.467368504525317e-002
7569	3.381104358190223e-002	3.388441561392026e-002
8068	3.218771615985949e-002	3.235936569296283e-002
8170	3.138713546031824e-002	3.162277660168379e-002
9113	3.073596830038416e-002	3.090295432513590e-002
10027	2.943868704751718e-002	2.951209226666385e-002
11384	2.878496876415193e-002	2.884031503126606e-002
11661	2.818377445468223e-002	2.818382931264454e-002
13427	2.719150183411878e-002	2.754228703338166e-002
13777	2.655415070884304e-002	2.691534803926915e-002
13833	2.597997153998766e-002	2.630267991895382e-002
15597	2.553154756055309e-002	2.570395782768863e-002
16744	2.508765952008107e-002	2.511886431509579e-002
17971	2.334645673552860e-002	2.344228815319923e-002
19159	2.283743984830144e-002	2.290867652767774e-002
20348	2.237298371400653e-002	2.238721138568340e-002
20409	2.160715745553365e-002	2.187761623949553e-002
20570	2.094456202800954e-002	2.137962089502233e-002
20941	2.064664849760967e-002	2.089296130854040e-002
22862	2.007245621810117e-002	2.041737944669530e-002
23402	1.960024310756436e-002	1.995262314968880e-002
24943	1.948502073999281e-002	1.949844599758046e-002
26317	1.903207769261328e-002	1.905460717963247e-002
27482	1.861888607908868e-002	1.862087136662868e-002
29029	1.818862316172210e-002	1.819700858609984e-002
31303	1.597198635069574e-002	1.621810097358930e-002
32193	1.580241866406584e-002	1.584893192461113e-002
33046	1.545919392839423e-002	1.548816618912481e-002
35727	1.510018668498225e-002	1.513561248436208e-002
37659	1.477882092394878e-002	1.479108388168207e-002
41777	1.438784426163675e-002	1.445439770745927e-002
46204	1.411395051402908e-002	1.412537544622754e-002
55404	1.376451389685263e-002	1.380384264602885e-002
68919	1.342295644018088e-002	1.348962882591653e-002
87396	1.318240890977507e-002	1.318256738556408e-002
500001	1.292243042924579e-002	1.318256738556408e-002
%
% index = 1411, name = bbob_f008_i03_d05__bbob_f017_i05_d05
% instance = 2, reference value = 9.389264619799210e-001
% function evaluation | indicator value | target hit
1	1.401561353908035e+013	1.412537544622756e+013
2	3.580322667256147e+006	3.630780547701010e+006
3	3.132548309006171e+006	3.162277660168379e+006
4	9.608170328445620e+005	9.772372209558112e+005
5	6.883049076343603e+005	6.918309709189363e+005
6	4.529077844932034e+004	4.570881896148752e+004
10	2.545561651771189e+004	2.570395782768865e+004
41	1.621636977713187e+004	1.621810097358930e+004
194	1.413993592880294e+004	1.445439770745928e+004
341	7.524847980522783e+003	7.585775750291836e+003
347	7.186756153385656e+003	7.244359600749899e+003
459	3.030771791631471e+003	3.090295432513592e+003
571	5.454179415836219e+002	5.495408738576248e+002
695	4.330176933842298e+002	4.365158322401661e+002
781	4.105705728166066e+002	4.168693834703355e+002
831	1.771319976566883e+002	1.778279410038923e+002
941	1.009739823617177e+002	1.023292992280754e+002
1036	4.643668239911899e+001	4.677351412871981e+001
1056	1.063875913792421e+000	1.071519305237606e+000
1806	9.298743678906307e-001	9.332543007969910e-001
1840	8.456585641095631e-001	8.511380382023764e-001
1910	8.207356913053173e-001	8.317637711026710e-001
1946	7.655648103577453e-001	7.762471166286917e-001
2024	7.577924727593355e-001	7.585775750291838e-001
2069	5.923819960164116e-001	6.025595860743578e-001
2077	5.800325811322528e-001	5.888436553555889e-001
2092	5.683524041110618e-001	5.754399373371569e-001
2101	4.017552500552825e-001	4.073802778041127e-001
2111	3.419048615647613e-001	3.467368504525316e-001
2196	3.235264911802616e-001	3.235936569296283e-001
2298	3.085487785687140e-001	3.090295432513591e-001
2408	3.004167331379481e-001	3.019951720402016e-001
2501	2.887857850962338e-001	2.951209226666385e-001
2511	2.623271507199733e-001	2.630267991895382e-001
2551	2.483672391785877e-001	2.511886431509580e-001
2614	2.453247030042641e-001	2.454708915685031e-001
2661	2.298194546186313e-001	2.344228815319922e-001
2686	2.249674510374402e-001	2.290867652767773e-001
2696	2.205046464124943e-001	2.238721138568340e-001
2731	2.066070554267612e-001	2.089296130854039e-001
2810	2.001703251779223e-001	2.041737944669530e-001
2814	1.965686578074832e-001	1.995262314968880e-001
2850	1.831079535249566e-001	1.862087136662868e-001
2930	1.782855139016096e-001	1.819700858609984e-001
2999	1.645957103108764e-001	1.659586907437561e-001
3048	1.610214027842619e-001	1.621810097358930e-001
3135	1.437065341049181e-001	1.445439770745928e-001
3221	1.356969120545208e-001	1.380384264602885e-001
3363	1.347109930883091e-001	1.348962882591654e-001
3475	1.310310115477849e-001	1.318256738556407e-001
3575	1.154439261688510e-001	1.174897554939529e-001
3612	1.087556743389009e-001	1.096478196143185e-001
3623	1.070938734610515e-001	1.071519305237607e-001
3723	1.043775279573403e-001	1.047128548050900e-001
3839	1.004579563764304e-001	1.023292992280754e-001
3875	9.954835521598504e-002	1.000000000000000e-001
3896	9.768300072849578e-002	9.772372209558107e-002
4036	9.489794234768323e-002	9.549925860214359e-002
4274	9.293928468937396e-002	9.332543007969910e-002
4354	9.052579794443327e-002	9.120108393559097e-002
4566	8.682133835726491e-002	8.709635899560805e-002
4662	8.469439214013685e-002	8.511380382023763e-002
4784	8.189314546711712e-002	8.317637711026708e-002
4848	8.026085105484304e-002	8.128305161640990e-002
4969	7.926895761594444e-002	7.943282347242814e-002
5337	7.605505450339600e-002	7.762471166286916e-002
5359	7.314123312153076e-002	7.413102413009177e-002
5490	7.204314841831183e-002	7.244359600749903e-002
5681	6.973476735244666e-002	7.079457843841380e-002
5809	6.891661305209518e-002	6.918309709189366e-002
5889	6.752941718735450e-002	6.760829753919818e-002
5968	6.564609104471131e-002	6.606934480075961e-002
6109	6.400956214040865e-002	6.456542290346556e-002
6829	6.187069129013190e-002	6.309573444801933e-002
6852	6.121681873565477e-002	6.165950018614822e-002
7046	5.971992824702022e-002	6.025595860743578e-002
7168	5.694554273691466e-002	5.754399373371569e-002
7205	5.605358296592544e-002	5.623413251903491e-002
7676	5.467852537676232e-002	5.495408738576246e-002
7846	5.355363434655325e-002	5.370317963702527e-002
9188	5.147702292385437e-002	5.248074602497726e-002
9205	5.023586895021548e-002	5.128613839913648e-002
9274	4.937701641197378e-002	5.011872336272722e-002
9881	4.897752570999669e-002	4.897788193684461e-002
10130	4.724376463640778e-002	4.786300923226383e-002
10865	4.672142548885672e-002	4.677351412871982e-002
11436	4.570615168839520e-002	4.570881896148749e-002
12391	4.465405525719146e-002	4.466835921509630e-002
12619	4.354806261160127e-002	4.365158322401658e-002
14311	4.173832063628691e-002	4.265795188015926e-002
14589	4.163317203753292e-002	4.168693834703355e-002
14693	4.026660417265282e-002	4.073802778041128e-002
15479	3.870520485125284e-002	3.890451449942807e-002
17152	3.750757767143753e-002	3.801893963205612e-002
17743	3.667360282181009e-002	3.715352290971726e-002
18078	3.627344543113786e-002	3.630780547701014e-002
18677	3.547441184855993e-002	3.548133892335755e-002
19733	3.455710496779862e-002	3.467368504525317e-002
21071	3.364203945399369e-002	3.388441561392026e-002
23731	3.290301296582288e-002	3.311311214825911e-002
24268	3.188883716385405e-002	3.235936569296283e-002
24854	3.157671766372339e-002	3.162277660168379e-002
26723	3.066903254801190e-002	3.090295432513590e-002
27920	2.980363770230821e-002	3.019951720402016e-002
29814	2.938271126997116e-002	2.951209226666385e-002
32906	2.883764327853000e-002	2.884031503126606e-002
37556	2.817358830181338e-002	2.818382931264454e-002
38494	2.747767418909630e-002	2.754228703338166e-002
41567	2.554818739962095e-002	2.570395782768863e-002
43284	2.493262312570022e-002	2.511886431509579e-002
43961	2.453793470108645e-002	2.454708915685030e-002
45349	2.386007672736179e-002	2.398832919019490e-002
46095	2.342575746093822e-002	2.344228815319923e-002
49591	2.260980119072220e-002	2.290867652767774e-002
50636	2.238453877712598e-002	2.238721138568340e-002
51733	2.169774252225887e-002	2.187761623949553e-002
56080	2.125932561168387e-002	2.137962089502233e-002
59503	2.083497788338484e-002	2.089296130854040e-002
63854	2.031527104211561e-002	2.041737944669530e-002
67908	1.992120644210171e-002	1.995262314968880e-002
73292	1.949076692978113e-002	1.949844599758046e-002
75130	1.904590341700119e-002	1.905460717963247e-002
84183	1.861247431282742e-002	1.862087136662868e-002
93533	1.819696366623635e-002	1.819700858609984e-002
97924	1.776068264050901e-002	1.778279410038923e-002
111803	1.737288814129756e-002	1.737800828749376e-002
123078	1.695080918828618e-002	1.698243652461744e-002
135659	1.655692414653620e-002	1.659586907437561e-002
141139	1.620225074579496e-002	1.621810097358930e-002
146139	1.578903751797467e-002	1.584893192461113e-002
158392	1.548536304827386e-002	1.548816618912481e-002
166599	1.512618950025668e-002	1.513561248436208e-002
183967	1.478770538479080e-002	1.479108388168207e-002
203890	1.444898410380302e-002	1.445439770745927e-002
227568	1.412530163180803e-002	1.412537544622754e-002
248748	1.378958635009953e-002	1.380384264602885e-002
282553	1.348794038921997e-002	1.348962882591653e-002
320661	1.317783921246363e-002	1.318256738556408e-002
355495	1.287405060287272e-002	1.288249551693134e-002
444235	1.258605305166516e-002	1.258925411794168e-002
500001	1.250676594568578e-002	1.258925411794168e-002
%
% index = 1412, name = bbob_f008_i07_d05__bbob_f017_i08_d05
% instance = 3, reference value = 9.832082378695251e-001
% function evaluation | indicator value | target hit
1	1.619281427418989e+008	1.621810097358933e+008
2	5.421059381927382e+005	5.495408738576248e+005
5	2.382554574434380e+005	2.398832919019490e+005
6	5.836791570161440e+003	5.888436553555890e+003
41	2.304059525353780e+003	2.344228815319923e+003
170	2.148306395599695e+003	2.187761623949552e+003
266	1.975682346910637e+003	1.995262314968879e+003
288	1.245469819838605e+003	1.258925411794168e+003
292	1.182478727916381e+003	1.202264434617413e+003
346	2.572237056757821e+002	2.630267991895382e+002
666	1.688339080150648e+002	1.698243652461744e+002
686	5.594253927596556e+001	5.623413251903491e+001
697	5.423396900820045e+001	5.495408738576246e+001
831	4.625469752081279e+001	4.677351412871981e+001
832	1.606425690185528e+001	1.621810097358930e+001
1014	3.323929863008560e+000	3.388441561392026e+000
1120	2.772147746413929e+000	2.818382931264454e+000
1259	2.739065945872303e+000	2.754228703338166e+000
1279	1.356340471038025e+000	1.380384264602885e+000
1287	9.915806325510250e-001	1.000000000000000e+000
1389	8.655342558369555e-001	8.709635899560806e-001
1456	7.839314098356114e-001	7.943282347242815e-001
1633	7.256202948515858e-001	7.413102413009175e-001
1675	7.200949298962284e-001	7.244359600749900e-001
1694	6.823140296010675e-001	6.918309709189364e-001
1776	6.627795151137679e-001	6.760829753919818e-001
1802	3.259315144509634e-001	3.311311214825911e-001
1862	3.231084166557006e-001	3.235936569296283e-001
1934	2.874861925418062e-001	2.884031503126606e-001
1945	2.273155031639100e-001	2.290867652767773e-001
2020	2.214474563032717e-001	2.238721138568340e-001
2065	2.148663871925721e-001	2.187761623949552e-001
2141	1.757105993901671e-001	1.778279410038923e-001
2289	1.728821509434743e-001	1.737800828749375e-001
2471	1.410145811474499e-001	1.412537544622755e-001
2564	1.316772904891053e-001	1.318256738556407e-001
2605	1.282491818924448e-001	1.288249551693134e-001
2674	1.212655021645990e-001	1.230268770812382e-001
2713	1.184502769113929e-001	1.202264434617413e-001
2739	1.162621780262501e-001	1.174897554939529e-001
2775	1.103002306879943e-001	1.122018454301964e-001
2784	9.850328641473471e-002	1.000000000000000e-001
2825	9.530580145203127e-002	9.549925860214359e-002
2976	9.175663514992127e-002	9.332543007969910e-002
2983	9.100760464724012e-002	9.120108393559097e-002
3055	8.506915858323461e-002	8.511380382023763e-002
3239	8.292355702309184e-002	8.317637711026708e-002
3260	8.103005973484045e-002	8.128305161640990e-002
3285	7.750364952321653e-002	7.762471166286916e-002
3328	7.229225414337781e-002	7.244359600749903e-002
3813	7.038508589010284e-002	7.079457843841380e-002
4027	6.570935144682810e-002	6.606934480075961e-002
4231	6.402808839639929e-002	6.456542290346556e-002
4412	6.256563588562980e-002	6.309573444801933e-002
4498	6.142213999165591e-002	6.165950018614822e-002
5018	5.935725897032762e-002	6.025595860743578e-002
5177	5.884305701014425e-002	5.888436553555890e-002
5463	5.632044152593507e-002	5.754399373371569e-002
5487	5.617180775304353e-002	5.623413251903491e-002
5506	5.480893096962991e-002	5.495408738576246e-002
5856	5.312543674795944e-002	5.370317963702527e-002
6445	5.187537905520290e-002	5.248074602497726e-002
6597	5.011914575133014e-002	5.128613839913648e-002
6599	5.006587110207239e-002	5.011872336272722e-002
6738	4.886093740176223e-002	4.897788193684461e-002
6934	4.701293600113254e-002	4.786300923226383e-002
6999	4.635160893884782e-002	4.677351412871982e-002
7881	4.570188455932689e-002	4.570881896148749e-002
8329	4.414244047929516e-002	4.466835921509630e-002
9625	4.364766638866935e-002	4.365158322401658e-002
9692	4.149551678295715e-002	4.168693834703355e-002
9926	3.588291653956921e-002	3.630780547701014e-002
10151	3.538306276266279e-002	3.548133892335755e-002
10397	3.450275431960381e-002	3.467368504525317e-002
10655	3.374452694690000e-002	3.388441561392026e-002
10755	3.285402503263424e-002	3.311311214825911e-002
11013	3.232253837580790e-002	3.235936569296283e-002
11269	3.039626880437063e-002	3.090295432513590e-002
11786	3.017224237370431e-002	3.019951720402016e-002
12857	2.938229418455829e-002	2.951209226666385e-002
13346	2.858427378384965e-002	2.884031503126606e-002
14093	2.805177075368148e-002	2.818382931264454e-002
14372	2.753904173050625e-002	2.754228703338166e-002
15226	2.678177416715000e-002	2.691534803926915e-002
16410	2.616355223523181e-002	2.630267991895382e-002
17090	2.562884044208114e-002	2.570395782768863e-002
17156	2.364232727984983e-002	2.398832919019490e-002
17798	2.339099721307159e-002	2.344228815319923e-002
18944	2.280630140414375e-002	2.290867652767774e-002
20209	2.237817349677307e-002	2.238721138568340e-002
21520	2.186995532038039e-002	2.187761623949553e-002
22218	2.125970383588505e-002	2.137962089502233e-002
23520	2.089277238081344e-002	2.089296130854040e-002
25040	2.034760221397991e-002	2.041737944669530e-002
25215	1.955812585500061e-002	1.995262314968880e-002
25454	1.908816782815515e-002	1.949844599758046e-002
25771	1.903724104634974e-002	1.905460717963247e-002
25909	1.857557134681542e-002	1.862087136662868e-002
26486	1.808632569339796e-002	1.819700858609984e-002
26829	1.745160608317320e-002	1.778279410038923e-002
28087	1.737268756762245e-002	1.737800828749376e-002
29750	1.697229235770614e-002	1.698243652461744e-002
31327	1.659249735194168e-002	1.659586907437561e-002
31565	1.613243588606772e-002	1.621810097358930e-002
32513	1.569655767440270e-002	1.584893192461113e-002
33207	1.536463258243093e-002	1.548816618912481e-002
35132	1.513448666942452e-002	1.513561248436208e-002
36416	1.478778923899760e-002	1.479108388168207e-002
36613	1.435595398733358e-002	1.445439770745927e-002
38946	1.404790601943073e-002	1.412537544622754e-002
40348	1.378085965147680e-002	1.380384264602885e-002
45945	1.348555923410855e-002	1.348962882591653e-002
49318	1.306970339284430e-002	1.318256738556408e-002
54137	1.282665497654523e-002	1.288249551693134e-002
57846	1.250984746378481e-002	1.258925411794168e-002
63234	1.226565711085137e-002	1.230268770812382e-002
72296	1.202120499987347e-002	1.202264434617413e-002
81614	1.170658102620414e-002	1.174897554939530e-002
87670	1.088638298129574e-002	1.096478196143185e-002
90462	1.071114388972672e-002	1.071519305237607e-002
98959	1.046873730708464e-002	1.047128548050900e-002
104570	1.015457796400976e-002	1.023292992280754e-002
116263	9.997944504052225e-003	1.000000000000000e-002
141707	9.771862261107267e-003	9.772372209558112e-003
165662	9.535861164378323e-003	9.549925860214359e-003
175640	9.276596729892006e-003	9.332543007969915e-003
188770	9.103377412067459e-003	9.120108393559097e-003
208319	8.879595512756744e-003	8.912509381337459e-003
229699	8.687762819640676e-003	8.709635899560805e-003
248270	8.510054332928618e-003	8.511380382023768e-003
286316	8.316137676838475e-003	8.317637711026709e-003
390450	8.128268810603134e-003	8.128305161640995e-003
500001	8.085399459095366e-003	8.128305161640995e-003
%
% index = 1413, name = bbob_f008_i09_d05__bbob_f017_i10_d05
% instance = 4, reference value = 9.880630083946000e-001
% function evaluation | indicator value | target hit
1	2.206220572944551e+009	2.238721138568338e+009
2	2.488507090311179e+006	2.511886431509582e+006
4	6.025056884681819e+005	6.025595860743581e+005
5	4.198853942813999e+005	4.265795188015926e+005
6	2.967981191594014e+004	3.019951720402019e+004
10	2.485582489577502e+004	2.511886431509582e+004
37	2.285413228919091e+004	2.290867652767775e+004
41	7.789385887809560e+003	7.943282347242814e+003
241	3.136678043209932e+003	3.162277660168380e+003
383	1.249103663573271e+003	1.258925411794168e+003
463	1.123306786994612e+003	1.148153621496883e+003
582	1.075967164829979e+003	1.096478196143185e+003
597	2.856085997095420e+002	2.884031503126606e+002
700	2.390420852041802e+002	2.398832919019490e+002
701	1.897802024477510e+002	1.905460717963246e+002
957	1.418001728279898e+002	1.445439770745928e+002
977	1.388058143549178e+002	1.412537544622754e+002
1000	1.091353982926713e+002	1.096478196143185e+002
1033	9.573450550057977e+001	9.772372209558107e+001
1045	9.537930617609925e+001	9.549925860214358e+001
1099	6.469735815880725e+001	6.606934480075961e+001
1137	6.396583399748010e+001	6.456542290346556e+001
1216	5.967325347394059e+001	6.025595860743578e+001
1223	5.238218420668056e+001	5.248074602497726e+001
1256	3.097858601519149e+001	3.162277660168379e+001
1297	2.252031241593423e+001	2.290867652767774e+001
1329	2.124371196972964e+001	2.137962089502232e+001
1358	1.346474979218906e+001	1.348962882591653e+001
1363	7.862203771228925e+000	7.943282347242816e+000
1368	2.359528671020184e+000	2.398832919019490e+000
1530	1.834570610690600e+000	1.862087136662868e+000
1683	7.767560281706869e-001	7.943282347242815e-001
1810	6.933461261870071e-001	7.079457843841379e-001
1920	4.517196047943664e-001	4.570881896148750e-001
1926	4.207132971740637e-001	4.265795188015927e-001
1960	3.744032957714499e-001	3.801893963205612e-001
2017	3.662862542025855e-001	3.715352290971726e-001
2019	3.512032037910968e-001	3.548133892335755e-001
2069	2.808315312979852e-001	2.818382931264454e-001
2071	2.683607586862578e-001	2.691534803926916e-001
2074	2.593922761774481e-001	2.630267991895382e-001
2076	2.457407987492212e-001	2.511886431509580e-001
2108	2.083446238618990e-001	2.089296130854039e-001
2164	2.039780901763350e-001	2.041737944669530e-001
2216	1.945551023815654e-001	1.949844599758046e-001
2223	1.795415014786637e-001	1.819700858609984e-001
2254	1.728395018467607e-001	1.737800828749375e-001
2282	1.635045610665912e-001	1.659586907437561e-001
2289	1.569326869474808e-001	1.584893192461113e-001
2339	1.472905872888921e-001	1.479108388168208e-001
2380	1.442378993095574e-001	1.445439770745928e-001
2414	1.364442957711767e-001	1.380384264602885e-001
2426	1.316998592673663e-001	1.318256738556407e-001
2472	1.287297199582355e-001	1.288249551693134e-001
2520	1.028202763146395e-001	1.047128548050900e-001
2523	1.023218801296989e-001	1.023292992280754e-001
2546	9.219768809677587e-002	9.332543007969910e-002
2553	9.001163507899268e-002	9.120108393559097e-002
2580	8.824953842708250e-002	8.912509381337455e-002
2655	8.680728849557029e-002	8.709635899560805e-002
2720	8.487727891061248e-002	8.511380382023763e-002
2749	8.000091268767595e-002	8.128305161640990e-002
2783	7.761631385625289e-002	7.762471166286916e-002
2849	7.403543232521592e-002	7.413102413009177e-002
2865	7.106359518381478e-002	7.244359600749903e-002
2906	6.914563735270596e-002	6.918309709189366e-002
2941	6.748966187008632e-002	6.760829753919818e-002
3010	6.410522461430135e-002	6.456542290346556e-002
3022	6.245115229378417e-002	6.309573444801933e-002
3044	6.136313707315944e-002	6.165950018614822e-002
3076	5.962434629284696e-002	6.025595860743578e-002
3105	5.584165887128656e-002	5.623413251903491e-002
3228	5.490658672458593e-002	5.495408738576246e-002
3253	5.336595499491137e-002	5.370317963702527e-002
3427	5.124743312377222e-002	5.128613839913648e-002
3473	5.003945870533866e-002	5.011872336272722e-002
3509	4.729559223558089e-002	4.786300923226383e-002
3536	4.582114620682565e-002	4.677351412871982e-002
3553	4.525061241406903e-002	4.570881896148749e-002
3903	4.378891322580703e-002	4.466835921509630e-002
4089	4.350454854371100e-002	4.365158322401658e-002
4222	3.745368387129222e-002	3.801893963205612e-002
4428	3.659400642056454e-002	3.715352290971726e-002
4850	3.615343221726675e-002	3.630780547701014e-002
5133	3.073132130173972e-002	3.090295432513590e-002
5409	3.019356013837893e-002	3.019951720402016e-002
5847	2.930548078570794e-002	2.951209226666385e-002
5894	2.330431249538445e-002	2.344228815319923e-002
6358	2.279506745249127e-002	2.290867652767774e-002
6612	2.218666831234539e-002	2.238721138568340e-002
6677	2.121719884993567e-002	2.137962089502233e-002
6818	1.895799862367564e-002	1.905460717963247e-002
7716	1.861179687774250e-002	1.862087136662868e-002
8674	1.819647078412390e-002	1.819700858609984e-002
9884	1.731576529920309e-002	1.737800828749376e-002
10266	1.697639941460727e-002	1.698243652461744e-002
11136	1.652270849440940e-002	1.659586907437561e-002
12262	1.613606747595764e-002	1.621810097358930e-002
13091	1.584185920321413e-002	1.584893192461113e-002
14409	1.236220200777927e-002	1.258925411794168e-002
14915	1.230243688766808e-002	1.230268770812382e-002
15958	1.194298904160107e-002	1.202264434617413e-002
17301	1.168676685479098e-002	1.174897554939530e-002
17744	1.141555431750085e-002	1.148153621496883e-002
19672	1.120997839607196e-002	1.122018454301964e-002
22111	1.095170698374126e-002	1.096478196143185e-002
26777	1.068810738102444e-002	1.071519305237607e-002
26989	9.549133898339890e-003	9.549925860214359e-003
33224	9.331007136121228e-003	9.332543007969915e-003
39077	9.117133977340708e-003	9.120108393559097e-003
50607	8.909112441924161e-003	8.912509381337459e-003
55943	8.562518409550468e-003	8.709635899560805e-003
59867	8.504449589228691e-003	8.511380382023768e-003
71736	8.316765030148443e-003	8.317637711026709e-003
83423	8.059480108035477e-003	8.128305161640995e-003
100419	7.929357655252378e-003	7.943282347242814e-003
163201	7.759681981701516e-003	7.762471166286920e-003
500001	7.597079142116714e-003	7.762471166286920e-003
%
% index = 1414, name = bbob_f008_i11_d05__bbob_f017_i12_d05
% instance = 5, reference value = 9.826776571474180e-001
% function evaluation | indicator value | target hit
1	9.549755989666975e+008	9.549925860214369e+008
4	2.956726394983636e+008	3.019951720402019e+008
5	3.441333474628513e+004	3.467368504525317e+004
6	1.689140179934539e+003	1.698243652461744e+003
41	5.917892470521600e+002	6.025595860743575e+002
253	1.824437248595328e+002	1.862087136662867e+002
650	1.376513069983108e+002	1.380384264602885e+002
792	9.506415162602895e+000	9.549925860214358e+000
946	2.482117595612807e+000	2.511886431509580e+000
1087	1.701837349834604e+000	1.737800828749375e+000
1116	1.254366189917418e+000	1.258925411794167e+000
1121	6.005409362436525e-001	6.025595860743578e-001
1255	5.093361384378281e-001	5.128613839913648e-001
1469	4.611771495914333e-001	4.677351412871982e-001
1529	4.005915976013892e-001	4.073802778041127e-001
1608	3.236166621072022e-001	3.311311214825911e-001
1678	2.865877406521937e-001	2.884031503126606e-001
1821	2.112116161622456e-001	2.137962089502232e-001
1937	2.084180554963492e-001	2.089296130854039e-001
1968	1.999210152846132e-001	2.041737944669530e-001
2081	1.993823338502885e-001	1.995262314968880e-001
2099	1.934546584467575e-001	1.949844599758046e-001
2119	1.854856187300952e-001	1.862087136662868e-001
2139	1.816943715696676e-001	1.819700858609984e-001
2156	1.766956391504456e-001	1.778279410038923e-001
2213	1.737150620731157e-001	1.737800828749375e-001
2264	1.574655523676048e-001	1.584893192461113e-001
2300	1.385715700181370e-001	1.412537544622755e-001
2339	1.379443613837699e-001	1.380384264602885e-001
2403	1.179898132769436e-001	1.202264434617413e-001
2467	1.166193077826928e-001	1.174897554939529e-001
2484	1.136791944856316e-001	1.148153621496883e-001
2587	9.194355198424487e-002	9.332543007969910e-002
2640	9.065000348313190e-002	9.120108393559097e-002
2680	8.715273053899486e-002	8.912509381337455e-002
2693	8.699401541687479e-002	8.709635899560805e-002
2807	8.303851151759611e-002	8.317637711026708e-002
2906	7.458127967878447e-002	7.585775750291836e-002
3003	7.356453909644523e-002	7.413102413009177e-002
3061	6.872387090802712e-002	6.918309709189366e-002
3243	6.701964240348257e-002	6.760829753919818e-002
3307	6.519054151074288e-002	6.606934480075961e-002
3490	5.710959362293733e-002	5.754399373371569e-002
3787	5.581590960791072e-002	5.623413251903491e-002
4122	5.449353385683098e-002	5.495408738576246e-002
4169	5.321082076097727e-002	5.370317963702527e-002
4187	5.223498578754915e-002	5.248074602497726e-002
4610	5.128445711680918e-002	5.128613839913648e-002
4873	4.991251169412581e-002	5.011872336272722e-002
5227	4.881154798006848e-002	4.897788193684461e-002
5408	4.699918768346689e-002	4.786300923226383e-002
5536	4.675811730202084e-002	4.677351412871982e-002
6291	4.181447267325344e-002	4.265795188015926e-002
6433	4.077500778588528e-002	4.168693834703355e-002
6548	3.964031629526799e-002	3.981071705534973e-002
6594	3.846842265783013e-002	3.890451449942807e-002
6854	3.734035613900355e-002	3.801893963205612e-002
6994	3.706132263366935e-002	3.715352290971726e-002
8034	3.592524990253021e-002	3.630780547701014e-002
8114	3.356618305061632e-002	3.388441561392026e-002
8913	3.308102042565098e-002	3.311311214825911e-002
9374	3.223064034045309e-002	3.235936569296283e-002
10011	3.141153880553771e-002	3.162277660168379e-002
10425	3.089301583953386e-002	3.090295432513590e-002
10485	2.861400327931829e-002	2.884031503126606e-002
10954	2.800732473661827e-002	2.818382931264454e-002
11934	2.740963433826615e-002	2.754228703338166e-002
12498	2.589884150751864e-002	2.630267991895382e-002
13899	2.568379037007273e-002	2.570395782768863e-002
14885	2.494874729150542e-002	2.511886431509579e-002
15154	2.450659217660212e-002	2.454708915685030e-002
16202	2.398260387474294e-002	2.398832919019490e-002
18001	2.334750049071666e-002	2.344228815319923e-002
19976	2.151068831763603e-002	2.187761623949553e-002
21071	2.096431433808099e-002	2.137962089502233e-002
21557	2.079096666642200e-002	2.089296130854040e-002
22531	2.030926324417515e-002	2.041737944669530e-002
24327	1.995152096376884e-002	1.995262314968880e-002
24516	1.930570936264242e-002	1.949844599758046e-002
24582	1.816964885185513e-002	1.819700858609984e-002
27461	1.751179986225449e-002	1.778279410038923e-002
28934	1.731965194144880e-002	1.737800828749376e-002
30199	1.698208547657709e-002	1.698243652461744e-002
32504	1.649548251774935e-002	1.659586907437561e-002
40708	1.620630498647979e-002	1.621810097358930e-002
49369	1.584776847643987e-002	1.584893192461113e-002
50590	1.507911515354865e-002	1.513561248436208e-002
51831	1.473742532790789e-002	1.479108388168207e-002
64468	1.445292111048502e-002	1.445439770745927e-002
81013	1.411414616387330e-002	1.412537544622754e-002
361846	1.379927763404965e-002	1.380384264602885e-002
500001	1.377431060086087e-002	1.380384264602885e-002
%
% index = 1415, name = bbob_f008_i13_d05__bbob_f017_i14_d05
% instance = 6, reference value = 9.501123905921060e-001
% function evaluation | indicator value | target hit
1	2.357405178856225e+013	2.398832919019495e+013
2	6.703681280267335e+004	6.760829753919819e+004
3	5.784280461782735e+004	5.888436553555884e+004
5	1.367748525543426e+004	1.380384264602884e+004
6	5.957585977369932e+003	6.025595860743575e+003
10	1.996903000866421e+003	2.041737944669530e+003
37	9.560287291860449e+002	9.772372209558112e+002
41	4.247249828073136e+002	4.265795188015925e+002
302	3.289811797628567e+002	3.311311214825911e+002
327	2.371887439702163e+002	2.398832919019490e+002
478	7.082103728706042e+001	7.244359600749903e+001
655	2.480073357390961e+001	2.511886431509580e+001
805	2.424439892551964e+001	2.454708915685030e+001
860	2.360636624881697e+001	2.398832919019490e+001
888	2.175077125791661e+001	2.187761623949553e+001
970	1.101923879302911e+001	1.122018454301964e+001
1013	9.796604903486578e+000	1.000000000000000e+001
1049	4.466116316009235e+000	4.466835921509632e+000
1068	1.394926872613106e+000	1.412537544622754e+000
1248	1.133624681101606e+000	1.148153621496883e+000
1287	9.514100239311060e-001	9.549925860214360e-001
1299	4.086706235091449e-001	4.168693834703354e-001
1341	4.043325037859401e-001	4.073802778041127e-001
1651	3.871944124790819e-001	3.890451449942806e-001
1742	3.535549609092555e-001	3.548133892335755e-001
1951	2.188652481487345e-001	2.238721138568340e-001
1965	2.160329378840444e-001	2.187761623949552e-001
2022	2.110317909296958e-001	2.137962089502232e-001
2032	2.083492610024481e-001	2.089296130854039e-001
2321	1.946395408177872e-001	1.949844599758046e-001
2393	1.900899936454027e-001	1.905460717963247e-001
2462	1.681930988403954e-001	1.698243652461744e-001
2482	1.625391977613695e-001	1.659586907437561e-001
2495	1.620176317487476e-001	1.621810097358930e-001
2498	1.415401614391748e-001	1.445439770745928e-001
2514	1.070375533505373e-001	1.071519305237607e-001
2609	1.046681663960098e-001	1.047128548050900e-001
2636	9.616536438601264e-002	9.772372209558107e-002
2664	9.502430513376436e-002	9.549925860214359e-002
2722	9.234017983272636e-002	9.332543007969910e-002
2861	9.052654122137649e-002	9.120108393559097e-002
3088	8.879391104631840e-002	8.912509381337455e-002
3177	7.990592101379057e-002	8.128305161640990e-002
3223	7.929531470252238e-002	7.943282347242814e-002
3466	7.663760334416458e-002	7.762471166286916e-002
3520	7.541591833856520e-002	7.585775750291836e-002
3575	7.168985517982485e-002	7.244359600749903e-002
3636	6.870331791297335e-002	6.918309709189366e-002
3829	6.758996102973991e-002	6.760829753919818e-002
4754	6.464282675140742e-002	6.606934480075961e-002
4778	6.431856135611014e-002	6.456542290346556e-002
4842	6.002138642436283e-002	6.025595860743578e-002
5275	5.857709977887993e-002	5.888436553555890e-002
5478	5.657124727781715e-002	5.754399373371569e-002
5556	5.622799018071933e-002	5.623413251903491e-002
5788	5.435785609128319e-002	5.495408738576246e-002
6136	5.321404145080821e-002	5.370317963702527e-002
6662	5.114791020761544e-002	5.128613839913648e-002
7163	5.002843102835208e-002	5.011872336272722e-002
7603	4.835326763550418e-002	4.897788193684461e-002
7799	4.781979912919998e-002	4.786300923226383e-002
7851	4.532335147198441e-002	4.570881896148749e-002
8813	4.453618253534153e-002	4.466835921509630e-002
9255	4.363741181225866e-002	4.365158322401658e-002
9691	4.259421911506445e-002	4.265795188015926e-002
10146	4.167914076632939e-002	4.168693834703355e-002
10649	3.998536401468422e-002	4.073802778041128e-002
11218	3.978531842597277e-002	3.981071705534973e-002
12503	3.866580180759915e-002	3.890451449942807e-002
13760	3.721092085788669e-002	3.801893963205612e-002
13852	3.711864394400077e-002	3.715352290971726e-002
14843	3.629777453052108e-002	3.630780547701014e-002
15961	3.524119297162398e-002	3.548133892335755e-002
16233	3.395926164285845e-002	3.467368504525317e-002
16499	3.364655592814092e-002	3.388441561392026e-002
18749	3.302413005692240e-002	3.311311214825911e-002
20084	3.154677391049454e-002	3.162277660168379e-002
20825	2.993587780803886e-002	3.019951720402016e-002
21070	2.866165998034465e-002	2.884031503126606e-002
23893	2.774362128252461e-002	2.818382931264454e-002
24588	2.750352688275415e-002	2.754228703338166e-002
25372	2.663114984253445e-002	2.691534803926915e-002
26538	2.625527437396513e-002	2.630267991895382e-002
28198	2.549584666798055e-002	2.570395782768863e-002
29341	2.504872883246545e-002	2.511886431509579e-002
31351	2.453940603677696e-002	2.454708915685030e-002
32164	2.398393103075469e-002	2.398832919019490e-002
34819	2.331132371824285e-002	2.344228815319923e-002
35792	2.284102584580117e-002	2.290867652767774e-002
38196	2.229988065682786e-002	2.238721138568340e-002
38679	2.159528933071853e-002	2.187761623949553e-002
40512	2.091236145144071e-002	2.137962089502233e-002
40698	2.089261451350122e-002	2.089296130854040e-002
43342	2.035346026892471e-002	2.041737944669530e-002
46292	1.963949792218045e-002	1.995262314968880e-002
46487	1.949194784368635e-002	1.949844599758046e-002
46973	1.903068908936456e-002	1.905460717963247e-002
47949	1.860759739659035e-002	1.862087136662868e-002
50081	1.807683594874843e-002	1.819700858609984e-002
52575	1.767667377627757e-002	1.778279410038923e-002
53992	1.721169621278051e-002	1.737800828749376e-002
58412	1.698037976542155e-002	1.698243652461744e-002
59583	1.656840999822629e-002	1.659586907437561e-002
62980	1.621159073104450e-002	1.621810097358930e-002
79912	1.577999102019301e-002	1.584893192461113e-002
500001	1.559928274770117e-002	1.584893192461113e-002
%
% index = 1416, name = bbob_f008_i15_d05__bbob_f017_i16_d05
% instance = 7, reference value = 9.782296826537240e-001
% function evaluation | indicator value | target hit
1	1.654220004987061e+006	1.659586907437560e+006
5	1.749391487289348e+005	1.778279410038923e+005
6	1.701103649762664e+004	1.737800828749376e+004
10	8.725003814108557e+003	8.912509381337459e+003
37	7.205226297769924e+003	7.244359600749899e+003
41	2.332156465887541e+003	2.344228815319923e+003
254	2.264387195220106e+003	2.290867652767772e+003
327	1.364127812333380e+003	1.380384264602885e+003
346	1.524408607657861e+002	1.548816618912481e+002
691	9.606017127196846e+001	9.772372209558107e+001
763	8.692825630343286e+001	8.709635899560806e+001
945	7.896634323250888e+001	7.943282347242814e+001
953	1.098819886033038e+001	1.122018454301964e+001
1248	1.034562986906077e+001	1.047128548050900e+001
1255	8.906118067762524e+000	8.912509381337454e+000
1302	4.267089166938822e+000	4.365158322401660e+000
1305	1.976361664977224e+000	1.995262314968880e+000
1498	4.105242855612529e-001	4.168693834703354e-001
1545	3.429362736071551e-001	3.467368504525316e-001
1602	3.090539559142639e-001	3.162277660168379e-001
1608	2.851636787827444e-001	2.884031503126606e-001
1624	2.669823367348962e-001	2.691534803926916e-001
1665	2.403120446502698e-001	2.454708915685031e-001
1782	2.370886933393209e-001	2.398832919019490e-001
1822	2.338479409193993e-001	2.344228815319922e-001
1847	2.163648711825249e-001	2.187761623949552e-001
1887	2.092521366798881e-001	2.137962089502232e-001
1904	2.084330931633731e-001	2.089296130854039e-001
1918	2.036078304477568e-001	2.041737944669530e-001
1940	1.217128353607497e-001	1.230268770812382e-001
1955	1.128572953910270e-001	1.148153621496883e-001
1994	1.113032540672112e-001	1.122018454301964e-001
1999	1.064989525443488e-001	1.071519305237607e-001
2026	9.814381676987927e-002	1.000000000000000e-001
2064	9.229786672452478e-002	9.332543007969910e-002
2099	8.954577730700519e-002	9.120108393559097e-002
2134	8.665693847223521e-002	8.709635899560805e-002
2205	8.281363500443306e-002	8.317637711026708e-002
2206	7.803740518784552e-002	7.943282347242814e-002
2214	7.337717832702395e-002	7.413102413009177e-002
2309	7.006145252362606e-002	7.079457843841380e-002
2341	6.349613695020762e-002	6.456542290346556e-002
2383	6.005442336701383e-002	6.025595860743578e-002
2492	5.875809648855923e-002	5.888436553555890e-002
2589	5.741528958841413e-002	5.754399373371569e-002
2679	4.929895368423876e-002	5.011872336272722e-002
2750	4.804041911315948e-002	4.897788193684461e-002
2785	4.746533384967233e-002	4.786300923226383e-002
2864	4.445939133861998e-002	4.466835921509630e-002
2922	4.046826319801444e-002	4.073802778041128e-002
3053	3.955513761943375e-002	3.981071705534973e-002
3213	3.798418473031162e-002	3.801893963205612e-002
3214	3.640856487278521e-002	3.715352290971726e-002
3297	3.457218892426928e-002	3.467368504525317e-002
3395	3.376642742844793e-002	3.388441561392026e-002
3428	3.135517397394516e-002	3.162277660168379e-002
3613	2.991328431297391e-002	3.019951720402016e-002
3790	2.940370215681765e-002	2.951209226666385e-002
3818	2.652033124120767e-002	2.691534803926915e-002
3898	2.621525818673354e-002	2.630267991895382e-002
3942	2.559310605478138e-002	2.570395782768863e-002
4131	2.507776211736579e-002	2.511886431509579e-002
4581	2.408877080173710e-002	2.454708915685030e-002
4800	2.098451369342391e-002	2.137962089502233e-002
4990	2.082751901383573e-002	2.089296130854040e-002
5340	2.041502798598860e-002	2.041737944669530e-002
6248	1.940804155670195e-002	1.949844599758046e-002
6832	1.886741206793607e-002	1.905460717963247e-002
6900	1.858063358407069e-002	1.862087136662868e-002
6942	1.803945009935304e-002	1.819700858609984e-002
6957	1.770196870432517e-002	1.778279410038923e-002
7353	1.723965117269488e-002	1.737800828749376e-002
7418	1.643207791064871e-002	1.659586907437561e-002
7933	1.614911157689114e-002	1.621810097358930e-002
8309	1.581260822323094e-002	1.584893192461113e-002
9208	1.548619255954731e-002	1.548816618912481e-002
9961	1.496730325809592e-002	1.513561248436208e-002
9967	1.471854505569759e-002	1.479108388168207e-002
10375	1.441201413365656e-002	1.445439770745927e-002
10836	1.412493384688041e-002	1.412537544622754e-002
11746	1.368161592909911e-002	1.380384264602885e-002
11992	1.342111996229845e-002	1.348962882591653e-002
12577	1.306104218767623e-002	1.318256738556408e-002
12784	1.240523121386672e-002	1.258925411794168e-002
13292	1.213983238686422e-002	1.230268770812382e-002
13905	1.194033167697461e-002	1.202264434617413e-002
13953	1.128911953674994e-002	1.148153621496883e-002
14448	1.117636974292002e-002	1.122018454301964e-002
15098	1.086097429575328e-002	1.096478196143185e-002
15279	1.055439373865874e-002	1.071519305237607e-002
15794	1.042913298676573e-002	1.047128548050900e-002
17012	1.014629232621211e-002	1.023292992280754e-002
18881	9.845758617973432e-003	1.000000000000000e-002
19827	9.740048112274913e-003	9.772372209558112e-003
20258	9.475394940101301e-003	9.549925860214359e-003
22016	9.329959161628598e-003	9.332543007969915e-003
22683	8.962399625485173e-003	9.120108393559097e-003
22982	8.890804217908777e-003	8.912509381337459e-003
24894	8.705654587679024e-003	8.709635899560805e-003
26543	8.440937216849132e-003	8.511380382023768e-003
28452	8.194855655622724e-003	8.317637711026709e-003
28797	8.110241289537967e-003	8.128305161640995e-003
29616	7.907116493713895e-003	7.943282347242814e-003
30106	7.707962654149081e-003	7.762471166286920e-003
31302	7.567755323319325e-003	7.585775750291836e-003
35441	7.404417956103471e-003	7.413102413009177e-003
38292	7.234383503755493e-003	7.244359600749898e-003
41346	6.962075572448434e-003	7.079457843841380e-003
42801	6.917785544379274e-003	6.918309709189363e-003
44730	6.755897912136044e-003	6.760829753919818e-003
49352	6.562649222436878e-003	6.606934480075957e-003
52687	6.419203039927046e-003	6.456542290346556e-003
56353	6.191119898030562e-003	6.309573444801930e-003
56689	6.154875872005694e-003	6.165950018614822e-003
62252	6.022166172608534e-003	6.025595860743574e-003
68983	5.887060946411227e-003	5.888436553555890e-003
73768	5.729784266524485e-003	5.754399373371567e-003
77739	5.621098163634097e-003	5.623413251903491e-003
85744	5.491348641455396e-003	5.495408738576248e-003
98982	5.370310497040731e-003	5.370317963702527e-003
109695	5.247942787228843e-003	5.248074602497728e-003
127073	5.121712103737020e-003	5.128613839913648e-003
147765	5.009564374541808e-003	5.011872336272725e-003
196364	4.897767133207220e-003	4.897788193684461e-003
500001	4.799381740999476e-003	4.897788193684461e-003
%
% index = 1417, name = bbob_f008_i17_d05__bbob_f017_i18_d05
% instance = 8, reference value = 9.873044244371710e-001
% function evaluation | indicator value | target hit
1	1.265297925352385e+006	1.288249551693135e+006
3	1.255810995939947e+006	1.258925411794166e+006
4	1.498094810081889e+005	1.513561248436207e+005
5	1.256274187452846e+005	1.258925411794166e+005
6	6.456448889015723e+003	6.456542290346556e+003
10	3.912338050926890e+003	3.981071705534973e+003
41	3.502168139299631e+003	3.548133892335753e+003
48	1.998145865342801e+003	2.041737944669530e+003
191	9.911884077233128e+002	1.000000000000000e+003
253	8.616721398252447e+002	8.709635899560806e+002
401	2.224051716703716e+002	2.238721138568340e+002
710	4.860878166074475e+001	4.897788193684461e+001
885	3.599844568928697e+001	3.630780547701014e+001
920	2.553156783280676e+001	2.570395782768863e+001
1023	1.256561784552606e+001	1.258925411794168e+001
1045	9.087069195717113e+000	9.120108393559097e+000
1060	1.168069433781671e+000	1.174897554939530e+000
1061	1.028368006472171e+000	1.047128548050900e+000
1346	5.182817408727998e-001	5.248074602497725e-001
1508	4.851734089639462e-001	4.897788193684462e-001
1540	4.722541379842876e-001	4.786300923226383e-001
1719	3.441817424917254e-001	3.467368504525316e-001
1760	2.946706197057593e-001	2.951209226666385e-001
1768	2.756592429948304e-001	2.818382931264454e-001
1840	2.318554030641069e-001	2.344228815319922e-001
1843	2.056314077450901e-001	2.089296130854039e-001
1848	2.012702131526541e-001	2.041737944669530e-001
1849	1.914411583190234e-001	1.949844599758046e-001
1869	1.892500296865525e-001	1.905460717963247e-001
1878	1.835974239432876e-001	1.862087136662868e-001
1890	1.573533194416091e-001	1.584893192461113e-001
1923	1.527726084064833e-001	1.548816618912481e-001
1932	1.462269497567166e-001	1.479108388168208e-001
1948	1.377769002225682e-001	1.380384264602885e-001
1949	1.242549899000242e-001	1.258925411794167e-001
2037	1.078984095748730e-001	1.096478196143185e-001
2038	9.965787699906370e-002	1.000000000000000e-001
2053	8.813016579492050e-002	8.912509381337455e-002
2054	8.236269976232291e-002	8.317637711026708e-002
2132	7.364057937788260e-002	7.413102413009177e-002
2157	7.066404753082789e-002	7.079457843841380e-002
2177	6.731593270139580e-002	6.760829753919818e-002
2178	6.539913781812412e-002	6.606934480075961e-002
2186	6.370015484451841e-002	6.456542290346556e-002
2208	6.290637892231998e-002	6.309573444801933e-002
2222	6.102078840903724e-002	6.165950018614822e-002
2262	5.935939849843197e-002	6.025595860743578e-002
2277	5.783442672218087e-002	5.888436553555890e-002
2308	5.461419921881194e-002	5.495408738576246e-002
2335	5.251980152765345e-002	5.370317963702527e-002
2339	5.244716522092774e-002	5.248074602497726e-002
2366	5.044185929007850e-002	5.128613839913648e-002
2376	4.961694765138169e-002	5.011872336272722e-002
2407	4.712408460912954e-002	4.786300923226383e-002
2413	4.517286146137889e-002	4.570881896148749e-002
2478	4.400284120804610e-002	4.466835921509630e-002
2484	4.352239231552624e-002	4.365158322401658e-002
2490	4.081340235520348e-002	4.168693834703355e-002
2509	4.067676411653387e-002	4.073802778041128e-002
2527	3.967383412640868e-002	3.981071705534973e-002
2546	3.853562684789924e-002	3.890451449942807e-002
2596	3.801146398150701e-002	3.801893963205612e-002
2629	3.691080451692519e-002	3.715352290971726e-002
2630	3.611740215500425e-002	3.630780547701014e-002
2659	3.499623927802931e-002	3.548133892335755e-002
2700	3.455718419679543e-002	3.467368504525317e-002
2727	3.236648558167887e-002	3.311311214825911e-002
2734	3.232829822162719e-002	3.235936569296283e-002
2767	3.110643688342341e-002	3.162277660168379e-002
2778	3.026270384337781e-002	3.090295432513590e-002
2793	3.019570297670471e-002	3.019951720402016e-002
2802	2.941601635493829e-002	2.951209226666385e-002
2888	2.855770705508909e-002	2.884031503126606e-002
2914	2.652537583605863e-002	2.691534803926915e-002
2969	2.623442625280548e-002	2.630267991895382e-002
3018	2.544447722913990e-002	2.570395782768863e-002
3103	2.371431817397596e-002	2.398832919019490e-002
3184	2.330566296157643e-002	2.344228815319923e-002
3346	2.261549869915747e-002	2.290867652767774e-002
3374	2.237358949414159e-002	2.238721138568340e-002
3434	2.176327011566026e-002	2.187761623949553e-002
3449	2.095159713651851e-002	2.137962089502233e-002
3557	2.089227036289354e-002	2.089296130854040e-002
3773	2.031916526729993e-002	2.041737944669530e-002
3944	1.988432437499721e-002	1.995262314968880e-002
4045	1.946610767274637e-002	1.949844599758046e-002
4083	1.876974845694357e-002	1.905460717963247e-002
4092	1.836771222770384e-002	1.862087136662868e-002
4346	1.803770818902029e-002	1.819700858609984e-002
4567	1.776678751466532e-002	1.778279410038923e-002
4684	1.729504022348327e-002	1.737800828749376e-002
4854	1.596983630937343e-002	1.621810097358930e-002
4899	1.580044730377805e-002	1.584893192461113e-002
5070	1.543635993434112e-002	1.548816618912481e-002
5307	1.512469463523847e-002	1.513561248436208e-002
5756	1.472942720725190e-002	1.479108388168207e-002
5799	1.444567493922211e-002	1.445439770745927e-002
5902	1.411865751196317e-002	1.412537544622754e-002
6147	1.376076151907213e-002	1.380384264602885e-002
6186	1.342432113243186e-002	1.348962882591653e-002
6501	1.314463745008654e-002	1.318256738556408e-002
6829	1.287311265043600e-002	1.288249551693134e-002
7084	1.246428688316870e-002	1.258925411794168e-002
7290	1.228692575431678e-002	1.230268770812382e-002
7765	1.199456947345989e-002	1.202264434617413e-002
8068	1.152048377114179e-002	1.174897554939530e-002
8102	1.147330813822578e-002	1.148153621496883e-002
8618	1.117531841005193e-002	1.122018454301964e-002
9341	1.093461629101056e-002	1.096478196143185e-002
9786	1.067370401389367e-002	1.071519305237607e-002
10059	1.046638875879058e-002	1.047128548050900e-002
11527	1.021489685994848e-002	1.023292992280754e-002
12413	9.991246669364906e-003	1.000000000000000e-002
12737	9.180319372723678e-003	9.332543007969915e-003
13446	9.109840826936999e-003	9.120108393559097e-003
14231	8.891880203787173e-003	8.912509381337459e-003
14559	8.671746504360200e-003	8.709635899560805e-003
15505	8.497669265997931e-003	8.511380382023768e-003
16977	8.316442785311073e-003	8.317637711026709e-003
19081	8.068480500163622e-003	8.128305161640995e-003
19562	7.844729286313634e-003	7.943282347242814e-003
20019	7.761882546239218e-003	7.762471166286920e-003
20226	7.444826433954832e-003	7.585775750291836e-003
20322	7.412232166100541e-003	7.413102413009177e-003
21350	7.243951793715620e-003	7.244359600749898e-003
24455	7.028528429711689e-003	7.079457843841380e-003
24788	6.896963580109494e-003	6.918309709189363e-003
27874	6.749317429881940e-003	6.760829753919818e-003
29926	6.605368421513824e-003	6.606934480075957e-003
31646	6.345242433038578e-003	6.456542290346556e-003
32414	6.309537956873390e-003	6.309573444801930e-003
36122	6.165883278812290e-003	6.165950018614822e-003
38433	6.005197961765130e-003	6.025595860743574e-003
44520	5.885405713158765e-003	5.888436553555890e-003
52976	5.746261797326957e-003	5.754399373371567e-003
63893	5.623222219771962e-003	5.623413251903491e-003
86574	5.489541739620574e-003	5.495408738576248e-003
148861	5.351843285866464e-003	5.370317963702527e-003
500001	5.249903872898587e-003	5.370317963702527e-003
%
% index = 1418, name = bbob_f008_i19_d05__bbob_f017_i21_d05
% instance = 9, reference value = 9.703033668259410e-001
% function evaluation | indicator value | target hit
1	2.386238742556394e+011	2.398832919019495e+011
2	7.581264423147881e+006	7.585775750291836e+006
3	3.821765823771763e+005	3.890451449942805e+005
4	1.097612360626941e+005	1.122018454301963e+005
5	8.592029030778258e+004	8.709635899560814e+004
10	4.260817655708744e+003	4.265795188015925e+003
48	2.747343072614576e+003	2.754228703338166e+003
253	2.126740210180486e+003	2.137962089502233e+003
374	2.038971860167065e+003	2.041737944669530e+003
387	1.031020178743430e+003	1.047128548050900e+003
486	5.407039979489675e+002	5.495408738576248e+002
517	4.538990495678521e+002	4.570881896148752e+002
665	3.308539011021992e+002	3.311311214825911e+002
796	1.274001639204617e+002	1.288249551693134e+002
802	1.013034057532147e+002	1.023292992280754e+002
853	2.726229645324777e+001	2.754228703338166e+001
1001	2.439343231452415e+001	2.454708915685030e+001
1131	2.001345060093415e+001	2.041737944669530e+001
1150	1.424899171652002e+001	1.445439770745927e+001
1209	9.100870116491468e+000	9.120108393559097e+000
1359	6.082095750544441e+000	6.165950018614822e+000
1382	3.082100744654709e+000	3.090295432513591e+000
1429	2.810241615588317e+000	2.818382931264454e+000
1456	2.470137502734827e+000	2.511886431509580e+000
1555	8.550548884713729e-001	8.709635899560806e-001
1750	8.495106609031592e-001	8.511380382023764e-001
1814	4.924636862123244e-001	5.011872336272722e-001
1826	4.802506253006151e-001	4.897788193684462e-001
1906	4.399978355534228e-001	4.466835921509632e-001
1989	4.279812241106444e-001	4.365158322401660e-001
2001	3.895539650177724e-001	3.981071705534973e-001
2103	3.436754253364419e-001	3.467368504525316e-001
2174	3.369778452136365e-001	3.388441561392026e-001
2226	3.158977067888048e-001	3.162277660168379e-001
2351	2.239112655895200e-001	2.290867652767773e-001
2354	2.020890544721599e-001	2.041737944669530e-001
2382	1.969212547376827e-001	1.995262314968880e-001
2588	1.843041009638989e-001	1.862087136662868e-001
2632	1.437146673928506e-001	1.445439770745928e-001
2812	1.295702884259357e-001	1.318256738556407e-001
2849	1.276739990869189e-001	1.288249551693134e-001
2984	1.178122354135076e-001	1.202264434617413e-001
2991	1.173459019927795e-001	1.174897554939529e-001
3224	1.146362946094334e-001	1.148153621496883e-001
3272	1.097461936810895e-001	1.122018454301964e-001
3278	1.012008148468090e-001	1.023292992280754e-001
3488	9.646920000315373e-002	9.772372209558107e-002
3823	9.547739608941708e-002	9.549925860214359e-002
3830	9.122743917121789e-002	9.332543007969910e-002
3885	9.106633508188455e-002	9.120108393559097e-002
4053	8.840129955767195e-002	8.912509381337455e-002
4326	8.063289348651737e-002	8.128305161640990e-002
4897	7.775682181182553e-002	7.943282347242814e-002
4944	7.762183319327665e-002	7.762471166286916e-002
5162	7.527696370546433e-002	7.585775750291836e-002
5219	7.150869492536749e-002	7.244359600749903e-002
5257	7.045715928004437e-002	7.079457843841380e-002
5585	6.906476177597154e-002	6.918309709189366e-002
5717	6.647990519516989e-002	6.760829753919818e-002
5779	5.909128144486175e-002	6.025595860743578e-002
5830	5.887514543396477e-002	5.888436553555890e-002
6684	5.499989960718732e-002	5.623413251903491e-002
6926	5.433178027386010e-002	5.495408738576246e-002
7288	5.295100336299030e-002	5.370317963702527e-002
8547	5.067434346240218e-002	5.128613839913648e-002
8636	4.997289086534695e-002	5.011872336272722e-002
10222	4.861562903457783e-002	4.897788193684461e-002
10863	4.780784509889635e-002	4.786300923226383e-002
11617	4.547924685476013e-002	4.570881896148749e-002
12809	4.461411614362720e-002	4.466835921509630e-002
13434	4.356449533793427e-002	4.365158322401658e-002
14159	4.191143412924625e-002	4.265795188015926e-002
14576	4.137687407326707e-002	4.168693834703355e-002
14592	4.067403405943781e-002	4.073802778041128e-002
15559	3.645822121684361e-002	3.715352290971726e-002
16059	3.616592179573774e-002	3.630780547701014e-002
17861	3.548040266830033e-002	3.548133892335755e-002
20456	3.453902869390413e-002	3.467368504525317e-002
23717	3.388384220628649e-002	3.388441561392026e-002
30006	3.310236001653166e-002	3.311311214825911e-002
32423	3.171232208865826e-002	3.235936569296283e-002
32606	3.158902442669709e-002	3.162277660168379e-002
35692	3.090294489901646e-002	3.090295432513590e-002
39787	2.990496409351184e-002	3.019951720402016e-002
44567	2.946305322080356e-002	2.951209226666385e-002
48917	2.851587295453506e-002	2.884031503126606e-002
50560	2.761720915408650e-002	2.818382931264454e-002
52272	2.751776683746643e-002	2.754228703338166e-002
61780	2.689791677123687e-002	2.691534803926915e-002
76016	2.622179397307445e-002	2.630267991895382e-002
84030	2.566940761717451e-002	2.570395782768863e-002
136180	2.511717146914572e-002	2.511886431509579e-002
500001	2.470599025400777e-002	2.511886431509579e-002
%
% index = 1419, name = bbob_f008_i21_d05__bbob_f017_i22_d05
% instance = 10, reference value = 9.659460782284560e-001
% function evaluation | indicator value | target hit
1	1.609562397817895e+014	1.621810097358933e+014
2	6.227566056466985e+005	6.309573444801930e+005
3	4.503799051874770e+005	4.570881896148752e+005
6	6.136416920286190e+003	6.165950018614823e+003
37	5.126735753839619e+003	5.128613839913648e+003
41	1.595156546363836e+003	1.621810097358930e+003
210	1.399450112048533e+003	1.412537544622754e+003
230	8.024554391397996e+002	8.128305161640996e+002
492	6.298429063222196e+002	6.309573444801930e+002
501	3.070792315316205e+002	3.090295432513592e+002
661	1.222225403854279e+002	1.230268770812381e+002
817	9.188091477255200e+001	9.332543007969910e+001
917	6.164110729948324e+001	6.165950018614822e+001
949	5.367479283438450e+001	5.370317963702527e+001
957	1.846064219026456e+000	1.862087136662868e+000
1352	8.035065206908361e-001	8.128305161640993e-001
1715	5.950289885979281e-001	6.025595860743578e-001
1789	5.616298301960151e-001	5.623413251903491e-001
1892	5.207237558470879e-001	5.248074602497725e-001
1894	5.009436357387671e-001	5.011872336272722e-001
1901	3.837508412071840e-001	3.890451449942806e-001
1963	3.264424456986984e-001	3.311311214825911e-001
2083	3.132962886356073e-001	3.162277660168379e-001
2114	2.941613201718681e-001	2.951209226666385e-001
2163	2.773230320888587e-001	2.818382931264454e-001
2180	2.676678475933620e-001	2.691534803926916e-001
2181	2.475115045506562e-001	2.511886431509580e-001
2256	2.427021843915397e-001	2.454708915685031e-001
2312	2.384009120696183e-001	2.398832919019490e-001
2479	2.023005093848936e-001	2.041737944669530e-001
2618	1.955384503265912e-001	1.995262314968880e-001
2664	1.904519342164930e-001	1.905460717963247e-001
2705	1.584957668887574e-001	1.621810097358930e-001
2735	1.584033826375505e-001	1.584893192461113e-001
2759	1.516145741935079e-001	1.548816618912481e-001
2783	1.512345003530742e-001	1.513561248436208e-001
2801	1.367302685071862e-001	1.380384264602885e-001
2836	1.298729945936435e-001	1.318256738556407e-001
2880	1.230439693748141e-001	1.258925411794167e-001
2901	1.230184299517997e-001	1.230268770812382e-001
2975	1.159878706971418e-001	1.174897554939529e-001
3043	1.148066345596995e-001	1.148153621496883e-001
3115	1.117943447910710e-001	1.122018454301964e-001
3138	1.048783481011534e-001	1.071519305237607e-001
3152	1.038951294424496e-001	1.047128548050900e-001
3255	1.000493804109709e-001	1.023292992280754e-001
3322	8.862095406854720e-002	8.912509381337455e-002
3384	7.519047068890994e-002	7.585775750291836e-002
3664	7.407653430346117e-002	7.413102413009177e-002
3883	7.230478950869534e-002	7.244359600749903e-002
3910	7.022913504902284e-002	7.079457843841380e-002
3968	6.897437307006438e-002	6.918309709189366e-002
4056	6.435527174202715e-002	6.456542290346556e-002
4132	6.287494961042506e-002	6.309573444801933e-002
4326	6.131435050796597e-002	6.165950018614822e-002
4401	5.989878784110414e-002	6.025595860743578e-002
4612	5.808245288397584e-002	5.888436553555890e-002
4613	5.713364441873681e-002	5.754399373371569e-002
4860	5.607291147278071e-002	5.623413251903491e-002
5502	5.411907561496776e-002	5.495408738576246e-002
5828	5.315448488343577e-002	5.370317963702527e-002
5886	5.219397076076593e-002	5.248074602497726e-002
6041	5.037369211380149e-002	5.128613839913648e-002
6070	4.993412029284983e-002	5.011872336272722e-002
6194	4.810176804599042e-002	4.897788193684461e-002
6301	4.778543792769874e-002	4.786300923226383e-002
6721	4.622162363099924e-002	4.677351412871982e-002
7256	4.541406234879009e-002	4.570881896148749e-002
7328	4.453233194928818e-002	4.466835921509630e-002
7839	4.298857343599816e-002	4.365158322401658e-002
8387	4.170135817335019e-002	4.265795188015926e-002
8514	4.166481118562881e-002	4.168693834703355e-002
8874	4.042358248907951e-002	4.073802778041128e-002
9001	3.942897305853987e-002	3.981071705534973e-002
9443	3.857249519979444e-002	3.890451449942807e-002
10056	3.796496428636653e-002	3.801893963205612e-002
10776	3.696807070069896e-002	3.715352290971726e-002
11271	3.627385902603697e-002	3.630780547701014e-002
11440	3.518841806970330e-002	3.548133892335755e-002
12350	3.462271329957778e-002	3.467368504525317e-002
13298	3.388356043731355e-002	3.388441561392026e-002
13985	3.310231410931197e-002	3.311311214825911e-002
15568	3.232119816743362e-002	3.235936569296283e-002
16343	3.158809621890912e-002	3.162277660168379e-002
16968	3.074170563663492e-002	3.090295432513590e-002
17939	3.006670002765233e-002	3.019951720402016e-002
17996	2.950572930123963e-002	2.951209226666385e-002
20011	2.842448157352739e-002	2.884031503126606e-002
22900	2.815364772472562e-002	2.818382931264454e-002
25489	2.710665942528256e-002	2.754228703338166e-002
26550	2.688326633285509e-002	2.691534803926915e-002
27788	2.613115021907586e-002	2.630267991895382e-002
28355	2.559988072490360e-002	2.570395782768863e-002
29009	2.437903456667079e-002	2.454708915685030e-002
30599	2.351574615119789e-002	2.398832919019490e-002
30873	2.332879550479317e-002	2.344228815319923e-002
31728	2.247369402946875e-002	2.290867652767774e-002
32134	2.238688999884708e-002	2.238721138568340e-002
33045	2.166297972803832e-002	2.187761623949553e-002
33431	2.134923387000764e-002	2.137962089502233e-002
35924	2.080405413147790e-002	2.089296130854040e-002
36703	2.037686048922727e-002	2.041737944669530e-002
40319	1.994881564389017e-002	1.995262314968880e-002
43806	1.943680824686700e-002	1.949844599758046e-002
48340	1.897915882369183e-002	1.905460717963247e-002
53142	1.860733269048065e-002	1.862087136662868e-002
59313	1.819533513736182e-002	1.819700858609984e-002
62164	1.776881046515644e-002	1.778279410038923e-002
63648	1.728487707458759e-002	1.737800828749376e-002
65894	1.689418396339870e-002	1.698243652461744e-002
70869	1.656321719306442e-002	1.659586907437561e-002
77799	1.621809416605446e-002	1.621810097358930e-002
84404	1.581997755836384e-002	1.584893192461113e-002
94222	1.548269637162325e-002	1.548816618912481e-002
101551	1.512786047337889e-002	1.513561248436208e-002
115053	1.452722370126236e-002	1.479108388168207e-002
116880	1.431166341278356e-002	1.445439770745927e-002
126936	1.408445674835646e-002	1.412537544622754e-002
142206	1.364884523217946e-002	1.380384264602885e-002
144617	1.324112187972193e-002	1.348962882591653e-002
146163	1.315356166147985e-002	1.318256738556408e-002
158029	1.286401501725387e-002	1.288249551693134e-002
177587	1.258906221589040e-002	1.258925411794168e-002
238537	1.230237049676997e-002	1.230268770812382e-002
500001	1.208738472345527e-002	1.230268770812382e-002
