%
% index = 3240, name = bbob_f017_i02_d40__bbob_f017_i04_d40
% instance = 1, reference value = 9.632087768603880e-001
% function evaluation | indicator value | target hit
1	2.115807833949159e+017	2.137962089502224e+017
2	4.560171882171065e+007	4.570881896148752e+007
24	3.476935492182032e+005	3.548133892335753e+005
205	1.852158178448604e+005	1.862087136662866e+005
332	1.391864792345771e+005	1.412537544622755e+005
392	6.393152186625850e+004	6.456542290346549e+004
661	5.383394696413117e+004	5.495408738576248e+004
882	3.612798576285476e+004	3.630780547701010e+004
998	2.596011883358222e+004	2.630267991895381e+004
1232	2.436640834748015e+004	2.454708915685029e+004
1238	2.166136416869865e+004	2.187761623949552e+004
1362	2.090231145748638e+004	2.137962089502232e+004
1379	2.067088920900479e+004	2.089296130854041e+004
1591	1.936827778145059e+004	1.949844599758046e+004
1606	1.652621172201640e+004	1.659586907437560e+004
1762	1.456839133244564e+004	1.479108388168207e+004
1833	1.246670701371493e+004	1.258925411794166e+004
1988	1.034617685793781e+004	1.047128548050899e+004
2034	9.825921855420242e+003	1.000000000000000e+004
2284	9.684893333626955e+003	9.772372209558111e+003
2297	9.492905634245488e+003	9.549925860214360e+003
2356	8.653888525156654e+003	8.709635899560806e+003
2514	8.443415114345729e+003	8.511380382023768e+003
2523	7.751926168221567e+003	7.762471166286920e+003
2583	6.999495655829065e+003	7.079457843841380e+003
2607	6.861544979741892e+003	6.918309709189362e+003
2667	6.752342252056948e+003	6.760829753919819e+003
2881	5.989218588332732e+003	6.025595860743575e+003
3062	5.816625055592217e+003	5.888436553555890e+003
3083	5.621327648152695e+003	5.623413251903491e+003
3171	5.290793113239419e+003	5.370317963702527e+003
3173	4.882604845274586e+003	4.897788193684462e+003
3277	4.740900723361179e+003	4.786300923226385e+003
3349	4.008966875161144e+003	4.073802778041126e+003
3371	3.614463477186962e+003	3.630780547701014e+003
3422	3.513256286109965e+003	3.548133892335753e+003
3534	3.409674390518350e+003	3.467368504525316e+003
3791	3.337349405749553e+003	3.388441561392024e+003
3830	3.280523527805047e+003	3.311311214825911e+003
3878	2.836368692181297e+003	2.884031503126606e+003
4035	2.645224231417902e+003	2.691534803926917e+003
4045	2.545624485694689e+003	2.570395782768865e+003
4116	2.415476995924064e+003	2.454708915685031e+003
4227	1.918143057598104e+003	1.949844599758045e+003
4556	1.565034693571281e+003	1.584893192461114e+003
4690	1.394369957215809e+003	1.412537544622754e+003
5001	1.380039594814836e+003	1.380384264602885e+003
5013	1.344245445183297e+003	1.348962882591653e+003
5087	1.294166088472097e+003	1.318256738556408e+003
5193	1.230795800289776e+003	1.258925411794168e+003
5291	1.191467832160089e+003	1.202264434617413e+003
5351	1.151563365274135e+003	1.174897554939529e+003
5440	1.101995464089574e+003	1.122018454301963e+003
5466	1.086294846032972e+003	1.096478196143185e+003
5554	9.970940563873319e+002	1.000000000000000e+003
5804	9.728911388380845e+002	9.772372209558112e+002
5832	9.191906617263983e+002	9.332543007969915e+002
5909	7.852711651211998e+002	7.943282347242813e+002
6098	7.525449757306808e+002	7.585775750291836e+002
6104	7.357842964928757e+002	7.413102413009177e+002
6144	7.087128277553554e+002	7.244359600749899e+002
6199	6.843607668837375e+002	6.918309709189363e+002
6281	6.634837713361652e+002	6.760829753919819e+002
6345	6.443932515695852e+002	6.456542290346556e+002
6440	6.272541180353165e+002	6.309573444801930e+002
6518	6.151099111564085e+002	6.165950018614822e+002
6615	6.017052660718381e+002	6.025595860743575e+002
6770	5.828242320017699e+002	5.888436553555890e+002
6810	5.588984351418409e+002	5.623413251903490e+002
7140	5.494804352545315e+002	5.495408738576248e+002
7144	5.368365673558502e+002	5.370317963702527e+002
7425	5.229615530138644e+002	5.248074602497728e+002
7450	5.048920669608228e+002	5.128613839913649e+002
7479	5.010386307855717e+002	5.011872336272725e+002
7634	4.800682178097366e+002	4.897788193684461e+002
7645	4.754354116128302e+002	4.786300923226385e+002
7721	4.491599519688172e+002	4.570881896148752e+002
7780	4.441465276422060e+002	4.466835921509630e+002
8008	4.320524199962212e+002	4.365158322401661e+002
8067	4.101468734175168e+002	4.168693834703355e+002
8439	4.065814118452229e+002	4.073802778041126e+002
8521	3.739878879688042e+002	3.801893963205613e+002
8733	3.650790604819011e+002	3.715352290971724e+002
8764	3.609423869705404e+002	3.630780547701014e+002
8983	3.512942202235461e+002	3.548133892335753e+002
9076	3.463647545138135e+002	3.467368504525317e+002
9101	3.370912075895238e+002	3.388441561392024e+002
9170	3.303116921546919e+002	3.311311214825911e+002
9199	3.218664084221667e+002	3.235936569296281e+002
9285	3.084389405801168e+002	3.090295432513592e+002
9448	2.982127928114917e+002	3.019951720402016e+002
9452	2.832522394307150e+002	2.884031503126606e+002
9862	2.757357299547964e+002	2.818382931264455e+002
9924	2.739318641962164e+002	2.754228703338166e+002
9958	2.676714356246128e+002	2.691534803926917e+002
10138	2.622238868735902e+002	2.630267991895382e+002
10236	2.560253361503004e+002	2.570395782768865e+002
10470	2.485306836000973e+002	2.511886431509580e+002
10579	2.447368911372492e+002	2.454708915685031e+002
10688	2.334901749708914e+002	2.344228815319923e+002
11013	2.268518694561821e+002	2.290867652767772e+002
11287	2.221617399066948e+002	2.238721138568340e+002
11293	2.177965845866295e+002	2.187761623949552e+002
11455	2.134305822642082e+002	2.137962089502233e+002
11540	2.082194973715843e+002	2.089296130854039e+002
11822	2.029150815828411e+002	2.041737944669530e+002
12070	1.992828694466329e+002	1.995262314968879e+002
12153	1.949689977710991e+002	1.949844599758046e+002
12415	1.879546994954714e+002	1.905460717963246e+002
12439	1.844483651305717e+002	1.862087136662867e+002
12669	1.816637725757516e+002	1.819700858609982e+002
12774	1.759815673661312e+002	1.778279410038923e+002
13020	1.720568461899275e+002	1.737800828749376e+002
13228	1.691291565804909e+002	1.698243652461744e+002
13390	1.652314775737875e+002	1.659586907437561e+002
13488	1.592338773953780e+002	1.621810097358930e+002
13597	1.560147137839645e+002	1.584893192461114e+002
13717	1.547104288772447e+002	1.548816618912481e+002
13778	1.504234576359722e+002	1.513561248436209e+002
13923	1.466687842252873e+002	1.479108388168207e+002
14192	1.439002493710270e+002	1.445439770745928e+002
14306	1.406260723223817e+002	1.412537544622754e+002
14389	1.377938733185467e+002	1.380384264602885e+002
14982	1.343601991859634e+002	1.348962882591653e+002
15201	1.312788433149853e+002	1.318256738556407e+002
15514	1.282462066900298e+002	1.288249551693134e+002
15815	1.257084800284493e+002	1.258925411794168e+002
16406	1.225929557529385e+002	1.230268770812381e+002
16749	1.201770969480600e+002	1.202264434617413e+002
16961	1.170414116294037e+002	1.174897554939529e+002
17777	1.144398815161493e+002	1.148153621496883e+002
18411	1.121615295909107e+002	1.122018454301963e+002
19390	1.096108656380062e+002	1.096478196143185e+002
20185	1.069917329537699e+002	1.071519305237606e+002
21409	1.045970124139815e+002	1.047128548050900e+002
23421	1.023230078977829e+002	1.023292992280754e+002
25458	9.995456900912316e+001	1.000000000000000e+002
26935	9.758248479769121e+001	9.772372209558107e+001
28043	9.543796152626830e+001	9.549925860214358e+001
28893	9.280052833839527e+001	9.332543007969910e+001
29496	9.099424430913018e+001	9.120108393559097e+001
31082	8.877581413436168e+001	8.912509381337455e+001
34930	8.703437697885470e+001	8.709635899560806e+001
42774	8.510284646526053e+001	8.511380382023764e+001
59713	8.317398697450552e+001	8.317637711026708e+001
372948	8.128262993223288e+001	8.128305161640991e+001
517373	7.943270328089713e+001	7.943282347242814e+001
677891	7.762227350027339e+001	7.762471166286916e+001
744279	7.585663595187660e+001	7.585775750291836e+001
859634	7.413076971182379e+001	7.413102413009177e+001
1025716	7.244359089325910e+001	7.244359600749903e+001
1194103	7.079364066373188e+001	7.079457843841381e+001
1357912	6.918225644426343e+001	6.918309709189366e+001
1512083	6.760771374397629e+001	6.760829753919819e+001
1924326	6.606930674955744e+001	6.606934480075961e+001
2332304	6.456504130532875e+001	6.456542290346556e+001
2690066	6.309570730995092e+001	6.309573444801933e+001
3276239	6.165630341891362e+001	6.165950018614822e+001
3590697	6.025370688930563e+001	6.025595860743578e+001
3812758	5.888388530566071e+001	5.888436553555890e+001
4000001	5.792932418029841e+001	5.888436553555890e+001
%
% index = 3241, name = bbob_f017_i03_d40__bbob_f017_i05_d40
% instance = 2, reference value = 9.610910476776610e-001
% function evaluation | indicator value | target hit
1	1.235698995326885e+014	1.258925411794166e+014
2	1.094188473608263e+008	1.096478196143183e+008
6	1.781866204992182e+007	1.819700858609983e+007
9	1.220034309089952e+007	1.230268770812381e+007
47	1.055142712513638e+005	1.071519305237607e+005
520	5.717353491316047e+004	5.754399373371567e+004
729	3.992102439272153e+004	4.073802778041131e+004
976	3.979996651652296e+004	3.981071705534969e+004
1152	3.093097995530614e+004	3.162277660168379e+004
1164	2.458053822435563e+004	2.511886431509582e+004
1533	2.417436799475486e+004	2.454708915685029e+004
1626	2.216880996551420e+004	2.238721138568338e+004
1678	1.839540509907641e+004	1.862087136662866e+004
1961	1.697772163715489e+004	1.698243652461746e+004
1979	1.428409556367942e+004	1.445439770745928e+004
2305	1.368746759991428e+004	1.380384264602884e+004
2332	1.246122174774672e+004	1.258925411794166e+004
2532	1.194799230903671e+004	1.202264434617413e+004
2599	1.118989377854121e+004	1.122018454301963e+004
2640	1.076036746132355e+004	1.096478196143185e+004
2652	1.058437110786246e+004	1.071519305237607e+004
2678	9.705171451723876e+003	9.772372209558111e+003
2766	9.536609414006367e+003	9.549925860214360e+003
2904	8.155495009742993e+003	8.317637711026709e+003
2958	7.138944219757206e+003	7.244359600749899e+003
3012	6.550340066024955e+003	6.606934480075958e+003
3345	6.220988439805189e+003	6.309573444801930e+003
3375	6.130351111223852e+003	6.165950018614823e+003
3390	5.865036047111462e+003	5.888436553555890e+003
3417	5.290212028379086e+003	5.370317963702527e+003
3433	5.247121652636445e+003	5.248074602497728e+003
3679	5.111560079518365e+003	5.128613839913648e+003
3685	4.679088316911573e+003	4.786300923226385e+003
3904	4.095831087743351e+003	4.168693834703355e+003
4241	3.996186217359216e+003	4.073802778041126e+003
4353	3.886556332202577e+003	3.890451449942805e+003
4471	3.789660897330334e+003	3.801893963205613e+003
4494	3.694286152807135e+003	3.715352290971724e+003
4573	3.408214091213666e+003	3.467368504525316e+003
4740	3.154248378336883e+003	3.162277660168380e+003
4851	3.060829232248165e+003	3.090295432513592e+003
4891	2.909688515945275e+003	2.951209226666387e+003
4911	2.875853878507270e+003	2.884031503126606e+003
5010	2.672146333178110e+003	2.691534803926917e+003
5041	2.606458406787922e+003	2.630267991895381e+003
5167	2.566680582157202e+003	2.570395782768865e+003
5223	2.366471433167396e+003	2.398832919019490e+003
5382	2.314069533502148e+003	2.344228815319923e+003
5439	2.128271220126138e+003	2.137962089502233e+003
5654	2.032360486313866e+003	2.041737944669530e+003
5761	1.986512155538941e+003	1.995262314968879e+003
5819	1.922408265029589e+003	1.949844599758045e+003
5878	1.893199093524908e+003	1.905460717963246e+003
5884	1.859976193911575e+003	1.862087136662868e+003
5936	1.808316892001212e+003	1.819700858609983e+003
5990	1.727260869082203e+003	1.737800828749376e+003
6152	1.615029551858408e+003	1.621810097358930e+003
6198	1.563352203015440e+003	1.584893192461114e+003
6229	1.478869807366320e+003	1.479108388168207e+003
6427	1.395727505300238e+003	1.412537544622754e+003
6523	1.351072595742257e+003	1.380384264602885e+003
6565	1.339985570274363e+003	1.348962882591653e+003
6573	1.295479372869626e+003	1.318256738556408e+003
6640	1.273542690201943e+003	1.288249551693134e+003
6677	1.212471162682681e+003	1.230268770812381e+003
6788	1.169869621129296e+003	1.174897554939529e+003
6817	1.058635658953162e+003	1.071519305237606e+003
6926	9.852349497358761e+002	1.000000000000000e+003
6984	9.485273557471433e+002	9.549925860214360e+002
7158	9.012484027197255e+002	9.120108393559096e+002
7238	8.862148521799246e+002	8.912509381337459e+002
7323	8.082142175305196e+002	8.128305161640996e+002
7471	7.890572545823195e+002	7.943282347242813e+002
7510	7.730999286595757e+002	7.762471166286920e+002
7714	7.553454077947195e+002	7.585775750291836e+002
7728	7.212516159308769e+002	7.244359600749899e+002
7795	6.687817752102081e+002	6.760829753919819e+002
7896	6.531626050571654e+002	6.606934480075958e+002
8053	6.373120553354985e+002	6.456542290346556e+002
8141	6.038885700283764e+002	6.165950018614822e+002
8218	5.999901981796355e+002	6.025595860743575e+002
8259	5.662173268905353e+002	5.754399373371566e+002
8290	5.502152742634867e+002	5.623413251903490e+002
8432	5.235538746401778e+002	5.248074602497728e+002
8483	4.927269288429577e+002	5.011872336272725e+002
8605	4.745621756740155e+002	4.786300923226385e+002
8773	4.143522814250714e+002	4.168693834703355e+002
8877	3.727959609644705e+002	3.801893963205613e+002
8975	3.436657045807290e+002	3.467368504525317e+002
9148	3.309586148494971e+002	3.311311214825911e+002
9282	3.086315335663476e+002	3.090295432513592e+002
9496	2.963617591863392e+002	3.019951720402016e+002
9543	2.820545684527349e+002	2.884031503126606e+002
9646	2.791761320159401e+002	2.818382931264455e+002
9761	2.706370960894172e+002	2.754228703338166e+002
9796	2.632546635521435e+002	2.691534803926917e+002
9997	2.618993396501402e+002	2.630267991895382e+002
10105	2.493559168544845e+002	2.511886431509580e+002
10152	2.377117435883358e+002	2.398832919019490e+002
10453	2.070185474684128e+002	2.089296130854039e+002
10709	1.958378072098905e+002	1.995262314968879e+002
10750	1.940975095056969e+002	1.949844599758046e+002
11080	1.839600355633551e+002	1.862087136662867e+002
11181	1.811368593254929e+002	1.819700858609982e+002
11183	1.744394126207577e+002	1.778279410038923e+002
11273	1.701585858176815e+002	1.737800828749376e+002
11366	1.671782849610920e+002	1.698243652461744e+002
11419	1.584182781340249e+002	1.584893192461114e+002
11556	1.540948977165663e+002	1.548816618912481e+002
11630	1.499755125607904e+002	1.513561248436209e+002
11735	1.456661984729433e+002	1.479108388168207e+002
11910	1.441602520310837e+002	1.445439770745928e+002
12048	1.334037856231253e+002	1.348962882591653e+002
12422	1.263162859945818e+002	1.288249551693134e+002
12695	1.253538286441951e+002	1.258925411794168e+002
12904	1.207743419476004e+002	1.230268770812381e+002
13025	1.170089638344606e+002	1.174897554939529e+002
13072	1.145674176164701e+002	1.148153621496883e+002
13497	1.116619377968663e+002	1.122018454301963e+002
13811	1.078614932898510e+002	1.096478196143185e+002
14051	1.069208118049147e+002	1.071519305237606e+002
14254	1.040340537263105e+002	1.047128548050900e+002
14682	1.018736643468072e+002	1.023292992280754e+002
15451	9.957264416961026e+001	1.000000000000000e+002
16167	9.736905664653108e+001	9.772372209558107e+001
16957	9.531213769567896e+001	9.549925860214358e+001
17764	9.322019741178063e+001	9.332543007969910e+001
18765	9.116779481588640e+001	9.120108393559097e+001
19564	8.906169585063141e+001	8.912509381337455e+001
21075	8.705842155448913e+001	8.709635899560806e+001
26533	8.506735367596397e+001	8.511380382023764e+001
36641	8.317156517398296e+001	8.317637711026708e+001
845509	8.128251265165575e+001	8.128305161640991e+001
2237445	7.943191632735547e+001	7.943282347242814e+001
3683117	7.762314750620254e+001	7.762471166286916e+001
4000001	7.687111802179777e+001	7.762471166286916e+001
%
% index = 3242, name = bbob_f017_i07_d40__bbob_f017_i08_d40
% instance = 3, reference value = 9.303805081121400e-001
% function evaluation | indicator value | target hit
1	3.881856793615879e+013	3.890451449942805e+013
2	3.823163736198360e+010	3.890451449942805e+010
3	2.705334223687725e+010	2.754228703338163e+010
4	2.946547460912741e+008	2.951209226666390e+008
6	5.834896582459839e+007	5.888436553555884e+007
21	3.394536702813795e+007	3.467368504525317e+007
56	1.077977157734205e+007	1.096478196143185e+007
71	1.323877858038893e+006	1.348962882591653e+006
199	4.867790624795942e+005	4.897788193684467e+005
254	2.068814979913078e+005	2.089296130854041e+005
430	2.004734236309245e+005	2.041737944669528e+005
441	1.235154197511479e+005	1.258925411794166e+005
531	5.605132863791816e+004	5.623413251903491e+004
832	4.692386656132219e+004	4.786300923226380e+004
1027	4.373899245486906e+004	4.466835921509635e+004
1090	3.570824301997297e+004	3.630780547701010e+004
1285	2.597637068506581e+004	2.630267991895381e+004
1341	2.487252216577675e+004	2.511886431509582e+004
1646	2.432605053877754e+004	2.454708915685029e+004
1764	2.218159263549322e+004	2.238721138568338e+004
1862	2.155467342529078e+004	2.187761623949552e+004
1963	1.744661245510452e+004	1.778279410038923e+004
2117	1.726702388073607e+004	1.737800828749376e+004
2274	1.681734774820481e+004	1.698243652461746e+004
2295	1.546506439471647e+004	1.548816618912483e+004
2478	1.498674907163376e+004	1.513561248436207e+004
2536	1.431091112870275e+004	1.445439770745928e+004
2549	1.375168512290115e+004	1.380384264602884e+004
2576	1.321645966926967e+004	1.348962882591653e+004
2599	1.270844632929285e+004	1.288249551693135e+004
2695	1.238135462437322e+004	1.258925411794166e+004
2735	1.023740234729921e+004	1.047128548050899e+004
2778	9.962841627093401e+003	1.000000000000000e+004
2784	8.905271820472104e+003	8.912509381337459e+003
2962	7.415441469895919e+003	7.585775750291836e+003
3190	7.412781357067405e+003	7.413102413009177e+003
3272	6.319254521015116e+003	6.456542290346556e+003
3588	6.076365149983856e+003	6.165950018614823e+003
3644	5.744335270809866e+003	5.754399373371567e+003
3690	5.256561727675545e+003	5.370317963702527e+003
3874	4.996902742956134e+003	5.011872336272725e+003
3962	4.776879912118805e+003	4.786300923226385e+003
4053	4.365869667767146e+003	4.466835921509631e+003
4144	4.048212550436400e+003	4.073802778041126e+003
4219	3.944593719355330e+003	3.981071705534973e+003
4225	3.766847102934700e+003	3.801893963205613e+003
4263	3.655022656784694e+003	3.715352290971724e+003
4268	3.437862927844584e+003	3.467368504525316e+003
4381	3.248626355468850e+003	3.311311214825911e+003
4605	3.185673979490069e+003	3.235936569296281e+003
4638	2.580710131745173e+003	2.630267991895381e+003
4655	2.525859984977572e+003	2.570395782768865e+003
4760	2.477329493236446e+003	2.511886431509580e+003
4834	2.292957370561326e+003	2.344228815319923e+003
5044	2.028868762334761e+003	2.041737944669530e+003
5276	1.931763965780390e+003	1.949844599758045e+003
5363	1.884371204532244e+003	1.905460717963246e+003
5419	1.705748582761480e+003	1.737800828749376e+003
5440	1.683279910556086e+003	1.698243652461744e+003
5591	1.630575526658541e+003	1.659586907437561e+003
5742	1.591963241887462e+003	1.621810097358930e+003
5788	1.555948149735169e+003	1.584893192461114e+003
5834	1.526790852733470e+003	1.548816618912481e+003
5896	1.501727414987023e+003	1.513561248436209e+003
6073	1.428412535231633e+003	1.445439770745928e+003
6127	1.405659078447195e+003	1.412537544622754e+003
6173	1.332851474009440e+003	1.348962882591653e+003
6346	1.311371957343944e+003	1.318256738556408e+003
6470	1.278982150224753e+003	1.288249551693134e+003
6493	1.258260481523105e+003	1.258925411794168e+003
6562	1.170431845948460e+003	1.174897554939529e+003
6624	1.117965933032336e+003	1.122018454301963e+003
6915	1.081290229954966e+003	1.096478196143185e+003
6969	1.037318092050311e+003	1.047128548050900e+003
7049	1.008558108976011e+003	1.023292992280754e+003
7121	9.510517971190395e+002	9.549925860214360e+002
7242	9.277780168335780e+002	9.332543007969915e+002
7313	8.509182856210522e+002	8.511380382023768e+002
7423	8.202337122987930e+002	8.317637711026708e+002
7560	7.719385088996786e+002	7.762471166286920e+002
7646	7.505026982765344e+002	7.585775750291836e+002
7769	7.221060857898339e+002	7.244359600749899e+002
7912	6.917933778479461e+002	6.918309709189363e+002
8061	6.584212861993143e+002	6.606934480075958e+002
8178	6.437112575352963e+002	6.456542290346556e+002
8332	6.280076659188140e+002	6.309573444801930e+002
8404	6.140538661442880e+002	6.165950018614822e+002
8505	6.023566504370931e+002	6.025595860743575e+002
8659	5.871682518845606e+002	5.888436553555890e+002
8704	5.667230252266309e+002	5.754399373371566e+002
8818	5.527061249135775e+002	5.623413251903490e+002
8982	5.391290671721891e+002	5.495408738576248e+002
8989	5.350807523300995e+002	5.370317963702527e+002
9117	5.245943502751670e+002	5.248074602497728e+002
9144	5.123777589232853e+002	5.128613839913649e+002
9309	4.999061663876735e+002	5.011872336272725e+002
9438	4.873758917887074e+002	4.897788193684461e+002
9596	4.698755621526886e+002	4.786300923226385e+002
9732	4.665657122277904e+002	4.677351412871981e+002
9763	4.536052840619103e+002	4.570881896148752e+002
9907	4.405731426362309e+002	4.466835921509630e+002
10074	4.289409001736617e+002	4.365158322401661e+002
10133	4.186373723519007e+002	4.265795188015925e+002
10305	4.126007304242410e+002	4.168693834703355e+002
10507	4.046385023574710e+002	4.073802778041126e+002
10628	3.791350919522405e+002	3.801893963205613e+002
10828	3.708204139675682e+002	3.715352290971724e+002
10967	3.446188524993040e+002	3.467368504525317e+002
11934	3.377363640475047e+002	3.388441561392024e+002
12627	3.304674799248703e+002	3.311311214825911e+002
13217	3.231282910723497e+002	3.235936569296281e+002
13904	3.161908425743659e+002	3.162277660168379e+002
14735	3.087215277674318e+002	3.090295432513592e+002
15953	3.017346620779436e+002	3.019951720402016e+002
16907	2.951182052160949e+002	2.951209226666387e+002
18985	2.882829115790645e+002	2.884031503126606e+002
21908	2.818168183130651e+002	2.818382931264455e+002
34285	2.753380641862643e+002	2.754228703338166e+002
39812	2.689538507394065e+002	2.691534803926917e+002
91667	2.630256815552226e+002	2.630267991895382e+002
667639	2.570391242772919e+002	2.570395782768865e+002
1083827	2.511839376992952e+002	2.511886431509580e+002
1418595	2.454704477166397e+002	2.454708915685031e+002
1526885	2.398772839409888e+002	2.398832919019490e+002
1822220	2.344226633080563e+002	2.344228815319923e+002
2022899	2.290810011371300e+002	2.290867652767772e+002
2381156	2.238699499629398e+002	2.238721138568340e+002
2658620	2.187756170067985e+002	2.187761623949552e+002
3017611	2.137946171333973e+002	2.137962089502233e+002
3484169	2.089295361410582e+002	2.089296130854039e+002
4000001	2.041835788046397e+002	2.089296130854039e+002
%
% index = 3243, name = bbob_f017_i09_d40__bbob_f017_i10_d40
% instance = 4, reference value = 9.485897324439010e-001
% function evaluation | indicator value | target hit
1	2.702909849062460e+019	2.754228703338175e+019
2	1.655776267313862e+006	1.659586907437560e+006
75	9.957651327589925e+005	1.000000000000000e+006
107	3.178996803894860e+005	3.235936569296281e+005
444	2.851421928349749e+005	2.884031503126606e+005
488	1.433637767532189e+005	1.445439770745928e+005
532	1.255466991864638e+005	1.258925411794166e+005
709	1.068300000247862e+005	1.071519305237607e+005
788	1.033387203672126e+005	1.047128548050899e+005
794	6.728158586833699e+004	6.760829753919819e+004
1095	6.116027243793598e+004	6.165950018614822e+004
1209	4.985290176304188e+004	5.011872336272725e+004
1245	4.839211553792017e+004	4.897788193684466e+004
1257	3.239128179106468e+004	3.311311214825908e+004
1493	3.201014477517514e+004	3.235936569296281e+004
1507	2.819988462630705e+004	2.884031503126606e+004
1627	2.240370748880032e+004	2.290867652767775e+004
1645	2.181570032543314e+004	2.187761623949552e+004
1902	1.690653228492350e+004	1.698243652461746e+004
2290	1.548980682245470e+004	1.584893192461114e+004
2294	1.434027551217332e+004	1.445439770745928e+004
2388	1.408247727266942e+004	1.412537544622756e+004
2466	1.345579244660967e+004	1.348962882591653e+004
2589	1.263603732204075e+004	1.288249551693135e+004
2687	1.089221235452735e+004	1.096478196143185e+004
2910	9.143959602762399e+003	9.332543007969915e+003
2993	8.658223204246820e+003	8.709635899560806e+003
3116	8.453950445289998e+003	8.511380382023768e+003
3209	8.120872646403250e+003	8.128305161640995e+003
3216	7.637149828605958e+003	7.762471166286920e+003
3335	7.384042825649636e+003	7.413102413009177e+003
3451	6.602323504346777e+003	6.606934480075958e+003
3604	6.381786736044942e+003	6.456542290346556e+003
3643	6.291605496993448e+003	6.309573444801930e+003
3720	5.866677707433324e+003	5.888436553555890e+003
3922	5.474527491731403e+003	5.495408738576249e+003
4014	5.206609776789851e+003	5.248074602497728e+003
4069	4.985930158093406e+003	5.011872336272725e+003
4292	4.785649500237868e+003	4.786300923226385e+003
4357	4.569979798503317e+003	4.570881896148752e+003
4427	4.457953406844896e+003	4.466835921509631e+003
4537	4.312699953372051e+003	4.365158322401661e+003
4586	4.246272803662031e+003	4.265795188015925e+003
4634	4.058174920387399e+003	4.073802778041126e+003
4901	3.859796385535145e+003	3.890451449942805e+003
5081	3.677475131075113e+003	3.715352290971724e+003
5144	3.508630759253374e+003	3.548133892335753e+003
5327	3.435490803093553e+003	3.467368504525316e+003
5384	3.235082862306267e+003	3.235936569296281e+003
5449	3.132218823900535e+003	3.162277660168380e+003
5518	3.070669173362137e+003	3.090295432513592e+003
5598	3.008118409062601e+003	3.019951720402016e+003
5895	2.936947815341310e+003	2.951209226666387e+003
5939	2.881963494014157e+003	2.884031503126606e+003
6069	2.776578479221264e+003	2.818382931264455e+003
6107	2.743211162883724e+003	2.754228703338166e+003
6401	2.605318814363370e+003	2.630267991895381e+003
6441	2.505107621689192e+003	2.511886431509580e+003
6925	2.449229623708096e+003	2.454708915685031e+003
7151	2.368447019887956e+003	2.398832919019490e+003
7518	2.343959808132623e+003	2.344228815319923e+003
7651	2.288634374536789e+003	2.290867652767772e+003
8207	2.237288284041967e+003	2.238721138568340e+003
8620	2.187211011108198e+003	2.187761623949552e+003
9394	2.121004998961442e+003	2.137962089502233e+003
10048	2.089165577087124e+003	2.089296130854039e+003
12027	2.041352740807737e+003	2.041737944669530e+003
15701	1.995245972188524e+003	1.995262314968879e+003
21556	1.948906041516441e+003	1.949844599758045e+003
27730	1.904203195125267e+003	1.905460717963246e+003
42787	1.861552531688724e+003	1.862087136662868e+003
60083	1.819651109189256e+003	1.819700858609983e+003
971877	1.778277646598697e+003	1.778279410038923e+003
2309801	1.737774504917111e+003	1.737800828749376e+003
3242583	1.698210901925681e+003	1.698243652461744e+003
4000001	1.677530071671615e+003	1.698243652461744e+003
%
% index = 3244, name = bbob_f017_i11_d40__bbob_f017_i12_d40
% instance = 5, reference value = 9.740829203386840e-001
% function evaluation | indicator value | target hit
1	3.713196326891683e+014	3.715352290971728e+014
2	2.864681055838099e+008	2.884031503126612e+008
7	1.838773440102450e+007	1.862087136662865e+007
16	5.786805186627790e+006	5.888436553555884e+006
36	6.635756466089381e+005	6.760829753919819e+005
236	2.919703777621721e+005	2.951209226666384e+005
380	1.672449532972667e+005	1.698243652461746e+005
417	1.631367057066724e+005	1.659586907437560e+005
594	1.585652333090690e+005	1.621810097358930e+005
676	9.179936623275909e+004	9.332543007969904e+004
719	8.520721105288589e+004	8.709635899560814e+004
818	6.896010761701793e+004	6.918309709189362e+004
866	6.474946286715377e+004	6.606934480075965e+004
901	6.307303666789668e+004	6.309573444801930e+004
949	3.926800052970992e+004	3.981071705534969e+004
1301	2.352730303864945e+004	2.398832919019490e+004
1414	2.217770405207641e+004	2.238721138568338e+004
1609	2.076821883293800e+004	2.089296130854041e+004
1632	1.893440410828270e+004	1.905460717963248e+004
1651	1.732129610754668e+004	1.737800828749376e+004
1801	1.555731462082309e+004	1.584893192461114e+004
1943	1.483448796928519e+004	1.513561248436207e+004
1995	1.443964488500138e+004	1.445439770745928e+004
2145	1.375769840335395e+004	1.380384264602884e+004
2227	1.221948626333092e+004	1.230268770812381e+004
2310	1.152358184956163e+004	1.174897554939530e+004
2393	1.011315127263243e+004	1.023292992280754e+004
2408	9.422639491053007e+003	9.549925860214360e+003
2483	8.071700685526088e+003	8.128305161640995e+003
2680	7.810018423096135e+003	7.943282347242814e+003
2682	7.594131977944883e+003	7.762471166286920e+003
2742	6.935568387837206e+003	7.079457843841380e+003
2788	6.645034558834486e+003	6.760829753919819e+003
2879	6.466155148087253e+003	6.606934480075958e+003
3033	6.382470846276669e+003	6.456542290346556e+003
3103	5.456078215298528e+003	5.495408738576249e+003
3146	5.035158729867241e+003	5.128613839913648e+003
3153	4.541001655381245e+003	4.570881896148752e+003
3404	4.186989375556109e+003	4.265795188015925e+003
3549	4.165446564971862e+003	4.168693834703355e+003
3626	3.921353080258150e+003	3.981071705534973e+003
3635	3.799215827511531e+003	3.801893963205613e+003
3639	3.651796013946114e+003	3.715352290971724e+003
3662	3.369678435900858e+003	3.388441561392024e+003
3707	3.092546914687162e+003	3.162277660168380e+003
3751	3.069339741985685e+003	3.090295432513592e+003
3785	2.888912083034037e+003	2.951209226666387e+003
3952	2.686366040539981e+003	2.691534803926917e+003
3962	2.528844649267722e+003	2.570395782768865e+003
4010	2.511782350665827e+003	2.511886431509580e+003
4040	2.345012525929117e+003	2.398832919019490e+003
4119	2.246911661425424e+003	2.290867652767772e+003
4175	2.192043662941910e+003	2.238721138568340e+003
4260	2.016949493394455e+003	2.041737944669530e+003
4261	1.946200111374204e+003	1.949844599758045e+003
4279	1.903134493576085e+003	1.905460717963246e+003
4384	1.732464903109828e+003	1.737800828749376e+003
4472	1.692305450769103e+003	1.698243652461744e+003
4567	1.621494068305334e+003	1.621810097358930e+003
4706	1.468681545083464e+003	1.479108388168207e+003
4719	1.398747610358837e+003	1.412537544622754e+003
4840	1.245295334072906e+003	1.258925411794168e+003
4927	1.140929222766293e+003	1.148153621496883e+003
5182	1.106851902934150e+003	1.122018454301963e+003
5249	1.035909988823114e+003	1.047128548050900e+003
5310	9.888045106677499e+002	1.000000000000000e+003
5330	7.688098311727019e+002	7.762471166286920e+002
5447	6.908631515354857e+002	6.918309709189363e+002
5711	6.382520803601785e+002	6.456542290346556e+002
5732	6.124068775323234e+002	6.165950018614822e+002
5883	6.012036744475684e+002	6.025595860743575e+002
5897	5.787848698162645e+002	5.888436553555890e+002
5991	5.729076742537450e+002	5.754399373371566e+002
6013	5.420200315171300e+002	5.495408738576248e+002
6078	5.120671553908746e+002	5.128613839913649e+002
6135	4.917757819318399e+002	5.011872336272725e+002
6228	4.880848163467337e+002	4.897788193684461e+002
6281	4.649192035247132e+002	4.677351412871981e+002
6450	4.500461002072548e+002	4.570881896148752e+002
6467	4.112452299528537e+002	4.168693834703355e+002
6676	3.696064996096768e+002	3.715352290971724e+002
6931	3.548175369261017e+002	3.630780547701014e+002
7011	3.342499634401543e+002	3.388441561392024e+002
7218	3.300594536318093e+002	3.311311214825911e+002
7283	3.184923335958700e+002	3.235936569296281e+002
7301	3.022503282650935e+002	3.090295432513592e+002
7349	3.014308322176956e+002	3.019951720402016e+002
7548	2.869792746016401e+002	2.884031503126606e+002
7763	2.758719472687931e+002	2.818382931264455e+002
7925	2.742793053982080e+002	2.754228703338166e+002
7978	2.678975327456261e+002	2.691534803926917e+002
8049	2.574026240999168e+002	2.630267991895382e+002
8150	2.565921255037256e+002	2.570395782768865e+002
8393	2.442642538466661e+002	2.454708915685031e+002
8677	2.396564455965336e+002	2.398832919019490e+002
8863	2.337272889888259e+002	2.344228815319923e+002
9098	2.289214928546803e+002	2.290867652767772e+002
9226	2.237544480676829e+002	2.238721138568340e+002
9654	2.184479897551824e+002	2.187761623949552e+002
9936	2.123994339987667e+002	2.137962089502233e+002
10571	2.089094264322783e+002	2.089296130854039e+002
11190	2.039348664661458e+002	2.041737944669530e+002
11908	1.993336637234484e+002	1.995262314968879e+002
12515	1.947314460504270e+002	1.949844599758046e+002
13511	1.903724079288442e+002	1.905460717963246e+002
14639	1.861731586709924e+002	1.862087136662867e+002
16377	1.819136121287134e+002	1.819700858609982e+002
20260	1.778133012192590e+002	1.778279410038923e+002
27818	1.737543956422803e+002	1.737800828749376e+002
35536	1.698040002354533e+002	1.698243652461744e+002
101450	1.659540542891612e+002	1.659586907437561e+002
560658	1.621807216492497e+002	1.621810097358930e+002
1264793	1.584891114390933e+002	1.584893192461114e+002
1891294	1.548725885103609e+002	1.548816618912481e+002
2276506	1.513555619673583e+002	1.513561248436209e+002
2738267	1.479105861753018e+002	1.479108388168207e+002
2895399	1.445427748080975e+002	1.445439770745928e+002
3157302	1.412536283504743e+002	1.412537544622754e+002
3382557	1.380362728530093e+002	1.380384264602885e+002
3703548	1.348913809312317e+002	1.348962882591653e+002
3773373	1.318240674618878e+002	1.318256738556407e+002
3845377	1.288241513951738e+002	1.288249551693134e+002
4000001	1.261751235499709e+002	1.288249551693134e+002
%
% index = 3245, name = bbob_f017_i13_d40__bbob_f017_i14_d40
% instance = 6, reference value = 9.496112157235170e-001
% function evaluation | indicator value | target hit
1	7.609180798289783e+013	7.762471166286928e+013
2	3.244593341048475e+007	3.311311214825908e+007
11	2.577222502662922e+007	2.630267991895381e+007
12	5.201277629914637e+006	5.248074602497723e+006
69	2.157884455566663e+006	2.187761623949552e+006
168	2.093948603826526e+006	2.137962089502233e+006
326	8.985989687918211e+004	9.120108393559097e+004
693	6.729969405099528e+004	6.760829753919819e+004
910	3.889407692925260e+004	3.890451449942805e+004
1114	3.650569070552812e+004	3.715352290971728e+004
1187	2.828930341194774e+004	2.884031503126606e+004
1291	2.273553362540283e+004	2.290867652767775e+004
1388	1.550432791942748e+004	1.584893192461114e+004
1915	1.544064281817245e+004	1.548816618912483e+004
1948	1.187580351849598e+004	1.202264434617413e+004
2257	9.825225035064219e+003	1.000000000000000e+004
2450	9.702716196142499e+003	9.772372209558111e+003
2492	5.035095393622769e+003	5.128613839913648e+003
2791	4.523986789818829e+003	4.570881896148752e+003
2827	4.387584526151507e+003	4.466835921509631e+003
2922	4.239423672045032e+003	4.265795188015925e+003
3082	3.895645491038989e+003	3.981071705534973e+003
3136	3.875590246173562e+003	3.890451449942805e+003
3317	3.720786691261877e+003	3.801893963205613e+003
3351	3.656770143824380e+003	3.715352290971724e+003
3352	3.562039684735469e+003	3.630780547701014e+003
3381	3.493332954084898e+003	3.548133892335753e+003
3388	3.329926435560330e+003	3.388441561392024e+003
3405	3.033718235565189e+003	3.090295432513592e+003
3412	2.663416941533712e+003	2.691534803926917e+003
3568	2.611687664197637e+003	2.630267991895381e+003
3693	2.516192503590086e+003	2.570395782768865e+003
3757	2.477342441871598e+003	2.511886431509580e+003
3841	1.918457107905546e+003	1.949844599758045e+003
4025	1.820052516132353e+003	1.862087136662868e+003
4114	1.661670870581261e+003	1.698243652461744e+003
4415	1.638690338177568e+003	1.659586907437561e+003
4450	1.608540321030189e+003	1.621810097358930e+003
4494	1.492737150675056e+003	1.513561248436209e+003
4496	1.438984449212838e+003	1.445439770745928e+003
4601	1.387627923901327e+003	1.412537544622754e+003
4721	1.357181698878900e+003	1.380384264602885e+003
4756	1.227270806627217e+003	1.230268770812381e+003
4789	1.195360976314893e+003	1.202264434617413e+003
4939	1.143638625146330e+003	1.148153621496883e+003
4994	1.119052058893151e+003	1.122018454301963e+003
5060	1.080117835006901e+003	1.096478196143185e+003
5105	1.009013971820684e+003	1.023292992280754e+003
5146	8.591806848095125e+002	8.709635899560806e+002
5273	8.434550697224313e+002	8.511380382023768e+002
5409	7.966416779561167e+002	8.128305161640996e+002
5486	7.881150373618405e+002	7.943282347242813e+002
5604	7.587661449003451e+002	7.762471166286920e+002
5676	7.532843470022926e+002	7.585775750291836e+002
5718	7.368070454986234e+002	7.413102413009177e+002
5837	6.983704374276394e+002	7.079457843841381e+002
5882	6.794277440554308e+002	6.918309709189363e+002
5921	6.672814180810093e+002	6.760829753919819e+002
6120	6.155914232621003e+002	6.165950018614822e+002
6527	5.887972441516994e+002	5.888436553555890e+002
6631	5.653887086695592e+002	5.754399373371566e+002
6749	5.578346116836214e+002	5.623413251903490e+002
6900	5.350636752930604e+002	5.370317963702527e+002
6936	5.199996852101250e+002	5.248074602497728e+002
7088	5.082082127281866e+002	5.128613839913649e+002
7208	4.928586148023529e+002	5.011872336272725e+002
7295	4.870053409546175e+002	4.897788193684461e+002
7547	4.778864901110128e+002	4.786300923226385e+002
7730	4.664414203376078e+002	4.677351412871981e+002
7753	4.518523474377008e+002	4.570881896148752e+002
7772	4.413772057504746e+002	4.466835921509630e+002
7848	4.279764241858280e+002	4.365158322401661e+002
8049	4.136302869133256e+002	4.168693834703355e+002
8089	3.883993770502410e+002	3.890451449942805e+002
8141	3.754655776089685e+002	3.801893963205613e+002
8290	3.589478668677353e+002	3.630780547701014e+002
8413	3.474932624496925e+002	3.548133892335753e+002
8432	3.449140618284407e+002	3.467368504525317e+002
8445	3.092307912141313e+002	3.162277660168379e+002
8590	3.040669606013601e+002	3.090295432513592e+002
8728	2.993220291238474e+002	3.019951720402016e+002
8733	2.949668184067188e+002	2.951209226666387e+002
9022	2.858732052345258e+002	2.884031503126606e+002
9076	2.810745049732719e+002	2.818382931264455e+002
9099	2.690786873006886e+002	2.691534803926917e+002
9170	2.569813330170410e+002	2.570395782768865e+002
9317	2.435164224352723e+002	2.454708915685031e+002
9619	2.340147907413408e+002	2.344228815319923e+002
9647	2.260850849541471e+002	2.290867652767772e+002
10004	2.206797572912851e+002	2.238721138568340e+002
10176	2.183923600403719e+002	2.187761623949552e+002
10444	2.134623327952285e+002	2.137962089502233e+002
10588	2.055419182994375e+002	2.089296130854039e+002
10792	2.032615039766392e+002	2.041737944669530e+002
10901	1.982731548957878e+002	1.995262314968879e+002
11071	1.945634336907189e+002	1.949844599758046e+002
11540	1.899639891419493e+002	1.905460717963246e+002
11590	1.850546598949950e+002	1.862087136662867e+002
11827	1.809704372435998e+002	1.819700858609982e+002
12005	1.773030272641470e+002	1.778279410038923e+002
12455	1.723262272727783e+002	1.737800828749376e+002
12616	1.697087323012445e+002	1.698243652461744e+002
12706	1.651658429745598e+002	1.659586907437561e+002
13042	1.618211275976403e+002	1.621810097358930e+002
13203	1.566930290947974e+002	1.584893192461114e+002
13347	1.542387215034844e+002	1.548816618912481e+002
13789	1.492435717089115e+002	1.513561248436209e+002
13915	1.468649392446936e+002	1.479108388168207e+002
14416	1.420749795668520e+002	1.445439770745928e+002
14635	1.405708925488121e+002	1.412537544622754e+002
15112	1.378738462892598e+002	1.380384264602885e+002
16281	1.344802628180506e+002	1.348962882591653e+002
18561	1.318191993345550e+002	1.318256738556407e+002
26154	1.288148234014718e+002	1.288249551693134e+002
163461	1.258924961631565e+002	1.258925411794168e+002
358436	1.230268374543479e+002	1.230268770812381e+002
655991	1.202215320764806e+002	1.202264434617413e+002
1065031	1.174897504585068e+002	1.174897554939529e+002
1543268	1.148136110972910e+002	1.148153621496883e+002
1919852	1.121992272045057e+002	1.122018454301963e+002
2006497	1.096467691429516e+002	1.096478196143185e+002
2246426	1.071519046574313e+002	1.071519305237606e+002
2460486	1.047122717936732e+002	1.047128548050900e+002
2635792	1.023213720237834e+002	1.023292992280754e+002
2698236	9.999942310180049e+001	1.000000000000000e+002
2872929	9.771972257155815e+001	9.772372209558107e+001
3089832	9.549283846134949e+001	9.549925860214358e+001
3280497	9.332135894948397e+001	9.332543007969910e+001
3575461	9.120089106352286e+001	9.120108393559097e+001
3836577	8.912337842441454e+001	8.912509381337455e+001
4000001	8.801112437839466e+001	8.912509381337455e+001
%
% index = 3246, name = bbob_f017_i15_d40__bbob_f017_i16_d40
% instance = 7, reference value = 9.096107448752170e-001
% function evaluation | indicator value | target hit
1	1.101447787650013e+012	1.122018454301965e+012
2	1.485490299683933e+006	1.513561248436207e+006
129	1.058087250495230e+006	1.071519305237607e+006
273	3.848836934573646e+005	3.890451449942805e+005
305	2.431821014083449e+005	2.454708915685029e+005
469	1.325769582639016e+005	1.348962882591653e+005
477	1.300839670385050e+005	1.318256738556408e+005
539	8.504754048633635e+004	8.511380382023759e+004
592	7.741386946179737e+004	7.762471166286912e+004
632	4.109688521788667e+004	4.168693834703355e+004
751	3.689188268958729e+004	3.715352290971728e+004
896	3.349509751977750e+004	3.388441561392028e+004
1021	3.172863002047050e+004	3.235936569296281e+004
1051	2.133947599291900e+004	2.137962089502232e+004
1180	2.082057362652668e+004	2.089296130854041e+004
1426	1.862133446364829e+004	1.905460717963248e+004
1499	1.777745898815578e+004	1.778279410038923e+004
1506	1.507390500828269e+004	1.513561248436207e+004
1652	1.434597955097234e+004	1.445439770745928e+004
1728	1.380578109427275e+004	1.412537544622756e+004
1770	1.243706083784292e+004	1.258925411794166e+004
1814	1.051617437085073e+004	1.071519305237607e+004
1980	9.566387137080890e+003	9.772372209558111e+003
2042	8.618438125309036e+003	8.709635899560806e+003
2216	8.372505925523612e+003	8.511380382023768e+003
2275	8.039334130630346e+003	8.128305161640995e+003
2284	6.067033788608559e+003	6.165950018614823e+003
2323	5.743929114091080e+003	5.754399373371567e+003
2458	5.279165655843706e+003	5.370317963702527e+003
2599	5.231140814389189e+003	5.248074602497728e+003
2670	4.689238041034572e+003	4.786300923226385e+003
2728	4.462781996564111e+003	4.466835921509631e+003
2906	4.260793007531514e+003	4.265795188015925e+003
2970	4.075145128889008e+003	4.168693834703355e+003
2971	4.051358136278944e+003	4.073802778041126e+003
3079	3.212660882801058e+003	3.235936569296281e+003
3409	2.696115025027198e+003	2.754228703338166e+003
3538	2.684461450259133e+003	2.691534803926917e+003
3540	2.465380899690922e+003	2.511886431509580e+003
3562	2.344129280758210e+003	2.344228815319923e+003
3704	2.276657634664018e+003	2.290867652767772e+003
3765	2.095093363450299e+003	2.137962089502233e+003
3812	2.054666906981384e+003	2.089296130854039e+003
3968	1.919494373716767e+003	1.949844599758045e+003
4053	1.900664665092708e+003	1.905460717963246e+003
4182	1.800705347362074e+003	1.819700858609983e+003
4189	1.740749735793228e+003	1.778279410038923e+003
4287	1.666893443922665e+003	1.698243652461744e+003
4341	1.627931403875665e+003	1.659586907437561e+003
4349	1.591745268120036e+003	1.621810097358930e+003
4350	1.566303558421265e+003	1.584893192461114e+003
4400	1.527258408151517e+003	1.548816618912481e+003
4557	1.372315986438121e+003	1.380384264602885e+003
4602	1.327057510931001e+003	1.348962882591653e+003
4738	1.267712042233114e+003	1.288249551693134e+003
4766	1.243297903444811e+003	1.258925411794168e+003
4767	1.222516382936494e+003	1.230268770812381e+003
4782	1.179090212064626e+003	1.202264434617413e+003
4876	8.598178563173314e+002	8.709635899560806e+002
5256	8.250548683386977e+002	8.317637711026708e+002
5427	7.583334854497281e+002	7.585775750291836e+002
5587	7.312745753672766e+002	7.413102413009177e+002
5621	7.049000625920756e+002	7.079457843841381e+002
5655	6.886930453106500e+002	6.918309709189363e+002
5708	6.626017708602373e+002	6.760829753919819e+002
5797	6.469074431110137e+002	6.606934480075958e+002
5830	6.308468917479847e+002	6.309573444801930e+002
5944	5.628511020199143e+002	5.754399373371566e+002
6101	5.565467442999266e+002	5.623413251903490e+002
6161	5.242047485625654e+002	5.248074602497728e+002
6315	5.128251189664322e+002	5.128613839913649e+002
6328	4.967529030326822e+002	5.011872336272725e+002
6384	4.622984608594868e+002	4.677351412871981e+002
6520	4.490319812291965e+002	4.570881896148752e+002
6543	4.444935530174214e+002	4.466835921509630e+002
6595	4.307681626795953e+002	4.365158322401661e+002
6597	4.194905790470506e+002	4.265795188015925e+002
6680	3.890540576903980e+002	3.981071705534973e+002
6919	3.872163863122598e+002	3.890451449942805e+002
6923	3.649822521926245e+002	3.715352290971724e+002
7088	3.515686761316950e+002	3.548133892335753e+002
7183	3.419903801405919e+002	3.467368504525317e+002
7197	3.244127421034228e+002	3.311311214825911e+002
7226	3.191095162426594e+002	3.235936569296281e+002
7375	3.136764460165898e+002	3.162277660168379e+002
7521	3.029426401382546e+002	3.090295432513592e+002
7582	2.849179692005269e+002	2.884031503126606e+002
7602	2.570483344117191e+002	2.630267991895382e+002
7851	2.565350322200723e+002	2.570395782768865e+002
7880	2.409856172068711e+002	2.454708915685031e+002
7895	2.389082900425308e+002	2.398832919019490e+002
8053	2.338080511158976e+002	2.344228815319923e+002
8174	2.240808297059572e+002	2.290867652767772e+002
8212	2.163239911139740e+002	2.187761623949552e+002
8412	2.088965194419525e+002	2.089296130854039e+002
8476	2.028842255791087e+002	2.041737944669530e+002
8593	1.948054374372552e+002	1.949844599758046e+002
8606	1.895004232806336e+002	1.905460717963246e+002
8750	1.858308178975032e+002	1.862087136662867e+002
9052	1.798687977798133e+002	1.819700858609982e+002
9182	1.766505752975024e+002	1.778279410038923e+002
9267	1.736804346150249e+002	1.737800828749376e+002
9341	1.688161237977773e+002	1.698243652461744e+002
9488	1.633912091124920e+002	1.659586907437561e+002
9558	1.606591167828591e+002	1.621810097358930e+002
9658	1.580981335923183e+002	1.584893192461114e+002
9746	1.484732130075344e+002	1.513561248436209e+002
10118	1.474998196935202e+002	1.479108388168207e+002
10276	1.430050510077310e+002	1.445439770745928e+002
10369	1.409811017971372e+002	1.412537544622754e+002
10470	1.379768851810002e+002	1.380384264602885e+002
10616	1.316070542673134e+002	1.318256738556407e+002
10945	1.279512213300934e+002	1.288249551693134e+002
11120	1.256846957565681e+002	1.258925411794168e+002
11210	1.227739151980262e+002	1.230268770812381e+002
11475	1.197409938628547e+002	1.202264434617413e+002
11889	1.165826630174019e+002	1.174897554939529e+002
12201	1.141471951655853e+002	1.148153621496883e+002
12332	1.118710550240679e+002	1.122018454301963e+002
12767	1.093534239805154e+002	1.096478196143185e+002
12835	1.070251868187515e+002	1.071519305237606e+002
13306	1.046014199868709e+002	1.047128548050900e+002
13586	1.020329181883433e+002	1.023292992280754e+002
14339	9.918852165989355e+001	1.000000000000000e+002
15103	9.770482277973517e+001	9.772372209558107e+001
16286	9.545158167714598e+001	9.549925860214358e+001
18484	9.330009164033368e+001	9.332543007969910e+001
21851	9.117647425199132e+001	9.120108393559097e+001
27266	8.908361630146419e+001	8.912509381337455e+001
64948	8.709323731288808e+001	8.709635899560806e+001
87032	8.508542800508027e+001	8.511380382023764e+001
93694	8.317003911891699e+001	8.317637711026708e+001
101521	8.128105149533393e+001	8.128305161640991e+001
121687	7.943037814557854e+001	7.943282347242814e+001
238251	7.762454547229511e+001	7.762471166286916e+001
345593	7.585704467872505e+001	7.585775750291836e+001
466532	7.412998620147532e+001	7.413102413009177e+001
613495	7.244358218141872e+001	7.244359600749903e+001
1279903	7.079314200168139e+001	7.079457843841381e+001
1774004	6.918193945783524e+001	6.918309709189366e+001
2058879	6.760818172030882e+001	6.760829753919819e+001
2268469	6.606875631963165e+001	6.606934480075961e+001
2793378	6.456386398125795e+001	6.456542290346556e+001
3665136	6.309561423984755e+001	6.309573444801933e+001
4000001	6.245857097057689e+001	6.309573444801933e+001
%
% index = 3247, name = bbob_f017_i17_d40__bbob_f017_i18_d40
% instance = 8, reference value = 9.203787126179240e-001
% function evaluation | indicator value | target hit
1	9.276659333167732e+012	9.332543007969924e+012
2	2.212472656624475e+010	2.238721138568338e+010
4	2.836804759145120e+009	2.884031503126612e+009
5	7.347890461415825e+008	7.413102413009162e+008
7	5.203583378933786e+007	5.248074602497723e+007
18	1.872499106903001e+007	1.905460717963248e+007
27	2.507691848419661e+006	2.511886431509582e+006
45	1.499618599970729e+006	1.513561248436207e+006
99	7.359571832120103e+005	7.413102413009177e+005
111	6.316043792076975e+005	6.456542290346549e+005
154	2.974049841558241e+005	3.019951720402019e+005
236	2.154240721738473e+005	2.187761623949552e+005
305	1.122237394661618e+005	1.148153621496882e+005
427	9.658742232922817e+004	9.772372209558112e+004
691	6.206859435659317e+004	6.309573444801930e+004
901	2.272687097316490e+004	2.290867652767775e+004
932	2.229653668289216e+004	2.238721138568338e+004
1572	2.078372025131744e+004	2.089296130854041e+004
1632	1.764906885597757e+004	1.778279410038923e+004
1751	1.600823387701179e+004	1.621810097358930e+004
1795	1.132133866111291e+004	1.148153621496882e+004
2061	1.006337895696756e+004	1.023292992280754e+004
2238	9.906850903373394e+003	1.000000000000000e+004
2408	9.251361026124332e+003	9.332543007969915e+003
2432	8.737501517441766e+003	8.912509381337459e+003
2440	8.566582791207971e+003	8.709635899560806e+003
2502	8.481077532598503e+003	8.511380382023768e+003
2527	7.514856484460405e+003	7.585775750291836e+003
2779	6.877463602225910e+003	6.918309709189362e+003
2829	6.629319917258315e+003	6.760829753919819e+003
2888	6.532723198955372e+003	6.606934480075958e+003
2952	6.261640528091504e+003	6.309573444801930e+003
2982	6.026122952013966e+003	6.165950018614823e+003
3065	5.590195031730214e+003	5.623413251903491e+003
3129	5.328477206808563e+003	5.370317963702527e+003
3133	5.244917589941799e+003	5.248074602497728e+003
3210	4.753925665267509e+003	4.786300923226385e+003
3243	4.639846584834434e+003	4.677351412871981e+003
3325	4.450550016149095e+003	4.466835921509631e+003
3356	4.197887841683240e+003	4.265795188015925e+003
3425	4.094382079285422e+003	4.168693834703355e+003
3582	4.063576022544633e+003	4.073802778041126e+003
3689	3.699183920818168e+003	3.715352290971724e+003
3892	3.415646549370510e+003	3.467368504525316e+003
3920	3.257704245990488e+003	3.311311214825911e+003
4004	2.593870087294630e+003	2.630267991895381e+003
4210	2.510456153208823e+003	2.511886431509580e+003
4241	2.392096415695784e+003	2.398832919019490e+003
4390	2.288634830935193e+003	2.290867652767772e+003
4461	2.234202538183945e+003	2.238721138568340e+003
4554	2.173925526018350e+003	2.187761623949552e+003
4624	2.050184314921693e+003	2.089296130854039e+003
4693	1.952545686987567e+003	1.995262314968879e+003
4755	1.874359487925919e+003	1.905460717963246e+003
4833	1.850352774543465e+003	1.862087136662868e+003
4907	1.731363570124684e+003	1.737800828749376e+003
5097	1.650577217403485e+003	1.659586907437561e+003
5124	1.583093467097724e+003	1.584893192461114e+003
5173	1.505206185160055e+003	1.513561248436209e+003
5219	1.460367037312310e+003	1.479108388168207e+003
5330	1.434888125336619e+003	1.445439770745928e+003
5410	1.283148616324577e+003	1.288249551693134e+003
5418	1.212872888057190e+003	1.230268770812381e+003
5530	1.186868244576365e+003	1.202264434617413e+003
5638	1.165640816126948e+003	1.174897554939529e+003
5818	1.083316284429183e+003	1.096478196143185e+003
5831	1.068092643271118e+003	1.071519305237606e+003
5969	1.021669120724983e+003	1.023292992280754e+003
5985	9.661975233517194e+002	9.772372209558112e+002
6075	9.526238553562142e+002	9.549925860214360e+002
6131	9.142816698669302e+002	9.332543007969915e+002
6247	8.386528603109591e+002	8.511380382023768e+002
6361	7.578029172357169e+002	7.585775750291836e+002
6419	7.024311046356744e+002	7.079457843841381e+002
6566	6.705706823903414e+002	6.760829753919819e+002
6602	6.465134497292288e+002	6.606934480075958e+002
6689	6.290461071370137e+002	6.309573444801930e+002
6798	6.102971967905302e+002	6.165950018614822e+002
6949	5.980243181167901e+002	6.025595860743575e+002
6984	5.301547515555679e+002	5.370317963702527e+002
7080	5.212397989107617e+002	5.248074602497728e+002
7087	5.083099793649565e+002	5.128613839913649e+002
7130	4.783153891764364e+002	4.786300923226385e+002
7415	4.631523977293875e+002	4.677351412871981e+002
7556	4.524679781837255e+002	4.570881896148752e+002
7603	4.296848254684889e+002	4.365158322401661e+002
7621	4.128238843343435e+002	4.168693834703355e+002
7723	4.060102288849569e+002	4.073802778041126e+002
7779	3.950756242050728e+002	3.981071705534973e+002
7865	3.780956031762748e+002	3.801893963205613e+002
7921	3.673458942064236e+002	3.715352290971724e+002
8068	3.508475018243944e+002	3.548133892335753e+002
8160	3.411671952176192e+002	3.467368504525317e+002
8173	3.326184234043677e+002	3.388441561392024e+002
8317	3.214526581631964e+002	3.235936569296281e+002
8385	3.114325664593603e+002	3.162277660168379e+002
8483	3.089921745065890e+002	3.090295432513592e+002
8519	2.923821544308942e+002	2.951209226666387e+002
8748	2.810386639394798e+002	2.818382931264455e+002
9039	2.752047602459294e+002	2.754228703338166e+002
9074	2.649057939937594e+002	2.691534803926917e+002
9135	2.609134500462991e+002	2.630267991895382e+002
9260	2.477134332921094e+002	2.511886431509580e+002
9331	2.450752319257069e+002	2.454708915685031e+002
9427	2.379000382303728e+002	2.398832919019490e+002
9529	2.303496390929591e+002	2.344228815319923e+002
9738	2.258116206690155e+002	2.290867652767772e+002
9788	2.232689071851770e+002	2.238721138568340e+002
9877	2.169321350758637e+002	2.187761623949552e+002
9972	2.130018293504437e+002	2.137962089502233e+002
10104	2.086104537027192e+002	2.089296130854039e+002
10216	2.019311457484307e+002	2.041737944669530e+002
10249	1.981438708496565e+002	1.995262314968879e+002
10452	1.914875094753882e+002	1.949844599758046e+002
10474	1.897558461680449e+002	1.905460717963246e+002
10500	1.834955083096296e+002	1.862087136662867e+002
10531	1.788973660455102e+002	1.819700858609982e+002
10726	1.767348867294134e+002	1.778279410038923e+002
10903	1.709140790582003e+002	1.737800828749376e+002
11027	1.684787391898352e+002	1.698243652461744e+002
11137	1.624012900254255e+002	1.659586907437561e+002
11342	1.571363512515419e+002	1.584893192461114e+002
11643	1.536876707595070e+002	1.548816618912481e+002
11882	1.488006664809447e+002	1.513561248436209e+002
11985	1.476873281188172e+002	1.479108388168207e+002
12008	1.411205422419815e+002	1.412537544622754e+002
12302	1.361722145401648e+002	1.380384264602885e+002
12452	1.339514225541959e+002	1.348962882591653e+002
12622	1.281932358105894e+002	1.288249551693134e+002
12691	1.252581175559238e+002	1.258925411794168e+002
13073	1.223589549920310e+002	1.230268770812381e+002
13233	1.195397841027221e+002	1.202264434617413e+002
13546	1.173791034067860e+002	1.174897554939529e+002
13682	1.139948501517603e+002	1.148153621496883e+002
13790	1.115038588892303e+002	1.122018454301963e+002
14155	1.090796467421893e+002	1.096478196143185e+002
14606	1.065138842693841e+002	1.071519305237606e+002
15372	1.040093393598449e+002	1.047128548050900e+002
15905	1.019240375792271e+002	1.023292992280754e+002
16829	9.970673131571435e+001	1.000000000000000e+002
17520	9.713735028473832e+001	9.772372209558107e+001
18529	9.544369517206214e+001	9.549925860214358e+001
20281	9.330496909374244e+001	9.332543007969910e+001
28678	9.119337892297561e+001	9.120108393559097e+001
128606	8.912477826462894e+001	8.912509381337455e+001
253182	8.709306862064523e+001	8.709635899560806e+001
555350	8.510857786348703e+001	8.511380382023764e+001
920672	8.317559615031415e+001	8.317637711026708e+001
1000622	8.127395908568752e+001	8.128305161640991e+001
1136813	7.942294782404717e+001	7.943282347242814e+001
1209177	7.759407394930869e+001	7.762471166286916e+001
1317265	7.585565222998885e+001	7.585775750291836e+001
1539940	7.413072387352028e+001	7.413102413009177e+001
1682424	7.244046789509085e+001	7.244359600749903e+001
1953067	7.079333692518047e+001	7.079457843841381e+001
2141941	6.918174544996872e+001	6.918309709189366e+001
2334424	6.760807046332162e+001	6.760829753919819e+001
2540730	6.606120043171745e+001	6.606934480075961e+001
2686492	6.456463407059792e+001	6.456542290346556e+001
2989106	6.309475378094352e+001	6.309573444801933e+001
3263098	6.165753265331124e+001	6.165950018614822e+001
3415330	6.025556358582203e+001	6.025595860743578e+001
3584440	5.886650851421459e+001	5.888436553555890e+001
3676435	5.753281676302809e+001	5.754399373371570e+001
3834470	5.622873689573909e+001	5.623413251903491e+001
4000001	5.505122374727836e+001	5.623413251903491e+001
%
% index = 3248, name = bbob_f017_i19_d40__bbob_f017_i21_d40
% instance = 9, reference value = 9.193912532720681e-001
% function evaluation | indicator value | target hit
1	5.387876193598059e+016	5.495408738576226e+016
2	6.027842900794902e+012	6.165950018614810e+012
3	2.959342936212497e+011	3.019951720402019e+011
4	6.468464548640093e+010	6.606934480075964e+010
5	3.088180576113808e+008	3.090295432513592e+008
11	2.533633471276827e+008	2.570395782768865e+008
12	1.533254953013045e+008	1.548816618912480e+008
13	1.381788712260019e+008	1.412537544622755e+008
18	4.380681438830625e+007	4.466835921509635e+007
24	2.325225849605258e+007	2.344228815319923e+007
41	1.747764070902701e+007	1.778279410038923e+007
67	1.268650071557186e+007	1.288249551693135e+007
140	7.136740241408764e+006	7.244359600749906e+006
166	6.634739582568372e+005	6.760829753919819e+005
169	5.747186869073865e+005	5.754399373371566e+005
556	5.187149556185121e+005	5.248074602497723e+005
569	1.107329106908101e+005	1.122018454301963e+005
775	9.768068743613780e+004	9.772372209558112e+004
799	5.997144109793833e+004	6.025595860743581e+004
884	3.673446297838510e+004	3.715352290971728e+004
1379	3.599539434746959e+004	3.630780547701010e+004
1472	3.442280283424666e+004	3.467368504525317e+004
1507	3.022924070166465e+004	3.090295432513592e+004
1525	2.723103393712834e+004	2.754228703338169e+004
1770	2.128924731326408e+004	2.137962089502232e+004
1815	1.659348635868756e+004	1.659586907437560e+004
2118	1.495887597638919e+004	1.513561248436207e+004
2324	1.477242587328440e+004	1.479108388168207e+004
2438	1.381576137399447e+004	1.412537544622756e+004
2618	1.301985016804776e+004	1.318256738556407e+004
2641	1.278633767095337e+004	1.288249551693135e+004
2696	9.855005516511244e+003	1.000000000000000e+004
2767	9.550073737378623e+003	9.772372209558111e+003
2772	9.226905076041090e+003	9.332543007969915e+003
3001	8.809359154522370e+003	8.912509381337459e+003
3015	8.063766896851817e+003	8.128305161640995e+003
3159	7.287521581113154e+003	7.413102413009177e+003
3198	6.720494615346648e+003	6.760829753919819e+003
3224	6.568479799987304e+003	6.606934480075958e+003
3355	6.455863610151815e+003	6.456542290346556e+003
3377	5.822605637694070e+003	5.888436553555890e+003
3417	4.723028124883866e+003	4.786300923226385e+003
3628	4.384911753310966e+003	4.466835921509631e+003
3674	3.464382323280006e+003	3.467368504525316e+003
3765	3.317531381766897e+003	3.388441561392024e+003
3850	3.127666303678268e+003	3.162277660168380e+003
3936	2.870359213226098e+003	2.884031503126606e+003
4164	2.732443998904585e+003	2.754228703338166e+003
4212	2.650273555232254e+003	2.691534803926917e+003
4217	2.589549572111773e+003	2.630267991895381e+003
4305	2.401580882764572e+003	2.454708915685031e+003
4424	2.345948993336137e+003	2.398832919019490e+003
4451	2.099457460293702e+003	2.137962089502233e+003
4672	1.993572409668172e+003	1.995262314968879e+003
4741	1.783744409147792e+003	1.819700858609983e+003
4828	1.775686367537680e+003	1.778279410038923e+003
4884	1.713727044686196e+003	1.737800828749376e+003
4997	1.557005866616358e+003	1.584893192461114e+003
5023	1.507169727740793e+003	1.513561248436209e+003
5077	1.461503624677329e+003	1.479108388168207e+003
5137	1.396174649020354e+003	1.412537544622754e+003
5356	1.353351445499365e+003	1.380384264602885e+003
5446	1.330041521404212e+003	1.348962882591653e+003
5449	1.308098707077985e+003	1.318256738556408e+003
5465	1.217951884913953e+003	1.230268770812381e+003
5548	1.111145143578133e+003	1.122018454301963e+003
5675	1.011106834920287e+003	1.023292992280754e+003
5677	9.891637988323274e+002	1.000000000000000e+003
5704	9.749548345915532e+002	9.772372209558112e+002
5712	9.463940335348779e+002	9.549925860214360e+002
5851	9.146341740798594e+002	9.332543007969915e+002
5859	8.374635022471950e+002	8.511380382023768e+002
6010	8.022082816659604e+002	8.128305161640996e+002
6059	7.908770919924522e+002	7.943282347242813e+002
6110	7.639466238738170e+002	7.762471166286920e+002
6113	6.346524503375672e+002	6.456542290346556e+002
6311	6.305605303747449e+002	6.309573444801930e+002
6374	6.073202880762727e+002	6.165950018614822e+002
6467	5.659833563232357e+002	5.754399373371566e+002
6513	5.144541936087510e+002	5.248074602497728e+002
6535	4.864624203033724e+002	4.897788193684461e+002
6873	4.566750483545930e+002	4.570881896148752e+002
6967	4.108998246506069e+002	4.168693834703355e+002
7088	4.050807639707672e+002	4.073802778041126e+002
7225	3.949787714193105e+002	3.981071705534973e+002
7293	3.872409247847324e+002	3.890451449942805e+002
7315	3.791345365525976e+002	3.801893963205613e+002
7333	3.562921826109940e+002	3.630780547701014e+002
7381	3.529661324524087e+002	3.548133892335753e+002
7515	3.315411855501342e+002	3.388441561392024e+002
7523	3.089911102629170e+002	3.090295432513592e+002
7788	2.979508202288839e+002	3.019951720402016e+002
7799	2.813996368960382e+002	2.818382931264455e+002
7937	2.702827074789866e+002	2.754228703338166e+002
8015	2.581670852981751e+002	2.630267991895382e+002
8066	2.530217469426359e+002	2.570395782768865e+002
8256	2.351397270407735e+002	2.398832919019490e+002
8369	2.275169485457280e+002	2.290867652767772e+002
8433	2.219194495422718e+002	2.238721138568340e+002
8453	2.178293598074139e+002	2.187761623949552e+002
8596	2.130481721483839e+002	2.137962089502233e+002
8620	2.001349922722926e+002	2.041737944669530e+002
8797	1.938290284586196e+002	1.949844599758046e+002
8809	1.896029342883860e+002	1.905460717963246e+002
9005	1.817695475537736e+002	1.819700858609982e+002
9079	1.678055356673620e+002	1.698243652461744e+002
9148	1.608024413874831e+002	1.621810097358930e+002
9304	1.559513923534434e+002	1.584893192461114e+002
9343	1.518921395690402e+002	1.548816618912481e+002
9444	1.451870688362824e+002	1.479108388168207e+002
9540	1.424173843724785e+002	1.445439770745928e+002
9577	1.345252763575149e+002	1.348962882591653e+002
9738	1.250263225021235e+002	1.258925411794168e+002
9892	1.170334164804367e+002	1.174897554939529e+002
9901	1.078244339262381e+002	1.096478196143185e+002
9984	9.740372861228592e+001	9.772372209558107e+001
10047	9.367503698072478e+001	9.549925860214358e+001
10113	8.964837101997226e+001	9.120108393559097e+001
10159	8.677490387282013e+001	8.709635899560806e+001
10389	8.309108195680253e+001	8.317637711026708e+001
10414	8.125447420496660e+001	8.128305161640991e+001
10425	7.738084249610614e+001	7.762471166286916e+001
10599	6.689463032838087e+001	6.760829753919819e+001
10766	6.396887444997422e+001	6.456542290346556e+001
10773	6.105781636372775e+001	6.165950018614822e+001
10881	5.959124107549545e+001	6.025595860743578e+001
10955	5.849411886449492e+001	5.888436553555890e+001
10959	5.680889592110742e+001	5.754399373371570e+001
10968	5.114597691112297e+001	5.128613839913648e+001
11218	4.886360206604266e+001	4.897788193684461e+001
11320	4.334119289533948e+001	4.365158322401658e+001
11557	3.992696857219221e+001	4.073802778041128e+001
11643	3.855129119928304e+001	3.890451449942807e+001
11758	3.623800228393714e+001	3.630780547701014e+001
11808	3.475084040297476e+001	3.548133892335755e+001
11838	3.404154502815526e+001	3.467368504525317e+001
11915	3.216246319630876e+001	3.235936569296283e+001
11966	2.986279763098223e+001	3.019951720402016e+001
12102	2.940023396452062e+001	2.951209226666386e+001
12228	2.865996239966414e+001	2.884031503126606e+001
12267	2.808449014345636e+001	2.818382931264453e+001
12274	2.693869331091431e+001	2.754228703338166e+001
12330	2.574760062051353e+001	2.630267991895381e+001
12382	2.410642024275256e+001	2.454708915685030e+001
12466	2.185096969258468e+001	2.187761623949553e+001
12703	2.005775044374854e+001	2.041737944669530e+001
12919	1.954135412823156e+001	1.995262314968880e+001
12928	1.830213395429331e+001	1.862087136662868e+001
12985	1.679140916007663e+001	1.698243652461744e+001
13051	1.625004108341763e+001	1.659586907437561e+001
13257	1.567051542463006e+001	1.584893192461113e+001
13348	1.479831650683560e+001	1.513561248436208e+001
13433	1.455575097972338e+001	1.479108388168207e+001
13577	1.443129963282034e+001	1.445439770745927e+001
13607	1.319943671273951e+001	1.348962882591653e+001
13631	1.310619208705985e+001	1.318256738556407e+001
13717	1.189671112832867e+001	1.202264434617413e+001
14120	1.141394876855642e+001	1.148153621496883e+001
14160	1.000538326670940e+001	1.023292992280754e+001
14219	9.883268890323038e+000	1.000000000000000e+001
14501	9.453226204933728e+000	9.549925860214358e+000
14549	9.304687194809810e+000	9.332543007969910e+000
14550	8.925325168537070e+000	9.120108393559097e+000
14582	8.681669595983113e+000	8.709635899560805e+000
14648	7.655262250798270e+000	7.762471166286917e+000
14846	7.509499041164740e+000	7.585775750291838e+000
14925	7.315208829210988e+000	7.413102413009175e+000
14997	7.243952196679009e+000	7.244359600749901e+000
15013	6.810431141559616e+000	6.918309709189365e+000
15242	6.717141775782091e+000	6.760829753919817e+000
15254	6.371922612356372e+000	6.456542290346556e+000
15355	6.279434931852197e+000	6.309573444801933e+000
15494	5.593436167031533e+000	5.623413251903491e+000
15684	5.360548338729074e+000	5.370317963702528e+000
15892	4.896891012327541e+000	4.897788193684462e+000
16459	4.682995809757329e+000	4.786300923226384e+000
16460	4.633122682623567e+000	4.677351412871983e+000
16589	4.538985482144887e+000	4.570881896148751e+000
16617	4.413804502016851e+000	4.466835921509632e+000
16757	4.238950482737623e+000	4.265795188015927e+000
17196	4.125648937746060e+000	4.168693834703354e+000
17480	3.938828361495752e+000	3.981071705534972e+000
17602	3.739901631832969e+000	3.801893963205612e+000
18022	3.666603502825803e+000	3.715352290971725e+000
18062	3.608468921832937e+000	3.630780547701014e+000
18163	3.523025863372600e+000	3.548133892335755e+000
18582	3.443815562079072e+000	3.467368504525317e+000
18733	3.374498521465002e+000	3.388441561392026e+000
18816	3.308243179410847e+000	3.311311214825911e+000
18925	3.210370340771116e+000	3.235936569296283e+000
19313	3.109306404789092e+000	3.162277660168379e+000
19386	3.051949879082389e+000	3.090295432513591e+000
19727	2.985310212615131e+000	3.019951720402016e+000
19787	2.893651450505568e+000	2.951209226666386e+000
20032	2.861674983849068e+000	2.884031503126606e+000
20140	2.813298597118068e+000	2.818382931264454e+000
20284	2.696637396688563e+000	2.754228703338166e+000
20447	2.625396675130568e+000	2.630267991895382e+000
21132	2.501272732064568e+000	2.511886431509580e+000
21703	2.419649512501068e+000	2.454708915685031e+000
21713	2.286289655014068e+000	2.290867652767773e+000
22192	2.124244095097568e+000	2.137962089502232e+000
22533	2.071803520670568e+000	2.089296130854040e+000
22740	1.996167944967568e+000	2.041737944669529e+000
22920	1.957649090461568e+000	1.995262314968880e+000
23281	1.932363805500068e+000	1.949844599758045e+000
23770	1.833875183815068e+000	1.862087136662868e+000
24028	1.797714260167568e+000	1.819700858609983e+000
24379	1.751545774841068e+000	1.778279410038923e+000
24534	1.733679760088068e+000	1.737800828749375e+000
25170	1.684711507660068e+000	1.698243652461744e+000
25475	1.658893012355068e+000	1.659586907437561e+000
25762	1.618762414200068e+000	1.621810097358930e+000
26315	1.572248848151568e+000	1.584893192461114e+000
26813	1.499471933532068e+000	1.513561248436208e+000
27299	1.468554578153568e+000	1.479108388168207e+000
27914	1.442577967310068e+000	1.445439770745927e+000
28062	1.403498543692068e+000	1.412537544622754e+000
28564	1.377937155312568e+000	1.380384264602885e+000
28878	1.339313093326068e+000	1.348962882591654e+000
29043	1.266841503973568e+000	1.288249551693134e+000
29265	1.210386765974068e+000	1.230268770812382e+000
30483	1.176690174196068e+000	1.202264434617413e+000
30909	1.165133248878068e+000	1.174897554939530e+000
31314	1.141071476009568e+000	1.148153621496883e+000
32254	1.119682095042568e+000	1.122018454301963e+000
32854	1.093792474231568e+000	1.096478196143185e+000
34080	1.069056191512068e+000	1.071519305237606e+000
35253	1.036953357708568e+000	1.047128548050900e+000
35277	1.015898868266068e+000	1.023292992280754e+000
35360	9.839850192735680e-001	1.000000000000000e+000
35556	9.672271947830680e-001	9.772372209558107e-001
35718	9.522679839400681e-001	9.549925860214360e-001
36255	9.268840085590679e-001	9.332543007969910e-001
37161	8.968131685384420e-001	9.120108393559098e-001
37165	8.869079197928550e-001	8.912509381337456e-001
38778	8.704114106542924e-001	8.709635899560806e-001
40768	8.479092644004640e-001	8.511380382023764e-001
41058	8.267891069764788e-001	8.317637711026710e-001
41874	8.118256406075762e-001	8.128305161640993e-001
42942	7.935597958716391e-001	7.943282347242815e-001
43301	7.724488420189383e-001	7.762471166286917e-001
43911	7.584863582584834e-001	7.585775750291838e-001
45322	7.366368577430362e-001	7.413102413009175e-001
46125	7.241939796893264e-001	7.244359600749900e-001
47381	7.069046982356941e-001	7.079457843841379e-001
48196	6.895323798541105e-001	6.918309709189364e-001
49526	6.736274112291345e-001	6.760829753919818e-001
51756	6.593486155463664e-001	6.606934480075960e-001
52813	6.434070062906039e-001	6.456542290346555e-001
55706	6.306555143372881e-001	6.309573444801933e-001
60824	6.165756511824198e-001	6.165950018614822e-001
69485	6.015361696386095e-001	6.025595860743578e-001
77647	5.874536063678799e-001	5.888436553555889e-001
87699	5.685208210865398e-001	5.754399373371569e-001
93883	5.623258590565581e-001	5.623413251903491e-001
118005	5.493139822548290e-001	5.495408738576245e-001
172235	5.368290969404529e-001	5.370317963702527e-001
322822	5.247049306086151e-001	5.248074602497725e-001
551944	5.126631879099292e-001	5.128613839913648e-001
2265928	5.011790619914955e-001	5.011872336272722e-001
4000001	4.967311301772934e-001	5.011872336272722e-001
%
% index = 3249, name = bbob_f017_i21_d40__bbob_f017_i22_d40
% instance = 10, reference value = 9.214384361913700e-001
% function evaluation | indicator value | target hit
1	3.930596472730825e+014	3.981071705534969e+014
2	4.577236368922064e+008	4.677351412871981e+008
7	3.529086455167641e+008	3.548133892335761e+008
8	2.754989457421311e+006	2.818382931264455e+006
78	7.687297917697589e+005	7.762471166286912e+005
150	1.132197402752923e+005	1.148153621496882e+005
459	9.502902420814379e+004	9.549925860214369e+004
597	7.562481600011415e+004	7.585775750291836e+004
662	5.765305877283063e+004	5.888436553555884e+004
697	4.681982587052793e+004	4.786300923226380e+004
859	3.444344939301132e+004	3.467368504525317e+004
1198	3.073456616349749e+004	3.090295432513592e+004
1200	2.733323450995342e+004	2.754228703338169e+004
1486	2.067049079855973e+004	2.089296130854041e+004
1711	1.846302396300723e+004	1.862087136662866e+004
2032	1.776599661013523e+004	1.778279410038923e+004
2066	1.679162568183026e+004	1.698243652461746e+004
2228	1.464063465091473e+004	1.479108388168207e+004
2257	1.243519974296313e+004	1.258925411794166e+004
2458	1.201859419177958e+004	1.202264434617413e+004
2489	1.146456548551215e+004	1.148153621496882e+004
2577	1.085137028085343e+004	1.096478196143185e+004
2603	1.052658855745709e+004	1.071519305237607e+004
2634	1.046713155076567e+004	1.047128548050899e+004
2667	1.008199288766987e+004	1.023292992280754e+004
2711	8.878295440096481e+003	8.912509381337459e+003
2729	6.734576229092319e+003	6.760829753919819e+003
2962	6.316966967943496e+003	6.456542290346556e+003
3039	6.274201494626703e+003	6.309573444801930e+003
3158	5.686769424312966e+003	5.754399373371567e+003
3286	4.751980134795648e+003	4.786300923226385e+003
3410	4.518961718845622e+003	4.570881896148752e+003
3543	4.058531373253774e+003	4.073802778041126e+003
3589	3.498923137935959e+003	3.548133892335753e+003
3678	3.288691242736325e+003	3.311311214825911e+003
3764	2.693506832397961e+003	2.754228703338166e+003
3814	1.976606059797532e+003	1.995262314968879e+003
4021	1.411757904775257e+003	1.412537544622754e+003
4416	1.346318205483721e+003	1.348962882591653e+003
4440	1.217183849820748e+003	1.230268770812381e+003
4495	1.155011367006939e+003	1.174897554939529e+003
4507	9.590601699520742e+002	9.772372209558112e+002
4637	8.877383389405165e+002	8.912509381337459e+002
4712	8.514995180150523e+002	8.709635899560806e+002
4789	8.090960679728739e+002	8.128305161640996e+002
4843	7.689964813151275e+002	7.762471166286920e+002
4994	6.926693115675536e+002	7.079457843841381e+002
5138	6.747687134620434e+002	6.760829753919819e+002
5265	6.524756834802662e+002	6.606934480075958e+002
5291	6.320679831119491e+002	6.456542290346556e+002
5293	6.089364974898919e+002	6.165950018614822e+002
5517	5.497785543156311e+002	5.623413251903490e+002
5686	5.350193649431087e+002	5.370317963702527e+002
5810	5.143242950053347e+002	5.248074602497728e+002
5815	5.082022133559353e+002	5.128613839913649e+002
5835	4.989388016344718e+002	5.011872336272725e+002
5838	4.863296406609740e+002	4.897788193684461e+002
5880	4.730961665965767e+002	4.786300923226385e+002
6045	4.641490545262212e+002	4.677351412871981e+002
6064	4.476467124522579e+002	4.570881896148752e+002
6121	4.348774019889704e+002	4.365158322401661e+002
6143	4.167768032453944e+002	4.168693834703355e+002
6271	4.025728985812518e+002	4.073802778041126e+002
6371	3.828250656275520e+002	3.890451449942805e+002
6434	3.595589410645419e+002	3.630780547701014e+002
6565	3.546365439580769e+002	3.548133892335753e+002
6719	3.454702633240714e+002	3.467368504525317e+002
6747	3.044942143109760e+002	3.090295432513592e+002
6955	2.975877478905730e+002	3.019951720402016e+002
7042	2.885283603218586e+002	2.951209226666387e+002
7077	2.803699022608540e+002	2.818382931264455e+002
7156	2.730278946371666e+002	2.754228703338166e+002
7165	2.569190183151682e+002	2.570395782768865e+002
7292	2.419845202201252e+002	2.454708915685031e+002
7350	2.362536420117301e+002	2.398832919019490e+002
7375	2.180488379950133e+002	2.187761623949552e+002
7609	2.117394923862581e+002	2.137962089502233e+002
7670	2.084725321011128e+002	2.089296130854039e+002
7819	2.011995076439088e+002	2.041737944669530e+002
7936	1.926767871336515e+002	1.949844599758046e+002
7985	1.789281227376099e+002	1.819700858609982e+002
8028	1.764896653735375e+002	1.778279410038923e+002
8310	1.735126518129202e+002	1.737800828749376e+002
8328	1.629437280387376e+002	1.659586907437561e+002
8434	1.594929418609839e+002	1.621810097358930e+002
8446	1.580094143141828e+002	1.584893192461114e+002
8548	1.538450141141466e+002	1.548816618912481e+002
8588	1.502306004713586e+002	1.513561248436209e+002
8691	1.457689002486203e+002	1.479108388168207e+002
8775	1.430566980538068e+002	1.445439770745928e+002
8909	1.395225143911455e+002	1.412537544622754e+002
8913	1.366744546297460e+002	1.380384264602885e+002
8943	1.342726642634179e+002	1.348962882591653e+002
9010	1.318206148498585e+002	1.318256738556407e+002
9211	1.274713380041524e+002	1.288249551693134e+002
9241	1.238180009700020e+002	1.258925411794168e+002
9286	1.209511706591246e+002	1.230268770812381e+002
9366	1.135446200473822e+002	1.148153621496883e+002
9455	1.071852101037740e+002	1.096478196143185e+002
9552	1.063060951859722e+002	1.071519305237606e+002
9557	1.045443688045928e+002	1.047128548050900e+002
9688	1.010764834262699e+002	1.023292992280754e+002
9709	9.688793920150633e+001	9.772372209558107e+001
9868	9.538046820663755e+001	9.549925860214358e+001
9913	9.290085785682918e+001	9.332543007969910e+001
10016	9.069826341480956e+001	9.120108393559097e+001
10043	8.751283750731848e+001	8.912509381337455e+001
10151	8.709349025180488e+001	8.709635899560806e+001
10152	8.385049631363604e+001	8.511380382023764e+001
10177	8.103915674310770e+001	8.128305161640991e+001
10261	7.623952199898530e+001	7.762471166286916e+001
10439	7.334567417002364e+001	7.413102413009177e+001
10503	6.871829420626490e+001	6.918309709189366e+001
10599	6.615403408763018e+001	6.760829753919819e+001
10712	6.252770150625833e+001	6.309573444801933e+001
10772	6.078090400015176e+001	6.165950018614822e+001
10982	5.919503722282956e+001	6.025595860743578e+001
11011	5.778784686256986e+001	5.888436553555890e+001
11031	5.679091461992454e+001	5.754399373371570e+001
11131	5.266550223445901e+001	5.370317963702527e+001
11387	4.993992917828438e+001	5.011872336272722e+001
11517	4.850825186973837e+001	4.897788193684461e+001
11663	4.620656308575430e+001	4.677351412871981e+001
11701	4.567742380312608e+001	4.570881896148750e+001
11790	4.416312522213083e+001	4.466835921509630e+001
11809	4.321379276878627e+001	4.365158322401658e+001
11887	4.254890595143886e+001	4.265795188015925e+001
12054	3.888606899284249e+001	3.890451449942807e+001
12298	3.795926411089264e+001	3.801893963205612e+001
12379	3.595969090282953e+001	3.630780547701014e+001
12512	3.541677836771196e+001	3.548133892335755e+001
12580	3.392587215222218e+001	3.467368504525317e+001
12645	3.330602588213623e+001	3.388441561392025e+001
12909	3.290066576638730e+001	3.311311214825911e+001
13008	3.203494667859462e+001	3.235936569296283e+001
13042	3.088860260263860e+001	3.090295432513591e+001
13563	2.982112371334897e+001	3.019951720402016e+001
13699	2.936309012022293e+001	2.951209226666386e+001
14045	2.841554650152693e+001	2.884031503126606e+001
14267	2.814950637167392e+001	2.818382931264453e+001
14413	2.728887221649100e+001	2.754228703338166e+001
15065	2.678977860371850e+001	2.691534803926916e+001
15436	2.630033282901329e+001	2.630267991895381e+001
15621	2.560790201449169e+001	2.570395782768863e+001
16012	2.486550040451424e+001	2.511886431509580e+001
16206	2.436890911686109e+001	2.454708915685030e+001
16595	2.378027337912716e+001	2.398832919019490e+001
17195	2.335318422978675e+001	2.344228815319923e+001
17373	2.287028873032381e+001	2.290867652767774e+001
17633	2.235983036109847e+001	2.238721138568340e+001
18128	2.162171509244339e+001	2.187761623949553e+001
18328	2.121254868466961e+001	2.137962089502232e+001
18671	2.071796524586830e+001	2.089296130854040e+001
18984	2.030164997180606e+001	2.041737944669530e+001
19754	1.994764610205679e+001	1.995262314968880e+001
20139	1.947304986612445e+001	1.949844599758045e+001
20990	1.888700658248656e+001	1.905460717963247e+001
21662	1.858328544332820e+001	1.862087136662868e+001
22244	1.815217475832063e+001	1.819700858609983e+001
22860	1.775431131061456e+001	1.778279410038923e+001
23300	1.734589007582019e+001	1.737800828749375e+001
24041	1.693636662604810e+001	1.698243652461744e+001
25074	1.656191001179923e+001	1.659586907437561e+001
26900	1.621737474397708e+001	1.621810097358930e+001
29067	1.584860744656745e+001	1.584893192461113e+001
32736	1.548698538787080e+001	1.548816618912481e+001
38658	1.513348887787496e+001	1.513561248436208e+001
40535	1.478246501996630e+001	1.479108388168207e+001
41970	1.442982474079543e+001	1.445439770745927e+001
44859	1.411446394803184e+001	1.412537544622754e+001
47783	1.380337739387862e+001	1.380384264602885e+001
49542	1.348792913887490e+001	1.348962882591653e+001
51385	1.318058299244913e+001	1.318256738556407e+001
53950	1.287057462242930e+001	1.288249551693134e+001
55851	1.255831303421855e+001	1.258925411794168e+001
56901	1.230134715486137e+001	1.230268770812382e+001
59838	1.201390131793597e+001	1.202264434617413e+001
62875	1.174521812348078e+001	1.174897554939530e+001
67039	1.147394430723337e+001	1.148153621496883e+001
70218	1.121906843303095e+001	1.122018454301964e+001
71723	1.096233141927948e+001	1.096478196143185e+001
73368	1.071438870352829e+001	1.071519305237607e+001
75925	1.044671294939494e+001	1.047128548050900e+001
78602	1.023179653654953e+001	1.023292992280754e+001
81916	9.995347357323196e+000	1.000000000000000e+001
86373	9.763272320709790e+000	9.772372209558107e+000
88426	9.547100482448942e+000	9.549925860214358e+000
91019	9.331986649701433e+000	9.332543007969910e+000
97267	9.111952005295088e+000	9.120108393559097e+000
101763	8.909100265361190e+000	8.912509381337454e+000
105209	8.708137246607670e+000	8.709635899560805e+000
113573	8.509106559450963e+000	8.511380382023766e+000
125388	8.311477982923401e+000	8.317637711026711e+000
132373	8.127313106052924e+000	8.128305161640993e+000
135006	7.934476922219009e+000	7.943282347242816e+000
139514	7.760610234645935e+000	7.762471166286917e+000
146532	7.585380844831365e+000	7.585775750291838e+000
170316	7.411770112904083e+000	7.413102413009175e+000
186885	7.243595818716283e+000	7.244359600749901e+000
210797	7.077688820036373e+000	7.079457843841379e+000
238345	6.918303045629195e+000	6.918309709189365e+000
245226	6.760792504537065e+000	6.760829753919817e+000
257845	6.602457110941989e+000	6.606934480075959e+000
295902	6.455840532095805e+000	6.456542290346556e+000
328486	6.308237115193889e+000	6.309573444801933e+000
343369	6.165916232646022e+000	6.165950018614822e+000
353686	6.025166025296294e+000	6.025595860743578e+000
378147	5.886999291928223e+000	5.888436553555890e+000
414474	5.752547681944995e+000	5.754399373371570e+000
462237	5.618551463626442e+000	5.623413251903491e+000
470017	5.489829035828233e+000	5.495408738576245e+000
526845	5.370251397349161e+000	5.370317963702528e+000
591365	5.247894577464633e+000	5.248074602497725e+000
689021	5.127887865653862e+000	5.128613839913649e+000
758560	5.011403210798683e+000	5.011872336272722e+000
824036	4.896855649552954e+000	4.897788193684462e+000
962572	4.785737175563972e+000	4.786300923226384e+000
1015951	4.677318239139632e+000	4.677351412871983e+000
1065650	4.570538497313187e+000	4.570881896148751e+000
1083344	4.466810518005630e+000	4.466835921509632e+000
1106223	4.365094077065361e+000	4.365158322401660e+000
1113629	4.264932324977812e+000	4.265795188015927e+000
1118237	4.163350101256070e+000	4.168693834703354e+000
1122342	4.070920966730641e+000	4.073802778041127e+000
1130344	3.980575289055290e+000	3.981071705534972e+000
1141782	3.886639421693177e+000	3.890451449942806e+000
1161567	3.801468925095307e+000	3.801893963205612e+000
1192525	3.714850064499836e+000	3.715352290971725e+000
1197666	3.629603618908038e+000	3.630780547701014e+000
1208886	3.547855802519670e+000	3.548133892335755e+000
1215652	3.466726434839567e+000	3.467368504525317e+000
1242484	3.387767048868655e+000	3.388441561392026e+000
1260818	3.303789857338340e+000	3.311311214825911e+000
1264021	3.233362308859568e+000	3.235936569296283e+000
1266665	3.158055507316157e+000	3.162277660168379e+000
1269503	3.089943668540354e+000	3.090295432513591e+000
1273603	3.019262257390287e+000	3.019951720402016e+000
1283468	2.950495497299714e+000	2.951209226666386e+000
1291807	2.882782576255128e+000	2.884031503126606e+000
1294984	2.816289721496604e+000	2.818382931264454e+000
1296365	2.753406050494656e+000	2.754228703338166e+000
1298132	2.691117495401447e+000	2.691534803926916e+000
1306114	2.628255739299529e+000	2.630267991895382e+000
1331228	2.570135291713962e+000	2.570395782768864e+000
1371019	2.511724769765602e+000	2.511886431509580e+000
1383818	2.447311463383070e+000	2.454708915685031e+000
1386493	2.398703088024468e+000	2.398832919019490e+000
1395601	2.342647316951751e+000	2.344228815319922e+000
1400271	2.287044959533530e+000	2.290867652767773e+000
1405905	2.236956146934463e+000	2.238721138568339e+000
1411320	2.185179716992360e+000	2.187761623949553e+000
1427099	2.137849904091681e+000	2.137962089502232e+000
1456855	2.089260455727528e+000	2.089296130854040e+000
1481004	2.039338036106229e+000	2.041737944669529e+000
1490067	1.995166408232078e+000	1.995262314968880e+000
1513590	1.949501544673625e+000	1.949844599758045e+000
1535905	1.905451516748558e+000	1.905460717963247e+000
1554365	1.861935678123010e+000	1.862087136662868e+000
1564021	1.819301454549088e+000	1.819700858609983e+000
1599230	1.778120464006290e+000	1.778279410038923e+000
1617970	1.737733184032121e+000	1.737800828749375e+000
1642979	1.698008955497336e+000	1.698243652461744e+000
1671822	1.659360449591703e+000	1.659586907437561e+000
1690048	1.621801738222642e+000	1.621810097358930e+000
1699330	1.584132091464118e+000	1.584893192461114e+000
1715055	1.548103380788805e+000	1.548816618912481e+000
1723603	1.512813601532953e+000	1.513561248436208e+000
1755896	1.479021462455479e+000	1.479108388168207e+000
1769796	1.443984547545464e+000	1.445439770745927e+000
1804989	1.412281470533822e+000	1.412537544622754e+000
1825418	1.379925799502130e+000	1.380384264602885e+000
1842047	1.342644747971926e+000	1.348962882591654e+000
1852731	1.317268600080669e+000	1.318256738556407e+000
1906242	1.286940306591502e+000	1.288249551693134e+000
1911615	1.258330845114799e+000	1.258925411794167e+000
1915334	1.227496744830574e+000	1.230268770812382e+000
1919747	1.202247516070286e+000	1.202264434617413e+000
1936385	1.173975987732370e+000	1.174897554939530e+000
1948787	1.146568345063370e+000	1.148153621496883e+000
1964583	1.120941332470870e+000	1.122018454301963e+000
1999575	1.094325027433870e+000	1.096478196143185e+000
2014270	1.071260173308370e+000	1.071519305237606e+000
2040148	1.044541022883370e+000	1.047128548050900e+000
2048079	1.021595319229870e+000	1.023292992280754e+000
2081393	9.996128043213700e-001	1.000000000000000e+000
2122193	9.767758770218701e-001	9.772372209558107e-001
2135842	9.533181390473701e-001	9.549925860214360e-001
2153751	9.330870138573700e-001	9.332543007969910e-001
2180237	9.120103602405811e-001	9.120108393559098e-001
2294724	8.910729254912915e-001	8.912509381337456e-001
2305048	8.706024056896831e-001	8.709635899560806e-001
2317853	8.503344055922534e-001	8.511380382023764e-001
2328816	8.312608749450720e-001	8.317637711026710e-001
2340285	8.126699222692921e-001	8.128305161640993e-001
2349039	7.929812971335167e-001	7.943282347242815e-001
2366222	7.751606002381077e-001	7.762471166286917e-001
2381918	7.585589263820221e-001	7.585775750291838e-001
2388640	7.412643956007039e-001	7.413102413009175e-001
2391673	7.243330901644396e-001	7.244359600749900e-001
2394706	7.079403580502210e-001	7.079457843841379e-001
2402915	6.917512402273840e-001	6.918309709189364e-001
2419366	6.759590572288714e-001	6.760829753919818e-001
2456546	6.600657114422059e-001	6.606934480075960e-001
2464032	6.446860328392517e-001	6.456542290346555e-001
2469043	6.302745001800871e-001	6.309573444801933e-001
2470324	6.104437302778611e-001	6.165950018614822e-001
2471269	6.015504586946265e-001	6.025595860743578e-001
2471912	5.862217135862591e-001	5.888436553555889e-001
2472672	5.736430096176316e-001	5.754399373371569e-001
2474473	5.616754198308538e-001	5.623413251903491e-001
2475823	5.488003615414052e-001	5.495408738576245e-001
2476753	5.369750128059387e-001	5.370317963702527e-001
2478841	5.247981293249930e-001	5.248074602497725e-001
2480828	5.120573622079485e-001	5.128613839913648e-001
2482465	5.008336375372199e-001	5.011872336272722e-001
2485706	4.879197218830602e-001	4.897788193684462e-001
2492402	4.784726215012133e-001	4.786300923226383e-001
2506052	4.677328891134350e-001	4.677351412871982e-001
2535264	4.570268840279453e-001	4.570881896148750e-001
2555697	4.466653576310313e-001	4.466835921509632e-001
2571135	4.363302541970627e-001	4.365158322401660e-001
2588207	4.263464842785066e-001	4.265795188015927e-001
2604612	4.168691605350215e-001	4.168693834703354e-001
2622331	4.071442164304837e-001	4.073802778041127e-001
2646576	3.981014606840111e-001	3.981071705534973e-001
2676617	3.888799541854194e-001	3.890451449942806e-001
2715849	3.799424088466210e-001	3.801893963205612e-001
2800065	3.714907634784695e-001	3.715352290971726e-001
2949127	3.630669296230122e-001	3.630780547701014e-001
3433783	3.547498937946969e-001	3.548133892335755e-001
3914085	3.467357086766792e-001	3.467368504525316e-001
4000001	3.447816930381633e-001	3.467368504525316e-001
