%
% index = 1480, name = bbob_f013_i02_d05__bbob_f020_i04_d05
% instance = 1, reference value = 8.912073939900080e-001
% function evaluation | indicator value | target hit
1	6.464029499358708e+003	6.606934480075958e+003
2	1.080938134065381e+003	1.096478196143185e+003
6	2.836635225330121e+002	2.884031503126606e+002
10	4.057920396829145e+001	4.073802778041128e+001
41	2.409368033387141e+001	2.454708915685030e+001
446	1.827574269672132e+001	1.862087136662868e+001
662	7.391015688428908e+000	7.413102413009175e+000
808	6.309637831327386e+000	6.456542290346556e+000
1025	5.817400256059170e+000	5.888436553555890e+000
1041	1.095594953609008e+000	1.096478196143185e+000
1431	8.414494401543395e-001	8.511380382023764e-001
1555	7.741534862763809e-001	7.762471166286917e-001
1589	6.725843676923227e-001	6.760829753919818e-001
1664	6.555726616704682e-001	6.606934480075960e-001
1703	5.616287348630187e-001	5.623413251903491e-001
1799	5.084617963333235e-001	5.128613839913648e-001
1833	4.826458980935745e-001	4.897788193684462e-001
1860	4.759921157273042e-001	4.786300923226383e-001
1906	4.291981479123674e-001	4.365158322401660e-001
1911	3.511671442791924e-001	3.548133892335755e-001
1913	3.304022761338068e-001	3.311311214825911e-001
1961	3.117649702037046e-001	3.162277660168379e-001
2010	2.978454647955804e-001	3.019951720402016e-001
2011	2.946182727480369e-001	2.951209226666385e-001
2051	2.264412498251520e-001	2.290867652767773e-001
2062	2.082930145975177e-001	2.089296130854039e-001
2083	2.039097564918835e-001	2.041737944669530e-001
2095	1.867051457859211e-001	1.905460717963247e-001
2105	1.839087683265075e-001	1.862087136662868e-001
2127	1.813129944227334e-001	1.819700858609984e-001
2135	1.775655373804368e-001	1.778279410038923e-001
2138	1.570031264796337e-001	1.584893192461113e-001
2150	1.486900437082203e-001	1.513561248436208e-001
2216	1.468923392128626e-001	1.479108388168208e-001
2222	1.320162384175405e-001	1.348962882591654e-001
2228	1.315092471588557e-001	1.318256738556407e-001
2261	1.285090431667404e-001	1.288249551693134e-001
2265	1.138046947418747e-001	1.148153621496883e-001
2322	1.032614900152419e-001	1.047128548050900e-001
2336	1.021841412570600e-001	1.023292992280754e-001
2414	9.290051964367185e-002	9.332543007969910e-002
2415	8.865629183671420e-002	8.912509381337455e-002
2466	8.500933875870953e-002	8.511380382023763e-002
2478	8.291210833653107e-002	8.317637711026708e-002
2481	8.069355597783678e-002	8.128305161640990e-002
2515	7.382680221761651e-002	7.413102413009177e-002
2537	7.039987186928842e-002	7.079457843841380e-002
2558	6.899599567068526e-002	6.918309709189366e-002
2575	6.657999725357211e-002	6.760829753919818e-002
2580	6.564431534369342e-002	6.606934480075961e-002
2599	6.127676090839285e-002	6.165950018614822e-002
2638	6.015906221348910e-002	6.025595860743578e-002
2674	5.765828990155941e-002	5.888436553555890e-002
2703	5.724620668462599e-002	5.754399373371569e-002
2717	5.578019783946753e-002	5.623413251903491e-002
2733	5.488149314716551e-002	5.495408738576246e-002
2755	5.275942863965388e-002	5.370317963702527e-002
2763	5.231500191030181e-002	5.248074602497726e-002
2784	5.095140582391744e-002	5.128613839913648e-002
2791	4.828371711372792e-002	4.897788193684461e-002
2798	4.669746147277609e-002	4.677351412871982e-002
2823	4.527130487459341e-002	4.570881896148749e-002
2830	4.243857994698175e-002	4.265795188015926e-002
2848	4.168645799828341e-002	4.168693834703355e-002
2856	3.850513933123079e-002	3.890451449942807e-002
2920	3.761352717003830e-002	3.801893963205612e-002
2951	3.681638787221042e-002	3.715352290971726e-002
2960	3.372100986005044e-002	3.388441561392026e-002
2963	3.288573092507208e-002	3.311311214825911e-002
2979	3.234994473574082e-002	3.235936569296283e-002
2988	3.135894856886168e-002	3.162277660168379e-002
3012	3.068084847558250e-002	3.090295432513590e-002
3037	2.973920290406362e-002	3.019951720402016e-002
3055	2.940422679273147e-002	2.951209226666385e-002
3077	2.881783664022042e-002	2.884031503126606e-002
3107	2.807744146998414e-002	2.818382931264454e-002
3125	2.672785673299882e-002	2.691534803926915e-002
3140	2.628112351841083e-002	2.630267991895382e-002
3152	2.171140855567455e-002	2.187761623949553e-002
3167	2.131794462068171e-002	2.137962089502233e-002
3210	2.072695239404787e-002	2.089296130854040e-002
3257	1.904965075491583e-002	1.905460717963247e-002
3303	1.857701383031607e-002	1.862087136662868e-002
3313	1.797983771443479e-002	1.819700858609984e-002
3318	1.775071111398818e-002	1.778279410038923e-002
3336	1.735949422496841e-002	1.737800828749376e-002
3350	1.697245412896420e-002	1.698243652461744e-002
3366	1.657810382125735e-002	1.659586907437561e-002
3423	1.620517771049845e-002	1.621810097358930e-002
3430	1.472879850518105e-002	1.479108388168207e-002
3434	1.432881140928910e-002	1.445439770745927e-002
3478	1.412119915359067e-002	1.412537544622754e-002
3543	1.238648511046814e-002	1.258925411794168e-002
3561	1.228885267641222e-002	1.230268770812382e-002
3566	1.201360220343373e-002	1.202264434617413e-002
3601	1.170165029159265e-002	1.174897554939530e-002
3616	1.146983111239663e-002	1.148153621496883e-002
3657	1.121048846014605e-002	1.122018454301964e-002
3678	1.096440894554007e-002	1.096478196143185e-002
3694	1.071304570489151e-002	1.071519305237607e-002
3712	1.037075819801814e-002	1.047128548050900e-002
3722	1.016985473790721e-002	1.023292992280754e-002
3731	9.662602591655634e-003	9.772372209558112e-003
3744	9.481707756035185e-003	9.549925860214359e-003
3772	9.287257922070968e-003	9.332543007969915e-003
3811	9.112020492050954e-003	9.120108393559097e-003
3854	8.879968742441902e-003	8.912509381337459e-003
3888	8.704149249536997e-003	8.709635899560805e-003
3900	8.502496665635961e-003	8.511380382023768e-003
3954	8.312666000022784e-003	8.317637711026709e-003
4009	8.119899499431371e-003	8.128305161640995e-003
4061	7.881432111770503e-003	7.943282347242814e-003
4099	7.759530259285996e-003	7.762471166286920e-003
4171	7.467337677526498e-003	7.585775750291836e-003
4201	7.406502416954841e-003	7.413102413009177e-003
4271	7.240869908834546e-003	7.244359600749898e-003
4361	7.042254349840182e-003	7.079457843841380e-003
4439	6.912281133308329e-003	6.918309709189363e-003
4607	6.760542349073417e-003	6.760829753919818e-003
4741	6.605649203592967e-003	6.606934480075957e-003
4992	6.455516973582154e-003	6.456542290346556e-003
5425	6.309245046228096e-003	6.309573444801930e-003
6933	6.165844959244105e-003	6.165950018614822e-003
63947	6.025519838703475e-003	6.025595860743574e-003
97319	5.885831315305401e-003	5.888436553555890e-003
234535	5.750191083760847e-003	5.754399373371567e-003
432158	5.622770771818386e-003	5.623413251903491e-003
500001	5.605274747382594e-003	5.623413251903491e-003
%
% index = 1481, name = bbob_f013_i03_d05__bbob_f020_i05_d05
% instance = 2, reference value = 9.790705601693390e-001
% function evaluation | indicator value | target hit
1	2.729884114438557e+003	2.754228703338166e+003
2	6.780911341192544e+002	6.918309709189363e+002
5	5.515085841478796e+002	5.623413251903490e+002
6	4.786338198510666e+002	4.897788193684461e+002
10	3.192226282287539e+001	3.235936569296283e+001
253	1.308458071011592e+001	1.318256738556407e+001
679	7.680974294971071e+000	7.762471166286917e+000
774	4.227343583481821e+000	4.265795188015927e+000
952	3.533053588749339e+000	3.548133892335755e+000
1022	1.035304261437339e+000	1.047128548050900e+000
1422	5.413433572862412e-001	5.495408738576245e-001
1591	5.333018220305310e-001	5.370317963702527e-001
1596	3.798795937625935e-001	3.801893963205612e-001
1730	3.683617462388981e-001	3.715352290971726e-001
1733	3.389009133563978e-001	3.467368504525316e-001
1792	2.960485365917678e-001	3.019951720402016e-001
1945	2.779644646552681e-001	2.818382931264454e-001
1971	2.681508862132251e-001	2.691534803926916e-001
2024	2.549326984681466e-001	2.570395782768864e-001
2031	1.433949669206233e-001	1.445439770745928e-001
2046	1.225707327552085e-001	1.230268770812382e-001
2102	1.196483048774168e-001	1.202264434617413e-001
2243	1.174890512085489e-001	1.174897554939529e-001
2360	1.145769861964215e-001	1.148153621496883e-001
2387	8.979593221164706e-002	9.120108393559097e-002
2411	8.897120282580884e-002	8.912509381337455e-002
2438	8.475012478994792e-002	8.511380382023763e-002
2447	8.298430412559277e-002	8.317637711026708e-002
2572	8.062294933538861e-002	8.128305161640990e-002
2588	7.725591149688549e-002	7.762471166286916e-002
2610	6.733094424909425e-002	6.760829753919818e-002
2654	6.548081328162947e-002	6.606934480075961e-002
2695	6.405056667326115e-002	6.456542290346556e-002
2728	6.295834350176566e-002	6.309573444801933e-002
2788	6.155084368984176e-002	6.165950018614822e-002
2905	6.015201931408121e-002	6.025595860743578e-002
2955	5.474497848942905e-002	5.495408738576246e-002
3116	4.766428225719555e-002	4.786300923226383e-002
3186	4.640666463722043e-002	4.677351412871982e-002
3256	4.089118032872352e-002	4.168693834703355e-002
3328	4.069741566736662e-002	4.073802778041128e-002
3434	3.978307819437998e-002	3.981071705534973e-002
3536	3.274424247549723e-002	3.311311214825911e-002
3635	3.233519799338447e-002	3.235936569296283e-002
3708	3.153028168740057e-002	3.162277660168379e-002
3845	3.088080914844738e-002	3.090295432513590e-002
4187	2.816240511919288e-002	2.818382931264454e-002
4697	2.748843910530430e-002	2.754228703338166e-002
500001	2.697625393164582e-002	2.754228703338166e-002
%
% index = 1482, name = bbob_f013_i07_d05__bbob_f020_i08_d05
% instance = 3, reference value = 9.030519584588650e-001
% function evaluation | indicator value | target hit
1	3.065684153630270e+003	3.090295432513592e+003
2	5.295925826828322e+002	5.370317963702527e+002
6	1.409515755843083e+002	1.412537544622754e+002
10	2.131061291097923e+001	2.137962089502232e+001
41	1.954932899429485e+001	1.995262314968880e+001
593	8.932447518323135e+000	9.120108393559097e+000
706	4.159714002188783e+000	4.168693834703354e+000
933	3.248629529302773e+000	3.311311214825911e+000
937	2.493663788030968e+000	2.511886431509580e+000
949	1.094171886620865e+000	1.096478196143185e+000
982	8.447148922208675e-001	8.511380382023764e-001
1279	7.153854253765716e-001	7.244359600749900e-001
1381	6.893369017170220e-001	6.918309709189364e-001
1459	6.091208412091533e-001	6.165950018614822e-001
1514	5.765164801463183e-001	5.888436553555889e-001
1543	4.870085104124409e-001	4.897788193684462e-001
1654	4.345390918738448e-001	4.365158322401660e-001
1672	3.860373710624833e-001	3.890451449942806e-001
1677	3.685205654016815e-001	3.715352290971726e-001
1703	3.380918933813450e-001	3.388441561392026e-001
1704	3.117261309018469e-001	3.162277660168379e-001
1709	2.884835738500364e-001	2.951209226666385e-001
1724	2.782406195052247e-001	2.818382931264454e-001
1752	2.591382112922285e-001	2.630267991895382e-001
1812	2.559159723342238e-001	2.570395782768864e-001
1813	2.484457973555592e-001	2.511886431509580e-001
1820	2.060607810368162e-001	2.089296130854039e-001
1853	1.995021321476608e-001	1.995262314968880e-001
1883	1.860587143569922e-001	1.862087136662868e-001
1887	1.784779834923476e-001	1.819700858609984e-001
1895	1.691179102971803e-001	1.698243652461744e-001
1919	1.484952044242415e-001	1.513561248436208e-001
1962	1.391728380259577e-001	1.412537544622755e-001
1968	1.376417986914745e-001	1.380384264602885e-001
1969	1.340866800929645e-001	1.348962882591654e-001
1989	1.317973166490950e-001	1.318256738556407e-001
1996	1.225376081918511e-001	1.230268770812382e-001
1999	1.065779635789385e-001	1.071519305237607e-001
2011	1.011874836364739e-001	1.023292992280754e-001
2033	9.906462050592346e-002	1.000000000000000e-001
2061	9.695248416696789e-002	9.772372209558107e-002
2094	8.974503205849249e-002	9.120108393559097e-002
2154	8.528454720132195e-002	8.709635899560805e-002
2156	8.496122324445254e-002	8.511380382023763e-002
2159	8.146240888446288e-002	8.317637711026708e-002
2169	7.977252209315233e-002	8.128305161640990e-002
2182	7.893789345836633e-002	7.943282347242814e-002
2245	7.739988635536466e-002	7.762471166286916e-002
2265	7.562903252267861e-002	7.585775750291836e-002
2281	7.301611137865438e-002	7.413102413009177e-002
2291	7.213534478440076e-002	7.244359600749903e-002
2302	6.996728467524949e-002	7.079457843841380e-002
2329	6.843550544109356e-002	6.918309709189366e-002
2330	6.397604414308511e-002	6.456542290346556e-002
2346	6.252288097824410e-002	6.309573444801933e-002
2365	6.122399928298239e-002	6.165950018614822e-002
2373	5.984893014111425e-002	6.025595860743578e-002
2389	5.839137916071469e-002	5.888436553555890e-002
2390	4.929025276679011e-002	5.011872336272722e-002
2404	4.794321446012984e-002	4.897788193684461e-002
2410	4.785461984179096e-002	4.786300923226383e-002
2482	4.675736722288382e-002	4.677351412871982e-002
2487	4.554098415865293e-002	4.570881896148749e-002
2535	4.436488954026741e-002	4.466835921509630e-002
2587	4.364630988182294e-002	4.365158322401658e-002
2624	4.258539080502999e-002	4.265795188015926e-002
2637	4.161575094730696e-002	4.168693834703355e-002
2656	4.031795061607091e-002	4.073802778041128e-002
2657	3.941812595843952e-002	3.981071705534973e-002
2672	3.887572909914583e-002	3.890451449942807e-002
2706	3.640050952238971e-002	3.715352290971726e-002
2720	3.628952885801795e-002	3.630780547701014e-002
2753	3.384564148933589e-002	3.388441561392026e-002
2806	3.304913085940386e-002	3.311311214825911e-002
2834	3.206314048058401e-002	3.235936569296283e-002
2854	3.132427140304206e-002	3.162277660168379e-002
2876	3.027248883643530e-002	3.090295432513590e-002
2886	3.017820031328611e-002	3.019951720402016e-002
2941	2.929850561208314e-002	2.951209226666385e-002
2972	2.870438066831982e-002	2.884031503126606e-002
3056	2.815537952644986e-002	2.818382931264454e-002
3066	2.695998765610730e-002	2.754228703338166e-002
3067	2.689770716562201e-002	2.691534803926915e-002
3135	2.625966440870464e-002	2.630267991895382e-002
3252	2.569852460136413e-002	2.570395782768863e-002
3269	2.510177603849129e-002	2.511886431509579e-002
3328	2.454613252868021e-002	2.454708915685030e-002
3492	2.397297337210680e-002	2.398832919019490e-002
3616	2.343964353767047e-002	2.344228815319923e-002
4026	2.290687634440281e-002	2.290867652767774e-002
25089	2.238717103795618e-002	2.238721138568340e-002
500001	2.228774492874552e-002	2.238721138568340e-002
%
% index = 1483, name = bbob_f013_i09_d05__bbob_f020_i10_d05
% instance = 4, reference value = 9.680949193604320e-001
% function evaluation | indicator value | target hit
1	1.822137604979472e+003	1.862087136662868e+003
2	4.975005699020915e+002	5.011872336272725e+002
5	3.318760805545141e+002	3.388441561392024e+002
6	2.784073013909788e+002	2.818382931264455e+002
10	2.071701521494721e+001	2.089296130854040e+001
546	1.484711941307236e+001	1.513561248436208e+001
714	6.123651160174942e+000	6.165950018614822e+000
994	5.622800594926841e+000	5.623413251903491e+000
1014	1.660061728727745e+000	1.698243652461744e+000
1211	1.319904507611432e+000	1.348962882591654e+000
1365	1.149370969840432e+000	1.174897554939530e+000
1497	9.251355293698387e-001	9.332543007969910e-001
1568	8.206500447756250e-001	8.317637711026710e-001
1630	8.036445131731373e-001	8.128305161640993e-001
1805	7.030045464252641e-001	7.079457843841379e-001
1835	6.291414480438226e-001	6.309573444801933e-001
1870	5.115227214089879e-001	5.128613839913648e-001
1936	4.402322098765378e-001	4.466835921509632e-001
2037	4.174510050227893e-001	4.265795188015927e-001
2058	3.733170597529696e-001	3.801893963205612e-001
2092	3.712646269330143e-001	3.715352290971726e-001
2209	3.326159591089499e-001	3.388441561392026e-001
2287	2.570697668076497e-001	2.630267991895382e-001
2289	2.558998755383477e-001	2.570395782768864e-001
2363	2.508576971675609e-001	2.511886431509580e-001
2476	2.413637435033494e-001	2.454708915685031e-001
2519	2.175187511842009e-001	2.187761623949552e-001
2530	2.129128673355987e-001	2.137962089502232e-001
2561	1.848020264837980e-001	1.862087136662868e-001
2575	1.812438334052836e-001	1.819700858609984e-001
2591	1.703886905626287e-001	1.737800828749375e-001
2630	1.591195030594674e-001	1.621810097358930e-001
2634	1.549756360750261e-001	1.584893192461113e-001
2639	1.511491290127067e-001	1.513561248436208e-001
2663	1.478441958645584e-001	1.479108388168208e-001
2780	1.409470743415482e-001	1.412537544622755e-001
2786	1.355201750452694e-001	1.380384264602885e-001
2817	1.331611688125156e-001	1.348962882591654e-001
2911	1.316718101939022e-001	1.318256738556407e-001
2949	1.263549521261251e-001	1.288249551693134e-001
2953	1.255678618910566e-001	1.258925411794167e-001
2988	1.204679817663983e-001	1.230268770812382e-001
2991	1.196087864693165e-001	1.202264434617413e-001
3012	1.124890578917639e-001	1.148153621496883e-001
3020	9.949062167274803e-002	1.000000000000000e-001
3049	9.661133547916689e-002	9.772372209558107e-002
3077	9.415916495598464e-002	9.549925860214359e-002
3097	9.059139840432595e-002	9.120108393559097e-002
3098	8.249689191133180e-002	8.317637711026708e-002
3156	8.115092407489499e-002	8.128305161640990e-002
3307	7.902436050915163e-002	7.943282347242814e-002
3343	7.497133141085788e-002	7.585775750291836e-002
3382	7.131623896378381e-002	7.244359600749903e-002
3418	7.057814296915599e-002	7.079457843841380e-002
3518	6.905925900724230e-002	6.918309709189366e-002
3557	5.233947903672997e-002	5.248074602497726e-002
3565	5.009509227005871e-002	5.011872336272722e-002
3603	4.810392889983994e-002	4.897788193684461e-002
3657	4.364299089818857e-002	4.365158322401658e-002
3698	4.097627322233943e-002	4.168693834703355e-002
3721	4.073192633900480e-002	4.073802778041128e-002
3765	3.963935011549191e-002	3.981071705534973e-002
3866	3.872468825850262e-002	3.890451449942807e-002
3939	3.492433963268948e-002	3.548133892335755e-002
3966	3.456881392479294e-002	3.467368504525317e-002
4044	3.381738550608282e-002	3.388441561392026e-002
4106	3.310547456268476e-002	3.311311214825911e-002
4151	3.106053936689668e-002	3.162277660168379e-002
4211	3.071570827498038e-002	3.090295432513590e-002
4257	2.978119294569459e-002	3.019951720402016e-002
4332	2.927933862727261e-002	2.951209226666385e-002
4441	2.884001320235952e-002	2.884031503126606e-002
4776	2.799604960624613e-002	2.818382931264454e-002
5299	2.754100935879189e-002	2.754228703338166e-002
500001	2.711622603490638e-002	2.754228703338166e-002
%
% index = 1484, name = bbob_f013_i11_d05__bbob_f020_i12_d05
% instance = 5, reference value = 9.210400021552280e-001
% function evaluation | indicator value | target hit
1	1.014988833982888e+003	1.023292992280754e+003
2	1.575851952574229e+002	1.584893192461114e+002
6	6.331767432486659e+001	6.456542290346556e+001
10	9.560936573919468e+000	9.772372209558107e+000
554	9.501870345549644e+000	9.549925860214358e+000
598	3.781854944793807e+000	3.801893963205612e+000
665	2.368876540469068e+000	2.398832919019490e+000
808	1.147830703439228e+000	1.148153621496883e+000
1275	8.466115904113821e-001	8.511380382023764e-001
1382	8.190741606919488e-001	8.317637711026710e-001
1409	5.635710497566275e-001	5.754399373371569e-001
1448	5.259866892970063e-001	5.370317963702527e-001
1461	4.211632671409673e-001	4.265795188015927e-001
1649	4.163851814187977e-001	4.168693834703354e-001
1824	3.657216350004814e-001	3.715352290971726e-001
1863	3.580324503225943e-001	3.630780547701014e-001
1957	3.202127590625744e-001	3.235936569296283e-001
2012	3.046432019444445e-001	3.090295432513591e-001
2036	2.971828846562385e-001	3.019951720402016e-001
2105	2.903698388163196e-001	2.951209226666385e-001
2145	2.829438934649610e-001	2.884031503126606e-001
2146	2.375966254898018e-001	2.398832919019490e-001
2163	2.192002221401211e-001	2.238721138568340e-001
2165	1.945731002106019e-001	1.949844599758046e-001
2209	1.437173889814684e-001	1.445439770745928e-001
2283	1.189095667008551e-001	1.202264434617413e-001
2284	8.695887624064314e-002	8.709635899560805e-002
2377	8.328732100745129e-002	8.511380382023763e-002
2385	8.315589466788320e-002	8.317637711026708e-002
2426	7.981963692007676e-002	8.128305161640990e-002
2452	7.274314240920754e-002	7.413102413009177e-002
2453	7.154820329900657e-002	7.244359600749903e-002
2512	6.541297826241044e-002	6.606934480075961e-002
2528	6.420147959525047e-002	6.456542290346556e-002
2565	6.056049248393924e-002	6.165950018614822e-002
2595	5.762770304232934e-002	5.888436553555890e-002
2598	5.627426189489126e-002	5.754399373371569e-002
2624	5.621415037203192e-002	5.623413251903491e-002
2632	5.342192047364602e-002	5.370317963702527e-002
2720	5.246228877430015e-002	5.248074602497726e-002
2738	5.009160270885094e-002	5.011872336272722e-002
2750	4.869464739990015e-002	4.897788193684461e-002
2774	4.759557352269828e-002	4.786300923226383e-002
2788	4.145086050189051e-002	4.168693834703355e-002
2870	4.070467510995945e-002	4.073802778041128e-002
2901	3.978348332935244e-002	3.981071705534973e-002
2927	3.872982076286358e-002	3.890451449942807e-002
2994	3.798812864215417e-002	3.801893963205612e-002
3030	3.704652197337921e-002	3.715352290971726e-002
3073	3.597653596406347e-002	3.630780547701014e-002
3107	3.504509963975000e-002	3.548133892335755e-002
3128	3.455809220915473e-002	3.467368504525317e-002
3181	3.383040130947823e-002	3.388441561392026e-002
3211	3.309306528475620e-002	3.311311214825911e-002
3311	3.231499577974040e-002	3.235936569296283e-002
3350	3.145594313520439e-002	3.162277660168379e-002
3400	3.063750325567716e-002	3.090295432513590e-002
3450	3.016386216962486e-002	3.019951720402016e-002
3524	2.926312929365504e-002	2.951209226666385e-002
3601	2.875811710431619e-002	2.884031503126606e-002
3614	2.754678837504365e-002	2.818382931264454e-002
3619	2.738370081617536e-002	2.754228703338166e-002
3645	2.690386381267318e-002	2.691534803926915e-002
3760	2.593792427696917e-002	2.630267991895382e-002
3776	2.547940550442274e-002	2.570395782768863e-002
3859	2.511168854392076e-002	2.511886431509579e-002
3870	2.361688127924333e-002	2.398832919019490e-002
3900	2.096893730173366e-002	2.137962089502233e-002
3919	2.087694065419499e-002	2.089296130854040e-002
4024	2.040981674392262e-002	2.041737944669530e-002
4138	1.991999540081846e-002	1.995262314968880e-002
4197	1.944163004905697e-002	1.949844599758046e-002
4416	1.903189682344630e-002	1.905460717963247e-002
9401	1.862086950835806e-002	1.862087136662868e-002
500001	1.859390400671412e-002	1.862087136662868e-002
%
% index = 1485, name = bbob_f013_i13_d05__bbob_f020_i14_d05
% instance = 6, reference value = 8.450309947981760e-001
% function evaluation | indicator value | target hit
1	3.107224388837858e+003	3.162277660168380e+003
2	5.551983140069623e+002	5.623413251903490e+002
5	5.185462178597931e+002	5.248074602497728e+002
6	1.457918448748149e+002	1.479108388168207e+002
10	2.958574260088098e+001	3.019951720402016e+001
41	2.510125604644781e+001	2.511886431509580e+001
416	7.051755395503097e+000	7.079457843841379e+000
824	6.391481458094347e+000	6.456542290346556e+000
855	2.232009238401275e+000	2.238721138568339e+000
941	1.430731215903758e+000	1.445439770745927e+000
1267	6.994565268546826e-001	7.079457843841379e-001
1432	4.386382108363178e-001	4.466835921509632e-001
1608	3.978954600672324e-001	3.981071705534973e-001
1640	3.656919332523827e-001	3.715352290971726e-001
1702	2.849989659536493e-001	2.884031503126606e-001
1714	2.762447911427276e-001	2.818382931264454e-001
1762	2.717411240992063e-001	2.754228703338166e-001
1819	2.534804258220990e-001	2.570395782768864e-001
1836	2.391536769386863e-001	2.398832919019490e-001
1862	2.197551309043591e-001	2.238721138568340e-001
1889	2.137109762677346e-001	2.137962089502232e-001
1920	1.894536487419963e-001	1.905460717963247e-001
2026	1.831180044774059e-001	1.862087136662868e-001
2049	1.818217159840324e-001	1.819700858609984e-001
2111	1.771267029320953e-001	1.778279410038923e-001
2123	1.704275604213810e-001	1.737800828749375e-001
2128	1.587405203928936e-001	1.621810097358930e-001
2136	1.522102942712751e-001	1.548816618912481e-001
2162	1.507594502204327e-001	1.513561248436208e-001
2201	1.463795308215468e-001	1.479108388168208e-001
2220	1.295335561574234e-001	1.318256738556407e-001
2226	1.275700282189036e-001	1.288249551693134e-001
2280	1.185155235254906e-001	1.202264434617413e-001
2295	1.123996179776740e-001	1.148153621496883e-001
2300	1.115747864265406e-001	1.122018454301964e-001
2304	1.092892969938085e-001	1.096478196143185e-001
2306	1.069050254943528e-001	1.071519305237607e-001
2315	1.046471020465658e-001	1.047128548050900e-001
2320	1.014507993349831e-001	1.023292992280754e-001
2326	9.983444080913273e-002	1.000000000000000e-001
2340	9.751579513192321e-002	9.772372209558107e-002
2364	9.535670515532291e-002	9.549925860214359e-002
2380	9.222049203813987e-002	9.332543007969910e-002
2411	8.808092448479332e-002	8.912509381337455e-002
2412	8.426460667710245e-002	8.511380382023763e-002
2426	8.114511847996908e-002	8.128305161640990e-002
2476	7.694640569286604e-002	7.762471166286916e-002
2478	7.079056393380501e-002	7.079457843841380e-002
2551	6.893100944917219e-002	6.918309709189366e-002
2592	6.621922900631450e-002	6.760829753919818e-002
2597	6.601720572212577e-002	6.606934480075961e-002
2622	6.440126616846120e-002	6.456542290346556e-002
2673	6.207337420268666e-002	6.309573444801933e-002
2706	6.161889040848467e-002	6.165950018614822e-002
2747	5.987699202815244e-002	6.025595860743578e-002
2751	5.823486538669431e-002	5.888436553555890e-002
2754	5.722395121166357e-002	5.754399373371569e-002
2799	5.621926098758345e-002	5.623413251903491e-002
2821	5.334080014745901e-002	5.370317963702527e-002
2832	5.238165972674802e-002	5.248074602497726e-002
2858	5.122971791844522e-002	5.128613839913648e-002
2884	4.935108213215078e-002	5.011872336272722e-002
2901	4.893839193498228e-002	4.897788193684461e-002
2928	4.398274012625525e-002	4.466835921509630e-002
2942	4.330278692434431e-002	4.365158322401658e-002
2978	4.186552346095052e-002	4.265795188015926e-002
2990	4.007236818005799e-002	4.073802778041128e-002
3008	3.980513732439694e-002	3.981071705534973e-002
3038	3.876277892848179e-002	3.890451449942807e-002
3074	3.743600174060024e-002	3.801893963205612e-002
3085	3.712369591974840e-002	3.715352290971726e-002
3105	3.594930340002744e-002	3.630780547701014e-002
3109	3.531389969847398e-002	3.548133892335755e-002
3130	3.453381764854424e-002	3.467368504525317e-002
3179	3.367341485323827e-002	3.388441561392026e-002
3204	3.188504046827889e-002	3.235936569296283e-002
3219	3.154739464089695e-002	3.162277660168379e-002
3244	2.944532275345624e-002	2.951209226666385e-002
3248	2.846073065995658e-002	2.884031503126606e-002
3272	2.800319588720224e-002	2.818382931264454e-002
3307	2.668988759983493e-002	2.691534803926915e-002
3311	2.490402252628898e-002	2.511886431509579e-002
3378	2.454320514232977e-002	2.454708915685030e-002
3399	2.392233777646136e-002	2.398832919019490e-002
3421	2.114044795648329e-002	2.137962089502233e-002
3423	2.087187649915845e-002	2.089296130854040e-002
3453	2.036495626069557e-002	2.041737944669530e-002
3470	1.986366695450703e-002	1.995262314968880e-002
3475	1.944416300176632e-002	1.949844599758046e-002
3478	1.893232144023793e-002	1.905460717963247e-002
3501	1.859782466283788e-002	1.862087136662868e-002
3544	1.799132519084379e-002	1.819700858609984e-002
3580	1.772149045530014e-002	1.778279410038923e-002
3583	1.724109400874796e-002	1.737800828749376e-002
3587	1.697644658143960e-002	1.698243652461744e-002
3597	1.574738312806234e-002	1.584893192461113e-002
3641	1.545260690578165e-002	1.548816618912481e-002
3681	1.511523005415094e-002	1.513561248436208e-002
3712	1.474788097011703e-002	1.479108388168207e-002
3747	1.444801916026250e-002	1.445439770745927e-002
3761	1.395746259069663e-002	1.412537544622754e-002
3771	1.377902391855967e-002	1.380384264602885e-002
3791	1.348696543694827e-002	1.348962882591653e-002
3833	1.317311072610661e-002	1.318256738556408e-002
3967	1.287956506332544e-002	1.288249551693134e-002
4124	1.258793470827169e-002	1.258925411794168e-002
4484	1.230160880097886e-002	1.230268770812382e-002
6890	1.202261299588547e-002	1.202264434617413e-002
300495	1.163962375770944e-002	1.174897554939530e-002
500001	1.157717544646830e-002	1.174897554939530e-002
%
% index = 1486, name = bbob_f013_i15_d05__bbob_f020_i16_d05
% instance = 7, reference value = 9.431553662834961e-001
% function evaluation | indicator value | target hit
1	6.060946004926007e+003	6.165950018614823e+003
2	2.007393137933263e+003	2.041737944669530e+003
5	1.051978796811103e+003	1.071519305237606e+003
10	1.057096957797387e+002	1.071519305237606e+002
565	1.702463718527962e+001	1.737800828749375e+001
914	1.599153661832811e+001	1.621810097358930e+001
958	1.577309486193638e+001	1.584893192461113e+001
1019	1.449888674126198e+001	1.479108388168207e+001
1056	1.238545076134404e+001	1.258925411794168e+001
1074	5.671428467533996e+000	5.754399373371570e+000
1179	4.094476649561889e+000	4.168693834703354e+000
1221	3.241113757780996e+000	3.311311214825911e+000
1352	1.062903449335677e+000	1.071519305237606e+000
1445	1.039486821398496e+000	1.047128548050900e+000
1500	8.799352029823203e-001	8.912509381337456e-001
1635	6.977362928173914e-001	7.079457843841379e-001
1637	6.039495378778231e-001	6.165950018614822e-001
1646	5.468488689356131e-001	5.495408738576245e-001
1704	4.764220080444562e-001	4.786300923226383e-001
1714	4.539581783221830e-001	4.570881896148750e-001
1848	4.186828899760295e-001	4.265795188015927e-001
1894	4.139117897212230e-001	4.168693834703354e-001
1947	4.007974856514812e-001	4.073802778041127e-001
1951	3.090751701770551e-001	3.162277660168379e-001
1979	3.040933071555668e-001	3.090295432513591e-001
2066	2.981742330127796e-001	3.019951720402016e-001
2127	2.663653013683519e-001	2.691534803926916e-001
2149	2.625346959873550e-001	2.630267991895382e-001
2164	2.487925428275717e-001	2.511886431509580e-001
2191	2.443369707672422e-001	2.454708915685031e-001
2194	2.314684112675377e-001	2.344228815319922e-001
2246	1.775640642061418e-001	1.778279410038923e-001
2300	1.685701921717907e-001	1.698243652461744e-001
2306	1.623213675565634e-001	1.659586907437561e-001
2319	1.586753344680184e-001	1.621810097358930e-001
2320	1.581820866633104e-001	1.584893192461113e-001
2344	1.513676000773906e-001	1.548816618912481e-001
2345	1.513008392245798e-001	1.513561248436208e-001
2464	1.356716488782596e-001	1.380384264602885e-001
2472	1.323497321478728e-001	1.348962882591654e-001
2485	1.206213149602980e-001	1.230268770812382e-001
2534	1.157731908718310e-001	1.174897554939529e-001
2573	1.133468920441054e-001	1.148153621496883e-001
2575	1.083270497103031e-001	1.096478196143185e-001
2592	1.028067868232333e-001	1.047128548050900e-001
2686	1.002427190003301e-001	1.023292992280754e-001
2696	8.153655598016707e-002	8.317637711026708e-002
2702	8.100985610862121e-002	8.128305161640990e-002
2776	7.931509119855729e-002	7.943282347242814e-002
2831	7.762079501365515e-002	7.762471166286916e-002
2931	7.429657126334288e-002	7.585775750291836e-002
2948	7.366579021325947e-002	7.413102413009177e-002
3012	7.165320862293001e-002	7.244359600749903e-002
3031	6.889823963954622e-002	6.918309709189366e-002
3101	6.722705685783881e-002	6.760829753919818e-002
3156	6.530103827434886e-002	6.606934480075961e-002
3187	6.347051277529725e-002	6.456542290346556e-002
3210	6.301197134780556e-002	6.309573444801933e-002
3292	5.998215598389833e-002	6.025595860743578e-002
3308	5.288554275059809e-002	5.370317963702527e-002
3329	5.120131680063289e-002	5.128613839913648e-002
3395	5.005495656363423e-002	5.011872336272722e-002
3396	4.894603698916378e-002	4.897788193684461e-002
3505	4.666594688716796e-002	4.677351412871982e-002
3533	4.570568179324985e-002	4.570881896148749e-002
3535	4.201192255314545e-002	4.265795188015926e-002
3565	4.126686320196504e-002	4.168693834703355e-002
3596	4.064856727667887e-002	4.073802778041128e-002
3657	3.860734655462395e-002	3.890451449942807e-002
3675	3.800383566388421e-002	3.801893963205612e-002
3714	2.715460885423504e-002	2.754228703338166e-002
3728	2.682369768763826e-002	2.691534803926915e-002
3778	2.607041641662689e-002	2.630267991895382e-002
3828	2.507502837111586e-002	2.511886431509579e-002
3903	2.454152763758599e-002	2.454708915685030e-002
3950	2.382985367596857e-002	2.398832919019490e-002
4040	2.343453203602031e-002	2.344228815319923e-002
4073	2.281801526778304e-002	2.290867652767774e-002
4130	2.237881930183372e-002	2.238721138568340e-002
4168	2.187048649748724e-002	2.187761623949553e-002
4229	2.125731870603220e-002	2.137962089502233e-002
4258	2.087772713527070e-002	2.089296130854040e-002
4407	2.040707102636985e-002	2.041737944669530e-002
4464	1.983863791485019e-002	1.995262314968880e-002
4518	1.928211130988955e-002	1.949844599758046e-002
4610	1.905331862296733e-002	1.905460717963247e-002
4750	1.860043117899957e-002	1.862087136662868e-002
4877	1.802633650462016e-002	1.819700858609984e-002
4925	1.714844632530832e-002	1.737800828749376e-002
5000	1.691904801941158e-002	1.698243652461744e-002
5176	1.649371543728329e-002	1.659586907437561e-002
5251	1.412123111060515e-002	1.412537544622754e-002
5319	1.362550199868529e-002	1.380384264602885e-002
5380	1.345019640335454e-002	1.348962882591653e-002
5712	1.317694001604819e-002	1.318256738556408e-002
5985	1.052159522145479e-002	1.071519305237607e-002
6152	1.046933796207761e-002	1.047128548050900e-002
6691	8.677941405849099e-003	8.709635899560805e-003
7123	8.505611369207244e-003	8.511380382023768e-003
8075	8.306664716829948e-003	8.317637711026709e-003
12154	8.128296549930192e-003	8.128305161640995e-003
95479	6.228786149385934e-003	6.309573444801930e-003
95663	6.165181840701028e-003	6.165950018614822e-003
171110	5.439123533076407e-003	5.495408738576248e-003
500001	5.381356887963817e-003	5.495408738576248e-003
%
% index = 1487, name = bbob_f013_i17_d05__bbob_f020_i18_d05
% instance = 8, reference value = 9.928438164629460e-001
% function evaluation | indicator value | target hit
1	1.064243605033366e+004	1.071519305237607e+004
2	1.839026322086181e+003	1.862087136662868e+003
6	4.895126250514725e+002	4.897788193684461e+002
10	7.260019428036824e+001	7.413102413009177e+001
41	6.806664404301183e+001	6.918309709189366e+001
453	4.234438393467750e+001	4.265795188015925e+001
684	3.623550817671252e+001	3.630780547701014e+001
710	3.016369496637791e+001	3.019951720402016e+001
784	1.921690801485010e+001	1.949844599758045e+001
908	1.015413311689292e+001	1.023292992280754e+001
1056	9.619995780903155e+000	9.772372209558107e+000
1121	6.124172019005318e+000	6.165950018614822e+000
1184	1.653095243647946e+000	1.659586907437561e+000
1220	9.322126773625524e-001	9.332543007969910e-001
1385	8.070557060921122e-001	8.128305161640993e-001
1488	7.900536223677127e-001	7.943282347242815e-001
1489	7.272783564718675e-001	7.413102413009175e-001
1604	7.143088420924852e-001	7.244359600749900e-001
1633	6.452645136517660e-001	6.456542290346555e-001
1667	5.134490027154068e-001	5.248074602497725e-001
1678	4.944270758759854e-001	5.011872336272722e-001
1708	4.839211465257640e-001	4.897788193684462e-001
1724	4.211099892763180e-001	4.265795188015927e-001
1738	3.876455456831119e-001	3.890451449942806e-001
1747	3.633121289882071e-001	3.715352290971726e-001
1750	3.604456814259220e-001	3.630780547701014e-001
1799	3.502296796912120e-001	3.548133892335755e-001
1848	2.521285957910605e-001	2.570395782768864e-001
1884	2.324536664271663e-001	2.344228815319922e-001
1925	2.170723034381588e-001	2.187761623949552e-001
2009	2.091203419169729e-001	2.137962089502232e-001
2018	2.038514439040507e-001	2.041737944669530e-001
2085	1.993614477697712e-001	1.995262314968880e-001
2090	1.772080726254171e-001	1.778279410038923e-001
2124	1.707685918732004e-001	1.737800828749375e-001
2203	1.677211604458421e-001	1.698243652461744e-001
2263	1.612779392273143e-001	1.621810097358930e-001
2274	1.571374589502599e-001	1.584893192461113e-001
2280	1.227917239664588e-001	1.230268770812382e-001
2374	1.196853588434440e-001	1.202264434617413e-001
2494	1.173255702225540e-001	1.174897554939529e-001
2517	8.990423438431017e-002	9.120108393559097e-002
2628	8.307235235056065e-002	8.317637711026708e-002
2747	7.154866498498902e-002	7.244359600749903e-002
2919	5.855806454648482e-002	5.888436553555890e-002
3119	5.641113734433378e-002	5.754399373371569e-002
3120	5.618647374039831e-002	5.623413251903491e-002
3259	5.488115266970961e-002	5.495408738576246e-002
3289	5.156313193344897e-002	5.248074602497726e-002
3304	4.890176908729904e-002	4.897788193684461e-002
3387	4.266847495967074e-002	4.365158322401658e-002
3492	4.254127065871483e-002	4.265795188015926e-002
3631	3.561831762117085e-002	3.630780547701014e-002
3721	3.135466327335934e-002	3.162277660168379e-002
3742	3.081741892547740e-002	3.090295432513590e-002
3925	2.474525942695161e-002	2.511886431509579e-002
4049	2.434770923439500e-002	2.454708915685030e-002
4058	2.357832844854313e-002	2.398832919019490e-002
4158	2.333908855815636e-002	2.344228815319923e-002
4189	2.273991604339787e-002	2.290867652767774e-002
4260	2.232237545344518e-002	2.238721138568340e-002
4421	2.186316796218824e-002	2.187761623949553e-002
4569	2.089079203776745e-002	2.089296130854040e-002
4576	1.907371038159444e-002	1.949844599758046e-002
4579	1.712777359627793e-002	1.737800828749376e-002
4610	1.652093925419296e-002	1.659586907437561e-002
4624	1.605837287798273e-002	1.621810097358930e-002
4702	1.575517183173347e-002	1.584893192461113e-002
4726	1.206271353260358e-002	1.230268770812382e-002
4734	1.181174786711925e-002	1.202264434617413e-002
4755	1.158100628753067e-002	1.174897554939530e-002
4971	1.091083349012534e-002	1.096478196143185e-002
5084	1.065999117783223e-002	1.071519305237607e-002
5172	1.036958767950580e-002	1.047128548050900e-002
5222	1.023218784511959e-002	1.023292992280754e-002
5354	7.669900737416580e-003	7.762471166286920e-003
5393	7.553988261702505e-003	7.585775750291836e-003
5433	7.349988315114686e-003	7.413102413009177e-003
5528	6.790970843478794e-003	6.918309709189363e-003
5566	6.628423086380786e-003	6.760829753919818e-003
5615	6.603109816999964e-003	6.606934480075957e-003
5635	5.743529598647212e-003	5.754399373371567e-003
5667	5.621469146232627e-003	5.623413251903491e-003
5797	5.489320061400238e-003	5.495408738576248e-003
5807	5.365926177632097e-003	5.370317963702527e-003
5886	4.928320917063078e-003	5.011872336272725e-003
5897	4.895698607079058e-003	4.897788193684461e-003
5967	4.779239206132768e-003	4.786300923226385e-003
5972	4.625191837537845e-003	4.677351412871981e-003
6052	4.553409329478120e-003	4.570881896148752e-003
6137	4.376713379633301e-003	4.466835921509631e-003
6179	4.362201077231065e-003	4.365158322401661e-003
6201	4.145957247978171e-003	4.168693834703355e-003
6375	4.071942608385060e-003	4.073802778041126e-003
6446	3.944855919534085e-003	3.981071705534973e-003
6537	3.883126038094265e-003	3.890451449942805e-003
6645	3.797647076458466e-003	3.801893963205613e-003
6749	3.714331504977797e-003	3.715352290971724e-003
6750	3.623004485695858e-003	3.630780547701014e-003
6766	3.530533063035524e-003	3.548133892335753e-003
6786	3.423494731229826e-003	3.467368504525317e-003
6902	3.205781398889829e-003	3.235936569296281e-003
7049	2.879247861386269e-003	2.884031503126606e-003
7121	2.764793788761599e-003	2.818382931264455e-003
7127	2.744781036024602e-003	2.754228703338166e-003
7152	2.676297282305118e-003	2.691534803926917e-003
7185	2.605752336401257e-003	2.630267991895381e-003
7203	2.570291826987647e-003	2.570395782768865e-003
7256	2.511228181669822e-003	2.511886431509579e-003
7302	2.391310148002757e-003	2.398832919019490e-003
7377	2.330987658887729e-003	2.344228815319923e-003
7379	2.200230314582607e-003	2.238721138568340e-003
7408	2.183355538771026e-003	2.187761623949552e-003
7421	2.113926744411798e-003	2.137962089502233e-003
7436	2.085263168014495e-003	2.089296130854039e-003
7511	2.040671329079369e-003	2.041737944669530e-003
7575	1.987003669538856e-003	1.995262314968879e-003
7642	1.949548973668613e-003	1.949844599758046e-003
7757	1.903017795874762e-003	1.905460717963246e-003
7829	1.852910209845460e-003	1.862087136662868e-003
7845	1.742428292798026e-003	1.778279410038923e-003
7872	1.735397411849138e-003	1.737800828749376e-003
7967	1.684237300459635e-003	1.698243652461744e-003
8036	1.656017518403607e-003	1.659586907437561e-003
8096	1.619523558951119e-003	1.621810097358930e-003
8099	1.534063511404393e-003	1.548816618912481e-003
8106	1.506072556699767e-003	1.513561248436209e-003
8167	1.477886716661381e-003	1.479108388168207e-003
8219	1.436137718738295e-003	1.445439770745928e-003
8232	1.406831119953544e-003	1.412537544622754e-003
8237	1.379254538921404e-003	1.380384264602885e-003
8298	1.345154737740661e-003	1.348962882591653e-003
8399	1.316008730898877e-003	1.318256738556408e-003
8450	1.288058026310712e-003	1.288249551693134e-003
8456	1.254136513292981e-003	1.258925411794168e-003
8482	1.196626097448639e-003	1.202264434617413e-003
8492	1.173815427860991e-003	1.174897554939529e-003
8569	1.147851945440093e-003	1.148153621496883e-003
8622	1.116423048463933e-003	1.122018454301963e-003
8691	1.095767819363269e-003	1.096478196143185e-003
8728	1.070516656672571e-003	1.071519305237606e-003
8800	1.042289323664014e-003	1.047128548050900e-003
8906	1.015199629305075e-003	1.023292992280754e-003
8964	9.998457941846617e-004	1.000000000000000e-003
8967	9.728451492846402e-004	9.772372209558111e-004
8997	9.515874436535343e-004	9.549925860214359e-004
9086	9.329721577893135e-004	9.332543007969915e-004
9252	9.115882346131254e-004	9.120108393559096e-004
9371	8.907891628847642e-004	8.912509381337459e-004
9633	8.708369863709153e-004	8.709635899560805e-004
9803	8.511228689622730e-004	8.511380382023768e-004
9851	8.248257066773013e-004	8.317637711026709e-004
9985	8.119400928103815e-004	8.128305161640995e-004
10047	7.937438531726571e-004	7.943282347242813e-004
10173	7.761836380779652e-004	7.762471166286919e-004
10245	7.567836454293042e-004	7.585775750291835e-004
10341	7.407132549174245e-004	7.413102413009177e-004
10458	7.243387679437552e-004	7.244359600749898e-004
10648	7.078786090931599e-004	7.079457843841380e-004
10810	6.914447040857752e-004	6.918309709189362e-004
11124	6.760692523131162e-004	6.760829753919819e-004
11569	6.605999491655634e-004	6.606934480075958e-004
11774	6.407736184153023e-004	6.456542290346556e-004
11828	6.309554168577591e-004	6.309573444801930e-004
12629	6.139005540690690e-004	6.165950018614822e-004
12920	6.015540348086601e-004	6.025595860743575e-004
13482	5.887858384973077e-004	5.888436553555889e-004
14217	5.754154170314330e-004	5.754399373371566e-004
15261	5.615312136665329e-004	5.623413251903491e-004
15349	5.491822767801358e-004	5.495408738576249e-004
15612	5.364755518951769e-004	5.370317963702527e-004
15853	5.247009799190794e-004	5.248074602497728e-004
17724	5.128173509872935e-004	5.128613839913648e-004
18970	4.691362067107407e-004	4.786300923226385e-004
18999	3.658312067914560e-004	3.715352290971724e-004
19141	3.627710837817988e-004	3.630780547701014e-004
21767	3.547019272044372e-004	3.548133892335753e-004
22591	3.412206139066232e-004	3.467368504525317e-004
22636	3.166819983224656e-004	3.235936569296281e-004
22647	3.139817745686502e-004	3.162277660168379e-004
22889	3.059475515518884e-004	3.090295432513592e-004
25414	2.987059322262509e-004	3.019951720402016e-004
27899	2.941406170636762e-004	2.951209226666387e-004
30413	2.725861349621717e-004	2.754228703338166e-004
30557	2.677773274996076e-004	2.691534803926917e-004
31504	2.613588562755398e-004	2.630267991895381e-004
34431	2.567468855758648e-004	2.570395782768865e-004
53900	2.511747259592578e-004	2.511886431509580e-004
62337	2.405023766403058e-004	2.454708915685031e-004
65230	2.397195841089550e-004	2.398832919019490e-004
87725	2.343934014403803e-004	2.344228815319923e-004
93662	2.239923059187410e-004	2.290867652767772e-004
94078	2.237561152769185e-004	2.238721138568340e-004
100959	2.181748163078146e-004	2.187761623949552e-004
101041	1.908275751405508e-004	1.949844599758046e-004
103403	1.902181036613770e-004	1.905460717963246e-004
106835	1.805288724026077e-004	1.819700858609983e-004
144120	1.771612697271108e-004	1.778279410038923e-004
160276	1.735587347407863e-004	1.737800828749376e-004
219154	1.532257415798322e-004	1.548816618912481e-004
237175	1.511417539973303e-004	1.513561248436209e-004
244186	1.478951568365527e-004	1.479108388168207e-004
280536	1.431472836925796e-004	1.445439770745928e-004
280599	1.398607439567767e-004	1.412537544622754e-004
346432	1.379405885529872e-004	1.380384264602885e-004
399363	1.348945080793529e-004	1.348962882591653e-004
423587	1.312310202443712e-004	1.318256738556407e-004
440358	1.262172274556495e-004	1.288249551693134e-004
494157	1.258370644451334e-004	1.258925411794167e-004
500001	1.257493493919126e-004	1.258925411794167e-004
%
% index = 1488, name = bbob_f013_i19_d05__bbob_f020_i21_d05
% instance = 9, reference value = 8.805363022081950e-001
% function evaluation | indicator value | target hit
1	1.607316926723841e+003	1.621810097358930e+003
2	3.211739694552435e+002	3.235936569296281e+002
5	2.989710409802541e+002	3.019951720402016e+002
6	8.162117997111284e+001	8.317637711026708e+001
10	1.210745071434824e+001	1.230268770812382e+001
550	7.604745538873526e+000	7.762471166286917e+000
655	7.516630635252582e+000	7.585775750291838e+000
712	6.464378538039886e+000	6.606934480075959e+000
769	4.282632337494416e+000	4.365158322401660e+000
793	3.925993107194192e+000	3.981071705534972e+000
923	1.278257754816695e+000	1.288249551693134e+000
1150	8.688286312194854e-001	8.709635899560806e-001
1290	8.403707748191360e-001	8.511380382023764e-001
1342	7.098506633598859e-001	7.244359600749900e-001
1514	6.348687298816991e-001	6.456542290346555e-001
1546	6.273056290806341e-001	6.309573444801933e-001
1569	5.330050501312097e-001	5.370317963702527e-001
1580	4.221236700618535e-001	4.265795188015927e-001
1647	3.813871240270257e-001	3.890451449942806e-001
1703	3.756878304494900e-001	3.801893963205612e-001
1734	2.814028723525963e-001	2.818382931264454e-001
1768	2.615933672571099e-001	2.630267991895382e-001
1793	2.416884820810236e-001	2.454708915685031e-001
1826	2.316669373340904e-001	2.344228815319922e-001
1852	2.157030523995375e-001	2.187761623949552e-001
1921	2.114436673781452e-001	2.137962089502232e-001
1933	2.058124602653485e-001	2.089296130854039e-001
1944	1.982998152051724e-001	1.995262314968880e-001
1952	1.947891507358958e-001	1.949844599758046e-001
1954	1.889994025884153e-001	1.905460717963247e-001
1987	1.602706308647762e-001	1.621810097358930e-001
2054	1.543076953218502e-001	1.548816618912481e-001
2055	1.358385508503965e-001	1.380384264602885e-001
2094	1.346970636741937e-001	1.348962882591654e-001
2120	1.267691478750438e-001	1.288249551693134e-001
2139	1.245518637635662e-001	1.258925411794167e-001
2145	1.220674197054188e-001	1.230268770812382e-001
2169	1.196980258998147e-001	1.202264434617413e-001
2175	1.130762600044397e-001	1.148153621496883e-001
2187	1.117283639626030e-001	1.122018454301964e-001
2202	1.092492389461135e-001	1.096478196143185e-001
2228	1.067653184530669e-001	1.071519305237607e-001
2277	1.046556471175325e-001	1.047128548050900e-001
2313	1.017950516102316e-001	1.023292992280754e-001
2352	9.955325387304714e-002	1.000000000000000e-001
2361	7.524307496040750e-002	7.585775750291836e-002
2363	7.354941651631608e-002	7.413102413009177e-002
2407	6.953608102162934e-002	7.079457843841380e-002
2462	6.881471274359730e-002	6.918309709189366e-002
2488	6.756215441026103e-002	6.760829753919818e-002
2507	6.567131985456332e-002	6.606934480075961e-002
2517	6.365751324483659e-002	6.456542290346556e-002
2529	6.288323478653712e-002	6.309573444801933e-002
2533	5.964462070209542e-002	6.025595860743578e-002
2581	5.882303034851921e-002	5.888436553555890e-002
2594	5.271624375555783e-002	5.370317963702527e-002
2601	5.160649489105129e-002	5.248074602497726e-002
2607	5.003515618058818e-002	5.011872336272722e-002
2609	4.845982272232130e-002	4.897788193684461e-002
2620	4.700470073307539e-002	4.786300923226383e-002
2627	4.676136678152909e-002	4.677351412871982e-002
2640	4.568403441959035e-002	4.570881896148749e-002
2681	4.457692918056233e-002	4.466835921509630e-002
2699	4.346775140182668e-002	4.365158322401658e-002
2745	4.247113936930835e-002	4.265795188015926e-002
2774	4.135179844059256e-002	4.168693834703355e-002
2785	4.051239604882040e-002	4.073802778041128e-002
2807	3.928973724987639e-002	3.981071705534973e-002
2844	3.782693484952016e-002	3.801893963205612e-002
2893	3.702888041955388e-002	3.715352290971726e-002
2927	3.592133201393843e-002	3.630780547701014e-002
2954	3.314252664508310e-002	3.388441561392026e-002
2956	3.263124726701294e-002	3.311311214825911e-002
2985	3.220567920338091e-002	3.235936569296283e-002
3016	3.159904893705723e-002	3.162277660168379e-002
3051	3.088534307584490e-002	3.090295432513590e-002
3116	3.005778678462745e-002	3.019951720402016e-002
3133	2.939395703496273e-002	2.951209226666385e-002
3179	2.880754285063225e-002	2.884031503126606e-002
3213	2.817792322176660e-002	2.818382931264454e-002
3285	2.753192754246836e-002	2.754228703338166e-002
3290	2.677094922729850e-002	2.691534803926915e-002
3310	2.620625419853262e-002	2.630267991895382e-002
3364	2.495516845259149e-002	2.511886431509579e-002
3406	2.454128104516229e-002	2.454708915685030e-002
3417	2.179381193572350e-002	2.187761623949553e-002
3484	2.136772495000983e-002	2.137962089502233e-002
3571	2.087577266574647e-002	2.089296130854040e-002
3657	2.041391313294838e-002	2.041737944669530e-002
3721	1.994617493120310e-002	1.995262314968880e-002
3783	1.947881237483407e-002	1.949844599758046e-002
3955	1.904262191683459e-002	1.905460717963247e-002
4414	1.861918474449442e-002	1.862087136662868e-002
500001	1.829994653284328e-002	1.862087136662868e-002
%
% index = 1489, name = bbob_f013_i21_d05__bbob_f020_i22_d05
% instance = 10, reference value = 9.064794714487801e-001
% function evaluation | indicator value | target hit
1	1.451683380349612e+003	1.479108388168207e+003
2	3.503645069614658e+002	3.548133892335753e+002
5	2.696593597606870e+002	2.754228703338166e+002
6	1.611662641403535e+002	1.621810097358930e+002
10	2.175922643438567e+001	2.187761623949553e+001
41	1.119644734226929e+001	1.122018454301964e+001
679	4.577219240087914e+000	4.677351412871983e+000
1022	2.586401317328828e+000	2.630267991895382e+000
1084	2.521218808952630e+000	2.570395782768864e+000
1089	2.307367438725280e+000	2.344228815319922e+000
1236	2.245312563822780e+000	2.290867652767773e+000
1318	1.145762586203280e+000	1.148153621496883e+000
1510	1.075036947622780e+000	1.096478196143185e+000
1550	6.842016110341308e-001	6.918309709189364e-001
1850	5.920771638108965e-001	6.025595860743578e-001
1855	4.979624414811392e-001	5.011872336272722e-001
2117	4.438049422363311e-001	4.466835921509632e-001
2177	4.360768327528972e-001	4.365158322401660e-001
2282	4.257663325088512e-001	4.265795188015927e-001
2430	4.159529275576553e-001	4.168693834703354e-001
2448	3.116725401846706e-001	3.162277660168379e-001
2488	3.079690854004672e-001	3.090295432513591e-001
2535	2.906807826071705e-001	2.951209226666385e-001
2576	2.746180038340369e-001	2.754228703338166e-001
2579	2.479671479265689e-001	2.511886431509580e-001
2647	2.442194426729109e-001	2.454708915685031e-001
2653	1.979067380067144e-001	1.995262314968880e-001
2771	1.592041208036065e-001	1.621810097358930e-001
2778	1.581948383408457e-001	1.584893192461113e-001
2855	1.546365227592184e-001	1.548816618912481e-001
3004	1.513198203203500e-001	1.513561248436208e-001
3092	1.478733959168777e-001	1.479108388168208e-001
3161	1.427495426595293e-001	1.445439770745928e-001
3286	1.412245525810557e-001	1.412537544622755e-001
3462	1.174163531016161e-001	1.174897554939529e-001
3603	1.135735653038243e-001	1.148153621496883e-001
3711	9.947799497164989e-002	1.000000000000000e-001
3712	8.936062543324475e-002	9.120108393559097e-002
3727	8.876699121774878e-002	8.912509381337455e-002
3783	8.707711336738189e-002	8.709635899560805e-002
4124	6.848843335798982e-002	6.918309709189366e-002
4189	6.758464886082694e-002	6.760829753919818e-002
5841	6.606753474958582e-002	6.606934480075961e-002
500001	6.596189233895555e-002	6.606934480075961e-002
