%
% index = 2660, name = bbob_f015_i02_d20__bbob_f017_i04_d20
% instance = 1, reference value = 9.563112174364120e-001
% function evaluation | indicator value | target hit
1	1.542241762613803e+010	1.548816618912480e+010
2	4.773690828231562e+008	4.786300923226380e+008
4	2.541379884659240e+006	2.570395782768865e+006
8	8.531412965863413e+005	8.709635899560815e+005
14	3.924649310042193e+005	3.981071705534969e+005
33	2.096792689973244e+005	2.137962089502233e+005
76	1.171949869670817e+005	1.174897554939530e+005
215	4.856167500045582e+004	4.897788193684466e+004
254	1.238539094872787e+004	1.258925411794166e+004
614	1.165276290627898e+004	1.174897554939530e+004
638	1.090601589051240e+004	1.096478196143185e+004
693	1.000594781718205e+004	1.023292992280754e+004
868	7.951646725833108e+003	8.128305161640995e+003
958	6.969859683672762e+003	7.079457843841380e+003
1127	5.810434088256843e+003	5.888436553555890e+003
1157	4.281459812879287e+003	4.365158322401661e+003
1557	3.536409721259796e+003	3.548133892335753e+003
1763	3.361017862255671e+003	3.388441561392024e+003
1777	3.099541432240203e+003	3.162277660168380e+003
1938	2.937798004339384e+003	2.951209226666387e+003
2017	1.195477604207850e+003	1.202264434617413e+003
2505	1.135845622110566e+003	1.148153621496883e+003
2627	1.070256245385556e+003	1.071519305237606e+003
2696	8.095038290376347e+002	8.128305161640996e+002
2728	6.992096042690656e+002	7.079457843841381e+002
2934	2.171638102528875e+002	2.187761623949552e+002
3465	1.766353527035699e+002	1.778279410038923e+002
3625	1.397028416494141e+002	1.412537544622754e+002
3684	1.292140103599548e+002	1.318256738556407e+002
3738	9.849348834409359e+001	1.000000000000000e+002
3948	8.454643549836548e+001	8.511380382023764e+001
3967	4.222755986466719e+001	4.265795188015925e+001
4437	2.803907219068202e+001	2.818382931264453e+001
4605	2.427088493415294e+001	2.454708915685030e+001
4650	2.359529075450059e+001	2.398832919019490e+001
4712	2.066702740131803e+001	2.089296130854040e+001
4747	1.933523180798725e+001	1.949844599758045e+001
4847	1.787903503680267e+001	1.819700858609983e+001
4895	1.767615818512111e+001	1.778279410038923e+001
4904	1.113971385472641e+001	1.122018454301964e+001
4971	1.069940322874913e+001	1.071519305237607e+001
4993	7.422377143311318e+000	7.585775750291838e+000
5014	5.815528693295931e+000	5.888436553555890e+000
5097	5.607692373812215e+000	5.623413251903491e+000
5231	5.289975865008637e+000	5.370317963702528e+000
5249	3.883992974026912e+000	3.890451449942806e+000
5292	2.654212768243635e+000	2.691534803926916e+000
5515	2.300819069928912e+000	2.344228815319922e+000
5577	2.183282952216697e+000	2.187761623949553e+000
5624	1.863238961083584e+000	1.905460717963247e+000
5681	1.304765106824912e+000	1.318256738556407e+000
5690	1.163131888080412e+000	1.174897554939530e+000
5862	9.751089736084121e-001	9.772372209558107e-001
5869	8.762559579500429e-001	8.912509381337456e-001
6040	8.524293857273735e-001	8.709635899560806e-001
6047	8.339832561710818e-001	8.511380382023764e-001
6125	7.811523837183939e-001	7.943282347242815e-001
6166	7.638997211804514e-001	7.762471166286917e-001
6254	7.483153650560078e-001	7.585775750291838e-001
6285	7.243326126513352e-001	7.244359600749900e-001
6326	7.067816539892259e-001	7.079457843841379e-001
6385	6.781872681473521e-001	6.918309709189364e-001
6393	6.748782032748988e-001	6.760829753919818e-001
6408	6.488283228686192e-001	6.606934480075960e-001
6470	6.403716941471425e-001	6.456542290346555e-001
6492	6.111414599851112e-001	6.165950018614822e-001
6501	5.978775124284789e-001	6.025595860743578e-001
6587	5.825308383558040e-001	5.888436553555889e-001
6677	5.688009319320573e-001	5.754399373371569e-001
6688	5.310677425530705e-001	5.370317963702527e-001
6781	5.234648265905247e-001	5.248074602497725e-001
6825	5.024767554018826e-001	5.128613839913648e-001
6835	5.007881541578452e-001	5.011872336272722e-001
6896	4.865687978219319e-001	4.897788193684462e-001
6900	4.527187878836492e-001	4.570881896148750e-001
6986	4.445003016269719e-001	4.466835921509632e-001
7097	4.339630525021556e-001	4.365158322401660e-001
7121	4.254996963698813e-001	4.265795188015927e-001
7123	4.161830857611287e-001	4.168693834703354e-001
7319	4.061631903747217e-001	4.073802778041127e-001
7374	3.975230711431823e-001	3.981071705534973e-001
7410	3.857529765639512e-001	3.890451449942806e-001
7426	3.796684228750131e-001	3.801893963205612e-001
7513	3.701239366306370e-001	3.715352290971726e-001
7616	3.622107699986540e-001	3.630780547701014e-001
7617	3.540836297631030e-001	3.548133892335755e-001
7650	3.353741599275198e-001	3.388441561392026e-001
7883	3.295479578522725e-001	3.311311214825911e-001
7972	3.220782443480215e-001	3.235936569296283e-001
8060	3.154376078986904e-001	3.162277660168379e-001
8249	3.040267111495973e-001	3.090295432513591e-001
8350	3.007759820665857e-001	3.019951720402016e-001
8635	2.943965468779904e-001	2.951209226666385e-001
9015	2.875577364888989e-001	2.884031503126606e-001
9443	2.817519618608224e-001	2.818382931264454e-001
9998	2.751979959933282e-001	2.754228703338166e-001
10144	2.649707297567706e-001	2.691534803926916e-001
10825	2.583021690523085e-001	2.630267991895382e-001
10891	2.511112552507558e-001	2.511886431509580e-001
11277	2.376439890530825e-001	2.398832919019490e-001
14024	2.326503711259608e-001	2.344228815319922e-001
14353	2.124845915300132e-001	2.137962089502232e-001
14947	2.025793922095649e-001	2.041737944669530e-001
16861	1.994843078431803e-001	1.995262314968880e-001
20519	1.946685378276071e-001	1.949844599758046e-001
23098	1.898490609110898e-001	1.905460717963247e-001
23225	1.854257741278309e-001	1.862087136662868e-001
25485	1.777733587628855e-001	1.778279410038923e-001
28664	1.737751099953360e-001	1.737800828749375e-001
32765	1.670617623688003e-001	1.698243652461744e-001
34543	1.659501752143473e-001	1.659586907437561e-001
37472	1.611773633670420e-001	1.621810097358930e-001
40838	1.583574018276096e-001	1.584893192461113e-001
45846	1.520010640169535e-001	1.548816618912481e-001
48111	1.512133415610198e-001	1.513561248436208e-001
51692	1.472717554128464e-001	1.479108388168208e-001
59969	1.436491436420734e-001	1.445439770745928e-001
62833	1.412287378838630e-001	1.412537544622755e-001
75707	1.380118805915084e-001	1.380384264602885e-001
84187	1.348812633793034e-001	1.348962882591654e-001
98834	1.317207684998133e-001	1.318256738556407e-001
122184	1.287808295092013e-001	1.288249551693134e-001
149742	1.244887551080151e-001	1.258925411794167e-001
165562	1.224939687212481e-001	1.230268770812382e-001
196967	1.194281527378270e-001	1.202264434617413e-001
233558	1.169468804199417e-001	1.174897554939529e-001
291572	1.148127559632152e-001	1.148153621496883e-001
413782	1.120955745348407e-001	1.122018454301964e-001
543452	1.096475102230682e-001	1.096478196143185e-001
792825	1.071385694073486e-001	1.071519305237607e-001
2000001	1.049432506785086e-001	1.071519305237607e-001
%
% index = 2661, name = bbob_f015_i03_d20__bbob_f017_i05_d20
% instance = 2, reference value = 9.576288449981110e-001
% function evaluation | indicator value | target hit
1	1.598171238847925e+017	1.621810097358933e+017
2	4.053315724199372e+006	4.073802778041130e+006
6	2.139808884234868e+005	2.187761623949552e+005
22	1.001745159198634e+004	1.023292992280754e+004
628	9.474954037108038e+003	9.549925860214360e+003
668	8.051098235026087e+003	8.128305161640995e+003
915	7.688830857273505e+003	7.762471166286920e+003
985	6.530993868965939e+003	6.606934480075958e+003
1170	5.445295807530294e+003	5.495408738576249e+003
1472	5.328111887187512e+003	5.370317963702527e+003
1476	4.429076540365021e+003	4.466835921509631e+003
1578	2.979322350888805e+003	3.019951720402016e+003
1646	2.710194438842403e+003	2.754228703338166e+003
1946	2.531265592720770e+003	2.570395782768865e+003
2078	2.428859427956528e+003	2.454708915685031e+003
2088	2.285479983544698e+003	2.290867652767772e+003
2116	2.152698917733856e+003	2.187761623949552e+003
2128	1.838378738047035e+003	1.862087136662868e+003
2131	1.610577083744197e+003	1.621810097358930e+003
2415	1.557550912708057e+003	1.584893192461114e+003
2539	1.487676343390531e+003	1.513561248436209e+003
2588	1.198331717552601e+003	1.202264434617413e+003
2633	1.151252380602570e+003	1.174897554939529e+003
2678	1.111971252318711e+003	1.122018454301963e+003
2818	9.242867991440057e+002	9.332543007969915e+002
3046	9.071712630453628e+002	9.120108393559096e+002
3092	8.860836286026380e+002	8.912509381337459e+002
3154	8.584170155041032e+002	8.709635899560806e+002
3165	7.994591017271523e+002	8.128305161640996e+002
3263	7.810842861732360e+002	7.943282347242813e+002
3287	7.431592282681281e+002	7.585775750291836e+002
3297	7.067071740158430e+002	7.079457843841381e+002
3321	6.751366053039451e+002	6.760829753919819e+002
3373	4.995454805918163e+002	5.011872336272725e+002
3395	3.631308746139405e+002	3.715352290971724e+002
3628	3.451817408529307e+002	3.467368504525317e+002
3833	3.314707006879033e+002	3.388441561392024e+002
3837	3.041049491444978e+002	3.090295432513592e+002
3849	3.006083840843794e+002	3.019951720402016e+002
3875	1.977595163688499e+002	1.995262314968879e+002
3964	1.774104230029569e+002	1.778279410038923e+002
4192	1.526641312804700e+002	1.548816618912481e+002
4300	1.368178450406228e+002	1.380384264602885e+002
4397	1.067251107249659e+002	1.071519305237606e+002
4517	9.169408682508703e+001	9.332543007969910e+001
4597	8.932983176050296e+001	9.120108393559097e+001
4618	4.643258132374512e+001	4.677351412871981e+001
4750	4.255229188029895e+001	4.265795188015925e+001
4805	4.036560325907011e+001	4.073802778041128e+001
4876	2.916945312030595e+001	2.951209226666386e+001
4963	1.544194853491892e+001	1.548816618912481e+001
5035	1.301969287295871e+001	1.318256738556407e+001
5219	1.111573415389251e+001	1.122018454301964e+001
5407	8.700539172502566e+000	8.709635899560805e+000
5519	7.204302340447475e+000	7.244359600749901e+000
5539	1.829202999426114e+000	1.862087136662868e+000
5720	1.805408206301946e+000	1.819700858609983e+000
5783	1.348216089255453e+000	1.348962882591654e+000
5958	9.484995145620084e-001	9.549925860214360e-001
6020	8.408038288077441e-001	8.511380382023764e-001
6095	8.072249705483416e-001	8.128305161640993e-001
6292	7.721667588451799e-001	7.762471166286917e-001
6341	7.245526670110192e-001	7.413102413009175e-001
6367	7.211101346218580e-001	7.244359600749900e-001
6528	6.973878052002713e-001	7.079457843841379e-001
6578	6.761927361546880e-001	6.918309709189364e-001
6582	6.698419877660853e-001	6.760829753919818e-001
6594	5.669500655166687e-001	5.754399373371569e-001
6763	5.462058615862624e-001	5.495408738576245e-001
6887	5.350865760565241e-001	5.370317963702527e-001
7030	5.190627992565625e-001	5.248074602497725e-001
7197	5.115892574076842e-001	5.128613839913648e-001
7308	5.007967874212499e-001	5.011872336272722e-001
7355	4.544513991904767e-001	4.570881896148750e-001
7418	4.412346838828287e-001	4.466835921509632e-001
7529	4.353350808351065e-001	4.365158322401660e-001
7717	4.220921972167863e-001	4.265795188015927e-001
7832	4.162070379181347e-001	4.168693834703354e-001
8025	4.072365229094928e-001	4.073802778041127e-001
8112	3.978599683228380e-001	3.981071705534973e-001
8153	3.863090921815644e-001	3.890451449942806e-001
8294	3.489624346563103e-001	3.548133892335755e-001
8345	3.431819855201203e-001	3.467368504525316e-001
8437	3.372412043882528e-001	3.388441561392026e-001
8565	3.302585353730321e-001	3.311311214825911e-001
8582	3.203839647430586e-001	3.235936569296283e-001
8615	3.108351781980947e-001	3.162277660168379e-001
8804	3.078067226935203e-001	3.090295432513591e-001
9044	3.010611452063027e-001	3.019951720402016e-001
9665	2.944125958920419e-001	2.951209226666385e-001
10367	2.696416225631729e-001	2.754228703338166e-001
10411	2.688397398483039e-001	2.691534803926916e-001
11344	2.619032876976747e-001	2.630267991895382e-001
11667	2.493281958711167e-001	2.511886431509580e-001
12372	2.413759460688363e-001	2.454708915685031e-001
12815	2.357925296287005e-001	2.398832919019490e-001
14373	2.344084791548053e-001	2.344228815319922e-001
16292	2.281266122403711e-001	2.290867652767773e-001
17359	2.185675833755145e-001	2.187761623949552e-001
19862	2.136034557415436e-001	2.137962089502232e-001
20405	2.088800630671868e-001	2.089296130854039e-001
22531	2.040229758743983e-001	2.041737944669530e-001
23308	1.918100001277980e-001	1.949844599758046e-001
23774	1.904788048648638e-001	1.905460717963247e-001
24320	1.854789537381008e-001	1.862087136662868e-001
26424	1.683486108508897e-001	1.698243652461744e-001
28179	1.659213693788908e-001	1.659586907437561e-001
28488	1.593907262814712e-001	1.621810097358930e-001
29253	1.583668916258175e-001	1.584893192461113e-001
30597	1.527758387803313e-001	1.548816618912481e-001
32304	1.512583410269517e-001	1.513561248436208e-001
33826	1.473761137403958e-001	1.479108388168208e-001
37682	1.445282632794818e-001	1.445439770745928e-001
42727	1.412050582047539e-001	1.412537544622755e-001
43421	1.378912289158789e-001	1.380384264602885e-001
50900	1.340945043001377e-001	1.348962882591654e-001
58142	1.318180428397749e-001	1.318256738556407e-001
66293	1.286401209510222e-001	1.288249551693134e-001
71902	1.255865778090503e-001	1.258925411794167e-001
79103	1.229507646482564e-001	1.230268770812382e-001
96536	1.197426946153752e-001	1.202264434617413e-001
109782	1.172512367451016e-001	1.174897554939529e-001
136674	1.148132411949996e-001	1.148153621496883e-001
163221	1.120898820874791e-001	1.122018454301964e-001
220305	1.093654681791699e-001	1.096478196143185e-001
247060	1.070257399674720e-001	1.071519305237607e-001
342230	1.044688179166049e-001	1.047128548050900e-001
526305	1.022712808935974e-001	1.023292992280754e-001
2000001	1.010002497234925e-001	1.023292992280754e-001
%
% index = 2662, name = bbob_f015_i07_d20__bbob_f017_i08_d20
% instance = 3, reference value = 9.489522725735931e-001
% function evaluation | indicator value | target hit
1	6.203600806867815e+014	6.309573444801943e+014
2	2.093370816579548e+007	2.137962089502233e+007
8	1.305050429212691e+006	1.318256738556407e+006
11	4.178745001191550e+005	4.265795188015926e+005
13	1.172755801538908e+005	1.174897554939530e+005
72	1.003535285587715e+005	1.023292992280754e+005
95	1.868902491662206e+004	1.905460717963248e+004
96	1.309779500645673e+004	1.318256738556407e+004
616	1.288085416150732e+004	1.288249551693135e+004
649	1.163934916409785e+004	1.174897554939530e+004
847	1.031751504829224e+004	1.047128548050899e+004
904	9.343445466364958e+003	9.549925860214360e+003
1019	8.459991699434204e+003	8.511380382023768e+003
1397	8.116172089505745e+003	8.128305161640995e+003
1470	6.735059081766342e+003	6.760829753919819e+003
1547	6.557679570175134e+003	6.606934480075958e+003
1591	5.472298157057822e+003	5.495408738576249e+003
1669	4.902756337821679e+003	5.011872336272725e+003
1700	3.558725709186207e+003	3.630780547701014e+003
2091	2.526994131429517e+003	2.570395782768865e+003
2329	2.059181222016641e+003	2.089296130854039e+003
2553	1.577137394683281e+003	1.584893192461114e+003
2645	1.129500716633510e+003	1.148153621496883e+003
2914	1.118094477469209e+003	1.122018454301963e+003
2963	9.168347074893059e+002	9.332543007969915e+002
3082	8.528659960326959e+002	8.709635899560806e+002
3281	7.089386487745597e+002	7.244359600749899e+002
3298	5.591840633197287e+002	5.623413251903490e+002
3338	5.205984244601883e+002	5.248074602497728e+002
3419	3.563152443724400e+002	3.630780547701014e+002
3749	3.184425907640311e+002	3.235936569296281e+002
3769	2.479571788759929e+002	2.511886431509580e+002
3805	2.110337943337935e+002	2.137962089502233e+002
3877	1.523208865881416e+002	1.548816618912481e+002
4079	1.209453562288796e+002	1.230268770812381e+002
4115	9.155620186627736e+001	9.332543007969910e+001
4319	6.442558063368911e+001	6.456542290346556e+001
4601	5.987082432647825e+001	6.025595860743578e+001
4629	5.784462493857964e+001	5.888436553555890e+001
4675	4.983323026044742e+001	5.011872336272722e+001
4797	4.211470067292409e+001	4.265795188015925e+001
4808	4.100101078758122e+001	4.168693834703355e+001
4906	3.161444762157502e+001	3.162277660168379e+001
4945	2.644040103483469e+001	2.691534803926916e+001
5045	1.908857700095215e+001	1.949844599758045e+001
5063	1.610256760619224e+001	1.621810097358930e+001
5122	1.266876276922509e+001	1.288249551693134e+001
5225	1.234207473337259e+001	1.258925411794168e+001
5307	1.059479138350848e+001	1.071519305237607e+001
5359	9.813115885430593e+000	1.000000000000000e+001
5397	8.116193392651246e+000	8.128305161640993e+000
5505	7.355558699588952e+000	7.413102413009175e+000
5586	6.980940333080191e+000	7.079457843841379e+000
5597	3.750143170361093e+000	3.801893963205612e+000
5636	2.944872038800093e+000	2.951209226666386e+000
5706	2.538144640134593e+000	2.570395782768864e+000
5899	9.932552344370931e-001	1.000000000000000e+000
6213	9.055080481417100e-001	9.120108393559098e-001
6466	8.549691441193164e-001	8.709635899560806e-001
6531	8.254743627842688e-001	8.317637711026710e-001
6545	7.870660987698827e-001	7.943282347242815e-001
6604	7.751856527819681e-001	7.762471166286917e-001
6612	6.995402419517376e-001	7.079457843841379e-001
6674	6.549894145480942e-001	6.606934480075960e-001
6731	6.293486713517608e-001	6.309573444801933e-001
6813	6.104105663467258e-001	6.165950018614822e-001
6878	5.966085436791737e-001	6.025595860743578e-001
6903	5.474655920649563e-001	5.495408738576245e-001
7114	5.261761653344238e-001	5.370317963702527e-001
7132	5.163116020731504e-001	5.248074602497725e-001
7202	5.118800599538530e-001	5.128613839913648e-001
7428	5.004441429100963e-001	5.011872336272722e-001
7561	4.845507672129348e-001	4.897788193684462e-001
7595	4.754430770613605e-001	4.786300923226383e-001
7808	4.676067788258616e-001	4.677351412871982e-001
7920	4.513532081351582e-001	4.570881896148750e-001
8162	4.334805814166207e-001	4.365158322401660e-001
8279	4.246069623583376e-001	4.265795188015927e-001
8398	4.012390563926621e-001	4.073802778041127e-001
8408	3.952572938230970e-001	3.981071705534973e-001
8438	3.874216762153052e-001	3.890451449942806e-001
8590	3.749509286760314e-001	3.801893963205612e-001
8786	3.694113097446790e-001	3.715352290971726e-001
8881	3.521296802979188e-001	3.548133892335755e-001
9035	3.360115409843483e-001	3.388441561392026e-001
9136	3.310775632058530e-001	3.311311214825911e-001
9527	3.214941887541257e-001	3.235936569296283e-001
9807	3.114156767435186e-001	3.162277660168379e-001
10387	2.999585186473954e-001	3.019951720402016e-001
10662	2.940815642067233e-001	2.951209226666385e-001
11176	2.744765389379877e-001	2.754228703338166e-001
12848	2.689449296851059e-001	2.691534803926916e-001
13647	2.626821681724361e-001	2.630267991895382e-001
13718	2.555937419950726e-001	2.570395782768864e-001
14838	2.478270321210574e-001	2.511886431509580e-001
15961	2.442360070935823e-001	2.454708915685031e-001
17971	2.262292022406754e-001	2.290867652767773e-001
19067	2.231651204684548e-001	2.238721138568340e-001
19664	2.172841898265611e-001	2.187761623949552e-001
21180	2.128525870251148e-001	2.137962089502232e-001
22461	2.087254843551893e-001	2.089296130854039e-001
23905	2.041699989574898e-001	2.041737944669530e-001
24027	1.993718872395949e-001	1.995262314968880e-001
25938	1.949160425342043e-001	1.949844599758046e-001
27465	1.898254063616074e-001	1.905460717963247e-001
28658	1.835683673797437e-001	1.862087136662868e-001
29106	1.767748484893373e-001	1.778279410038923e-001
33163	1.735901518399730e-001	1.737800828749375e-001
43465	1.698210951502367e-001	1.698243652461744e-001
47891	1.659555074880631e-001	1.659586907437561e-001
56318	1.619768733482161e-001	1.621810097358930e-001
65269	1.584539569162533e-001	1.584893192461113e-001
83818	1.538514802290216e-001	1.548816618912481e-001
95336	1.513087745374595e-001	1.513561248436208e-001
134607	1.478984737448714e-001	1.479108388168208e-001
205377	1.445433812533523e-001	1.445439770745928e-001
2000001	1.413656681131560e-001	1.445439770745928e-001
%
% index = 2663, name = bbob_f015_i09_d20__bbob_f017_i10_d20
% instance = 4, reference value = 9.507903247010751e-001
% function evaluation | indicator value | target hit
1	3.252203869687399e+015	3.311311214825908e+015
2	2.610997263508713e+009	2.630267991895382e+009
4	4.878340949062898e+008	4.897788193684456e+008
5	3.905301535015212e+008	3.981071705534969e+008
9	1.665368721963586e+008	1.698243652461746e+008
10	4.787652392698088e+007	4.897788193684466e+007
12	1.049374449296680e+007	1.071519305237607e+007
16	7.559628545193572e+006	7.585775750291836e+006
19	5.836686215493988e+006	5.888436553555884e+006
20	5.008658062420691e+005	5.011872336272725e+005
41	2.599146094183491e+005	2.630267991895382e+005
51	2.167819541321622e+005	2.187761623949552e+005
68	1.452924498066275e+005	1.479108388168207e+005
124	1.233136397988326e+005	1.258925411794166e+005
147	7.904681253148541e+004	7.943282347242822e+004
162	7.669583708288868e+004	7.762471166286912e+004
172	1.345971862938284e+004	1.348962882591653e+004
288	6.556976730956088e+003	6.606934480075958e+003
327	5.955216533044064e+003	6.025595860743575e+003
707	5.663026279366144e+003	5.754399373371567e+003
945	5.389487228277791e+003	5.495408738576249e+003
1026	4.832077320694890e+003	4.897788193684462e+003
1093	4.469107106311176e+003	4.570881896148752e+003
1107	3.617613683400431e+003	3.630780547701014e+003
1301	3.070821039547056e+003	3.090295432513592e+003
1345	1.958149185122201e+003	1.995262314968879e+003
1540	1.773612031525158e+003	1.778279410038923e+003
1757	1.734902340528028e+003	1.737800828749376e+003
1891	1.605273001925352e+003	1.621810097358930e+003
1921	1.483985197284017e+003	1.513561248436209e+003
2033	1.204320889929531e+003	1.230268770812381e+003
2203	1.187695692687557e+003	1.202264434617413e+003
2245	1.105270121948635e+003	1.122018454301963e+003
2267	8.854044554868690e+002	8.912509381337459e+002
2457	5.726527468373375e+002	5.754399373371566e+002
2608	5.215859386628748e+002	5.248074602497728e+002
2696	3.011845108476661e+002	3.019951720402016e+002
2906	2.806474610562289e+002	2.818382931264455e+002
2987	2.713370929231985e+002	2.754228703338166e+002
3024	2.677094589912484e+002	2.691534803926917e+002
3096	2.331945152290548e+002	2.344228815319923e+002
3198	2.182298893709987e+002	2.187761623949552e+002
3275	1.975994143245333e+002	1.995262314968879e+002
3308	1.864918559798639e+002	1.905460717963246e+002
3316	1.374581142538055e+002	1.380384264602885e+002
3410	1.227992235540460e+002	1.230268770812381e+002
3534	1.118857578124826e+002	1.122018454301963e+002
3612	9.132137283226736e+001	9.332543007969910e+001
3755	8.510827226161740e+001	8.511380382023764e+001
3848	8.305316643126605e+001	8.317637711026708e+001
3905	7.338251972096580e+001	7.413102413009177e+001
3916	6.232975932222198e+001	6.309573444801933e+001
3921	5.139680501428154e+001	5.248074602497726e+001
3993	3.402316846574544e+001	3.467368504525317e+001
4254	3.363701606623793e+001	3.388441561392025e+001
4296	3.188977570844739e+001	3.235936569296283e+001
4365	2.590364120371255e+001	2.630267991895381e+001
4419	1.817605933967447e+001	1.819700858609983e+001
4534	1.585036631966631e+001	1.621810097358930e+001
4579	1.368701285317211e+001	1.380384264602885e+001
4599	1.127144089978745e+001	1.148153621496883e+001
4782	7.621223852936989e+000	7.762471166286917e+000
4874	4.504786582398757e+000	4.570881896148751e+000
4978	3.756926606227575e+000	3.801893963205612e+000
5000	3.682739896253075e+000	3.715352290971725e+000
5079	2.341234291219575e+000	2.344228815319922e+000
5119	2.290313125039075e+000	2.290867652767773e+000
5166	2.163453147366075e+000	2.187761623949553e+000
5293	1.892838011062808e+000	1.905460717963247e+000
5396	9.253831125350297e-001	9.332543007969910e-001
5608	8.987340487131605e-001	9.120108393559098e-001
5852	8.796988238758685e-001	8.912509381337456e-001
5945	8.325910725199290e-001	8.511380382023764e-001
5950	8.107524073833184e-001	8.128305161640993e-001
5983	7.920352143695120e-001	7.943282347242815e-001
6100	7.630356304791138e-001	7.762471166286917e-001
6203	7.562514607587262e-001	7.585775750291838e-001
6290	6.921511499185800e-001	7.079457843841379e-001
6338	6.894020650522983e-001	6.918309709189364e-001
6372	6.617274391589415e-001	6.760829753919818e-001
6375	6.548757920845306e-001	6.606934480075960e-001
6449	6.454882577616317e-001	6.456542290346555e-001
6616	6.279031460522178e-001	6.309573444801933e-001
6672	6.153607031844524e-001	6.165950018614822e-001
6674	5.965424723414747e-001	6.025595860743578e-001
6745	5.849446294048024e-001	5.888436553555889e-001
6897	5.747519448900595e-001	5.754399373371569e-001
7036	5.528398810443180e-001	5.623413251903491e-001
7076	5.346210672520712e-001	5.370317963702527e-001
7116	5.187218349835513e-001	5.248074602497725e-001
7191	5.027126649951061e-001	5.128613839913648e-001
7210	4.928712170654379e-001	5.011872336272722e-001
7225	4.877438055684712e-001	4.897788193684462e-001
7439	4.773352287078039e-001	4.786300923226383e-001
7498	4.542330854391095e-001	4.570881896148750e-001
7551	4.420874320149897e-001	4.466835921509632e-001
7581	4.343079545311359e-001	4.365158322401660e-001
7821	4.227228796565398e-001	4.265795188015927e-001
7947	4.166002391590077e-001	4.168693834703354e-001
7995	4.009103888554640e-001	4.073802778041127e-001
8057	3.976886553504462e-001	3.981071705534973e-001
8289	3.809291124900498e-001	3.890451449942806e-001
8298	3.785221200570624e-001	3.801893963205612e-001
8629	3.667610282130820e-001	3.715352290971726e-001
8714	3.611389952585159e-001	3.630780547701014e-001
8765	3.466490632583759e-001	3.467368504525316e-001
9550	3.387287798632881e-001	3.388441561392026e-001
9588	3.109481228242045e-001	3.162277660168379e-001
9803	3.074603030866409e-001	3.090295432513591e-001
9907	2.998479468598082e-001	3.019951720402016e-001
10509	2.806753597029896e-001	2.818382931264454e-001
13301	2.749268950501002e-001	2.754228703338166e-001
13756	2.570330161540054e-001	2.570395782768864e-001
16135	2.507019043366605e-001	2.511886431509580e-001
18364	2.453755349159733e-001	2.454708915685031e-001
18483	2.385495317117439e-001	2.398832919019490e-001
19479	2.338806735148421e-001	2.344228815319922e-001
20266	2.290569761370347e-001	2.290867652767773e-001
20855	2.230013926633622e-001	2.238721138568340e-001
21954	2.182118508519017e-001	2.187761623949552e-001
23650	2.134976475936026e-001	2.137962089502232e-001
25344	2.084459943553345e-001	2.089296130854039e-001
25805	2.035413994414167e-001	2.041737944669530e-001
27388	1.991043511691075e-001	1.995262314968880e-001
29500	1.944882848813723e-001	1.949844599758046e-001
32680	1.905457746386216e-001	1.905460717963247e-001
40575	1.862063379359242e-001	1.862087136662868e-001
79684	1.813930223711827e-001	1.819700858609984e-001
446753	1.778014514251608e-001	1.778279410038923e-001
2000001	1.768489398355944e-001	1.778279410038923e-001
%
% index = 2664, name = bbob_f015_i11_d20__bbob_f017_i12_d20
% instance = 5, reference value = 9.252750807899240e-001
% function evaluation | indicator value | target hit
1	5.899483476769872e+011	6.025595860743568e+011
2	4.358887274084666e+004	4.365158322401656e+004
146	3.859888574122857e+004	3.890451449942805e+004
227	3.584916715584671e+004	3.630780547701010e+004
274	2.926118115718945e+004	2.951209226666384e+004
444	2.197075265757957e+004	2.238721138568338e+004
484	1.813376850165126e+004	1.819700858609983e+004
697	1.639875647767066e+004	1.659586907437560e+004
701	1.606407958493594e+004	1.621810097358930e+004
926	1.250053317225155e+004	1.258925411794166e+004
1236	1.022916561106377e+004	1.023292992280754e+004
1306	9.590712254283473e+003	9.772372209558111e+003
1320	8.711532654056913e+003	8.912509381337459e+003
1512	6.090149601426644e+003	6.165950018614823e+003
1691	5.851981581922791e+003	5.888436553555890e+003
1762	4.943360264696311e+003	5.011872336272725e+003
1884	4.245413581367132e+003	4.265795188015925e+003
2116	3.225893925577778e+003	3.235936569296281e+003
2444	3.135159349102304e+003	3.162277660168380e+003
2566	2.372507784189987e+003	2.398832919019490e+003
2641	1.990225494073665e+003	1.995262314968879e+003
2731	1.879420728551756e+003	1.905460717963246e+003
2815	1.612771522054565e+003	1.621810097358930e+003
2897	1.473154505875084e+003	1.479108388168207e+003
2919	1.343875486669572e+003	1.348962882591653e+003
3010	1.236109070060015e+003	1.258925411794168e+003
3096	1.101993230271614e+003	1.122018454301963e+003
3312	9.348271958052611e+002	9.549925860214360e+002
3441	9.132548141696186e+002	9.332543007969915e+002
3464	6.766045692039193e+002	6.918309709189363e+002
3508	5.347451165690703e+002	5.370317963702527e+002
3567	3.216350214532760e+002	3.235936569296281e+002
4054	2.665138348741076e+002	2.691534803926917e+002
4127	2.390086297566294e+002	2.398832919019490e+002
4299	1.863690673049926e+002	1.905460717963246e+002
4313	1.417104980385951e+002	1.445439770745928e+002
4339	1.318186023461912e+002	1.318256738556407e+002
4515	1.034846491389222e+002	1.047128548050900e+002
4745	7.110882371049873e+001	7.244359600749903e+001
4824	6.618108285854822e+001	6.760829753919819e+001
5053	6.568572103172932e+001	6.606934480075961e+001
5098	5.471686407949351e+001	5.495408738576246e+001
5126	5.167639943742851e+001	5.248074602497726e+001
5135	3.903611536792318e+001	3.981071705534973e+001
5164	3.138157635338590e+001	3.162277660168379e+001
5246	2.943299365532464e+001	2.951209226666386e+001
5292	2.720500621309787e+001	2.754228703338166e+001
5329	2.428915391238925e+001	2.454708915685030e+001
5364	1.597881929287854e+001	1.621810097358930e+001
5458	1.536188332770363e+001	1.548816618912481e+001
5469	1.369290789493242e+001	1.380384264602885e+001
5566	1.165191265415482e+001	1.174897554939530e+001
5731	7.974828599103424e+000	8.128305161640993e+000
5812	4.424255474691624e+000	4.466835921509632e+000
5884	3.995939303957425e+000	4.073802778041127e+000
5922	2.851342183191424e+000	2.884031503126606e+000
5979	2.594828978846924e+000	2.630267991895382e+000
6038	2.426197029337424e+000	2.454708915685031e+000
6132	1.597138376904924e+000	1.621810097358930e+000
6200	1.359925699576924e+000	1.380384264602885e+000
6229	1.342763869956967e+000	1.348962882591654e+000
6255	1.303508363591924e+000	1.318256738556407e+000
6257	1.053872690844424e+000	1.071519305237606e+000
6367	1.016683130557279e+000	1.023292992280754e+000
6482	9.637851667709240e-001	9.772372209558107e-001
6595	8.617887052877025e-001	8.709635899560806e-001
6781	8.507937517437398e-001	8.511380382023764e-001
6802	8.144243947992095e-001	8.317637711026710e-001
6919	8.071884010714084e-001	8.128305161640993e-001
7067	7.940913851898215e-001	7.943282347242815e-001
7225	7.495152375596849e-001	7.585775750291838e-001
7357	7.347272808557552e-001	7.413102413009175e-001
7362	7.113802932192408e-001	7.244359600749900e-001
7364	6.922902980207383e-001	7.079457843841379e-001
7439	6.914085870185195e-001	6.918309709189364e-001
7534	6.726046581138065e-001	6.760829753919818e-001
7655	6.582573166099602e-001	6.606934480075960e-001
7723	6.409573878078534e-001	6.456542290346555e-001
7777	6.090084379605445e-001	6.165950018614822e-001
7909	5.899173555891794e-001	6.025595860743578e-001
7944	5.884595185140923e-001	5.888436553555889e-001
8282	5.751059013672037e-001	5.754399373371569e-001
8362	5.547820988301604e-001	5.623413251903491e-001
8452	5.322547526857501e-001	5.370317963702527e-001
8518	5.068824584907606e-001	5.128613839913648e-001
8566	4.993696349858512e-001	5.011872336272722e-001
8867	4.826442416538007e-001	4.897788193684462e-001
9010	4.783274228807214e-001	4.786300923226383e-001
9070	4.594793491397098e-001	4.677351412871982e-001
9117	4.562692101420671e-001	4.570881896148750e-001
9495	4.438121736757809e-001	4.466835921509632e-001
9936	4.363724765433098e-001	4.365158322401660e-001
10000	4.157549672105719e-001	4.168693834703354e-001
10355	4.058009033125702e-001	4.073802778041127e-001
10512	3.902020387569034e-001	3.981071705534973e-001
10750	3.870829753224286e-001	3.890451449942806e-001
11439	3.770268232839346e-001	3.801893963205612e-001
11892	3.713881833922754e-001	3.715352290971726e-001
12907	3.628244169594970e-001	3.630780547701014e-001
13687	3.540799821384345e-001	3.548133892335755e-001
14407	3.466906694153523e-001	3.467368504525316e-001
14502	3.384976303418769e-001	3.388441561392026e-001
15992	3.307845372122722e-001	3.311311214825911e-001
16760	3.231679969704348e-001	3.235936569296283e-001
17369	3.161622360321386e-001	3.162277660168379e-001
17890	3.072974941217342e-001	3.090295432513591e-001
19992	2.870514549932762e-001	2.884031503126606e-001
22509	2.815575476300445e-001	2.818382931264454e-001
25281	2.742675517934013e-001	2.754228703338166e-001
27079	2.686914774445771e-001	2.691534803926916e-001
29726	2.629311700863434e-001	2.630267991895382e-001
32570	2.569773996671663e-001	2.570395782768864e-001
34167	2.510248030859470e-001	2.511886431509580e-001
38623	2.454470056425970e-001	2.454708915685031e-001
39872	2.398055322798954e-001	2.398832919019490e-001
40542	2.331699993124411e-001	2.344228815319922e-001
45429	2.288793408888071e-001	2.290867652767773e-001
52535	2.234646721439871e-001	2.238721138568340e-001
58791	2.186158365211181e-001	2.187761623949552e-001
64018	2.137753872725617e-001	2.137962089502232e-001
67499	2.088267947476704e-001	2.089296130854039e-001
74366	2.039293890162580e-001	2.041737944669530e-001
80328	1.994748130276319e-001	1.995262314968880e-001
87087	1.948014069561411e-001	1.949844599758046e-001
97279	1.902963880456925e-001	1.905460717963247e-001
106033	1.862059181439779e-001	1.862087136662868e-001
121203	1.818847359227979e-001	1.819700858609984e-001
137094	1.776898624347313e-001	1.778279410038923e-001
163399	1.737385456340238e-001	1.737800828749375e-001
190511	1.697653006342998e-001	1.698243652461744e-001
224399	1.659386942055043e-001	1.659586907437561e-001
314375	1.620600247745223e-001	1.621810097358930e-001
574327	1.584817305935571e-001	1.584893192461113e-001
1331607	1.548806474075052e-001	1.548816618912481e-001
2000001	1.542964948393714e-001	1.548816618912481e-001
%
% index = 2665, name = bbob_f015_i13_d20__bbob_f017_i14_d20
% instance = 6, reference value = 9.632715592723850e-001
% function evaluation | indicator value | target hit
1	2.244688312040603e+010	2.290867652767770e+010
2	1.477612594613033e+008	1.479108388168207e+008
9	5.783566430213891e+007	5.888436553555884e+007
10	1.124055542951516e+006	1.148153621496882e+006
16	8.380048350868947e+005	8.511380382023759e+005
37	6.932260056904557e+005	7.079457843841374e+005
56	4.628556225223266e+004	4.677351412871981e+004
127	2.893773009539557e+004	2.951209226666384e+004
361	2.862980546284096e+004	2.884031503126606e+004
396	1.619276097510884e+004	1.621810097358930e+004
464	1.435835877177704e+004	1.445439770745928e+004
475	1.354888386717118e+004	1.380384264602884e+004
581	1.140701982051225e+004	1.148153621496882e+004
687	1.000723494022195e+004	1.023292992280754e+004
847	5.340242218598358e+003	5.370317963702527e+003
1085	4.740481302021773e+003	4.786300923226385e+003
1365	2.813793466948313e+003	2.818382931264455e+003
1636	2.402203273623187e+003	2.454708915685031e+003
1764	1.919476580177576e+003	1.949844599758045e+003
1816	1.707154405794741e+003	1.737800828749376e+003
2055	1.647222508648686e+003	1.659586907437561e+003
2063	1.563999374810984e+003	1.584893192461114e+003
2203	1.413887357693331e+003	1.445439770745928e+003
2223	1.365121565133117e+003	1.380384264602885e+003
2297	1.256262342635837e+003	1.258925411794168e+003
2315	1.078650585745100e+003	1.096478196143185e+003
2372	9.208639331762156e+002	9.332543007969915e+002
2523	7.485362474495888e+002	7.585775750291836e+002
2622	4.823519081047582e+002	4.897788193684461e+002
2820	3.269856737654952e+002	3.311311214825911e+002
2917	3.024114895876624e+002	3.090295432513592e+002
3053	2.728994781178575e+002	2.754228703338166e+002
3210	2.083404707125075e+002	2.089296130854039e+002
3226	1.872426743783338e+002	1.905460717963246e+002
3372	1.790575277805459e+002	1.819700858609982e+002
3532	1.691840291716252e+002	1.698243652461744e+002
3562	1.288586178615993e+002	1.318256738556407e+002
3617	1.260768716555223e+002	1.288249551693134e+002
3750	1.154770279280365e+002	1.174897554939529e+002
3825	8.096683820813499e+001	8.128305161640991e+001
3903	6.874863584727352e+001	6.918309709189366e+001
4006	6.154452884880647e+001	6.165950018614822e+001
4019	5.650495302380820e+001	5.754399373371570e+001
4021	5.087302078820194e+001	5.128613839913648e+001
4110	4.823613883408362e+001	4.897788193684461e+001
4249	4.189833913092056e+001	4.265795188015925e+001
4350	3.882814552896053e+001	3.890451449942807e+001
4369	2.620134693067289e+001	2.630267991895381e+001
4405	1.832996045154903e+001	1.862087136662868e+001
4778	1.617244192831448e+001	1.621810097358930e+001
4845	1.354152563544503e+001	1.380384264602885e+001
4858	1.163827370874832e+001	1.174897554939530e+001
4956	8.011478834578385e+000	8.128305161640993e+000
5036	7.925909840624384e+000	7.943282347242816e+000
5173	6.261943655632885e+000	6.309573444801933e+000
5219	2.904423237620212e+000	2.951209226666386e+000
5399	1.872050763276385e+000	1.905460717963247e+000
5472	1.747253633908885e+000	1.778279410038923e+000
5516	1.318291873240385e+000	1.348962882591654e+000
5531	1.200212754119885e+000	1.202264434617413e+000
5613	9.723165828273849e-001	9.772372209558107e-001
5761	9.416250288135650e-001	9.549925860214360e-001
5766	9.275766739248315e-001	9.332543007969910e-001
5847	8.457224462561545e-001	8.511380382023764e-001
5879	8.303026474170410e-001	8.317637711026710e-001
5973	6.113923289848432e-001	6.165950018614822e-001
6064	5.829609104100064e-001	5.888436553555889e-001
6163	5.516620249686643e-001	5.623413251903491e-001
6333	5.489821076344130e-001	5.495408738576245e-001
6345	5.357888972993472e-001	5.370317963702527e-001
6356	4.929960809404451e-001	5.011872336272722e-001
6475	4.590404365741837e-001	4.677351412871982e-001
6476	4.334792288117216e-001	4.365158322401660e-001
6592	4.245049889179379e-001	4.265795188015927e-001
6832	4.135895985119676e-001	4.168693834703354e-001
6846	4.066453768442550e-001	4.073802778041127e-001
6862	3.751256577706108e-001	3.801893963205612e-001
6991	3.713890217317335e-001	3.715352290971726e-001
7132	3.625557349005676e-001	3.630780547701014e-001
7163	3.496046200340687e-001	3.548133892335755e-001
7219	3.420048728260580e-001	3.467368504525316e-001
7269	3.272392092087210e-001	3.311311214825911e-001
7380	3.215962979559270e-001	3.235936569296283e-001
7618	3.125602293470177e-001	3.162277660168379e-001
7666	3.029759658261981e-001	3.090295432513591e-001
7702	3.019219062775599e-001	3.019951720402016e-001
7908	2.908805682913110e-001	2.951209226666385e-001
8006	2.883839911040376e-001	2.884031503126606e-001
8397	2.773121470824469e-001	2.818382931264454e-001
8459	2.749416621424048e-001	2.754228703338166e-001
8497	2.650330685142800e-001	2.691534803926916e-001
8733	2.629119582172945e-001	2.630267991895382e-001
9113	2.560293629092855e-001	2.570395782768864e-001
9530	2.488868149997965e-001	2.511886431509580e-001
9571	2.351314570574538e-001	2.398832919019490e-001
9817	2.333949828494031e-001	2.344228815319922e-001
10021	2.252904938764506e-001	2.290867652767773e-001
10273	2.223727727361713e-001	2.238721138568340e-001
10321	2.090493425502826e-001	2.137962089502232e-001
10416	2.087059721155720e-001	2.089296130854039e-001
10921	2.024082976076528e-001	2.041737944669530e-001
11810	1.971544187210902e-001	1.995262314968880e-001
13037	1.948226959006298e-001	1.949844599758046e-001
15609	1.893141970956921e-001	1.905460717963247e-001
16035	1.853299778735188e-001	1.862087136662868e-001
16842	1.698044569794760e-001	1.698243652461744e-001
16887	1.618620992903063e-001	1.621810097358930e-001
17554	1.525057592140288e-001	1.548816618912481e-001
18263	1.504275960016388e-001	1.513561248436208e-001
18890	1.469296339152110e-001	1.479108388168208e-001
19787	1.443846286455608e-001	1.445439770745928e-001
19920	1.387382687908111e-001	1.412537544622755e-001
21156	1.380096411365709e-001	1.380384264602885e-001
24671	1.343668704461926e-001	1.348962882591654e-001
27386	1.314789240445353e-001	1.318256738556407e-001
30433	1.288184225923437e-001	1.288249551693134e-001
31129	1.255533749430182e-001	1.258925411794167e-001
33299	1.217806156139584e-001	1.230268770812382e-001
36036	1.141922226985196e-001	1.148153621496883e-001
36676	1.104593981341218e-001	1.122018454301964e-001
38036	1.096178672373657e-001	1.096478196143185e-001
43174	1.069155685269665e-001	1.071519305237607e-001
49251	1.045233266337007e-001	1.047128548050900e-001
52600	1.022857194381877e-001	1.023292992280754e-001
52696	9.794631439781532e-002	1.000000000000000e-001
53281	9.766561380932270e-002	9.772372209558107e-002
61671	9.536887084982160e-002	9.549925860214359e-002
69084	9.329551929128377e-002	9.332543007969910e-002
82202	9.120007105344075e-002	9.120108393559097e-002
89798	8.912036847315086e-002	8.912509381337455e-002
104027	8.709547477210733e-002	8.709635899560805e-002
120074	8.418902496169944e-002	8.511380382023763e-002
137238	8.295287034542331e-002	8.317637711026708e-002
162173	8.126142357147603e-002	8.128305161640990e-002
201331	7.938703134606129e-002	7.943282347242814e-002
235810	7.753590654995290e-002	7.762471166286916e-002
449394	7.581602454034142e-002	7.585775750291836e-002
554721	7.408573476997493e-002	7.413102413009177e-002
568012	7.244356953405873e-002	7.244359600749903e-002
637065	7.077598503798377e-002	7.079457843841380e-002
816503	6.909334588655969e-002	6.918309709189366e-002
1064262	6.760750270443550e-002	6.760829753919818e-002
2000001	6.692497917061124e-002	6.760829753919818e-002
%
% index = 2666, name = bbob_f015_i15_d20__bbob_f017_i16_d20
% instance = 7, reference value = 9.906130648936040e-001
% function evaluation | indicator value | target hit
1	5.625945112433663e+006	5.754399373371567e+006
2	3.412994902225970e+006	3.467368504525317e+006
6	7.848959847399638e+004	7.943282347242822e+004
30	6.683577081839994e+004	6.760829753919819e+004
124	9.063526204242833e+003	9.120108393559096e+003
407	3.197534530398163e+003	3.235936569296281e+003
586	1.698185684281367e+003	1.698243652461744e+003
867	1.345461727191053e+003	1.348962882591653e+003
912	6.965567290146937e+002	7.079457843841381e+002
1569	5.681925417076075e+002	5.754399373371566e+002
1813	3.903603142933474e+002	3.981071705534973e+002
2125	3.729339846360252e+002	3.801893963205613e+002
2453	3.362983072934009e+002	3.388441561392024e+002
2475	3.233266522503922e+002	3.235936569296281e+002
2512	2.867325001507506e+002	2.884031503126606e+002
2739	2.478181790940012e+002	2.511886431509580e+002
2820	1.629491063066291e+002	1.659586907437561e+002
3150	1.262510963687038e+002	1.288249551693134e+002
3255	1.206383741751113e+002	1.230268770812381e+002
3444	9.958219139706127e+001	1.000000000000000e+002
3466	9.388065675341700e+001	9.549925860214358e+001
3561	7.160977778625642e+001	7.244359600749903e+001
3700	6.384891340697898e+001	6.456542290346556e+001
3796	6.236110794265014e+001	6.309573444801933e+001
3815	6.121897194871340e+001	6.165950018614822e+001
3875	5.813179950996350e+001	5.888436553555890e+001
3921	5.442632388707639e+001	5.495408738576246e+001
3963	4.675767134825436e+001	4.677351412871981e+001
4058	3.732557088747667e+001	3.801893963205612e+001
4143	2.786677798842689e+001	2.818382931264453e+001
4262	2.513550341584755e+001	2.570395782768863e+001
4302	2.451815117113291e+001	2.454708915685030e+001
4345	2.061891189377905e+001	2.089296130854040e+001
4410	1.698371086696816e+001	1.737800828749375e+001
4429	1.466950281999648e+001	1.479108388168207e+001
4455	1.267272643588760e+001	1.288249551693134e+001
4506	9.012683868221753e+000	9.120108393559097e+000
4744	8.704658641072605e+000	8.709635899560805e+000
4828	8.043828070022919e+000	8.128305161640993e+000
4876	7.868448903151104e+000	7.943282347242816e+000
4907	6.777179279385604e+000	6.918309709189365e+000
5034	6.347086994468544e+000	6.456542290346556e+000
5057	6.244289797869808e+000	6.309573444801933e+000
5071	6.151049908345163e+000	6.165950018614822e+000
5088	4.846560007302104e+000	4.897788193684462e+000
5099	4.517753910234104e+000	4.570881896148751e+000
5104	3.515132506480104e+000	3.548133892335755e+000
5243	3.411116856293604e+000	3.467368504525317e+000
5363	1.627658232316104e+000	1.659586907437561e+000
5560	8.570893656072968e-001	8.709635899560806e-001
5811	6.276194312328445e-001	6.309573444801933e-001
5926	5.826460788809300e-001	5.888436553555889e-001
5998	5.742025714484675e-001	5.754399373371569e-001
6035	5.161290431545971e-001	5.248074602497725e-001
6054	4.940001098817700e-001	5.011872336272722e-001
6188	4.862077098277094e-001	4.897788193684462e-001
6266	4.639487523258766e-001	4.677351412871982e-001
6288	4.325620256503326e-001	4.365158322401660e-001
6499	4.240143508308223e-001	4.265795188015927e-001
6517	3.565856831962053e-001	3.630780547701014e-001
6529	3.456297504161227e-001	3.467368504525316e-001
6544	3.317553523181925e-001	3.388441561392026e-001
6657	3.181192490887912e-001	3.235936569296283e-001
6798	3.142309851200043e-001	3.162277660168379e-001
6801	2.895165010255922e-001	2.951209226666385e-001
6867	2.880372145299389e-001	2.884031503126606e-001
6868	2.762267327296227e-001	2.818382931264454e-001
6871	2.751136820948738e-001	2.754228703338166e-001
6903	2.408836267809136e-001	2.454708915685031e-001
6918	2.350255352201645e-001	2.398832919019490e-001
6954	2.265606116974546e-001	2.290867652767773e-001
7022	2.201883570607898e-001	2.238721138568340e-001
7030	2.039386751247534e-001	2.041737944669530e-001
7115	1.951046518720244e-001	1.995262314968880e-001
7170	1.945978370267811e-001	1.949844599758046e-001
7402	1.902398120985788e-001	1.905460717963247e-001
7533	1.853437797450758e-001	1.862087136662868e-001
7567	1.818116591707616e-001	1.819700858609984e-001
7766	1.769221847837218e-001	1.778279410038923e-001
7804	1.677707415565661e-001	1.698243652461744e-001
7851	1.648750132363729e-001	1.659586907437561e-001
7921	1.620015531893825e-001	1.621810097358930e-001
7957	1.491478864513136e-001	1.513561248436208e-001
8121	1.423056987050837e-001	1.445439770745928e-001
8234	1.377205066752475e-001	1.380384264602885e-001
8365	1.344731938902168e-001	1.348962882591654e-001
8388	1.313350607992663e-001	1.318256738556407e-001
8732	1.239834303792174e-001	1.258925411794167e-001
9165	1.154698600257411e-001	1.174897554939529e-001
9251	1.146048100537762e-001	1.148153621496883e-001
9331	1.072376307234711e-001	1.096478196143185e-001
9370	1.070529571667418e-001	1.071519305237607e-001
9454	9.980817360335981e-002	1.000000000000000e-001
10050	9.683118832791915e-002	9.772372209558107e-002
10088	9.331742567754775e-002	9.332543007969910e-002
10739	9.037465265349121e-002	9.120108393559097e-002
10795	8.682307712785575e-002	8.709635899560805e-002
12111	8.384144790179493e-002	8.511380382023763e-002
13208	8.162371567943338e-002	8.317637711026708e-002
13220	8.033916646979389e-002	8.128305161640990e-002
13818	7.130411434302231e-002	7.244359600749903e-002
13838	6.917626738087845e-002	6.918309709189366e-002
18805	6.640151410421369e-002	6.760829753919818e-002
20342	6.581634149923465e-002	6.606934480075961e-002
21911	6.446828034337715e-002	6.456542290346556e-002
29676	6.257865556121656e-002	6.309573444801933e-002
30268	6.162833009382218e-002	6.165950018614822e-002
31513	5.917339469755234e-002	6.025595860743578e-002
32105	5.876465316860691e-002	5.888436553555890e-002
34695	5.753457378651605e-002	5.754399373371569e-002
35450	5.570166576735502e-002	5.623413251903491e-002
40671	5.399846622501214e-002	5.495408738576246e-002
42402	5.369952824654778e-002	5.370317963702527e-002
50044	5.242570404906866e-002	5.248074602497726e-002
61089	5.095120269015541e-002	5.128613839913648e-002
69616	4.960355070378164e-002	5.011872336272722e-002
77400	4.897294716861855e-002	4.897788193684461e-002
85057	4.765356208440386e-002	4.786300923226383e-002
96580	4.670342957394680e-002	4.677351412871982e-002
110863	4.549539984276452e-002	4.570881896148749e-002
135529	4.462842991216243e-002	4.466835921509630e-002
171612	4.365134584681374e-002	4.365158322401658e-002
198570	4.263965805818359e-002	4.265795188015926e-002
238418	4.158313524814061e-002	4.168693834703355e-002
325530	4.073749770788882e-002	4.073802778041128e-002
783939	3.978448262813628e-002	3.981071705534973e-002
2000001	3.917426305969540e-002	3.981071705534973e-002
%
% index = 2667, name = bbob_f015_i17_d20__bbob_f017_i18_d20
% instance = 8, reference value = 9.609901983393950e-001
% function evaluation | indicator value | target hit
1	1.141935477039492e+014	1.148153621496884e+014
2	9.269385269717844e+006	9.332543007969905e+006
6	7.472322449921873e+006	7.585775750291836e+006
9	7.276526295355690e+006	7.413102413009177e+006
17	2.551355004535986e+006	2.570395782768865e+006
21	2.068700114126915e+006	2.089296130854041e+006
23	1.169996088183475e+006	1.174897554939530e+006
51	3.470493698157237e+004	3.548133892335753e+004
431	3.126840444153181e+004	3.162277660168379e+004
466	2.974064518034001e+004	3.019951720402019e+004
692	2.078549734699888e+004	2.089296130854041e+004
744	1.602574865349288e+004	1.621810097358930e+004
824	1.191948598126066e+004	1.202264434617413e+004
881	9.583141398086516e+003	9.772372209558111e+003
1036	7.593332213700614e+003	7.762471166286920e+003
1318	7.067437670628257e+003	7.079457843841380e+003
1439	4.786744982750219e+003	4.897788193684462e+003
1790	4.732202445226430e+003	4.786300923226385e+003
1960	4.217164812141728e+003	4.265795188015925e+003
2035	4.102552154659213e+003	4.168693834703355e+003
2097	3.908670323128356e+003	3.981071705534973e+003
2445	3.814319062024732e+003	3.890451449942805e+003
2546	3.222783726723811e+003	3.235936569296281e+003
2551	2.662169091437863e+003	2.691534803926917e+003
2762	2.356794391169281e+003	2.398832919019490e+003
2926	2.197268784697188e+003	2.238721138568340e+003
3100	1.919808077108461e+003	1.949844599758045e+003
3116	1.408046724981022e+003	1.412537544622754e+003
3157	1.156120741377499e+003	1.174897554939529e+003
3415	1.092417698757962e+003	1.096478196143185e+003
3605	9.444841324021302e+002	9.549925860214360e+002
3695	8.914543781785570e+002	9.120108393559096e+002
3790	5.844589555874519e+002	5.888436553555890e+002
3993	5.509621261279466e+002	5.623413251903490e+002
4050	3.332151018160826e+002	3.388441561392024e+002
4151	3.230783183570406e+002	3.235936569296281e+002
4434	2.609152055404765e+002	2.630267991895382e+002
4617	2.489171949911515e+002	2.511886431509580e+002
4685	2.327404821768088e+002	2.344228815319923e+002
4854	1.675243656968505e+002	1.698243652461744e+002
4990	1.399364862168885e+002	1.412537544622754e+002
5068	9.190892040295864e+001	9.332543007969910e+001
5622	8.017696873136136e+001	8.128305161640991e+001
5758	7.910252611653721e+001	7.943282347242814e+001
5896	7.379761094657160e+001	7.413102413009177e+001
6018	6.740066745135862e+001	6.760829753919819e+001
6028	6.491392633611979e+001	6.606934480075961e+001
6056	6.033321619528223e+001	6.165950018614822e+001
6067	5.201079997143306e+001	5.248074602497726e+001
6106	4.709103138737456e+001	4.786300923226383e+001
6437	4.274670129289144e+001	4.365158322401658e+001
6603	3.937788111341817e+001	3.981071705534973e+001
6619	3.813213898514954e+001	3.890451449942807e+001
6747	3.774420365948729e+001	3.801893963205612e+001
6807	3.563794442853117e+001	3.630780547701014e+001
6931	3.521013327087372e+001	3.548133892335755e+001
7018	3.155700130735252e+001	3.162277660168379e+001
7122	2.602047551379688e+001	2.630267991895381e+001
7129	2.394142299664855e+001	2.398832919019490e+001
7245	2.196548456302665e+001	2.238721138568340e+001
7434	1.832060386155455e+001	1.862087136662868e+001
7615	1.408164550189485e+001	1.412537544622754e+001
7656	1.376364084864099e+001	1.380384264602885e+001
8024	1.334781132516197e+001	1.348962882591653e+001
8080	1.245009876344740e+001	1.258925411794168e+001
8085	1.224807772368074e+001	1.230268770812382e+001
8103	1.171656738079540e+001	1.174897554939530e+001
8133	1.041798229743390e+001	1.047128548050900e+001
8346	8.537478671826895e+000	8.709635899560805e+000
8414	8.118503159443108e+000	8.128305161640993e+000
8419	7.597633722239896e+000	7.762471166286917e+000
8570	7.488878798096395e+000	7.585775750291838e+000
8730	7.053226968775396e+000	7.079457843841379e+000
8755	6.831260550466871e+000	6.918309709189365e+000
8761	6.750476858669895e+000	6.760829753919817e+000
8805	6.549595669569349e+000	6.606934480075959e+000
8866	6.248125063058395e+000	6.309573444801933e+000
8928	6.156062515786895e+000	6.165950018614822e+000
8940	5.934094508932100e+000	6.025595860743578e+000
9083	5.795469691107395e+000	5.888436553555890e+000
9103	5.726277278242395e+000	5.754399373371570e+000
9116	5.265347494306395e+000	5.370317963702528e+000
9140	4.990243873950395e+000	5.011872336272722e+000
9340	4.590792396376395e+000	4.677351412871983e+000
9356	4.447559349818896e+000	4.466835921509632e+000
9360	3.611306175379895e+000	3.630780547701014e+000
9435	3.447454244832895e+000	3.467368504525317e+000
9481	3.090547150238895e+000	3.162277660168379e+000
9545	2.510480549579895e+000	2.511886431509580e+000
9698	2.302136993758895e+000	2.344228815319922e+000
9739	2.079047070725895e+000	2.089296130854040e+000
9745	1.663320216051395e+000	1.698243652461744e+000
9864	1.634246121081395e+000	1.659586907437561e+000
9883	1.290618697921895e+000	1.318256738556407e+000
9890	1.266048770685395e+000	1.288249551693134e+000
10011	1.132300555526395e+000	1.148153621496883e+000
10143	1.011424534966395e+000	1.023292992280754e+000
10195	9.214164282827353e-001	9.332543007969910e-001
10272	8.819827619413664e-001	8.912509381337456e-001
10286	8.674605076086227e-001	8.709635899560806e-001
10326	8.493540931315700e-001	8.511380382023764e-001
10416	8.204215375334860e-001	8.317637711026710e-001
10438	8.118236519535560e-001	8.128305161640993e-001
10476	7.939489824362505e-001	7.943282347242815e-001
10511	7.716129485511272e-001	7.762471166286917e-001
10515	7.197876037174922e-001	7.244359600749900e-001
10526	7.071527422500428e-001	7.079457843841379e-001
10691	6.902249085527384e-001	6.918309709189364e-001
10757	6.239326398683023e-001	6.309573444801933e-001
10776	5.862048724659874e-001	5.888436553555889e-001
10887	5.751531537137884e-001	5.754399373371569e-001
10925	5.364872757819750e-001	5.370317963702527e-001
11008	5.227480924636403e-001	5.248074602497725e-001
11103	5.120275261962161e-001	5.128613839913648e-001
11188	4.977971622365442e-001	5.011872336272722e-001
11353	4.894547878997655e-001	4.897788193684462e-001
11354	4.778852020491706e-001	4.786300923226383e-001
11378	4.362922805176127e-001	4.365158322401660e-001
11593	4.257032205746792e-001	4.265795188015927e-001
11704	4.123936408001174e-001	4.168693834703354e-001
11765	3.751024834174238e-001	3.801893963205612e-001
11787	3.712261383153326e-001	3.715352290971726e-001
11805	3.591083375060358e-001	3.630780547701014e-001
12011	3.545581399531439e-001	3.548133892335755e-001
12358	3.459138293730032e-001	3.467368504525316e-001
12486	3.385249723606748e-001	3.388441561392026e-001
12862	3.300279650741442e-001	3.311311214825911e-001
12920	3.182607656543266e-001	3.235936569296283e-001
13038	3.071386659021245e-001	3.090295432513591e-001
13137	3.013968291971524e-001	3.019951720402016e-001
13393	2.870000181317757e-001	2.884031503126606e-001
13403	2.809733213243736e-001	2.818382931264454e-001
13803	2.753704126207418e-001	2.754228703338166e-001
15115	2.656176876852552e-001	2.691534803926916e-001
15278	2.530823127880232e-001	2.570395782768864e-001
15648	2.511497075980357e-001	2.511886431509580e-001
17635	2.443676126156356e-001	2.454708915685031e-001
17688	2.368222969244397e-001	2.398832919019490e-001
20444	2.339879824301423e-001	2.344228815319922e-001
22888	2.271336341963662e-001	2.290867652767773e-001
23407	2.218465269120721e-001	2.238721138568340e-001
24011	2.137884621174424e-001	2.137962089502232e-001
24433	2.080941915912691e-001	2.089296130854039e-001
25677	2.034815931636959e-001	2.041737944669530e-001
28784	1.991953138717465e-001	1.995262314968880e-001
31834	1.937803580671506e-001	1.949844599758046e-001
34265	1.903169620759707e-001	1.905460717963247e-001
36149	1.857918216576585e-001	1.862087136662868e-001
40021	1.819423360870471e-001	1.819700858609984e-001
41785	1.774607548421726e-001	1.778279410038923e-001
47604	1.732491163181603e-001	1.737800828749375e-001
51002	1.692474865606205e-001	1.698243652461744e-001
53760	1.655530707325219e-001	1.659586907437561e-001
59019	1.621777207899464e-001	1.621810097358930e-001
61310	1.584771610822233e-001	1.584893192461113e-001
68380	1.548741695056083e-001	1.548816618912481e-001
81853	1.513483713936111e-001	1.513561248436208e-001
94583	1.466215632423161e-001	1.479108388168208e-001
117868	1.442541789186781e-001	1.445439770745928e-001
147095	1.410160843591499e-001	1.412537544622755e-001
179176	1.374192879921298e-001	1.380384264602885e-001
218602	1.348876172723041e-001	1.348962882591654e-001
309252	1.317164450395520e-001	1.318256738556407e-001
358310	1.288245889843304e-001	1.288249551693134e-001
401466	1.258662919087042e-001	1.258925411794167e-001
486732	1.229553109904246e-001	1.230268770812382e-001
547321	1.201290509074094e-001	1.202264434617413e-001
629361	1.174083742946329e-001	1.174897554939529e-001
783942	1.148152715162925e-001	1.148153621496883e-001
1339807	1.120766343520978e-001	1.122018454301964e-001
2000001	1.113974792910303e-001	1.122018454301964e-001
%
% index = 2668, name = bbob_f015_i19_d20__bbob_f017_i21_d20
% instance = 9, reference value = 9.429973631499600e-001
% function evaluation | indicator value | target hit
1	7.285762789678064e+013	7.413102413009163e+013
2	1.895706906577051e+010	1.905460717963244e+010
4	3.876464172658272e+006	3.890451449942805e+006
5	2.015419491274670e+006	2.041737944669528e+006
51	2.248039715577476e+005	2.290867652767775e+005
58	1.769545024252411e+005	1.778279410038923e+005
93	1.606694874691709e+004	1.621810097358930e+004
269	1.409641656699363e+004	1.412537544622756e+004
398	1.146267731150975e+004	1.148153621496882e+004
410	9.331977914794050e+003	9.332543007969915e+003
798	8.786914322232900e+003	8.912509381337459e+003
806	8.468498268055479e+003	8.511380382023768e+003
837	7.771301499755025e+003	7.943282347242814e+003
842	7.507231213987431e+003	7.585775750291836e+003
1031	7.396072097599023e+003	7.413102413009177e+003
1073	6.891587261670474e+003	6.918309709189362e+003
1154	6.418401211101919e+003	6.456542290346556e+003
1170	5.963562150937965e+003	6.025595860743575e+003
1187	5.296119318198143e+003	5.370317963702527e+003
1194	3.892507329591773e+003	3.981071705534973e+003
1536	3.701485474567475e+003	3.715352290971724e+003
1594	3.327467860281718e+003	3.388441561392024e+003
1605	3.220921366387262e+003	3.235936569296281e+003
1672	3.118841768237418e+003	3.162277660168380e+003
1703	2.924570231548111e+003	2.951209226666387e+003
1736	2.652490129801452e+003	2.691534803926917e+003
1942	2.556606652598778e+003	2.570395782768865e+003
1980	2.328433774458355e+003	2.344228815319923e+003
2003	2.023597615523760e+003	2.041737944669530e+003
2050	1.746102672860188e+003	1.778279410038923e+003
2249	1.494729880096307e+003	1.513561248436209e+003
2402	1.440172271400400e+003	1.445439770745928e+003
2426	1.189196762757771e+003	1.202264434617413e+003
2513	1.105683501717654e+003	1.122018454301963e+003
2586	1.068092299023896e+003	1.071519305237606e+003
2593	9.480223048270946e+002	9.549925860214360e+002
2691	7.093613458398469e+002	7.244359600749899e+002
2968	6.584673066221100e+002	6.606934480075958e+002
2979	5.693279879493715e+002	5.754399373371566e+002
3057	5.339964992600585e+002	5.370317963702527e+002
3123	4.896153513455848e+002	4.897788193684461e+002
3303	3.190492532910999e+002	3.235936569296281e+002
3435	2.767478507127365e+002	2.818382931264455e+002
3555	2.545170931297298e+002	2.570395782768865e+002
3586	1.580105424921012e+002	1.584893192461114e+002
3775	1.241890211107878e+002	1.258925411794168e+002
3816	1.131194975561432e+002	1.148153621496883e+002
3988	4.969904595387327e+001	5.011872336272722e+001
4327	3.535201189798505e+001	3.548133892335755e+001
4391	3.024245812661953e+001	3.090295432513591e+001
4663	2.755984810854150e+001	2.818382931264453e+001
4720	1.139804110809365e+001	1.148153621496883e+001
4782	9.909052079715480e+000	1.000000000000000e+001
5099	6.780497006832879e+000	6.918309709189365e+000
5208	5.166009516602994e+000	5.248074602497725e+000
5400	3.773629913164960e+000	3.801893963205612e+000
5473	2.060479710127946e+000	2.089296130854040e+000
5783	1.265210418653960e+000	1.288249551693134e+000
5855	1.231770570894460e+000	1.258925411794167e+000
5912	1.170897175936336e+000	1.174897554939530e+000
5931	1.037956598826960e+000	1.047128548050900e+000
5972	9.613871549699600e-001	9.772372209558107e-001
6036	8.411234749955141e-001	8.511380382023764e-001
6087	8.279369865338384e-001	8.317637711026710e-001
6242	8.116717766895657e-001	8.128305161640993e-001
6282	7.691595600386305e-001	7.762471166286917e-001
6404	7.301132278020736e-001	7.413102413009175e-001
6440	7.118240879455757e-001	7.244359600749900e-001
6501	6.900818948020755e-001	6.918309709189364e-001
6595	6.745720576050285e-001	6.760829753919818e-001
6624	6.392647545121668e-001	6.456542290346555e-001
6727	6.303705604095155e-001	6.309573444801933e-001
6847	5.803376055512535e-001	5.888436553555889e-001
6925	5.748694981215674e-001	5.754399373371569e-001
7020	5.482941061272153e-001	5.495408738576245e-001
7120	5.366161813813373e-001	5.370317963702527e-001
7265	5.192483324823181e-001	5.248074602497725e-001
7424	5.023174928850587e-001	5.128613839913648e-001
7438	4.999999142613285e-001	5.011872336272722e-001
7445	4.745703695516201e-001	4.786300923226383e-001
7497	4.657298962318858e-001	4.677351412871982e-001
7627	4.568919848525704e-001	4.570881896148750e-001
7802	4.462182639280726e-001	4.466835921509632e-001
7951	4.133825238831259e-001	4.168693834703354e-001
7982	4.063482827055948e-001	4.073802778041127e-001
8211	3.961709280459945e-001	3.981071705534973e-001
8250	3.870660043998221e-001	3.890451449942806e-001
8358	3.794357657753992e-001	3.801893963205612e-001
8506	3.633824143584482e-001	3.715352290971726e-001
8577	3.569202116126187e-001	3.630780547701014e-001
8588	3.531265638980481e-001	3.548133892335755e-001
8774	3.343842683460740e-001	3.388441561392026e-001
9064	3.272400509862998e-001	3.311311214825911e-001
9268	3.215830282852413e-001	3.235936569296283e-001
9355	3.111395050957180e-001	3.162277660168379e-001
9502	3.089853185755122e-001	3.090295432513591e-001
9690	3.008701284080768e-001	3.019951720402016e-001
9986	2.951207012250086e-001	2.951209226666385e-001
10411	2.877039132462761e-001	2.884031503126606e-001
10547	2.764282235871735e-001	2.818382931264454e-001
10728	2.753034167510594e-001	2.754228703338166e-001
11362	2.667312069314137e-001	2.691534803926916e-001
11436	2.598094273664563e-001	2.630267991895382e-001
11529	2.531812865595703e-001	2.570395782768864e-001
11677	2.461202022293693e-001	2.511886431509580e-001
11810	2.453630108673863e-001	2.454708915685031e-001
12512	2.372599612704798e-001	2.398832919019490e-001
12585	2.338850166924319e-001	2.344228815319922e-001
13712	2.245247404821444e-001	2.290867652767773e-001
13777	2.235734443390327e-001	2.238721138568340e-001
14002	2.178327904136838e-001	2.187761623949552e-001
14672	2.088217807298817e-001	2.089296130854039e-001
14698	2.038546306620351e-001	2.041737944669530e-001
16316	1.978487912313151e-001	1.995262314968880e-001
17697	1.949521103312516e-001	1.949844599758046e-001
18849	1.905384435081783e-001	1.905460717963247e-001
20314	1.860793964361548e-001	1.862087136662868e-001
21486	1.811254995467423e-001	1.819700858609984e-001
22691	1.771787711011745e-001	1.778279410038923e-001
23232	1.724777561450904e-001	1.737800828749375e-001
25737	1.690743710676028e-001	1.698243652461744e-001
26556	1.641934865269087e-001	1.659586907437561e-001
27747	1.620208464391201e-001	1.621810097358930e-001
29391	1.583480393106778e-001	1.584893192461113e-001
30935	1.538006289329944e-001	1.548816618912481e-001
33903	1.512816612920920e-001	1.513561248436208e-001
37123	1.476422505551993e-001	1.479108388168208e-001
39715	1.444388962439306e-001	1.445439770745928e-001
42040	1.411228991325314e-001	1.412537544622755e-001
44129	1.373003530943587e-001	1.380384264602885e-001
45320	1.348157193786219e-001	1.348962882591654e-001
51484	1.317986028476577e-001	1.318256738556407e-001
54850	1.288200691676040e-001	1.288249551693134e-001
61786	1.258424796717721e-001	1.258925411794167e-001
69195	1.229635928220008e-001	1.230268770812382e-001
74169	1.202112697176784e-001	1.202264434617413e-001
78446	1.174759453608942e-001	1.174897554939529e-001
89624	1.147607421723521e-001	1.148153621496883e-001
99771	1.120918435843435e-001	1.122018454301964e-001
111239	1.079993788261311e-001	1.096478196143185e-001
117578	1.071393488740448e-001	1.071519305237607e-001
124259	1.046887940686506e-001	1.047128548050900e-001
130100	1.022801984285394e-001	1.023292992280754e-001
143045	9.999831431574013e-002	1.000000000000000e-001
175277	9.733350576961886e-002	9.772372209558107e-002
190993	9.531081691825605e-002	9.549925860214359e-002
232273	9.307743439358573e-002	9.332543007969910e-002
274851	9.119784752645421e-002	9.120108393559097e-002
344045	8.912386989378207e-002	8.912509381337455e-002
416070	8.709571524500126e-002	8.709635899560805e-002
558760	8.511364044539838e-002	8.511380382023763e-002
786929	8.317633844732619e-002	8.317637711026708e-002
1390847	8.124945758386581e-002	8.128305161640990e-002
2000001	8.092326191620547e-002	8.128305161640990e-002
%
% index = 2669, name = bbob_f015_i21_d20__bbob_f017_i22_d20
% instance = 10, reference value = 9.571375313503781e-001
% function evaluation | indicator value | target hit
1	1.849322996495229e+012	1.862087136662866e+012
2	3.133601880422453e+008	3.162277660168380e+008
6	2.673302098128612e+008	2.691534803926914e+008
7	7.001492266110216e+005	7.079457843841374e+005
37	5.382248755664784e+005	5.495408738576248e+005
62	2.576359079391199e+005	2.630267991895382e+005
124	2.285180540094024e+005	2.290867652767775e+005
174	6.789899023866875e+004	6.918309709189362e+004
178	3.615132824929714e+004	3.630780547701010e+004
336	3.067612192547810e+004	3.090295432513592e+004
362	9.237190230314625e+003	9.332543007969915e+003
630	4.885099536151523e+003	4.897788193684462e+003
1312	4.484157555041853e+003	4.570881896148752e+003
1469	4.080957062929826e+003	4.168693834703355e+003
1480	3.705070018270378e+003	3.715352290971724e+003
1577	2.792100516948988e+003	2.818382931264455e+003
1965	2.733061136359328e+003	2.754228703338166e+003
1968	2.178713510971105e+003	2.187761623949552e+003
2095	2.022155644676877e+003	2.041737944669530e+003
2146	1.932183710876929e+003	1.949844599758045e+003
2202	1.794987737643980e+003	1.819700858609983e+003
2319	1.713297694025323e+003	1.737800828749376e+003
2423	9.557151846859905e+002	9.772372209558112e+002
2460	9.293781486089480e+002	9.332543007969915e+002
2623	8.539931586751461e+002	8.709635899560806e+002
2714	8.492434309470921e+002	8.511380382023768e+002
2724	8.150611000040582e+002	8.317637711026708e+002
2857	7.205592261680524e+002	7.244359600749899e+002
2916	5.170893603057128e+002	5.248074602497728e+002
3005	4.827497411584748e+002	4.897788193684461e+002
3226	4.546552887344499e+002	4.570881896148752e+002
3237	3.009125890077387e+002	3.019951720402016e+002
3307	2.629279572896758e+002	2.630267991895382e+002
3369	2.566119469246303e+002	2.570395782768865e+002
3558	1.788957672748187e+002	1.819700858609982e+002
3611	1.677560740292857e+002	1.698243652461744e+002
3746	1.204468189632970e+002	1.230268770812381e+002
3797	1.150448527904153e+002	1.174897554939529e+002
3991	1.017857222417427e+002	1.023292992280754e+002
4087	6.781436227513247e+001	6.918309709189366e+001
4509	5.558547157798241e+001	5.623413251903491e+001
4531	5.095716215118848e+001	5.128613839913648e+001
4648	4.567491828231184e+001	4.570881896148750e+001
4775	4.203971170390436e+001	4.265795188015925e+001
4801	4.095200688032781e+001	4.168693834703355e+001
4833	3.765428356762917e+001	3.801893963205612e+001
4862	3.528571622750749e+001	3.548133892335755e+001
4926	3.086665799123318e+001	3.090295432513591e+001
4959	2.555962609729943e+001	2.570395782768863e+001
5028	2.481667770698320e+001	2.511886431509580e+001
5065	2.424972185146709e+001	2.454708915685030e+001
5072	2.138195545146067e+001	2.187761623949553e+001
5091	1.736064717543017e+001	1.737800828749375e+001
5235	1.674310234396166e+001	1.698243652461744e+001
5313	1.543406024597094e+001	1.548816618912481e+001
5367	1.364349758391088e+001	1.380384264602885e+001
5373	1.144550221160286e+001	1.148153621496883e+001
5489	1.106276421823138e+001	1.122018454301964e+001
5684	9.323360904288693e+000	9.332543007969910e+000
5697	8.856175083120414e+000	8.912509381337454e+000
5740	6.723653660497804e+000	6.760829753919817e+000
5792	5.521646947946378e+000	5.623413251903491e+000
5793	4.880393731161878e+000	4.897788193684462e+000
5897	4.628978800404378e+000	4.677351412871983e+000
6006	4.464445819023378e+000	4.466835921509632e+000
6141	1.074715785732378e+000	1.096478196143185e+000
6854	1.056687019737878e+000	1.071519305237606e+000
6935	8.786150807101171e-001	8.912509381337456e-001
7044	7.510798950274835e-001	7.585775750291838e-001
7190	7.296482334089409e-001	7.413102413009175e-001
7283	7.026970111865698e-001	7.079457843841379e-001
7316	6.904117575983738e-001	6.918309709189364e-001
7326	6.520330767807181e-001	6.606934480075960e-001
7368	6.417444268567721e-001	6.456542290346555e-001
7536	6.259791212532054e-001	6.309573444801933e-001
7762	6.076301752410216e-001	6.165950018614822e-001
7827	5.722724347732424e-001	5.754399373371569e-001
7876	5.179360768246134e-001	5.248074602497725e-001
7884	5.126851240511414e-001	5.128613839913648e-001
7921	4.880478978852247e-001	4.897788193684462e-001
7946	4.771004068357397e-001	4.786300923226383e-001
7990	4.650274785589107e-001	4.677351412871982e-001
8045	4.425195063274368e-001	4.466835921509632e-001
8249	4.345844718251872e-001	4.365158322401660e-001
8360	4.211262281393858e-001	4.265795188015927e-001
8466	4.167404599508032e-001	4.168693834703354e-001
8519	3.931184876315866e-001	3.981071705534973e-001
8731	3.756290288474504e-001	3.801893963205612e-001
8781	3.641119331834228e-001	3.715352290971726e-001
8788	3.616492226228930e-001	3.630780547701014e-001
8888	3.502875587957958e-001	3.548133892335755e-001
8926	3.460157960074186e-001	3.467368504525316e-001
9164	3.266893711353347e-001	3.311311214825911e-001
9354	3.206215079661190e-001	3.235936569296283e-001
9488	3.148604113238873e-001	3.162277660168379e-001
9747	3.067483234300850e-001	3.090295432513591e-001
9802	2.929932213239643e-001	2.951209226666385e-001
10053	2.875145878773797e-001	2.884031503126606e-001
10190	2.767545263099086e-001	2.818382931264454e-001
10217	2.746187159284190e-001	2.754228703338166e-001
10392	2.649142061645161e-001	2.691534803926916e-001
10562	2.624480306816925e-001	2.630267991895382e-001
11195	2.567335804099921e-001	2.570395782768864e-001
11430	2.503596990903293e-001	2.511886431509580e-001
11645	2.450775802846512e-001	2.454708915685031e-001
12868	2.386858684387787e-001	2.398832919019490e-001
13253	2.335473977773770e-001	2.344228815319922e-001
15147	2.210138955806295e-001	2.238721138568340e-001
16711	2.187112419293646e-001	2.187761623949552e-001
19627	2.132064180867368e-001	2.137962089502232e-001
20028	2.084976807107406e-001	2.089296130854039e-001
21713	2.040853322973891e-001	2.041737944669530e-001
23882	1.992644715498876e-001	1.995262314968880e-001
27056	1.948050142649327e-001	1.949844599758046e-001
27570	1.892618541237272e-001	1.905460717963247e-001
30461	1.860486513444892e-001	1.862087136662868e-001
31546	1.819650134532952e-001	1.819700858609984e-001
34451	1.778118167364824e-001	1.778279410038923e-001
37571	1.737277761808779e-001	1.737800828749375e-001
38072	1.697800351819354e-001	1.698243652461744e-001
45310	1.658901160560996e-001	1.659586907437561e-001
50685	1.621269032814320e-001	1.621810097358930e-001
58968	1.584699198876750e-001	1.584893192461113e-001
63792	1.546311741256283e-001	1.548816618912481e-001
71196	1.500528964547863e-001	1.513561248436208e-001
76535	1.478509710688202e-001	1.479108388168208e-001
93923	1.445285395392838e-001	1.445439770745928e-001
106182	1.407920057442199e-001	1.412537544622755e-001
116823	1.373268902106697e-001	1.380384264602885e-001
128334	1.346751694076134e-001	1.348962882591654e-001
161171	1.318228229453267e-001	1.318256738556407e-001
181689	1.284474399362328e-001	1.288249551693134e-001
227621	1.258863596111148e-001	1.258925411794167e-001
312228	1.230235370832634e-001	1.230268770812382e-001
414764	1.202264396830729e-001	1.202264434617413e-001
2000001	1.178293717820111e-001	1.202264434617413e-001
