%
% index = 1120, name = bbob_f001_i02_d05__bbob_f006_i04_d05
% instance = 1, reference value = 8.467558214750010e-001
% function evaluation | indicator value | target hit
1	1.029385862379040e+003	1.047128548050900e+003
2	4.465849199056293e+002	4.466835921509630e+002
4	3.331590473542872e+002	3.388441561392024e+002
5	2.275130621069160e+002	2.290867652767772e+002
6	5.633028644111542e+001	5.754399373371570e+001
10	2.652325544216000e+001	2.691534803926916e+001
436	1.486907258019900e+001	1.513561248436208e+001
576	1.418410817752750e+001	1.445439770745927e+001
708	1.068286138027300e+001	1.071519305237607e+001
869	9.021313743991357e+000	9.120108393559097e+000
883	6.836345621837500e+000	6.918309709189365e+000
1107	3.107670149665212e+000	3.162277660168379e+000
1199	2.436033471869001e+000	2.454708915685031e+000
1230	2.048840018790501e+000	2.089296130854040e+000
1432	1.930154800179983e+000	1.949844599758045e+000
1494	1.797415649182501e+000	1.819700858609983e+000
1496	1.512564309200626e+000	1.513561248436208e+000
1509	1.458510367269501e+000	1.479108388168207e+000
1531	1.242185103878115e+000	1.258925411794167e+000
1583	6.135870160420772e-001	6.165950018614822e-001
1609	5.081983215861828e-001	5.128613839913648e-001
1910	4.810746572368974e-001	4.897788193684462e-001
1926	4.769971213584276e-001	4.786300923226383e-001
2025	4.675669567964029e-001	4.677351412871982e-001
2087	4.528518814883712e-001	4.570881896148750e-001
2101	4.438390229008452e-001	4.466835921509632e-001
2121	3.410592817024496e-001	3.467368504525316e-001
2124	3.095447124787990e-001	3.162277660168379e-001
2125	2.843112568254156e-001	2.884031503126606e-001
2152	2.717385244916407e-001	2.754228703338166e-001
2182	2.654166139227173e-001	2.691534803926916e-001
2186	2.611678114021819e-001	2.630267991895382e-001
2189	2.495195423351849e-001	2.511886431509580e-001
2238	2.450589891203887e-001	2.454708915685031e-001
2251	2.393469212207235e-001	2.398832919019490e-001
2265	1.684837842794996e-001	1.698243652461744e-001
2279	1.596786585525027e-001	1.621810097358930e-001
2289	1.515590014376703e-001	1.548816618912481e-001
2293	1.487298206259654e-001	1.513561248436208e-001
2360	1.141096782466544e-001	1.148153621496883e-001
2389	1.120437117732276e-001	1.122018454301964e-001
2422	1.072410757847614e-001	1.096478196143185e-001
2432	9.841401550977424e-002	1.000000000000000e-001
2437	9.548698071479123e-002	9.549925860214359e-002
2443	9.076064927344718e-002	9.120108393559097e-002
2481	8.529287832753407e-002	8.709635899560805e-002
2484	8.137922020371358e-002	8.317637711026708e-002
2493	8.106586538171645e-002	8.128305161640990e-002
2517	7.799716328666773e-002	7.943282347242814e-002
2536	7.684706940966701e-002	7.762471166286916e-002
2544	7.548775872324331e-002	7.585775750291836e-002
2589	6.805521877159582e-002	6.918309709189366e-002
2613	6.703002380730949e-002	6.760829753919818e-002
2618	6.471520134603737e-002	6.606934480075961e-002
2636	6.455651942412499e-002	6.456542290346556e-002
2664	6.298317010657450e-002	6.309573444801933e-002
2676	6.120861980403802e-002	6.165950018614822e-002
2696	6.018948921158995e-002	6.025595860743578e-002
2723	5.872435670474530e-002	5.888436553555890e-002
2736	5.711034213434318e-002	5.754399373371569e-002
2745	5.591275594079870e-002	5.623413251903491e-002
2753	4.849563403404222e-002	4.897788193684461e-002
2773	4.780921501144264e-002	4.786300923226383e-002
2788	4.498345065467946e-002	4.570881896148749e-002
2798	4.362471299603254e-002	4.365158322401658e-002
2799	4.226595368969732e-002	4.265795188015926e-002
2800	4.159009470635056e-002	4.168693834703355e-002
2811	3.882631733648079e-002	3.890451449942807e-002
2818	3.800393525700119e-002	3.801893963205612e-002
2822	3.703637290894990e-002	3.715352290971726e-002
2834	3.617198355689155e-002	3.630780547701014e-002
2848	3.465281510218998e-002	3.467368504525317e-002
2861	3.364686175017917e-002	3.388441561392026e-002
2862	3.056984221687487e-002	3.090295432513590e-002
2866	2.940097039424117e-002	2.951209226666385e-002
2871	2.883964731571909e-002	2.884031503126606e-002
2887	2.812213099281358e-002	2.818382931264454e-002
2889	2.642848177650747e-002	2.691534803926915e-002
2899	2.624001051437552e-002	2.630267991895382e-002
2911	2.549328545716267e-002	2.570395782768863e-002
2945	2.511503362585354e-002	2.511886431509579e-002
2982	2.454165239383654e-002	2.454708915685030e-002
2996	2.290492314027237e-002	2.290867652767774e-002
3001	2.232182135054250e-002	2.238721138568340e-002
3019	2.179046904302384e-002	2.187761623949553e-002
3061	2.133220740882902e-002	2.137962089502233e-002
3090	2.072301476288196e-002	2.089296130854040e-002
3099	2.034478201109335e-002	2.041737944669530e-002
3148	1.982887725818594e-002	1.995262314968880e-002
3184	1.935586918578347e-002	1.949844599758046e-002
3197	1.895334146594896e-002	1.905460717963247e-002
3225	1.857769311158619e-002	1.862087136662868e-002
3256	1.802614226778554e-002	1.819700858609984e-002
3277	1.777063188964845e-002	1.778279410038923e-002
3294	1.737191684612960e-002	1.737800828749376e-002
3315	1.685534540087219e-002	1.698243652461744e-002
3343	1.533371892662161e-002	1.548816618912481e-002
3362	1.510576738213343e-002	1.513561248436208e-002
3390	1.478402100879572e-002	1.479108388168207e-002
3405	1.401265189936496e-002	1.412537544622754e-002
3428	1.374568815040334e-002	1.380384264602885e-002
3449	1.346767491032641e-002	1.348962882591653e-002
3462	1.303411758036421e-002	1.318256738556408e-002
3463	1.285932410183843e-002	1.288249551693134e-002
3483	1.252476758264076e-002	1.258925411794168e-002
3534	1.229992611471664e-002	1.230268770812382e-002
3553	1.202105773711126e-002	1.202264434617413e-002
3619	1.174237718072335e-002	1.174897554939530e-002
3679	1.147577857351112e-002	1.148153621496883e-002
3755	1.121883399368351e-002	1.122018454301964e-002
3885	1.095804657392485e-002	1.096478196143185e-002
3991	1.069664905463152e-002	1.071519305237607e-002
4254	1.047086327665414e-002	1.047128548050900e-002
500001	1.027086646982856e-002	1.047128548050900e-002
%
% index = 1121, name = bbob_f001_i03_d05__bbob_f006_i05_d05
% instance = 2, reference value = 9.616755474772180e-001
% function evaluation | indicator value | target hit
1	7.682338439377381e+002	7.762471166286920e+002
2	3.365421268068504e+002	3.388441561392024e+002
4	2.602683056836282e+002	2.630267991895382e+002
6	7.211552931683576e+001	7.244359600749903e+001
10	2.050448269700495e+001	2.089296130854040e+001
579	1.480924986155143e+001	1.513561248436208e+001
631	1.005732753280922e+001	1.023292992280754e+001
671	2.269678573818218e+000	2.290867652767773e+000
1099	2.044360641082718e+000	2.089296130854040e+000
1118	1.449504489736718e+000	1.479108388168207e+000
1248	1.423093132402936e+000	1.445439770745927e+000
1249	7.925720490139496e-001	7.943282347242815e-001
1263	7.555919436375240e-001	7.585775750291838e-001
1345	7.029422211514975e-001	7.079457843841379e-001
1374	6.346494449216921e-001	6.456542290346555e-001
1422	5.410336075627169e-001	5.495408738576245e-001
1438	5.255245514362356e-001	5.370317963702527e-001
1488	4.989140065023889e-001	5.011872336272722e-001
1538	4.038087194988093e-001	4.073802778041127e-001
1559	3.512319721003716e-001	3.548133892335755e-001
1609	3.444343641585980e-001	3.467368504525316e-001
1646	2.993574674740801e-001	3.019951720402016e-001
1666	1.736785628505811e-001	1.737800828749375e-001
1687	1.543259268435339e-001	1.548816618912481e-001
1715	1.455710814577953e-001	1.479108388168208e-001
1834	1.300406317490127e-001	1.318256738556407e-001
1841	1.260709126008121e-001	1.288249551693134e-001
1847	1.253958552435108e-001	1.258925411794167e-001
1865	1.190902102675417e-001	1.202264434617413e-001
1900	1.100921351416858e-001	1.122018454301964e-001
1921	9.246274552747269e-002	9.332543007969910e-002
1923	8.997047199380237e-002	9.120108393559097e-002
1925	8.716552051276227e-002	8.912509381337455e-002
1941	8.604518364883163e-002	8.709635899560805e-002
1958	7.111439523864449e-002	7.244359600749903e-002
2000	7.066026657786961e-002	7.079457843841380e-002
2049	6.430736185381636e-002	6.456542290346556e-002
2104	4.958847099483255e-002	5.011872336272722e-002
2187	4.223596895857296e-002	4.265795188015926e-002
2191	3.587247788778125e-002	3.630780547701014e-002
2250	3.505740799376544e-002	3.548133892335755e-002
2261	3.436937871902879e-002	3.467368504525317e-002
2329	3.192706441900550e-002	3.235936569296283e-002
2335	3.103188551709457e-002	3.162277660168379e-002
2354	3.063744106560717e-002	3.090295432513590e-002
2357	3.013148248572595e-002	3.019951720402016e-002
2358	2.725258776863204e-002	2.754228703338166e-002
2361	2.556351666119694e-002	2.570395782768863e-002
2449	2.509732307413437e-002	2.511886431509579e-002
2455	2.247148246610653e-002	2.290867652767774e-002
2457	2.198553623159694e-002	2.238721138568340e-002
2458	2.171755643825546e-002	2.187761623949553e-002
2519	2.101980885202648e-002	2.137962089502233e-002
2540	2.064789299459713e-002	2.089296130854040e-002
2549	1.648317203214633e-002	1.659586907437561e-002
2622	1.611555250923380e-002	1.621810097358930e-002
2645	1.565671710330252e-002	1.584893192461113e-002
2654	1.500642182524681e-002	1.513561248436208e-002
2670	1.464742746519188e-002	1.479108388168207e-002
2676	1.438562985240788e-002	1.445439770745927e-002
2705	1.410742786940133e-002	1.412537544622754e-002
2730	1.245408410574156e-002	1.258925411794168e-002
2743	1.207825856516431e-002	1.230268770812382e-002
2773	1.201347894628613e-002	1.202264434617413e-002
2822	1.142582696937522e-002	1.148153621496883e-002
2844	1.118187240504498e-002	1.122018454301964e-002
2862	1.096027090623919e-002	1.096478196143185e-002
2893	1.059850012956498e-002	1.071519305237607e-002
2895	1.046709950610558e-002	1.047128548050900e-002
2927	1.021465274860334e-002	1.023292992280754e-002
2962	9.992038830977212e-003	1.000000000000000e-002
2967	9.674925554260194e-003	9.772372209558112e-003
3016	9.142879714187591e-003	9.332543007969915e-003
3019	9.089129284598041e-003	9.120108393559097e-003
3067	8.894123860426650e-003	8.912509381337459e-003
3074	8.653114344550184e-003	8.709635899560805e-003
3095	8.109476187139753e-003	8.128305161640995e-003
3122	7.841970459835812e-003	7.943282347242814e-003
3158	7.721525485886671e-003	7.762471166286920e-003
3193	7.379119427319170e-003	7.413102413009177e-003
3221	7.164092144478773e-003	7.244359600749898e-003
3246	7.045719545333062e-003	7.079457843841380e-003
3259	6.895470235268486e-003	6.918309709189363e-003
3296	6.758934749599099e-003	6.760829753919818e-003
3302	6.604291858933520e-003	6.606934480075957e-003
3325	6.382889743826059e-003	6.456542290346556e-003
3328	6.216398902596954e-003	6.309573444801930e-003
3365	6.010259570123355e-003	6.025595860743574e-003
3377	5.769324065088788e-003	5.888436553555890e-003
3379	5.711255251595659e-003	5.754399373371567e-003
3399	5.585652887031611e-003	5.623413251903491e-003
3407	5.418696681097845e-003	5.495408738576248e-003
3417	5.332404795431289e-003	5.370317963702527e-003
3427	5.189294652919840e-003	5.248074602497728e-003
3475	4.956662472068829e-003	5.011872336272725e-003
3492	4.810864360326073e-003	4.897788193684461e-003
3515	4.784380634233920e-003	4.786300923226385e-003
3564	4.640678953726107e-003	4.677351412871981e-003
3590	4.566904182509379e-003	4.570881896148752e-003
3626	4.465083792651203e-003	4.466835921509631e-003
3661	4.315176807560661e-003	4.365158322401661e-003
3703	4.263742693105033e-003	4.265795188015926e-003
3737	4.163300739959297e-003	4.168693834703355e-003
3786	4.071115936927439e-003	4.073802778041126e-003
3856	3.973594079134224e-003	3.981071705534973e-003
3952	3.888744273952915e-003	3.890451449942805e-003
4116	3.801890711077505e-003	3.801893963205613e-003
5052	3.715137451301920e-003	3.715352290971724e-003
500001	3.637379031268817e-003	3.715352290971724e-003
%
% index = 1122, name = bbob_f001_i07_d05__bbob_f006_i08_d05
% instance = 3, reference value = 8.368765342623020e-001
% function evaluation | indicator value | target hit
1	3.362328753260360e+005	3.388441561392028e+005
2	8.802738453123296e+002	8.912509381337459e+002
48	9.209267205839697e+001	9.332543007969910e+001
386	4.277215517479355e+001	4.365158322401658e+001
643	4.209117854802449e+001	4.265795188015925e+001
768	2.541093630412408e+001	2.570395782768863e+001
830	1.746737202445155e+001	1.778279410038923e+001
837	1.498402755124966e+001	1.513561248436208e+001
917	1.235664172701824e+001	1.258925411794168e+001
1049	7.207124031544479e+000	7.244359600749901e+000
1118	5.693105545712517e+000	5.754399373371570e+000
1134	4.435136469023112e+000	4.466835921509632e+000
1171	3.937150086447035e+000	3.981071705534972e+000
1356	2.203703284912302e+000	2.238721138568339e+000
1447	2.123780621650984e+000	2.137962089502232e+000
1489	2.035255427248202e+000	2.041737944669529e+000
1554	1.487362073544491e+000	1.513561248436208e+000
1605	1.374302002279802e+000	1.380384264602885e+000
1670	5.463047907502989e-001	5.495408738576245e-001
1809	5.185944057091283e-001	5.248074602497725e-001
1891	5.124907334010800e-001	5.128613839913648e-001
2082	4.883742741343817e-001	4.897788193684462e-001
2174	4.660020758529677e-001	4.677351412871982e-001
2216	4.545920745569607e-001	4.570881896148750e-001
2269	4.390902720338969e-001	4.466835921509632e-001
2290	4.250214877822094e-001	4.265795188015927e-001
2296	4.100330024716719e-001	4.168693834703354e-001
2301	4.051554038413012e-001	4.073802778041127e-001
2325	3.761614997975676e-001	3.801893963205612e-001
2328	3.670458118027890e-001	3.715352290971726e-001
2371	3.575899720857474e-001	3.630780547701014e-001
2373	3.391410477458972e-001	3.467368504525316e-001
2414	3.131594908221851e-001	3.162277660168379e-001
2424	3.076087468141343e-001	3.090295432513591e-001
2441	3.005378405101248e-001	3.019951720402016e-001
2485	2.724852550886981e-001	2.754228703338166e-001
2490	2.639153621313096e-001	2.691534803926916e-001
2495	2.468571219666741e-001	2.511886431509580e-001
2518	2.409124650457871e-001	2.454708915685031e-001
2536	2.376365641519931e-001	2.398832919019490e-001
2565	2.247463082270983e-001	2.290867652767773e-001
2591	2.068973259929009e-001	2.089296130854039e-001
2640	2.037822353332819e-001	2.041737944669530e-001
2665	1.884150036530413e-001	1.905460717963247e-001
2740	1.831645058752268e-001	1.862087136662868e-001
2781	1.805058644766321e-001	1.819700858609984e-001
2785	1.748602464287881e-001	1.778279410038923e-001
2800	1.688691285698866e-001	1.698243652461744e-001
2834	1.630036306099759e-001	1.659586907437561e-001
2845	1.620720533461533e-001	1.621810097358930e-001
2857	1.577014423028078e-001	1.584893192461113e-001
2889	1.541201924904286e-001	1.548816618912481e-001
2900	1.510971259391758e-001	1.513561248436208e-001
2909	1.475040358154437e-001	1.479108388168208e-001
2924	1.407446412372087e-001	1.412537544622755e-001
2934	1.371273905112439e-001	1.380384264602885e-001
2953	1.342661756284916e-001	1.348962882591654e-001
2969	1.251406481746765e-001	1.258925411794167e-001
2984	1.225716508344870e-001	1.230268770812382e-001
2994	1.165747950340139e-001	1.174897554939529e-001
3003	1.144190658864959e-001	1.148153621496883e-001
3004	9.823814506830297e-002	1.000000000000000e-001
3006	9.013901302830962e-002	9.120108393559097e-002
3031	8.900435426523978e-002	8.912509381337455e-002
3048	8.687523447261869e-002	8.709635899560805e-002
3062	8.420534749867359e-002	8.511380382023763e-002
3064	7.111552482558670e-002	7.244359600749903e-002
3079	7.030872307749325e-002	7.079457843841380e-002
3103	6.918132643347619e-002	6.918309709189366e-002
3115	6.668044201108003e-002	6.760829753919818e-002
3142	6.543792077006028e-002	6.606934480075961e-002
3163	6.454001512537078e-002	6.456542290346556e-002
3173	6.262783206727174e-002	6.309573444801933e-002
3176	6.013988084099431e-002	6.025595860743578e-002
3195	5.564857728972339e-002	5.623413251903491e-002
3202	5.451091246449247e-002	5.495408738576246e-002
3262	5.337013300445359e-002	5.370317963702527e-002
3279	5.232716609230959e-002	5.248074602497726e-002
3302	5.109216479019341e-002	5.128613839913648e-002
3311	4.906888421282629e-002	5.011872336272722e-002
3313	4.808247582890024e-002	4.897788193684461e-002
3322	4.782822261389397e-002	4.786300923226383e-002
3338	4.673962197151926e-002	4.677351412871982e-002
3362	4.566911514105720e-002	4.570881896148749e-002
3366	4.427957522643677e-002	4.466835921509630e-002
3368	4.360341658967604e-002	4.365158322401658e-002
3420	4.263264635014086e-002	4.265795188015926e-002
3467	4.141415592263342e-002	4.168693834703355e-002
3473	4.045643224397977e-002	4.073802778041128e-002
3480	3.941082456930722e-002	3.981071705534973e-002
3506	3.840912907072436e-002	3.890451449942807e-002
3533	3.790647757769161e-002	3.801893963205612e-002
3562	3.586965153232846e-002	3.630780547701014e-002
3590	3.498620305016531e-002	3.548133892335755e-002
3597	3.454612571318383e-002	3.467368504525317e-002
3641	3.381627525166275e-002	3.388441561392026e-002
3650	3.275770528854627e-002	3.311311214825911e-002
3672	3.222097768408039e-002	3.235936569296283e-002
3695	3.087857003484584e-002	3.090295432513590e-002
3696	3.008013520400965e-002	3.019951720402016e-002
3717	2.935171870179398e-002	2.951209226666385e-002
3722	2.877946552955257e-002	2.884031503126606e-002
3726	2.818141276808872e-002	2.818382931264454e-002
3768	2.749014997846844e-002	2.754228703338166e-002
3788	2.318053916686069e-002	2.344228815319923e-002
3810	2.274835355331795e-002	2.290867652767774e-002
3816	2.059291001895236e-002	2.089296130854040e-002
3817	2.012902320303345e-002	2.041737944669530e-002
3827	1.945809759934136e-002	1.949844599758046e-002
3857	1.898283106812104e-002	1.905460717963247e-002
3894	1.861273968816346e-002	1.862087136662868e-002
3904	1.819162682612885e-002	1.819700858609984e-002
3935	1.722511490306966e-002	1.737800828749376e-002
3978	1.697900627524462e-002	1.698243652461744e-002
4010	1.648260019647174e-002	1.659586907437561e-002
4048	1.620831917553112e-002	1.621810097358930e-002
4068	1.583276654467414e-002	1.584893192461113e-002
4081	1.541658396700385e-002	1.548816618912481e-002
4103	1.502499744169605e-002	1.513561248436208e-002
4107	1.454298588709313e-002	1.479108388168207e-002
4143	1.443085304266878e-002	1.445439770745927e-002
4154	1.407785068605971e-002	1.412537544622754e-002
4215	1.378965123587816e-002	1.380384264602885e-002
4240	1.333379158127357e-002	1.348962882591653e-002
4263	1.308091067421846e-002	1.318256738556408e-002
4282	1.262598394809877e-002	1.288249551693134e-002
4293	1.256560696857145e-002	1.258925411794168e-002
4300	1.220714114095278e-002	1.230268770812382e-002
4312	1.200440053850371e-002	1.202264434617413e-002
4350	1.171521095511763e-002	1.174897554939530e-002
4376	1.148058367012472e-002	1.148153621496883e-002
4454	1.114586923371674e-002	1.122018454301964e-002
4495	1.096175299422553e-002	1.096478196143185e-002
4590	1.070482504861270e-002	1.071519305237607e-002
4624	1.044942548417249e-002	1.047128548050900e-002
4639	9.860819053127634e-003	1.000000000000000e-002
4662	9.488469805803090e-003	9.549925860214359e-003
4683	9.253749918435750e-003	9.332543007969915e-003
4725	9.106700758117592e-003	9.120108393559097e-003
4793	8.911848506818809e-003	8.912509381337459e-003
4886	8.669280395658285e-003	8.709635899560805e-003
4902	8.277240815012021e-003	8.317637711026709e-003
4926	8.070475522487075e-003	8.128305161640995e-003
4973	7.779019310827140e-003	7.943282347242814e-003
4985	7.761925227520727e-003	7.762471166286920e-003
5013	7.576747049097943e-003	7.585775750291836e-003
5023	7.391502275120421e-003	7.413102413009177e-003
5043	7.243660705063548e-003	7.244359600749898e-003
5065	7.073163655210379e-003	7.079457843841380e-003
5088	6.640054629549419e-003	6.760829753919818e-003
5091	6.593014447974888e-003	6.606934480075957e-003
5222	6.456437473006171e-003	6.456542290346556e-003
5297	6.260330019125515e-003	6.309573444801930e-003
5320	5.588535022747143e-003	5.623413251903491e-003
5345	5.359342487022412e-003	5.370317963702527e-003
5373	5.247786857903947e-003	5.248074602497728e-003
5442	5.117971927399490e-003	5.128613839913648e-003
5479	5.005936117210341e-003	5.011872336272725e-003
5507	4.862079800676322e-003	4.897788193684461e-003
5562	4.783509445775658e-003	4.786300923226385e-003
5610	4.652363361575373e-003	4.677351412871981e-003
5669	4.569842674313929e-003	4.570881896148752e-003
5712	4.464723593942677e-003	4.466835921509631e-003
5793	4.365023667433965e-003	4.365158322401661e-003
5840	4.172338372031126e-003	4.265795188015926e-003
5842	4.163289729173125e-003	4.168693834703355e-003
5908	4.072170925571661e-003	4.073802778041126e-003
5941	3.942663433783689e-003	3.981071705534973e-003
6020	3.880906268899920e-003	3.890451449942805e-003
6140	3.801486575392366e-003	3.801893963205613e-003
6206	3.708321559978356e-003	3.715352290971724e-003
6277	3.623119070464642e-003	3.630780547701014e-003
6283	3.545749921846975e-003	3.548133892335753e-003
6341	3.466804316027083e-003	3.467368504525317e-003
6449	3.357290761426102e-003	3.388441561392024e-003
6507	3.255047726703597e-003	3.311311214825911e-003
6538	3.235768904601533e-003	3.235936569296281e-003
6724	3.130724054897227e-003	3.162277660168379e-003
6791	3.083256408644264e-003	3.090295432513592e-003
6849	2.999962252853372e-003	3.019951720402016e-003
6982	2.950596725210364e-003	2.951209226666387e-003
7029	2.881539398686739e-003	2.884031503126606e-003
7295	2.815408832642308e-003	2.818382931264455e-003
7402	2.752140064372743e-003	2.754228703338166e-003
7511	2.691028120911931e-003	2.691534803926917e-003
7603	2.629691421743630e-003	2.630267991895381e-003
7774	2.565186391671581e-003	2.570395782768865e-003
7919	2.505847125253591e-003	2.511886431509579e-003
8210	2.454009213903263e-003	2.454708915685031e-003
8326	2.397140051460522e-003	2.398832919019490e-003
8535	2.342883469180102e-003	2.344228815319923e-003
8605	2.276841061690682e-003	2.290867652767772e-003
8665	2.233789811846298e-003	2.238721138568340e-003
8854	2.187521155574412e-003	2.187761623949552e-003
9017	2.110140457037391e-003	2.137962089502233e-003
9104	2.089282117420654e-003	2.089296130854039e-003
9302	2.041312045755750e-003	2.041737944669530e-003
9342	1.981973390328129e-003	1.995262314968879e-003
9474	1.949469412540039e-003	1.949844599758046e-003
9769	1.905393178050385e-003	1.905460717963246e-003
9928	1.851409413161753e-003	1.862087136662868e-003
10056	1.819477569356076e-003	1.819700858609983e-003
10265	1.776185100391459e-003	1.778279410038923e-003
10513	1.736678613049825e-003	1.737800828749376e-003
10645	1.697413289678873e-003	1.698243652461744e-003
10874	1.659256935290898e-003	1.659586907437561e-003
11302	1.620082279962132e-003	1.621810097358930e-003
11673	1.584740702505805e-003	1.584893192461114e-003
11723	1.514272886403489e-003	1.548816618912481e-003
11744	1.513298516190420e-003	1.513561248436209e-003
11942	1.478863132923891e-003	1.479108388168207e-003
12176	1.444989669105445e-003	1.445439770745928e-003
12555	1.408102641377362e-003	1.412537544622754e-003
12735	1.351440899490797e-003	1.380384264602885e-003
12756	1.346699701936904e-003	1.348962882591653e-003
12858	1.313125552463212e-003	1.318256738556408e-003
13112	1.287860031435328e-003	1.288249551693134e-003
13466	1.257563317844546e-003	1.258925411794168e-003
13827	1.229990070826914e-003	1.230268770812381e-003
13972	1.193848522950569e-003	1.202264434617413e-003
14207	1.173561248551058e-003	1.174897554939529e-003
14642	1.147083680064109e-003	1.148153621496883e-003
14953	1.121587794452039e-003	1.122018454301963e-003
15418	1.081467550985482e-003	1.096478196143185e-003
15624	1.071061561425779e-003	1.071519305237606e-003
15872	1.047125089305712e-003	1.047128548050900e-003
16236	1.022917120037103e-003	1.023292992280754e-003
16684	9.906988159359420e-004	1.000000000000000e-003
16870	9.763251961008024e-004	9.772372209558111e-004
17132	9.542652933757223e-004	9.549925860214359e-004
17754	9.331589407565177e-004	9.332543007969915e-004
18181	9.120045194633830e-004	9.120108393559096e-004
18902	8.911818767445290e-004	8.912509381337459e-004
19637	8.709236640358498e-004	8.709635899560805e-004
20105	8.510185272613269e-004	8.511380382023768e-004
20556	8.312093082810668e-004	8.317637711026709e-004
20845	8.103992552183081e-004	8.128305161640995e-004
21207	7.937971788442022e-004	7.943282347242813e-004
21776	7.760434204552302e-004	7.762471166286919e-004
22386	7.585504982894342e-004	7.585775750291835e-004
22982	7.413076516614714e-004	7.413102413009177e-004
23395	7.216804959112588e-004	7.244359600749898e-004
23978	7.078268123011933e-004	7.079457843841380e-004
24810	6.915400042480924e-004	6.918309709189362e-004
25365	6.759349300178297e-004	6.760829753919819e-004
26139	6.572120831437323e-004	6.606934480075958e-004
26441	6.454759463515591e-004	6.456542290346556e-004
27002	6.308239432468721e-004	6.309573444801930e-004
27513	6.165866706432377e-004	6.165950018614822e-004
28291	6.025446110615729e-004	6.025595860743575e-004
29009	5.880193854836957e-004	5.888436553555889e-004
29868	5.754222108769191e-004	5.754399373371566e-004
30400	5.621792012762139e-004	5.623413251903491e-004
31086	5.490092818183356e-004	5.495408738576249e-004
31763	5.364640956663225e-004	5.370317963702527e-004
32480	5.245386822081422e-004	5.248074602497728e-004
33294	5.128259400676294e-004	5.128613839913648e-004
34141	5.011763947510017e-004	5.011872336272725e-004
34670	4.885286000496647e-004	4.897788193684461e-004
35339	4.776920506704974e-004	4.786300923226385e-004
35958	4.677227917649907e-004	4.677351412871981e-004
36874	4.570459320633047e-004	4.570881896148752e-004
38013	4.460385587647942e-004	4.466835921509631e-004
39033	4.364977154711625e-004	4.365158322401661e-004
39823	4.265641703810053e-004	4.265795188015926e-004
40889	4.142234888582230e-004	4.168693834703355e-004
41850	4.069002379286646e-004	4.073802778041126e-004
42985	3.979865322917275e-004	3.981071705534974e-004
43994	3.888400507909839e-004	3.890451449942804e-004
45069	3.801493881177009e-004	3.801893963205612e-004
45892	3.715322216872874e-004	3.715352290971724e-004
47748	3.630756361528986e-004	3.630780547701014e-004
49153	3.547842337658924e-004	3.548133892335753e-004
50856	3.467136361736678e-004	3.467368504525317e-004
52828	3.387643811600949e-004	3.388441561392024e-004
54430	3.311265186037860e-004	3.311311214825911e-004
55107	3.235445046971819e-004	3.235936569296281e-004
56558	3.160811495583893e-004	3.162277660168379e-004
58177	3.086944149689463e-004	3.090295432513592e-004
59951	3.019944988815748e-004	3.019951720402016e-004
61570	2.951185509059151e-004	2.951209226666387e-004
63017	2.883896231971050e-004	2.884031503126606e-004
65337	2.818160869865194e-004	2.818382931264455e-004
66939	2.754225628871510e-004	2.754228703338166e-004
69459	2.690276999549601e-004	2.691534803926917e-004
71191	2.628087133745849e-004	2.630267991895381e-004
73262	2.570390589275995e-004	2.570395782768865e-004
75747	2.511760349865888e-004	2.511886431509580e-004
78302	2.454533209304000e-004	2.454708915685031e-004
81087	2.394746643757939e-004	2.398832919019490e-004
82493	2.344196078781780e-004	2.344228815319923e-004
84660	2.290793253191259e-004	2.290867652767772e-004
86926	2.238444075649548e-004	2.238721138568340e-004
88635	2.187231663829392e-004	2.187761623949552e-004
91678	2.137753758605365e-004	2.137962089502232e-004
94213	2.086407876820129e-004	2.089296130854039e-004
96742	2.040443657862490e-004	2.041737944669530e-004
99872	1.994972470695799e-004	1.995262314968879e-004
102492	1.949415124083975e-004	1.949844599758046e-004
105448	1.905443720209288e-004	1.905460717963246e-004
108182	1.861934623302863e-004	1.862087136662868e-004
111079	1.819692429306796e-004	1.819700858609983e-004
114574	1.777180961155533e-004	1.778279410038923e-004
117872	1.737747736629824e-004	1.737800828749376e-004
121602	1.698236937324182e-004	1.698243652461744e-004
124921	1.659542755160226e-004	1.659586907437562e-004
128585	1.621734722556667e-004	1.621810097358930e-004
131629	1.584882646862296e-004	1.584893192461114e-004
135012	1.548813005231020e-004	1.548816618912481e-004
139723	1.513510029598209e-004	1.513561248436209e-004
144663	1.479084973948774e-004	1.479108388168207e-004
149913	1.445362967870123e-004	1.445439770745928e-004
153972	1.412517664095558e-004	1.412537544622754e-004
159882	1.380127131521691e-004	1.380384264602885e-004
163830	1.348416500451810e-004	1.348962882591653e-004
167902	1.317755572572965e-004	1.318256738556407e-004
172032	1.288223952273793e-004	1.288249551693134e-004
177055	1.258605416549763e-004	1.258925411794167e-004
180865	1.229817353199936e-004	1.230268770812381e-004
186865	1.202262015121969e-004	1.202264434617413e-004
191018	1.174833206548653e-004	1.174897554939529e-004
196345	1.147890249734163e-004	1.148153621496883e-004
201277	1.120327470742755e-004	1.122018454301963e-004
206151	1.094494209528119e-004	1.096478196143185e-004
211465	1.070937328156996e-004	1.071519305237606e-004
217512	1.047121746919899e-004	1.047128548050900e-004
222747	1.023203739440870e-004	1.023292992280754e-004
228943	9.993368439342731e-005	1.000000000000000e-004
236330	9.772178191680414e-005	9.772372209558112e-005
243266	9.549782280160457e-005	9.549925860214369e-005
249116	9.330444432520402e-005	9.332543007969905e-005
257759	9.119418666192480e-005	9.120108393559096e-005
268220	8.911744139894484e-005	8.912509381337459e-005
276030	8.706201023012117e-005	8.709635899560814e-005
286136	8.511289667723077e-005	8.511380382023760e-005
293396	8.316854478851443e-005	8.317637711026709e-005
303094	8.127988859818469e-005	8.128305161640995e-005
312223	7.942268718219570e-005	7.943282347242822e-005
322650	7.762470118866105e-005	7.762471166286911e-005
333358	7.582093508828880e-005	7.585775750291836e-005
343936	7.410023859866222e-005	7.413102413009178e-005
355535	7.239489051502623e-005	7.244359600749906e-005
368262	7.079331605797101e-005	7.079457843841373e-005
382071	6.917473383738493e-005	6.918309709189363e-005
393987	6.760736592481553e-005	6.760829753919819e-005
406970	6.606199933412160e-005	6.606934480075965e-005
418240	6.456400907295379e-005	6.456542290346549e-005
431895	6.309507869450837e-005	6.309573444801929e-005
443646	6.162044750390727e-005	6.165950018614822e-005
458579	6.025575653290094e-005	6.025595860743581e-005
476214	5.888351511595946e-005	5.888436553555884e-005
492679	5.754332007001928e-005	5.754399373371566e-005
500001	5.683459463645679e-005	5.754399373371566e-005
%
% index = 1123, name = bbob_f001_i09_d05__bbob_f006_i10_d05
% instance = 4, reference value = 8.329792263658890e-001
% function evaluation | indicator value | target hit
1	1.293042295319267e+003	1.318256738556408e+003
2	5.549815414655443e+002	5.623413251903490e+002
4	4.269051679397090e+002	4.365158322401661e+002
5	2.819516733663202e+002	2.884031503126606e+002
6	9.211553784921716e+001	9.332543007969910e+001
10	4.426134086245126e+001	4.466835921509630e+001
41	3.001341839156637e+001	3.019951720402016e+001
243	2.713414938512417e+001	2.754228703338166e+001
261	1.418790680031853e+001	1.445439770745927e+001
409	1.376995906562437e+001	1.380384264602885e+001
738	1.142653254081166e+001	1.148153621496883e+001
863	9.547974865138889e+000	9.549925860214358e+000
1003	9.284628095640201e+000	9.332543007969910e+000
1029	7.747340667674888e+000	7.762471166286917e+000
1050	5.154152219405889e+000	5.248074602497725e+000
1160	4.618914260727301e+000	4.677351412871983e+000
1181	2.588412417012479e+000	2.630267991895382e+000
1289	7.294788543666733e-001	7.413102413009175e-001
1505	6.805493660980848e-001	6.918309709189364e-001
1674	6.060404660953649e-001	6.165950018614822e-001
1710	5.779119775131919e-001	5.888436553555889e-001
1773	4.458692557670160e-001	4.466835921509632e-001
1798	3.625476797971172e-001	3.630780547701014e-001
1843	3.239405955748379e-001	3.311311214825911e-001
1871	3.199928176838697e-001	3.235936569296283e-001
1924	3.030093302301831e-001	3.090295432513591e-001
1965	2.781132326166010e-001	2.818382931264454e-001
2007	2.733705641335233e-001	2.754228703338166e-001
2064	2.597756817789144e-001	2.630267991895382e-001
2084	2.530586415321691e-001	2.570395782768864e-001
2087	2.433327369339100e-001	2.454708915685031e-001
2183	2.082441737962155e-001	2.089296130854039e-001
2199	1.943684047489941e-001	1.949844599758046e-001
2213	1.861095663312440e-001	1.862087136662868e-001
2220	1.622787622041154e-001	1.659586907437561e-001
2226	1.605876875672284e-001	1.621810097358930e-001
2239	1.442238550264450e-001	1.445439770745928e-001
2257	1.397337070221335e-001	1.412537544622755e-001
2294	1.372449488178694e-001	1.380384264602885e-001
2305	1.265394106303314e-001	1.288249551693134e-001
2307	1.250882044696382e-001	1.258925411794167e-001
2337	1.229219439710775e-001	1.230268770812382e-001
2350	1.179966864470300e-001	1.202264434617413e-001
2351	1.171208683067370e-001	1.174897554939529e-001
2367	1.108621288440028e-001	1.122018454301964e-001
2374	1.095709472972298e-001	1.096478196143185e-001
2385	1.059792608249861e-001	1.071519305237607e-001
2392	1.025805346807799e-001	1.047128548050900e-001
2421	1.009819907141486e-001	1.023292992280754e-001
2427	8.937404339091803e-002	9.120108393559097e-002
2444	8.708949521587639e-002	8.709635899560805e-002
2458	8.463901679856234e-002	8.511380382023763e-002
2463	8.065758514971766e-002	8.128305161640990e-002
2498	7.936778813016532e-002	7.943282347242814e-002
2499	7.727710182515757e-002	7.762471166286916e-002
2509	6.959250143929741e-002	7.079457843841380e-002
2522	6.911219705452187e-002	6.918309709189366e-002
2544	6.714354748510021e-002	6.760829753919818e-002
2548	6.328383084353983e-002	6.456542290346556e-002
2560	6.013184771430713e-002	6.025595860743578e-002
2591	5.855168164426827e-002	5.888436553555890e-002
2593	5.622009863087363e-002	5.623413251903491e-002
2618	5.209478430962766e-002	5.248074602497726e-002
2656	5.089381980433994e-002	5.128613839913648e-002
2684	4.938380566551959e-002	5.011872336272722e-002
2686	4.860442860509284e-002	4.897788193684461e-002
2688	4.729879197858300e-002	4.786300923226383e-002
2692	4.673386062656693e-002	4.677351412871982e-002
2700	4.514248457933656e-002	4.570881896148749e-002
2705	4.170901996857734e-002	4.265795188015926e-002
2714	4.105506117751101e-002	4.168693834703355e-002
2728	4.067951759411337e-002	4.073802778041128e-002
2735	3.974583110418539e-002	3.981071705534973e-002
2744	3.876079541776345e-002	3.890451449942807e-002
2785	3.757915263435041e-002	3.801893963205612e-002
2790	3.701541005302422e-002	3.715352290971726e-002
2796	3.555641289153888e-002	3.630780547701014e-002
2806	3.487805262173271e-002	3.548133892335755e-002
2808	3.424717911412745e-002	3.467368504525317e-002
2818	3.376309858610849e-002	3.388441561392026e-002
2827	3.292932660391079e-002	3.311311214825911e-002
2839	3.226660699175588e-002	3.235936569296283e-002
2854	3.140817773443183e-002	3.162277660168379e-002
2867	3.058429739550805e-002	3.090295432513590e-002
2879	3.015925364836147e-002	3.019951720402016e-002
2894	2.820177270659530e-002	2.884031503126606e-002
2896	2.759847648474356e-002	2.818382931264454e-002
2901	2.753844538320760e-002	2.754228703338166e-002
2920	2.658332541876507e-002	2.691534803926915e-002
2944	2.628116781282741e-002	2.630267991895382e-002
2962	2.550453411750697e-002	2.570395782768863e-002
2976	2.499805100704533e-002	2.511886431509579e-002
2994	2.445045066123519e-002	2.454708915685030e-002
2997	2.391895515807019e-002	2.398832919019490e-002
3024	2.337869124883851e-002	2.344228815319923e-002
3033	2.281802898904606e-002	2.290867652767774e-002
3062	2.217140714744137e-002	2.238721138568340e-002
3074	2.179781318545271e-002	2.187761623949553e-002
3090	2.103217523520506e-002	2.137962089502233e-002
3097	2.086983021844802e-002	2.089296130854040e-002
3119	2.036423603753224e-002	2.041737944669530e-002
3140	1.993465207749390e-002	1.995262314968880e-002
3145	1.905162269564087e-002	1.905460717963247e-002
3175	1.849249443113776e-002	1.862087136662868e-002
3188	1.799928896870229e-002	1.819700858609984e-002
3205	1.775014825683896e-002	1.778279410038923e-002
3215	1.714486387033465e-002	1.737800828749376e-002
3216	1.692510257162538e-002	1.698243652461744e-002
3222	1.652993568817740e-002	1.659586907437561e-002
3238	1.617972920486388e-002	1.621810097358930e-002
3247	1.572996210593758e-002	1.584893192461113e-002
3256	1.534646569560660e-002	1.548816618912481e-002
3267	1.505235722095955e-002	1.513561248436208e-002
3288	1.476910746351001e-002	1.479108388168207e-002
3319	1.432822416937463e-002	1.445439770745927e-002
3330	1.406959141695863e-002	1.412537544622754e-002
3345	1.379583401134199e-002	1.380384264602885e-002
3392	1.346668868257483e-002	1.348962882591653e-002
3428	1.312307592492834e-002	1.318256738556408e-002
3470	1.287452220865371e-002	1.288249551693134e-002
3483	1.256850646055396e-002	1.258925411794168e-002
3516	1.228411124179230e-002	1.230268770812382e-002
3532	1.195912692135492e-002	1.202264434617413e-002
3546	1.164747684248335e-002	1.174897554939530e-002
3573	1.139898296615394e-002	1.148153621496883e-002
3598	1.121229851884120e-002	1.122018454301964e-002
3660	1.095836786887028e-002	1.096478196143185e-002
3670	1.071408263555929e-002	1.071519305237607e-002
3724	1.027802850723336e-002	1.047128548050900e-002
3734	1.019135987322828e-002	1.023292992280754e-002
3739	9.993366059211861e-003	1.000000000000000e-002
3775	9.769970254243754e-003	9.772372209558112e-003
3828	9.539043345645482e-003	9.549925860214359e-003
3888	9.303950378336090e-003	9.332543007969915e-003
3948	9.098742432860241e-003	9.120108393559097e-003
4021	8.908708949309618e-003	8.912509381337459e-003
4069	8.709086847148662e-003	8.709635899560805e-003
4152	8.508001033154522e-003	8.511380382023768e-003
4217	8.316558108574679e-003	8.317637711026709e-003
4282	8.125092733085593e-003	8.128305161640995e-003
4384	7.934619277972232e-003	7.943282347242814e-003
4478	7.761832989233275e-003	7.762471166286920e-003
4690	7.584576434568002e-003	7.585775750291836e-003
5143	7.412899117026028e-003	7.413102413009177e-003
290003	7.244298715316289e-003	7.244359600749898e-003
500001	7.239107368804065e-003	7.244359600749898e-003
%
% index = 1124, name = bbob_f001_i11_d05__bbob_f006_i12_d05
% instance = 5, reference value = 9.592771211978340e-001
% function evaluation | indicator value | target hit
1	8.628707721144014e+002	8.709635899560806e+002
2	2.414399029559957e+002	2.454708915685031e+002
3	2.275982166246047e+002	2.290867652767772e+002
5	2.037734360956273e+002	2.041737944669530e+002
6	1.286081358816030e+002	1.288249551693134e+002
15	1.126227466417981e+002	1.148153621496883e+002
18	7.134975663307520e+001	7.244359600749903e+001
24	2.327010520909310e+001	2.344228815319923e+001
345	1.698278020649783e+001	1.737800828749375e+001
394	1.197633062167325e+001	1.202264434617413e+001
410	9.153801610315364e+000	9.332543007969910e+000
485	6.262200207671301e+000	6.309573444801933e+000
703	3.844047872434834e+000	3.890451449942806e+000
858	2.915470714807334e+000	2.951209226666386e+000
886	1.824604513846834e+000	1.862087136662868e+000
892	1.467280914565087e+000	1.479108388168207e+000
1146	1.306155066338118e+000	1.318256738556407e+000
1285	1.147354690721334e+000	1.148153621496883e+000
1440	1.025841568497834e+000	1.047128548050900e+000
1459	8.818018981652477e-001	8.912509381337456e-001
1517	8.579891041123023e-001	8.709635899560806e-001
1533	8.079542727540593e-001	8.128305161640993e-001
1551	7.469611910201084e-001	7.585775750291838e-001
1601	6.999016184079641e-001	7.079457843841379e-001
1653	6.565610355916698e-001	6.606934480075960e-001
1686	6.426436557993924e-001	6.456542290346555e-001
1695	6.267917539467711e-001	6.309573444801933e-001
1792	6.115925317333055e-001	6.165950018614822e-001
1826	5.902206212839358e-001	6.025595860743578e-001
1839	5.806698779503468e-001	5.888436553555889e-001
1853	5.663676631268477e-001	5.754399373371569e-001
1858	2.670898808870734e-001	2.691534803926916e-001
1883	2.528594172639082e-001	2.570395782768864e-001
1921	2.493551577196234e-001	2.511886431509580e-001
1926	2.183186309995534e-001	2.187761623949552e-001
1934	2.090656181668014e-001	2.137962089502232e-001
1939	1.981779363748543e-001	1.995262314968880e-001
1957	1.863994595225680e-001	1.905460717963247e-001
1984	1.158107616108586e-001	1.174897554939529e-001
1991	1.127683572038853e-001	1.148153621496883e-001
2024	1.107220350832684e-001	1.122018454301964e-001
2047	1.083769431577502e-001	1.096478196143185e-001
2056	1.041731739205543e-001	1.047128548050900e-001
2160	9.704029565388106e-002	9.772372209558107e-002
2170	8.966431710953782e-002	9.120108393559097e-002
2189	8.475966501220367e-002	8.511380382023763e-002
2232	7.835628159344699e-002	7.943282347242814e-002
2233	7.755344642898920e-002	7.762471166286916e-002
2273	7.505863142542057e-002	7.585775750291836e-002
2307	7.111354840440542e-002	7.244359600749903e-002
2321	6.928672104894806e-002	7.079457843841380e-002
2325	6.306855792414112e-002	6.309573444801933e-002
2338	4.908457277857026e-002	5.011872336272722e-002
2346	4.112859170590122e-002	4.168693834703355e-002
2372	3.969997612233855e-002	3.981071705534973e-002
2373	3.834452761505114e-002	3.890451449942807e-002
2382	3.762330114984047e-002	3.801893963205612e-002
2392	3.435359400339699e-002	3.467368504525317e-002
2407	3.351652900016433e-002	3.388441561392026e-002
2437	3.161218245864805e-002	3.162277660168379e-002
2444	3.055997632458452e-002	3.090295432513590e-002
2446	2.855605590013577e-002	2.884031503126606e-002
2450	2.770590592839828e-002	2.818382931264454e-002
2510	2.655698158053088e-002	2.691534803926915e-002
2548	2.588543233031881e-002	2.630267991895382e-002
2560	2.556441637370321e-002	2.570395782768863e-002
2569	2.444785714107411e-002	2.454708915685030e-002
2622	2.182682920598167e-002	2.187761623949553e-002
2643	2.131681870420332e-002	2.137962089502233e-002
2675	2.088661580198792e-002	2.089296130854040e-002
2701	2.004198095713394e-002	2.041737944669530e-002
2712	1.937934529044483e-002	1.949844599758046e-002
2714	1.725313170234155e-002	1.737800828749376e-002
2735	1.676771421976109e-002	1.698243652461744e-002
2746	1.658582698119271e-002	1.659586907437561e-002
2784	1.594485459055439e-002	1.621810097358930e-002
2790	1.576564860435181e-002	1.584893192461113e-002
2848	1.543505769802400e-002	1.548816618912481e-002
2922	1.509091152475606e-002	1.513561248436208e-002
2924	1.471282151285946e-002	1.479108388168207e-002
2947	1.445308423776337e-002	1.445439770745927e-002
2992	1.368239796479287e-002	1.380384264602885e-002
3010	1.342180547569771e-002	1.348962882591653e-002
3037	1.290954101897257e-002	1.318256738556408e-002
3042	1.287006821814096e-002	1.288249551693134e-002
3086	1.252911370648902e-002	1.258925411794168e-002
3164	1.230252452985925e-002	1.230268770812382e-002
3185	1.142530582462276e-002	1.148153621496883e-002
3265	1.118943778436399e-002	1.122018454301964e-002
3285	1.088598391249607e-002	1.096478196143185e-002
3362	1.040328159632298e-002	1.047128548050900e-002
3400	1.018822965866539e-002	1.023292992280754e-002
3463	9.746510493956473e-003	9.772372209558112e-003
3532	9.542890773051038e-003	9.549925860214359e-003
3536	8.794481455890568e-003	8.912509381337459e-003
3545	8.401557709485696e-003	8.511380382023768e-003
3551	8.314920962883665e-003	8.317637711026709e-003
3616	7.863723107498610e-003	7.943282347242814e-003
3682	7.748143698524834e-003	7.762471166286920e-003
3705	7.284276451525629e-003	7.413102413009177e-003
3737	7.120278419229575e-003	7.244359600749898e-003
3747	7.078812193898165e-003	7.079457843841380e-003
3768	6.853096290841076e-003	6.918309709189363e-003
3783	6.752027495317448e-003	6.760829753919818e-003
3821	6.577082613360208e-003	6.606934480075957e-003
3831	6.160708954529914e-003	6.165950018614822e-003
3846	6.021430091199709e-003	6.025595860743574e-003
3869	5.796594263160149e-003	5.888436553555890e-003
3882	5.749615848609557e-003	5.754399373371567e-003
3943	5.614636479254198e-003	5.623413251903491e-003
3954	5.493817284401792e-003	5.495408738576248e-003
3976	5.369480765543666e-003	5.370317963702527e-003
4020	5.238739497150924e-003	5.248074602497728e-003
4051	5.045716924570676e-003	5.128613839913648e-003
4066	5.011231543734396e-003	5.011872336272725e-003
4107	4.893073448670071e-003	4.897788193684461e-003
4254	4.784069292149917e-003	4.786300923226385e-003
4486	4.677195495408015e-003	4.677351412871981e-003
6043	4.570838076101702e-003	4.570881896148752e-003
500001	4.497090323612896e-003	4.570881896148752e-003
%
% index = 1125, name = bbob_f001_i13_d05__bbob_f006_i14_d05
% instance = 6, reference value = 9.705273371807081e-001
% function evaluation | indicator value | target hit
1	1.556646158293256e+003	1.584893192461114e+003
3	1.101570471400552e+003	1.122018454301963e+003
4	4.570310330630512e+002	4.570881896148752e+002
6	7.163613752351996e+001	7.244359600749903e+001
10	2.857453534367648e+001	2.884031503126606e+001
529	2.653245982752628e+001	2.691534803926916e+001
598	2.534147814199217e+001	2.570395782768863e+001
655	1.924779419202383e+001	1.949844599758045e+001
694	1.609034377608121e+001	1.621810097358930e+001
818	1.547344175683308e+001	1.548816618912481e+001
877	1.318175207209971e+001	1.318256738556407e+001
935	1.039669504992659e+001	1.047128548050900e+001
973	8.775610336159623e+000	8.912509381337454e+000
1026	7.062965391562623e+000	7.079457843841379e+000
1029	4.900419215823208e+000	5.011872336272722e+000
1078	3.104347925040708e+000	3.162277660168379e+000
1259	2.510829223067658e+000	2.511886431509580e+000
1450	2.162953569712208e+000	2.187761623949553e+000
1481	9.815682884767080e-001	1.000000000000000e+000
1593	7.864890388159961e-001	7.943282347242815e-001
1637	6.833994134145440e-001	6.918309709189364e-001
1660	5.088311708458800e-001	5.128613839913648e-001
1762	4.905262180029414e-001	5.011872336272722e-001
1855	4.808307575763640e-001	4.897788193684462e-001
1866	3.648705235398665e-001	3.715352290971726e-001
1893	3.502969768033781e-001	3.548133892335755e-001
1927	3.442267895931360e-001	3.467368504525316e-001
1984	3.113606183600064e-001	3.162277660168379e-001
2018	2.935252331927160e-001	2.951209226666385e-001
2020	2.204629000914939e-001	2.238721138568340e-001
2045	2.183744536777804e-001	2.187761623949552e-001
2048	1.946399780846552e-001	1.949844599758046e-001
2069	1.703292235217583e-001	1.737800828749375e-001
2090	1.118792214646865e-001	1.122018454301964e-001
2261	8.850588431972906e-002	8.912509381337455e-002
2272	8.704485118853544e-002	8.709635899560805e-002
2293	8.037881078146369e-002	8.128305161640990e-002
2348	7.289598829604838e-002	7.413102413009177e-002
2402	6.856593090954133e-002	6.918309709189366e-002
2440	5.597730155711356e-002	5.623413251903491e-002
2510	5.457799452922396e-002	5.495408738576246e-002
2591	5.341789779915407e-002	5.370317963702527e-002
2594	5.032553988201882e-002	5.128613839913648e-002
2601	4.807527482911000e-002	4.897788193684461e-002
2620	4.731595728711679e-002	4.786300923226383e-002
2624	3.870712611816563e-002	3.890451449942807e-002
2658	3.475320996376630e-002	3.548133892335755e-002
2675	3.337228359026456e-002	3.388441561392026e-002
2692	3.273792089106442e-002	3.311311214825911e-002
2760	2.958918175605430e-002	3.019951720402016e-002
2786	2.891275263986282e-002	2.951209226666385e-002
2817	2.716715137295267e-002	2.754228703338166e-002
2819	2.416763331455962e-002	2.454708915685030e-002
2900	2.376244631973146e-002	2.398832919019490e-002
2949	2.306422582370327e-002	2.344228815319923e-002
2951	2.277305203353042e-002	2.290867652767774e-002
2995	2.235405313552485e-002	2.238721138568340e-002
3004	2.181604994977893e-002	2.187761623949553e-002
3017	2.110181288878354e-002	2.137962089502233e-002
3038	2.062534510245306e-002	2.089296130854040e-002
3062	2.035645052257784e-002	2.041737944669530e-002
3076	1.979775751814650e-002	1.995262314968880e-002
3122	1.934392049612865e-002	1.949844599758046e-002
3132	1.810954122597686e-002	1.819700858609984e-002
3221	1.778016858372644e-002	1.778279410038923e-002
3244	1.716343550226784e-002	1.737800828749376e-002
3264	1.664906752436723e-002	1.698243652461744e-002
3275	1.652638306880605e-002	1.659586907437561e-002
3298	1.554869338641796e-002	1.584893192461113e-002
3301	1.544091625443012e-002	1.548816618912481e-002
3349	1.359586684438174e-002	1.380384264602885e-002
3363	1.347594071608071e-002	1.348962882591653e-002
3399	1.315767371888588e-002	1.318256738556408e-002
3412	1.244200720150235e-002	1.258925411794168e-002
3434	1.210025083622968e-002	1.230268770812382e-002
3474	1.197924812200690e-002	1.202264434617413e-002
3490	1.123997699428037e-002	1.148153621496883e-002
3495	1.121155118164563e-002	1.122018454301964e-002
3503	9.591645645194546e-003	9.772372209558112e-003
3519	9.352113369258452e-003	9.549925860214359e-003
3525	9.171888234876358e-003	9.332543007969915e-003
3563	8.935864997428045e-003	9.120108393559097e-003
3572	8.879824325937258e-003	8.912509381337459e-003
3611	8.580503575089771e-003	8.709635899560805e-003
3617	8.463903543541651e-003	8.511380382023768e-003
3651	8.132879607750887e-003	8.317637711026709e-003
3663	8.125834621086847e-003	8.128305161640995e-003
3813	7.817502225903272e-003	7.943282347242814e-003
3814	7.387324242041915e-003	7.413102413009177e-003
4028	7.231709084157489e-003	7.244359600749898e-003
4053	7.065916305095010e-003	7.079457843841380e-003
4204	6.822383329720405e-003	6.918309709189363e-003
4219	6.674484203327724e-003	6.760829753919818e-003
4239	6.597170931516572e-003	6.606934480075957e-003
4293	6.431369438348211e-003	6.456542290346556e-003
4294	5.999296903201667e-003	6.025595860743574e-003
4357	5.817877856271858e-003	5.888436553555890e-003
4422	5.752712430491358e-003	5.754399373371567e-003
4469	5.580691199603249e-003	5.623413251903491e-003
4471	5.371111670777307e-003	5.495408738576248e-003
4485	5.344974233754130e-003	5.370317963702527e-003
4571	5.234721328730707e-003	5.248074602497728e-003
4630	4.881182967224174e-003	4.897788193684461e-003
4687	4.766518553223742e-003	4.786300923226385e-003
4743	4.671633680827347e-003	4.677351412871981e-003
4845	4.552785253142289e-003	4.570881896148752e-003
4918	4.442156510326978e-003	4.466835921509631e-003
4963	4.359005573937091e-003	4.365158322401661e-003
4967	4.256208244936444e-003	4.265795188015926e-003
4979	3.939202205428205e-003	3.981071705534973e-003
5021	3.884199038669545e-003	3.890451449942805e-003
5094	3.800192215082432e-003	3.801893963205613e-003
5168	3.696222501766933e-003	3.715352290971724e-003
5208	3.589666556501392e-003	3.630780547701014e-003
5239	3.546968650347204e-003	3.548133892335753e-003
5293	3.462771240279161e-003	3.467368504525317e-003
5423	3.379093202833361e-003	3.388441561392024e-003
5520	3.308019495212755e-003	3.311311214825911e-003
5686	3.232502006147775e-003	3.235936569296281e-003
5795	3.161162440697862e-003	3.162277660168379e-003
6041	3.089658371292159e-003	3.090295432513592e-003
6502	3.017982558295551e-003	3.019951720402016e-003
7797	2.951094691696632e-003	2.951209226666387e-003
70063	2.884015421068642e-003	2.884031503126606e-003
500001	2.873126576930174e-003	2.884031503126606e-003
%
% index = 1126, name = bbob_f001_i15_d05__bbob_f006_i16_d05
% instance = 7, reference value = 9.039124291655810e-001
% function evaluation | indicator value | target hit
1	5.033771455396714e+002	5.128613839913649e+002
2	2.032691415177846e+002	2.041737944669530e+002
4	1.774887390019904e+002	1.778279410038923e+002
5	1.702800828328855e+002	1.737800828749376e+002
6	9.084822308180551e+001	9.120108393559097e+001
10	1.635643292132714e+001	1.659586907437561e+001
253	1.066170825555358e+001	1.071519305237607e+001
532	7.975387408855736e+000	8.128305161640993e+000
624	5.598227639315525e+000	5.623413251903491e+000
654	5.215865047078581e+000	5.248074602497725e+000
880	1.568772867150081e+000	1.584893192461114e+000
989	1.344820816060081e+000	1.348962882591654e+000
1053	6.608405270688891e-001	6.760829753919818e-001
1081	6.558825875783836e-001	6.606934480075960e-001
1181	5.508133689582662e-001	5.623413251903491e-001
1227	5.434961216235996e-001	5.495408738576245e-001
1299	4.477550322656856e-001	4.570881896148750e-001
1345	4.419678011417962e-001	4.466835921509632e-001
1461	3.473654344162074e-001	3.548133892335755e-001
1494	2.708523998301566e-001	2.754228703338166e-001
1500	2.535538874383522e-001	2.570395782768864e-001
1527	2.451834690899987e-001	2.454708915685031e-001
1602	1.979671959723718e-001	1.995262314968880e-001
1628	1.916821300987066e-001	1.949844599758046e-001
1648	1.854177387402880e-001	1.862087136662868e-001
1658	1.766246230917615e-001	1.778279410038923e-001
1665	1.719813855325915e-001	1.737800828749375e-001
1688	1.585701904871922e-001	1.621810097358930e-001
1700	1.457835645199949e-001	1.479108388168208e-001
1704	1.435025964630473e-001	1.445439770745928e-001
1707	1.406188299227322e-001	1.412537544622755e-001
1718	1.343370556821789e-001	1.348962882591654e-001
1756	1.306168669689773e-001	1.318256738556407e-001
1768	1.243756919976030e-001	1.258925411794167e-001
1793	1.216247096912785e-001	1.230268770812382e-001
1799	1.201911444160724e-001	1.202264434617413e-001
1810	1.144648263280502e-001	1.148153621496883e-001
1857	1.093308174802634e-001	1.096478196143185e-001
1895	1.040457527592804e-001	1.047128548050900e-001
1919	9.488430265794356e-002	9.549925860214359e-002
1952	9.277389731858743e-002	9.332543007969910e-002
1954	8.983478365473807e-002	9.120108393559097e-002
1970	8.680228093096964e-002	8.709635899560805e-002
1976	8.111449401830717e-002	8.128305161640990e-002
1991	7.679498051993172e-002	7.762471166286916e-002
2013	7.357227119503473e-002	7.413102413009177e-002
2054	7.136472671811445e-002	7.244359600749903e-002
2076	6.868006312138908e-002	6.918309709189366e-002
2095	6.693410969828351e-002	6.760829753919818e-002
2106	6.535484136068914e-002	6.606934480075961e-002
2114	6.192008171460306e-002	6.309573444801933e-002
2115	6.164033299703153e-002	6.165950018614822e-002
2137	5.977908819568256e-002	6.025595860743578e-002
2160	5.878483828408199e-002	5.888436553555890e-002
2185	5.711476373975966e-002	5.754399373371569e-002
2195	5.575154979828079e-002	5.623413251903491e-002
2196	5.249947878614281e-002	5.370317963702527e-002
2200	5.094763277679992e-002	5.128613839913648e-002
2235	4.969256503672481e-002	5.011872336272722e-002
2244	4.734083660453381e-002	4.786300923226383e-002
2253	4.675718962781772e-002	4.677351412871982e-002
2256	4.438293119595127e-002	4.466835921509630e-002
2262	4.355295524319203e-002	4.365158322401658e-002
2272	4.226598155744199e-002	4.265795188015926e-002
2288	4.102236542707416e-002	4.168693834703355e-002
2314	4.071372410308116e-002	4.073802778041128e-002
2333	3.971220503816242e-002	3.981071705534973e-002
2350	3.854222848450251e-002	3.890451449942807e-002
2361	3.791766281667885e-002	3.801893963205612e-002
2365	3.689418801885191e-002	3.715352290971726e-002
2381	3.630100291330751e-002	3.630780547701014e-002
2385	3.529340591167729e-002	3.548133892335755e-002
2386	3.449982779820660e-002	3.467368504525317e-002
2395	3.382600357347543e-002	3.388441561392026e-002
2407	3.094494542558923e-002	3.162277660168379e-002
2414	3.087651034895678e-002	3.090295432513590e-002
2438	3.018473661954146e-002	3.019951720402016e-002
2439	2.943712110582863e-002	2.951209226666385e-002
2456	2.878528830248317e-002	2.884031503126606e-002
2457	2.794574637382197e-002	2.818382931264454e-002
2470	2.694313390014191e-002	2.754228703338166e-002
2474	2.677977071933024e-002	2.691534803926915e-002
2482	2.383928896358112e-002	2.398832919019490e-002
2495	2.331507245559050e-002	2.344228815319923e-002
2517	2.247706050765586e-002	2.290867652767774e-002
2525	2.229645504939104e-002	2.238721138568340e-002
2544	2.174830126446359e-002	2.187761623949553e-002
2552	1.998891648131207e-002	2.041737944669530e-002
2556	1.986767881884621e-002	1.995262314968880e-002
2573	1.942677310367968e-002	1.949844599758046e-002
2585	1.837392734948840e-002	1.862087136662868e-002
2586	1.799178055368289e-002	1.819700858609984e-002
2608	1.775972584302443e-002	1.778279410038923e-002
2632	1.734261807763438e-002	1.737800828749376e-002
2638	1.694967224889254e-002	1.698243652461744e-002
2687	1.657607873326628e-002	1.659586907437561e-002
2720	1.611816012629252e-002	1.621810097358930e-002
2722	1.562496564513194e-002	1.584893192461113e-002
2752	1.546846272003777e-002	1.548816618912481e-002
2772	1.503060354205477e-002	1.513561248436208e-002
2785	1.473454381428396e-002	1.479108388168207e-002
2814	1.444817861464465e-002	1.445439770745927e-002
2831	1.405643133499368e-002	1.412537544622754e-002
2853	1.379540455891348e-002	1.380384264602885e-002
2861	1.315947932008599e-002	1.318256738556408e-002
2881	1.287478567755107e-002	1.288249551693134e-002
2906	1.224936884072658e-002	1.230268770812382e-002
2942	1.199994897292644e-002	1.202264434617413e-002
2947	1.170621020679330e-002	1.174897554939530e-002
2974	1.148000428088947e-002	1.148153621496883e-002
2988	1.118703922923903e-002	1.122018454301964e-002
2989	1.042000676977573e-002	1.047128548050900e-002
3000	1.023052453609974e-002	1.023292992280754e-002
3037	9.917206094657960e-003	1.000000000000000e-002
3074	9.752513839639376e-003	9.772372209558112e-003
3099	9.370586823699956e-003	9.549925860214359e-003
3108	9.327572815601481e-003	9.332543007969915e-003
3145	9.021888170759107e-003	9.120108393559097e-003
3167	8.887472626744719e-003	8.912509381337459e-003
3179	8.114360782852215e-003	8.128305161640995e-003
3194	7.881053486452294e-003	7.943282347242814e-003
3226	7.758711295325682e-003	7.762471166286920e-003
3272	7.579122086157186e-003	7.585775750291836e-003
3351	7.411606393889048e-003	7.413102413009177e-003
3417	7.233656796074572e-003	7.244359600749898e-003
3532	7.075777815496176e-003	7.079457843841380e-003
3661	6.917478907798480e-003	6.918309709189363e-003
4204	6.760662821831964e-003	6.760829753919818e-003
195894	6.606864733632478e-003	6.606934480075957e-003
500001	6.587944118899514e-003	6.606934480075957e-003
%
% index = 1127, name = bbob_f001_i17_d05__bbob_f006_i18_d05
% instance = 8, reference value = 9.226453547266110e-001
% function evaluation | indicator value | target hit
1	5.293352715128368e+002	5.370317963702527e+002
2	2.483864020852467e+002	2.511886431509580e+002
5	2.338994077432291e+002	2.344228815319923e+002
6	4.414278090913146e+001	4.466835921509630e+001
10	1.997158504870815e+001	2.041737944669530e+001
41	1.306549872502624e+001	1.318256738556407e+001
589	8.299878341660421e+000	8.317637711026711e+000
731	7.785532094896613e+000	7.943282347242816e+000
768	6.659391384648878e+000	6.760829753919817e+000
878	6.267900739343610e+000	6.309573444801933e+000
897	4.141261548186937e+000	4.168693834703354e+000
958	2.859224619054611e+000	2.884031503126606e+000
1064	7.850668400060331e-001	7.943282347242815e-001
1587	7.603278954245678e-001	7.762471166286917e-001
1648	6.311941671408565e-001	6.456542290346555e-001
1651	5.889608668080827e-001	6.025595860743578e-001
1680	5.668883677947980e-001	5.754399373371569e-001
1704	5.406420389116220e-001	5.495408738576245e-001
1739	5.023561781490828e-001	5.128613839913648e-001
1750	4.739326053022386e-001	4.786300923226383e-001
1797	4.509277247373172e-001	4.570881896148750e-001
1884	4.035711440768934e-001	4.073802778041127e-001
1891	3.933119815497236e-001	3.981071705534973e-001
1892	3.257896773040721e-001	3.311311214825911e-001
1966	3.208816747254594e-001	3.235936569296283e-001
1970	3.152602004692319e-001	3.162277660168379e-001
2023	2.581243408272177e-001	2.630267991895382e-001
2024	2.305666621666698e-001	2.344228815319922e-001
2029	1.882920300546142e-001	1.905460717963247e-001
2113	1.847688208237303e-001	1.862087136662868e-001
2165	1.522769813305288e-001	1.548816618912481e-001
2196	1.512105786343806e-001	1.513561248436208e-001
2206	1.377963873525129e-001	1.380384264602885e-001
2255	1.295099189370437e-001	1.318256738556407e-001
2256	1.249543020337615e-001	1.258925411794167e-001
2283	1.190734515294949e-001	1.202264434617413e-001
2290	1.119091071784161e-001	1.122018454301964e-001
2307	1.091190563240453e-001	1.096478196143185e-001
2327	9.712706445704245e-002	9.772372209558107e-002
2359	8.648309842911506e-002	8.709635899560805e-002
2403	8.027252136832952e-002	8.128305161640990e-002
2421	7.798192495281986e-002	7.943282347242814e-002
2464	7.525280458448924e-002	7.585775750291836e-002
2469	7.213892976239567e-002	7.244359600749903e-002
2479	7.077014452749764e-002	7.079457843841380e-002
2485	6.912406404666371e-002	6.918309709189366e-002
2591	6.524319990083938e-002	6.606934480075961e-002
2615	6.094589392136718e-002	6.165950018614822e-002
2629	5.759709070541841e-002	5.888436553555890e-002
2635	5.243704467397403e-002	5.248074602497726e-002
2674	5.117170543522676e-002	5.128613839913648e-002
2752	4.959822361888699e-002	5.011872336272722e-002
2783	4.892545733508480e-002	4.897788193684461e-002
2850	4.782097453765333e-002	4.786300923226383e-002
2871	4.505111335899825e-002	4.570881896148749e-002
2883	4.450169698834561e-002	4.466835921509630e-002
2895	4.329999484108404e-002	4.365158322401658e-002
2910	4.261259891364255e-002	4.265795188015926e-002
2921	4.069710086268319e-002	4.073802778041128e-002
2924	3.629031085317258e-002	3.630780547701014e-002
2974	3.531315078977115e-002	3.548133892335755e-002
2986	3.358565808679992e-002	3.388441561392026e-002
2991	3.190733980005989e-002	3.235936569296283e-002
3006	3.132816953012152e-002	3.162277660168379e-002
3007	3.083665543792824e-002	3.090295432513590e-002
3023	2.952210565883318e-002	3.019951720402016e-002
3029	2.894159682640496e-002	2.951209226666385e-002
3045	2.874578327004163e-002	2.884031503126606e-002
3092	2.813720034077127e-002	2.818382931264454e-002
3102	2.753080145236164e-002	2.754228703338166e-002
3164	2.681715879251290e-002	2.691534803926915e-002
3168	2.513191029910544e-002	2.570395782768863e-002
3171	2.499280893680400e-002	2.511886431509579e-002
3187	2.446123760729690e-002	2.454708915685030e-002
3211	2.335803516361590e-002	2.344228815319923e-002
3212	2.209090405689607e-002	2.238721138568340e-002
3225	2.161227153704037e-002	2.187761623949553e-002
3252	2.134542911593840e-002	2.137962089502233e-002
3261	2.087512531162428e-002	2.089296130854040e-002
3284	2.035406752227809e-002	2.041737944669530e-002
3314	1.838236989640907e-002	1.862087136662868e-002
3320	1.795647734080930e-002	1.819700858609984e-002
3321	1.776629990616585e-002	1.778279410038923e-002
3338	1.694150225383806e-002	1.698243652461744e-002
3357	1.656830970149414e-002	1.659586907437561e-002
3401	1.503916483061174e-002	1.513561248436208e-002
3413	1.378103220424853e-002	1.380384264602885e-002
3424	1.331280907229349e-002	1.348962882591653e-002
3429	1.305391316717897e-002	1.318256738556408e-002
3443	1.287387320959466e-002	1.288249551693134e-002
3473	1.244838509403712e-002	1.258925411794168e-002
3477	1.228478542432721e-002	1.230268770812382e-002
3498	1.197509638022376e-002	1.202264434617413e-002
3517	1.167163194148591e-002	1.174897554939530e-002
3527	1.129343597663579e-002	1.148153621496883e-002
3546	1.085522782893966e-002	1.096478196143185e-002
3569	1.063825420683606e-002	1.071519305237607e-002
3591	1.045081964497896e-002	1.047128548050900e-002
3594	1.020847928873503e-002	1.023292992280754e-002
3618	9.666492762878676e-003	9.772372209558112e-003
3631	9.527326075654319e-003	9.549925860214359e-003
3644	9.269220671076717e-003	9.332543007969915e-003
3664	9.022125439336670e-003	9.120108393559097e-003
3667	8.869838673213559e-003	8.912509381337459e-003
3688	8.692598031081911e-003	8.709635899560805e-003
3701	8.460606176970753e-003	8.511380382023768e-003
3712	8.204340756468032e-003	8.317637711026709e-003
3727	8.099156509497330e-003	8.128305161640995e-003
3760	7.936402817091404e-003	7.943282347242814e-003
3778	7.655740752879447e-003	7.762471166286920e-003
3789	7.581046049949025e-003	7.585775750291836e-003
3832	7.364480433077358e-003	7.413102413009177e-003
3842	7.238462778364596e-003	7.244359600749898e-003
3889	7.048176720195531e-003	7.079457843841380e-003
3904	6.917106624232616e-003	6.918309709189363e-003
3923	6.743283437157355e-003	6.760829753919818e-003
3954	6.601871975891016e-003	6.606934480075957e-003
3978	6.432306506424679e-003	6.456542290346556e-003
3996	6.306506027886960e-003	6.309573444801930e-003
4093	6.158243679312392e-003	6.165950018614822e-003
4124	6.025538149002085e-003	6.025595860743574e-003
4218	5.886217473215383e-003	5.888436553555890e-003
4316	5.754110395610468e-003	5.754399373371567e-003
4465	5.622688341862636e-003	5.623413251903491e-003
4701	5.494883881390855e-003	5.495408738576248e-003
5221	5.369051501580624e-003	5.370317963702527e-003
500001	5.248829635291830e-003	5.370317963702527e-003
%
% index = 1128, name = bbob_f001_i19_d05__bbob_f006_i21_d05
% instance = 9, reference value = 8.527706228281770e-001
% function evaluation | indicator value | target hit
1	1.465376484553078e+003	1.479108388168207e+003
2	5.026971440790626e+002	5.128613839913649e+002
5	2.602479284317396e+002	2.630267991895382e+002
8	1.863665290191098e+002	1.905460717963246e+002
35	1.305109739375437e+002	1.318256738556407e+002
67	1.038078010355543e+002	1.047128548050900e+002
142	4.653718413070781e+001	4.677351412871981e+001
198	3.739405541087663e+001	3.801893963205612e+001
522	3.516980582934509e+001	3.548133892335755e+001
556	2.964344984666718e+001	3.019951720402016e+001
734	1.997453290463717e+001	2.041737944669530e+001
866	7.319385147105696e+000	7.413102413009175e+000
1235	5.217887394196803e+000	5.248074602497725e+000
1312	3.964592185758182e+000	3.981071705534972e+000
1356	2.363795218851144e+000	2.398832919019490e+000
1490	1.914391084224271e+000	1.949844599758045e+000
1515	1.808167648337677e+000	1.819700858609983e+000
1652	1.190338713543677e+000	1.202264434617413e+000
1720	9.814113534056769e-001	1.000000000000000e+000
1978	8.843460301296769e-001	8.912509381337456e-001
1983	7.994853779076239e-001	8.128305161640993e-001
2103	7.058776701840026e-001	7.079457843841379e-001
2129	5.998292780893560e-001	6.025595860743578e-001
2131	5.450234477450398e-001	5.495408738576245e-001
2136	4.249430147694353e-001	4.265795188015927e-001
2237	3.501244748303029e-001	3.548133892335755e-001
2261	3.441381351083898e-001	3.467368504525316e-001
2294	3.329595342707137e-001	3.388441561392026e-001
2326	3.179322733057082e-001	3.235936569296283e-001
2350	2.685856907741717e-001	2.691534803926916e-001
2352	2.630132264085134e-001	2.630267991895382e-001
2375	2.559732726670092e-001	2.570395782768864e-001
2387	2.340061632669713e-001	2.344228815319922e-001
2398	2.229470983464899e-001	2.238721138568340e-001
2413	2.159105339762655e-001	2.187761623949552e-001
2433	2.029412719527058e-001	2.041737944669530e-001
2448	1.985262337192089e-001	1.995262314968880e-001
2477	1.909838915006359e-001	1.949844599758046e-001
2480	1.846060241332670e-001	1.862087136662868e-001
2535	1.784063661466113e-001	1.819700858609984e-001
2547	1.722956741138976e-001	1.737800828749375e-001
2550	1.613064614484915e-001	1.621810097358930e-001
2559	1.460461752025216e-001	1.479108388168208e-001
2581	1.378510814574253e-001	1.380384264602885e-001
2638	1.307337105215600e-001	1.318256738556407e-001
2641	1.256707501508960e-001	1.258925411794167e-001
2646	1.228350236992805e-001	1.230268770812382e-001
2724	1.191785936086213e-001	1.202264434617413e-001
2763	1.104198658083390e-001	1.122018454301964e-001
2764	1.081617135848053e-001	1.096478196143185e-001
2770	1.061281478998465e-001	1.071519305237607e-001
2808	9.951985013130882e-002	1.000000000000000e-001
2830	8.927633777435529e-002	9.120108393559097e-002
2879	8.900705108875018e-002	8.912509381337455e-002
2904	8.570826420577704e-002	8.709635899560805e-002
2906	8.362987233099817e-002	8.511380382023763e-002
2913	8.234405329312089e-002	8.317637711026708e-002
2937	7.816753535260435e-002	7.943282347242814e-002
2941	7.336139805868969e-002	7.413102413009177e-002
2945	7.226935755052111e-002	7.244359600749903e-002
3000	6.820575841172316e-002	6.918309709189366e-002
3011	6.669136605900106e-002	6.760829753919818e-002
3037	6.531466191895841e-002	6.606934480075961e-002
3050	6.451378307878497e-002	6.456542290346556e-002
3055	5.960851266394462e-002	6.025595860743578e-002
3066	5.666222676906418e-002	5.754399373371569e-002
3085	5.595774119099028e-002	5.623413251903491e-002
3115	5.480996322551079e-002	5.495408738576246e-002
3139	5.251157484640556e-002	5.370317963702527e-002
3140	5.238167879017508e-002	5.248074602497726e-002
3155	5.060591334065412e-002	5.128613839913648e-002
3160	4.993515890559108e-002	5.011872336272722e-002
3171	4.874840661416069e-002	4.897788193684461e-002
3181	4.713526445247873e-002	4.786300923226383e-002
3207	4.661022863750863e-002	4.677351412871982e-002
3247	4.569087241592007e-002	4.570881896148749e-002
3261	4.438690560941938e-002	4.466835921509630e-002
3268	4.313362905873963e-002	4.365158322401658e-002
3285	4.204142660417809e-002	4.265795188015926e-002
3289	4.067311794683670e-002	4.073802778041128e-002
3292	3.923458498304244e-002	3.981071705534973e-002
3303	3.852607274059217e-002	3.890451449942807e-002
3312	3.759187659490704e-002	3.801893963205612e-002
3322	3.711304081841038e-002	3.715352290971726e-002
3329	3.434830867769623e-002	3.467368504525317e-002
3354	3.388231686957921e-002	3.388441561392026e-002
3372	3.204482173677092e-002	3.235936569296283e-002
3387	3.157538718101516e-002	3.162277660168379e-002
3414	3.055096475839714e-002	3.090295432513590e-002
3422	2.978719721079015e-002	3.019951720402016e-002
3428	2.918830685530471e-002	2.951209226666385e-002
3435	2.791961121044362e-002	2.818382931264454e-002
3458	2.750493486141625e-002	2.754228703338166e-002
3475	2.665952281034900e-002	2.691534803926915e-002
3490	2.593962465879507e-002	2.630267991895382e-002
3493	2.557352821952597e-002	2.570395782768863e-002
3504	2.488093704927452e-002	2.511886431509579e-002
3531	2.450677473011909e-002	2.454708915685030e-002
3564	2.377465772730847e-002	2.398832919019490e-002
3577	2.331744460755714e-002	2.344228815319923e-002
3598	2.285125831777668e-002	2.290867652767774e-002
3599	2.231948871653944e-002	2.238721138568340e-002
3627	2.157597698388403e-002	2.187761623949553e-002
3635	2.124253072122495e-002	2.137962089502233e-002
3652	2.087565439988715e-002	2.089296130854040e-002
3680	1.967948376509610e-002	1.995262314968880e-002
3689	1.942677368982593e-002	1.949844599758046e-002
3696	1.905154314327129e-002	1.905460717963247e-002
3700	1.855565967343320e-002	1.862087136662868e-002
3712	1.818952752989855e-002	1.819700858609984e-002
3732	1.766008060714142e-002	1.778279410038923e-002
3759	1.733868415305129e-002	1.737800828749376e-002
3773	1.689171380979382e-002	1.698243652461744e-002
3782	1.644091630421607e-002	1.659586907437561e-002
3790	1.611946367963846e-002	1.621810097358930e-002
3805	1.581389906124942e-002	1.584893192461113e-002
3812	1.531480647597272e-002	1.548816618912481e-002
3821	1.506144981997593e-002	1.513561248436208e-002
3838	1.451141320632043e-002	1.479108388168207e-002
3843	1.442539292738998e-002	1.445439770745927e-002
3905	1.411213959419788e-002	1.412537544622754e-002
3923	1.380157042549091e-002	1.380384264602885e-002
3942	1.347258060455603e-002	1.348962882591653e-002
3978	1.304453610031298e-002	1.318256738556408e-002
3982	1.287497606056176e-002	1.288249551693134e-002
4010	1.255620285139181e-002	1.258925411794168e-002
4029	1.228828562593898e-002	1.230268770812382e-002
4048	1.201487735111928e-002	1.202264434617413e-002
4105	1.174072231749201e-002	1.174897554939530e-002
4152	1.138134648562283e-002	1.148153621496883e-002
4181	1.121094034054171e-002	1.122018454301964e-002
4212	1.094253150095204e-002	1.096478196143185e-002
4240	1.069933287228120e-002	1.071519305237607e-002
4283	1.043075632554491e-002	1.047128548050900e-002
4318	1.004526079873624e-002	1.023292992280754e-002
4336	9.964447169467872e-003	1.000000000000000e-002
4375	9.730658160953198e-003	9.772372209558112e-003
4404	9.522322619078927e-003	9.549925860214359e-003
4439	9.315397888915555e-003	9.332543007969915e-003
4459	9.114981849015824e-003	9.120108393559097e-003
4505	8.860379286059761e-003	8.912509381337459e-003
4557	8.702002254521446e-003	8.709635899560805e-003
4607	8.447191577670266e-003	8.511380382023768e-003
4648	8.203482296138764e-003	8.317637711026709e-003
4673	8.124802887533256e-003	8.128305161640995e-003
4722	7.941842479647687e-003	7.943282347242814e-003
4772	7.756038663815579e-003	7.762471166286920e-003
4825	7.571502931265073e-003	7.585775750291836e-003
4887	7.393056101892004e-003	7.413102413009177e-003
4921	7.244062958017161e-003	7.244359600749898e-003
5016	7.067301586182517e-003	7.079457843841380e-003
5101	6.903872984495130e-003	6.918309709189363e-003
5202	6.724748432931249e-003	6.760829753919818e-003
5249	6.603159921682367e-003	6.606934480075957e-003
5389	6.435701182760489e-003	6.456542290346556e-003
5489	6.309519833887389e-003	6.309573444801930e-003
5604	6.152773789032007e-003	6.165950018614822e-003
5720	6.024469316424530e-003	6.025595860743574e-003
5986	5.888188330110289e-003	5.888436553555890e-003
6566	5.754227082728214e-003	5.754399373371567e-003
500001	5.625158752358250e-003	5.754399373371567e-003
%
% index = 1129, name = bbob_f001_i21_d05__bbob_f006_i22_d05
% instance = 10, reference value = 8.723399182735721e-001
% function evaluation | indicator value | target hit
1	1.323670311681392e+003	1.348962882591653e+003
2	1.717702683451651e+002	1.737800828749376e+002
5	1.619894822514397e+002	1.621810097358930e+002
18	1.191902571108291e+002	1.202264434617413e+002
25	4.545779506565815e+001	4.570881896148750e+001
212	3.545409846367640e+001	3.548133892335755e+001
268	1.707310669844288e+001	1.737800828749375e+001
349	1.242191210338810e+001	1.258925411794168e+001
698	1.191093043216582e+001	1.202264434617413e+001
795	8.993083811897975e+000	9.120108393559097e+000
927	5.832465309886961e+000	5.888436553555890e+000
970	3.623198055683495e+000	3.630780547701014e+000
1181	3.357962049804988e+000	3.388441561392026e+000
1188	3.056503652968873e+000	3.090295432513591e+000
1266	2.026242110987158e+000	2.041737944669529e+000
1291	6.506890777004644e-001	6.606934480075960e-001
1575	6.093915649579913e-001	6.165950018614822e-001
1643	4.822042758914701e-001	4.897788193684462e-001
1834	4.725787727746075e-001	4.786300923226383e-001
2055	4.141334944771982e-001	4.168693834703354e-001
2070	3.871044504817335e-001	3.890451449942806e-001
2132	3.666673298784020e-001	3.715352290971726e-001
2199	3.564932771751561e-001	3.630780547701014e-001
2249	3.237216637209481e-001	3.311311214825911e-001
2272	3.231774347565927e-001	3.235936569296283e-001
2281	2.717384166690288e-001	2.754228703338166e-001
2284	2.680459095182748e-001	2.691534803926916e-001
2291	2.119311810259107e-001	2.137962089502232e-001
2295	1.626402493931617e-001	1.659586907437561e-001
2368	1.538411781664549e-001	1.548816618912481e-001
2418	1.508977194645926e-001	1.513561248436208e-001
2431	1.407868850121259e-001	1.412537544622755e-001
2447	1.346988718027865e-001	1.348962882591654e-001
2458	1.251648694167684e-001	1.258925411794167e-001
2462	1.183504429194435e-001	1.202264434617413e-001
2498	1.138946961660140e-001	1.148153621496883e-001
2579	1.097002268672496e-001	1.122018454301964e-001
2582	1.092991135377230e-001	1.096478196143185e-001
2587	1.068732801951114e-001	1.071519305237607e-001
2609	1.042010273523535e-001	1.047128548050900e-001
2627	1.013197571467494e-001	1.023292992280754e-001
2662	8.582523686887367e-002	8.709635899560805e-002
2668	8.412793445753231e-002	8.511380382023763e-002
2669	7.730464388673974e-002	7.762471166286916e-002
2703	7.536964196883778e-002	7.585775750291836e-002
2749	7.153975870455465e-002	7.244359600749903e-002
2750	7.028367187706219e-002	7.079457843841380e-002
2761	6.891436265465101e-002	6.918309709189366e-002
2796	6.753110323652434e-002	6.760829753919818e-002
2837	6.457474884398984e-002	6.606934480075961e-002
2842	6.406025316488484e-002	6.456542290346556e-002
2844	6.111953711617013e-002	6.165950018614822e-002
2877	5.722675268120037e-002	5.754399373371569e-002
2882	5.568991809194002e-002	5.623413251903491e-002
2890	5.286845951108854e-002	5.370317963702527e-002
2897	5.246281485189108e-002	5.248074602497726e-002
2922	5.011870146460551e-002	5.011872336272722e-002
2974	4.849495975237761e-002	4.897788193684461e-002
2990	4.771197667466620e-002	4.786300923226383e-002
3004	4.582763405844714e-002	4.677351412871982e-002
3006	4.544984815882702e-002	4.570881896148749e-002
3013	4.435997655079249e-002	4.466835921509630e-002
3026	4.273425083430193e-002	4.365158322401658e-002
3033	3.951578780683995e-002	3.981071705534973e-002
3040	3.877197794234677e-002	3.890451449942807e-002
3046	3.693736365432243e-002	3.715352290971726e-002
3074	3.610839259876553e-002	3.630780547701014e-002
3080	3.537248782439784e-002	3.548133892335755e-002
3115	3.459196365521133e-002	3.467368504525317e-002
3153	3.373657342804681e-002	3.388441561392026e-002
3174	3.302482515210348e-002	3.311311214825911e-002
3181	3.175298203477983e-002	3.235936569296283e-002
3197	3.072052341230447e-002	3.090295432513590e-002
3231	2.997795591293528e-002	3.019951720402016e-002
3238	2.939344647683750e-002	2.951209226666385e-002
3285	2.879576212222590e-002	2.884031503126606e-002
3299	2.814214181009800e-002	2.818382931264454e-002
3314	2.729145262355270e-002	2.754228703338166e-002
3377	2.687978130833801e-002	2.691534803926915e-002
3401	2.606560674918135e-002	2.630267991895382e-002
3408	2.545018229513973e-002	2.570395782768863e-002
3415	2.511765795316701e-002	2.511886431509579e-002
3425	2.445273580321927e-002	2.454708915685030e-002
3457	2.392357286860436e-002	2.398832919019490e-002
3489	2.306227534569916e-002	2.344228815319923e-002
3507	2.284493505228658e-002	2.290867652767774e-002
3513	2.236431081970114e-002	2.238721138568340e-002
3588	2.159844643224318e-002	2.187761623949553e-002
3604	2.087335197294193e-002	2.089296130854040e-002
3615	2.021576881376597e-002	2.041737944669530e-002
3634	1.985123205615647e-002	1.995262314968880e-002
3636	1.890585377844556e-002	1.905460717963247e-002
3666	1.856843727470092e-002	1.862087136662868e-002
3674	1.784919179736266e-002	1.819700858609984e-002
3675	1.761640990971958e-002	1.778279410038923e-002
3686	1.735255835438565e-002	1.737800828749376e-002
3712	1.694687939574213e-002	1.698243652461744e-002
3737	1.628691929270176e-002	1.659586907437561e-002
3751	1.615315451909949e-002	1.621810097358930e-002
3767	1.576496010610651e-002	1.584893192461113e-002
3775	1.534282685934651e-002	1.548816618912481e-002
3782	1.508017244688242e-002	1.513561248436208e-002
3826	1.477320447367725e-002	1.479108388168207e-002
3831	1.436583542447734e-002	1.445439770745927e-002
3844	1.406101467687926e-002	1.412537544622754e-002
3870	1.379932369905224e-002	1.380384264602885e-002
3908	1.322615174715547e-002	1.348962882591653e-002
3924	1.318019153013639e-002	1.318256738556408e-002
3934	1.284666974810811e-002	1.288249551693134e-002
3983	1.258911967502174e-002	1.258925411794168e-002
4014	1.228492676069437e-002	1.230268770812382e-002
4036	1.201174629846280e-002	1.202264434617413e-002
4072	1.174836217463648e-002	1.174897554939530e-002
4102	1.147805721594941e-002	1.148153621496883e-002
4139	1.119424241742351e-002	1.122018454301964e-002
4184	1.096285017970633e-002	1.096478196143185e-002
4249	1.071197428814108e-002	1.071519305237607e-002
4307	1.046199816676829e-002	1.047128548050900e-002
4326	1.019619857299980e-002	1.023292992280754e-002
4379	9.998844525770045e-003	1.000000000000000e-002
4441	9.755262042239865e-003	9.772372209558112e-003
4501	9.544818396824306e-003	9.549925860214359e-003
4606	9.332464387504458e-003	9.332543007969915e-003
4734	9.119931607059817e-003	9.120108393559097e-003
4965	8.908707691807183e-003	8.912509381337459e-003
5847	8.709626545177485e-003	8.709635899560805e-003
500001	8.625978904838516e-003	8.709635899560805e-003
