%
% index = 1970, name = bbob_f008_i02_d10__bbob_f020_i04_d10
% instance = 1, reference value = 9.955149213614800e-001
% function evaluation | indicator value | target hit
1	1.280596255230191e+006	1.288249551693135e+006
2	4.129708175854507e+005	4.168693834703355e+005
3	3.887169488120579e+005	3.890451449942805e+005
4	2.683328843727196e+005	2.691534803926914e+005
6	1.945777940009175e+004	1.949844599758046e+004
37	6.878161349514151e+003	6.918309709189362e+003
250	5.280765448327212e+003	5.370317963702527e+003
382	4.462524516710967e+003	4.466835921509631e+003
536	3.434945561862794e+003	3.467368504525316e+003
673	2.168313163427979e+003	2.187761623949552e+003
706	8.349712597955170e+002	8.511380382023768e+002
1037	3.654420813091650e+002	3.715352290971724e+002
1322	2.094592004080769e+002	2.137962089502233e+002
1441	1.724723239232298e+002	1.737800828749376e+002
1457	1.217298782561232e+002	1.230268770812381e+002
1641	9.577564274078519e+001	9.772372209558107e+001
1679	6.303207275965610e+001	6.309573444801933e+001
1683	5.884975215857929e+001	5.888436553555890e+001
1711	4.722993129637498e+001	4.786300923226383e+001
1716	3.697847200215014e+001	3.715352290971726e+001
2019	2.867120670705906e+001	2.884031503126606e+001
2065	1.920202800514785e+001	1.949844599758045e+001
2067	1.445458836753899e+001	1.479108388168207e+001
2212	1.257688200784746e+001	1.258925411794168e+001
2407	6.329254371806321e+000	6.456542290346556e+000
2500	4.020746965535307e+000	4.073802778041127e+000
2593	3.734951240642296e+000	3.801893963205612e+000
2704	2.970090609904789e+000	3.019951720402016e+000
2754	2.237901022566662e+000	2.238721138568339e+000
2834	2.182111027721980e+000	2.187761623949553e+000
2863	1.184316977372812e+000	1.202264434617413e+000
3011	9.927759830968175e-001	1.000000000000000e+000
3020	8.543181083133680e-001	8.709635899560806e-001
3073	6.556954950974099e-001	6.606934480075960e-001
3223	6.073053909419335e-001	6.165950018614822e-001
3256	5.890913976305303e-001	6.025595860743578e-001
3268	5.831517421691264e-001	5.888436553555889e-001
3279	5.215392354253018e-001	5.248074602497725e-001
3297	4.882113668480039e-001	4.897788193684462e-001
3358	4.521179059831109e-001	4.570881896148750e-001
3382	4.128385000917999e-001	4.168693834703354e-001
3403	3.965942216323436e-001	3.981071705534973e-001
3409	3.236962455565687e-001	3.311311214825911e-001
3482	2.500902214335338e-001	2.511886431509580e-001
3504	2.360968536186314e-001	2.398832919019490e-001
3560	1.765802946044000e-001	1.778279410038923e-001
3574	1.723540501256872e-001	1.737800828749375e-001
3641	1.656684588889410e-001	1.659586907437561e-001
3649	1.534193158921891e-001	1.548816618912481e-001
3684	1.328405939375847e-001	1.348962882591654e-001
3723	1.297156104894578e-001	1.318256738556407e-001
3749	1.277857182929002e-001	1.288249551693134e-001
3786	1.258634833159839e-001	1.258925411794167e-001
3794	1.207604607683036e-001	1.230268770812382e-001
3827	1.098413325532699e-001	1.122018454301964e-001
3829	1.052536186005956e-001	1.071519305237607e-001
3844	9.603465200801731e-002	9.772372209558107e-002
3852	8.461050565319606e-002	8.511380382023763e-002
3872	6.546893500091588e-002	6.606934480075961e-002
3885	6.028030536209417e-002	6.165950018614822e-002
3901	6.022943069048847e-002	6.025595860743578e-002
3950	5.246668885559669e-002	5.248074602497726e-002
3991	4.808239879920961e-002	4.897788193684461e-002
4025	4.762855586394454e-002	4.786300923226383e-002
4088	4.542199749660780e-002	4.570881896148749e-002
4110	3.204021775124843e-002	3.235936569296283e-002
4111	2.757004218874581e-002	2.818382931264454e-002
4138	2.636738067881594e-002	2.691534803926915e-002
4167	2.614285474362965e-002	2.630267991895382e-002
4186	2.449287023250746e-002	2.454708915685030e-002
4187	2.056062042188522e-002	2.089296130854040e-002
4265	1.941797912681031e-002	1.949844599758046e-002
4302	1.903014533212288e-002	1.905460717963247e-002
4342	1.845341650743959e-002	1.862087136662868e-002
4353	1.684962258502054e-002	1.698243652461744e-002
4376	1.572878509192233e-002	1.584893192461113e-002
4386	1.535268136023082e-002	1.548816618912481e-002
4392	1.402699240158600e-002	1.412537544622754e-002
4444	1.350936546819970e-002	1.380384264602885e-002
4457	1.229553728612975e-002	1.230268770812382e-002
4480	1.190369293570659e-002	1.202264434617413e-002
4505	1.161180909110926e-002	1.174897554939530e-002
4544	1.138366066158381e-002	1.148153621496883e-002
4572	1.097474040133695e-002	1.122018454301964e-002
4584	1.072831826709675e-002	1.096478196143185e-002
4608	1.058518738595493e-002	1.071519305237607e-002
4634	1.030024858800360e-002	1.047128548050900e-002
4659	1.017307252328437e-002	1.023292992280754e-002
4708	9.754506121922524e-003	9.772372209558112e-003
4730	9.518889675664943e-003	9.549925860214359e-003
4784	9.318735019477331e-003	9.332543007969915e-003
4804	9.065142528578929e-003	9.120108393559097e-003
4807	8.736602394558313e-003	8.912509381337459e-003
4812	8.596579141754046e-003	8.709635899560805e-003
4836	8.426601381480436e-003	8.511380382023768e-003
4856	8.308920549611853e-003	8.317637711026709e-003
4858	7.969015718886308e-003	8.128305161640995e-003
4862	7.825901457693685e-003	7.943282347242814e-003
4883	7.615617287963228e-003	7.762471166286920e-003
4900	7.468737369326073e-003	7.585775750291836e-003
4917	7.401719889297498e-003	7.413102413009177e-003
4946	7.100625989032272e-003	7.244359600749898e-003
4995	6.930654080674059e-003	7.079457843841380e-003
5002	6.806436915407943e-003	6.918309709189363e-003
5027	6.722225961206751e-003	6.760829753919818e-003
5057	6.344990576845344e-003	6.456542290346556e-003
5074	6.174570685190228e-003	6.309573444801930e-003
5097	6.005352779976936e-003	6.025595860743574e-003
5131	5.885852172446304e-003	5.888436553555890e-003
5159	5.700171344277139e-003	5.754399373371567e-003
5172	5.591298450984938e-003	5.623413251903491e-003
5178	5.484483927646000e-003	5.495408738576248e-003
5204	5.238195079477093e-003	5.248074602497728e-003
5205	5.090511942219544e-003	5.128613839913648e-003
5235	4.967367212700746e-003	5.011872336272725e-003
5268	4.863521960221329e-003	4.897788193684461e-003
5294	4.715462890272248e-003	4.786300923226385e-003
5314	4.646441579565619e-003	4.677351412871981e-003
5330	4.505821861451764e-003	4.570881896148752e-003
5345	4.400351488586307e-003	4.466835921509631e-003
5384	4.183749721468066e-003	4.265795188015926e-003
5414	4.140578296632724e-003	4.168693834703355e-003
5476	4.050414970416805e-003	4.073802778041126e-003
5482	3.968893249836736e-003	3.981071705534973e-003
5556	3.769260601442781e-003	3.801893963205613e-003
5570	3.671024733962192e-003	3.715352290971724e-003
5580	3.592780819620556e-003	3.630780547701014e-003
5603	3.519221635881475e-003	3.548133892335753e-003
5628	3.456300412847946e-003	3.467368504525317e-003
5674	3.311685728761726e-003	3.388441561392024e-003
5675	3.286082322896733e-003	3.311311214825911e-003
5699	3.235838858575035e-003	3.235936569296281e-003
5723	3.155505987700757e-003	3.162277660168379e-003
5762	3.085503543447499e-003	3.090295432513592e-003
5767	3.009715132804125e-003	3.019951720402016e-003
5799	2.937496188003097e-003	2.951209226666387e-003
5841	2.882998380144941e-003	2.884031503126606e-003
5911	2.814982144979328e-003	2.818382931264455e-003
5972	2.746266444405454e-003	2.754228703338166e-003
6030	2.552124504082154e-003	2.570395782768865e-003
6102	2.480994992608565e-003	2.511886431509579e-003
6125	2.444255484691849e-003	2.454708915685031e-003
6145	2.374966230989539e-003	2.398832919019490e-003
6155	2.330590358126328e-003	2.344228815319923e-003
6186	2.273905659620379e-003	2.290867652767772e-003
6223	2.238007991205215e-003	2.238721138568340e-003
6248	2.186843870888855e-003	2.187761623949552e-003
6311	2.133567319340335e-003	2.137962089502233e-003
6335	2.088211192592171e-003	2.089296130854039e-003
6398	2.032791948880397e-003	2.041737944669530e-003
6477	1.916351531382587e-003	1.949844599758046e-003
6502	1.904681417538745e-003	1.905460717963246e-003
6594	1.851654866663721e-003	1.862087136662868e-003
6630	1.819556788930643e-003	1.819700858609983e-003
6672	1.771774633847700e-003	1.778279410038923e-003
6785	1.737770854565279e-003	1.737800828749376e-003
6856	1.693008182777844e-003	1.698243652461744e-003
6908	1.658964520589223e-003	1.659586907437561e-003
6988	1.614058751230996e-003	1.621810097358930e-003
7092	1.579775610663137e-003	1.584893192461114e-003
7102	1.529394580252808e-003	1.548816618912481e-003
7118	1.496509185952122e-003	1.513561248436209e-003
7155	1.476280947016018e-003	1.479108388168207e-003
7241	1.436069817195240e-003	1.445439770745928e-003
7290	1.410929699196317e-003	1.412537544622754e-003
7369	1.380197207753731e-003	1.380384264602885e-003
7457	1.347464799984932e-003	1.348962882591653e-003
7488	1.318004154183150e-003	1.318256738556408e-003
7607	1.287943103771450e-003	1.288249551693134e-003
7650	1.252790737251708e-003	1.258925411794168e-003
7705	1.229837340217976e-003	1.230268770812381e-003
7761	1.195526839574357e-003	1.202264434617413e-003
7795	1.172203885722811e-003	1.174897554939529e-003
7864	1.146512893654195e-003	1.148153621496883e-003
7929	1.120894965071950e-003	1.122018454301963e-003
8008	1.095806436895219e-003	1.096478196143185e-003
8134	1.068974042225834e-003	1.071519305237606e-003
8293	1.046980241532269e-003	1.047128548050900e-003
8412	1.022684154161402e-003	1.023292992280754e-003
8516	9.993166313710944e-004	1.000000000000000e-003
8595	9.771656666889284e-004	9.772372209558111e-004
8791	9.549385209424166e-004	9.549925860214359e-004
9007	9.331726034564891e-004	9.332543007969915e-004
9169	9.119892853511891e-004	9.120108393559096e-004
9368	8.911158742692660e-004	8.912509381337459e-004
9677	8.708113892976765e-004	8.709635899560805e-004
10210	8.511202032670528e-004	8.511380382023768e-004
11570	8.317165426605655e-004	8.317637711026709e-004
13170	8.127658112989655e-004	8.128305161640995e-004
15351	7.937734830339993e-004	7.943282347242813e-004
40419	7.762147626707572e-004	7.762471166286919e-004
485945	7.585599347019745e-004	7.585775750291835e-004
1000001	7.528413928145072e-004	7.585775750291835e-004
%
% index = 1971, name = bbob_f008_i03_d10__bbob_f020_i05_d10
% instance = 2, reference value = 9.959320749858280e-001
% function evaluation | indicator value | target hit
1	3.374609783134943e+005	3.388441561392028e+005
2	5.403201751982801e+004	5.495408738576248e+004
4	2.327041715951616e+004	2.344228815319923e+004
26	1.882382541676951e+004	1.905460717963248e+004
56	1.270905828766131e+004	1.288249551693135e+004
173	7.233212333851306e+003	7.244359600749899e+003
293	5.561369382812334e+003	5.623413251903491e+003
298	3.839740941272878e+003	3.890451449942805e+003
426	3.503180198759685e+003	3.548133892335753e+003
451	3.182416358787284e+003	3.235936569296281e+003
490	1.525911544773700e+003	1.548816618912481e+003
507	1.422376401590603e+003	1.445439770745928e+003
644	5.564108620067553e+002	5.623413251903490e+002
746	3.056849457747279e+002	3.090295432513592e+002
1115	3.019473548871475e+002	3.019951720402016e+002
1159	2.607695446503998e+002	2.630267991895382e+002
1248	1.591656142019436e+002	1.621810097358930e+002
1323	2.705793621189165e+001	2.754228703338166e+001
1753	2.009299216152381e+001	2.041737944669530e+001
1939	1.881475430104899e+001	1.905460717963247e+001
1942	1.402523662616348e+001	1.412537544622754e+001
1990	1.369397005223690e+001	1.380384264602885e+001
2016	1.072215131210080e+001	1.096478196143185e+001
2096	3.002097002572140e+000	3.019951720402016e+000
2237	2.841577825906121e+000	2.884031503126606e+000
2318	2.613148915825564e+000	2.630267991895382e+000
2350	1.839684040401598e+000	1.862087136662868e+000
2490	1.771057933899828e+000	1.778279410038923e+000
2556	1.008309457625328e+000	1.023292992280754e+000
2689	8.416494386686102e-001	8.511380382023764e-001
2889	7.369522408881202e-001	7.413102413009175e-001
2911	6.965519003484102e-001	7.079457843841379e-001
2948	6.621339330324392e-001	6.760829753919818e-001
2977	6.308507248841694e-001	6.309573444801933e-001
2986	6.104738868666775e-001	6.165950018614822e-001
3009	5.945009168925627e-001	6.025595860743578e-001
3125	5.715286059974276e-001	5.754399373371569e-001
3136	5.109141766957063e-001	5.128613839913648e-001
3161	4.007040700816181e-001	4.073802778041127e-001
3174	2.478515144212014e-001	2.511886431509580e-001
3196	2.289792622665565e-001	2.290867652767773e-001
3223	2.199592288152910e-001	2.238721138568340e-001
3243	2.150799354872210e-001	2.187761623949552e-001
3260	1.768519281421296e-001	1.778279410038923e-001
3332	1.630537822025724e-001	1.659586907437561e-001
3340	1.610471820047682e-001	1.621810097358930e-001
3346	1.577743549389945e-001	1.584893192461113e-001
3349	1.535445520613622e-001	1.548816618912481e-001
3352	1.486404520290581e-001	1.513561248436208e-001
3365	1.360258103952911e-001	1.380384264602885e-001
3368	1.284259050613781e-001	1.288249551693134e-001
3370	1.166156346699553e-001	1.174897554939529e-001
3407	1.070164056359457e-001	1.071519305237607e-001
3457	1.029837548945316e-001	1.047128548050900e-001
3468	1.010927233717476e-001	1.023292992280754e-001
3487	9.701750476761650e-002	9.772372209558107e-002
3491	9.298125884939335e-002	9.332543007969910e-002
3570	9.024665348489491e-002	9.120108393559097e-002
3614	8.873334086383544e-002	8.912509381337455e-002
3616	8.687104455373507e-002	8.709635899560805e-002
3646	8.490190031663247e-002	8.511380382023763e-002
3663	8.242524789516503e-002	8.317637711026708e-002
3672	7.299490308485690e-002	7.413102413009177e-002
3701	7.074538019021337e-002	7.079457843841380e-002
3725	6.791395075516438e-002	6.918309709189366e-002
3753	6.568892131065196e-002	6.606934480075961e-002
3763	6.427678462349873e-002	6.456542290346556e-002
3775	5.624093002316355e-002	5.754399373371569e-002
3790	5.546146204446545e-002	5.623413251903491e-002
3801	5.375832273228365e-002	5.495408738576246e-002
3806	5.293027130654227e-002	5.370317963702527e-002
3809	5.244389286350393e-002	5.248074602497726e-002
3847	4.633614724140878e-002	4.677351412871982e-002
3856	4.407350547792355e-002	4.466835921509630e-002
3870	4.070684257417101e-002	4.073802778041128e-002
3877	3.959260771750139e-002	3.981071705534973e-002
3888	3.164779243290417e-002	3.235936569296283e-002
3940	3.035429403580847e-002	3.090295432513590e-002
3968	2.987702004104709e-002	3.019951720402016e-002
3976	2.798646415102024e-002	2.818382931264454e-002
4003	2.619713344213215e-002	2.630267991895382e-002
4019	2.508013885142124e-002	2.511886431509579e-002
4038	2.195833443201634e-002	2.238721138568340e-002
4045	2.154273322958700e-002	2.187761623949553e-002
4058	2.079095028763001e-002	2.089296130854040e-002
4069	1.956719800272333e-002	1.995262314968880e-002
4078	1.894434417726953e-002	1.905460717963247e-002
4080	1.826337563207570e-002	1.862087136662868e-002
4089	1.680912403247825e-002	1.698243652461744e-002
4100	1.615508477505034e-002	1.621810097358930e-002
4125	1.537105636432179e-002	1.548816618912481e-002
4179	1.474156623068323e-002	1.479108388168207e-002
4232	1.408866156821442e-002	1.412537544622754e-002
4238	1.356392041717758e-002	1.380384264602885e-002
4241	1.337279004450598e-002	1.348962882591653e-002
4291	1.311745660322161e-002	1.318256738556408e-002
4338	1.156695258573348e-002	1.174897554939530e-002
4352	1.145992118498262e-002	1.148153621496883e-002
4355	1.115469596616547e-002	1.122018454301964e-002
4378	1.084760103461191e-002	1.096478196143185e-002
4385	1.060665132083238e-002	1.071519305237607e-002
4413	1.005790772148429e-002	1.023292992280754e-002
4423	9.840411824896367e-003	1.000000000000000e-002
4432	9.385725545839829e-003	9.549925860214359e-003
4469	9.207741116479595e-003	9.332543007969915e-003
4477	9.018388805627109e-003	9.120108393559097e-003
4489	8.881584585104907e-003	8.912509381337459e-003
4496	8.572765019390971e-003	8.709635899560805e-003
4499	8.404145277165598e-003	8.511380382023768e-003
4527	8.287049087173815e-003	8.317637711026709e-003
4534	7.834368851012963e-003	7.943282347242814e-003
4535	7.689674808071256e-003	7.762471166286920e-003
4555	7.579694353101130e-003	7.585775750291836e-003
4591	7.407448621752133e-003	7.413102413009177e-003
4607	7.222623937482742e-003	7.244359600749898e-003
4667	7.026776111711985e-003	7.079457843841380e-003
4714	6.864704542358102e-003	6.918309709189363e-003
4748	6.723028492942262e-003	6.760829753919818e-003
4761	6.594779743331003e-003	6.606934480075957e-003
4797	6.384217641627887e-003	6.456542290346556e-003
4801	6.159480694885144e-003	6.165950018614822e-003
4804	5.903922317095578e-003	6.025595860743574e-003
4816	5.875836397342682e-003	5.888436553555890e-003
4823	5.672835655538444e-003	5.754399373371567e-003
4835	5.620823397285979e-003	5.623413251903491e-003
4874	5.485187755322252e-003	5.495408738576248e-003
4918	5.299468195938961e-003	5.370317963702527e-003
4998	5.223958856609978e-003	5.248074602497728e-003
5018	5.110639939462702e-003	5.128613839913648e-003
5036	4.864667454286153e-003	4.897788193684461e-003
5046	4.782331740187940e-003	4.786300923226385e-003
5183	4.667595158496352e-003	4.677351412871981e-003
5203	4.404477422970343e-003	4.466835921509631e-003
5218	4.276087038222465e-003	4.365158322401661e-003
5234	4.263679628393358e-003	4.265795188015926e-003
5262	4.034810136531730e-003	4.073802778041126e-003
5299	3.939133000344541e-003	3.981071705534973e-003
5350	3.888916586055724e-003	3.890451449942805e-003
5392	3.761968367823942e-003	3.801893963205613e-003
5406	3.706917872753235e-003	3.715352290971724e-003
5439	3.630189884785029e-003	3.630780547701014e-003
5456	3.544338463037811e-003	3.548133892335753e-003
5509	3.461928086866961e-003	3.467368504525317e-003
5558	3.338145580834784e-003	3.388441561392024e-003
5597	3.310565005578803e-003	3.311311214825911e-003
5614	3.231140866601923e-003	3.235936569296281e-003
5723	3.143946844447521e-003	3.162277660168379e-003
5729	3.083580733534541e-003	3.090295432513592e-003
5772	2.970851615012760e-003	3.019951720402016e-003
5781	2.941878273530096e-003	2.951209226666387e-003
5792	2.882299578285230e-003	2.884031503126606e-003
5793	2.795580646767770e-003	2.818382931264455e-003
5797	2.724333201579166e-003	2.754228703338166e-003
5806	2.684123691106821e-003	2.691534803926917e-003
5829	2.629494792596665e-003	2.630267991895381e-003
5838	2.564838760707788e-003	2.570395782768865e-003
5848	2.297303480786606e-003	2.344228815319923e-003
5851	2.266045129895145e-003	2.290867652767772e-003
5900	2.231231254035238e-003	2.238721138568340e-003
5913	2.182873918341377e-003	2.187761623949552e-003
5945	2.107660772996844e-003	2.137962089502233e-003
5961	2.087748184389726e-003	2.089296130854039e-003
5963	1.910149794512650e-003	1.949844599758046e-003
5966	1.902501076956553e-003	1.905460717963246e-003
5990	1.855888342687018e-003	1.862087136662868e-003
6062	1.817721455368626e-003	1.819700858609983e-003
6093	1.775136893026330e-003	1.778279410038923e-003
6118	1.503159115792130e-003	1.513561248436209e-003
6141	1.476235438017781e-003	1.479108388168207e-003
6183	1.442196509975124e-003	1.445439770745928e-003
6207	1.409414174766810e-003	1.412537544622754e-003
6221	1.380200003937016e-003	1.380384264602885e-003
6258	1.347629723417954e-003	1.348962882591653e-003
6348	1.318092755895228e-003	1.318256738556408e-003
6462	1.282383489929262e-003	1.288249551693134e-003
6546	1.256729875757978e-003	1.258925411794168e-003
6618	1.223519504766291e-003	1.230268770812381e-003
6688	1.182080855030132e-003	1.202264434617413e-003
6707	1.174481088607737e-003	1.174897554939529e-003
6753	1.147585652473637e-003	1.148153621496883e-003
6827	1.121690845889423e-003	1.122018454301963e-003
6880	1.093617225445542e-003	1.096478196143185e-003
6905	1.070924722833544e-003	1.071519305237606e-003
6951	1.042091789970279e-003	1.047128548050900e-003
6966	9.796799140462387e-004	1.000000000000000e-003
6979	9.766607362009516e-004	9.772372209558111e-004
7023	9.496311642177568e-004	9.549925860214359e-004
7082	9.328839254696408e-004	9.332543007969915e-004
7100	9.098473465912749e-004	9.120108393559096e-004
7167	8.894476181298128e-004	8.912509381337459e-004
7197	8.700629325397724e-004	8.709635899560805e-004
7246	8.503365307619415e-004	8.511380382023768e-004
7309	8.315952474263755e-004	8.317637711026709e-004
7354	8.124796845847548e-004	8.128305161640995e-004
7405	7.938913523721780e-004	7.943282347242813e-004
7446	7.760992447159998e-004	7.762471166286919e-004
7527	7.583479484193356e-004	7.585775750291835e-004
7599	7.387817677440012e-004	7.413102413009177e-004
7658	7.224037232786973e-004	7.244359600749898e-004
7723	7.076071749797519e-004	7.079457843841380e-004
7822	6.905885374053344e-004	6.918309709189362e-004
7999	6.760046938459885e-004	6.760829753919819e-004
8254	6.603787502972303e-004	6.606934480075958e-004
8458	6.455383282260030e-004	6.456542290346556e-004
8905	6.308853510951229e-004	6.309573444801930e-004
9677	6.165810755172085e-004	6.165950018614822e-004
14667	6.025402756085763e-004	6.025595860743575e-004
85076	5.888248365022442e-004	5.888436553555889e-004
147726	5.754183312297601e-004	5.754399373371566e-004
444942	5.613164888921274e-004	5.623413251903491e-004
1000001	5.549056578891820e-004	5.623413251903491e-004
%
% index = 1972, name = bbob_f008_i07_d10__bbob_f020_i08_d10
% instance = 3, reference value = 9.984567002672460e-001
% function evaluation | indicator value | target hit
1	1.725744459883836e+006	1.737800828749376e+006
2	2.821837849073706e+005	2.884031503126606e+005
6	2.692080879331464e+005	2.754228703338169e+005
7	1.742511404571243e+005	1.778279410038923e+005
8	1.608298555076378e+005	1.621810097358930e+005
17	1.193841934716673e+005	1.202264434617413e+005
29	7.739863229976090e+004	7.762471166286912e+004
31	5.783561483093639e+004	5.888436553555884e+004
152	5.481090437647297e+004	5.495408738576248e+004
192	2.571117354248930e+004	2.630267991895381e+004
398	1.137219380305807e+004	1.148153621496882e+004
492	6.997184311202969e+003	7.079457843841380e+003
543	5.439128709284943e+003	5.495408738576249e+003
779	2.258475838767999e+003	2.290867652767772e+003
1017	5.973983641989221e+002	6.025595860743575e+002
1192	5.768505168198393e+002	5.888436553555890e+002
1222	4.957290198128040e+002	5.011872336272725e+002
1327	4.018420506594745e+002	4.073802778041126e+002
1382	3.436887535391090e+002	3.467368504525317e+002
1462	2.864468259445073e+002	2.884031503126606e+002
1556	2.802460434394645e+002	2.818382931264455e+002
1609	2.474656891804512e+002	2.511886431509580e+002
1660	1.173156697837700e+002	1.174897554939529e+002
1819	6.270085133897088e+001	6.309573444801933e+001
1905	3.840561441128906e+001	3.890451449942807e+001
2044	3.666733069531419e+001	3.715352290971726e+001
2138	2.760862844441294e+001	2.818382931264453e+001
2238	1.863994226140736e+001	1.905460717963247e+001
2309	1.246508823759374e+001	1.258925411794168e+001
2446	3.528663758507369e+000	3.548133892335755e+000
2663	1.829876630224246e+000	1.862087136662868e+000
3117	1.472006995150746e+000	1.479108388168207e+000
3124	1.414472632970808e+000	1.445439770745927e+000
3128	5.340490415613861e-001	5.370317963702527e-001
3211	5.087801501670354e-001	5.128613839913648e-001
3376	4.768808784885605e-001	4.786300923226383e-001
3474	4.485335134531310e-001	4.570881896148750e-001
3486	4.000862729378802e-001	4.073802778041127e-001
3512	3.854761748246443e-001	3.890451449942806e-001
3571	3.690270882275502e-001	3.715352290971726e-001
3574	3.169741255772220e-001	3.235936569296283e-001
3576	2.793928937199758e-001	2.818382931264454e-001
3579	2.109853555087350e-001	2.137962089502232e-001
3584	1.418403681770213e-001	1.445439770745928e-001
3629	1.398346125813408e-001	1.412537544622755e-001
3637	1.189606016563973e-001	1.202264434617413e-001
3686	1.154667474403324e-001	1.174897554939529e-001
3695	1.038310911901089e-001	1.047128548050900e-001
3751	9.023251125482645e-002	9.120108393559097e-002
3771	8.074656732643648e-002	8.128305161640990e-002
3820	7.372205904491491e-002	7.413102413009177e-002
3826	5.589296602182259e-002	5.623413251903491e-002
3842	5.482867868814356e-002	5.495408738576246e-002
3967	5.244830545885437e-002	5.248074602497726e-002
3975	4.995314645819238e-002	5.011872336272722e-002
4092	4.010494521395602e-002	4.073802778041128e-002
4108	3.509052936376300e-002	3.548133892335755e-002
4112	3.169420913197563e-002	3.235936569296283e-002
4120	2.984731506609584e-002	3.019951720402016e-002
4191	2.908985263567920e-002	2.951209226666385e-002
4245	2.823676748022019e-002	2.884031503126606e-002
4300	2.814798627345838e-002	2.818382931264454e-002
4315	2.588997834254581e-002	2.630267991895382e-002
4393	2.523127392607649e-002	2.570395782768863e-002
4456	2.501423692984273e-002	2.511886431509579e-002
4476	2.420515306912241e-002	2.454708915685030e-002
4502	2.342550678737765e-002	2.344228815319923e-002
4513	2.232982541269502e-002	2.238721138568340e-002
4543	1.707311301895520e-002	1.737800828749376e-002
4545	1.686085392426784e-002	1.698243652461744e-002
4573	1.640826479551771e-002	1.659586907437561e-002
4619	1.587751695907214e-002	1.621810097358930e-002
4620	1.559943960004284e-002	1.584893192461113e-002
4663	1.528006861478448e-002	1.548816618912481e-002
4708	1.488118205105815e-002	1.513561248436208e-002
4720	1.467156261909230e-002	1.479108388168207e-002
4721	1.430294689597644e-002	1.445439770745927e-002
4757	1.397769170560526e-002	1.412537544622754e-002
4806	1.370105921893350e-002	1.380384264602885e-002
4848	1.289580251964662e-002	1.318256738556408e-002
4868	1.171182201727827e-002	1.174897554939530e-002
4900	1.138717493272778e-002	1.148153621496883e-002
4907	1.115790374649772e-002	1.122018454301964e-002
4945	9.477787882340771e-003	9.549925860214359e-003
5009	9.191286842190505e-003	9.332543007969915e-003
5017	8.926857178027436e-003	9.120108393559097e-003
5048	7.133341762768586e-003	7.244359600749898e-003
5071	6.987666755976951e-003	7.079457843841380e-003
5144	6.887941170889311e-003	6.918309709189363e-003
5160	6.647567635004403e-003	6.760829753919818e-003
5177	6.503700314720806e-003	6.606934480075957e-003
5189	6.437728716041535e-003	6.456542290346556e-003
5204	6.180401951969228e-003	6.309573444801930e-003
5241	6.160683611360462e-003	6.165950018614822e-003
5299	5.869306456745993e-003	5.888436553555890e-003
5302	5.734332283416244e-003	5.754399373371567e-003
5393	5.496047882909361e-003	5.623413251903491e-003
5396	5.478943846231488e-003	5.495408738576248e-003
5489	5.333546484626583e-003	5.370317963702527e-003
5536	5.196847591731335e-003	5.248074602497728e-003
5551	5.047575546054728e-003	5.128613839913648e-003
5586	5.004375165519437e-003	5.011872336272725e-003
5635	4.880034320635218e-003	4.897788193684461e-003
5680	4.759695479795822e-003	4.786300923226385e-003
5795	4.671913469903255e-003	4.677351412871981e-003
5859	4.120514231241379e-003	4.168693834703355e-003
5860	4.035148607171801e-003	4.073802778041126e-003
5883	3.822562368299698e-003	3.890451449942805e-003
5897	3.470461417020010e-003	3.548133892335753e-003
5899	3.465923157029094e-003	3.467368504525317e-003
5909	3.343039898330513e-003	3.388441561392024e-003
5936	3.103907945858242e-003	3.162277660168379e-003
5967	3.054351625563667e-003	3.090295432513592e-003
6010	3.016336571415756e-003	3.019951720402016e-003
6064	2.942686763852009e-003	2.951209226666387e-003
6198	2.882283671209796e-003	2.884031503126606e-003
6436	2.818319940051328e-003	2.818382931264455e-003
6469	2.742214419795386e-003	2.754228703338166e-003
6521	2.471748358051973e-003	2.511886431509579e-003
6550	2.452912791427675e-003	2.454708915685031e-003
6772	2.366823574995292e-003	2.398832919019490e-003
6913	2.343912639348078e-003	2.344228815319923e-003
7176	2.289856115884170e-003	2.290867652767772e-003
7629	2.089797972640861e-003	2.137962089502233e-003
7650	2.088997408688953e-003	2.089296130854039e-003
7973	1.937535658969702e-003	1.949844599758046e-003
8040	1.862050933801873e-003	1.862087136662868e-003
8426	1.810690458014408e-003	1.819700858609983e-003
10989	1.778269761229634e-003	1.778279410038923e-003
1000001	1.765114398812107e-003	1.778279410038923e-003
%
% index = 1973, name = bbob_f008_i09_d10__bbob_f020_i10_d10
% instance = 4, reference value = 9.960777618507211e-001
% function evaluation | indicator value | target hit
1	9.209396867935514e+005	9.332543007969905e+005
2	2.699338725326035e+005	2.754228703338169e+005
3	2.433648781717994e+005	2.454708915685029e+005
4	1.798841295837055e+005	1.819700858609983e+005
6	1.392106857787336e+004	1.412537544622756e+004
37	4.387529152415789e+003	4.466835921509631e+003
237	2.546021443275879e+003	2.570395782768865e+003
536	1.862275570293856e+003	1.905460717963246e+003
539	1.653469890983194e+003	1.659586907437561e+003
616	1.396429089152864e+003	1.412537544622754e+003
684	1.090030126762190e+003	1.096478196143185e+003
738	9.773485725254949e+002	1.000000000000000e+003
914	6.344368241799531e+002	6.456542290346556e+002
967	5.546072967237459e+002	5.623413251903490e+002
978	2.537956833869259e+002	2.570395782768865e+002
1016	1.756261976407263e+002	1.778279410038923e+002
1044	1.691178687329061e+002	1.698243652461744e+002
1174	1.621833507476746e+002	1.659586907437561e+002
1265	1.285695451938617e+002	1.288249551693134e+002
1384	1.224049073850091e+002	1.230268770812381e+002
1409	1.154983349223587e+002	1.174897554939529e+002
1417	9.591376829487369e+001	9.772372209558107e+001
1466	9.474199784487459e+001	9.549925860214358e+001
1473	8.704321238821460e+001	8.709635899560806e+001
1493	7.184259306757629e+001	7.244359600749903e+001
1617	4.024642269637653e+001	4.073802778041128e+001
1747	2.353652768831548e+001	2.398832919019490e+001
1949	9.297211120209093e+000	9.332543007969910e+000
2192	2.969481070106392e+000	3.019951720402016e+000
2533	2.039204607699880e+000	2.041737944669529e+000
2607	9.579219581469159e-001	9.772372209558107e-001
2698	8.667165694509852e-001	8.709635899560806e-001
2865	8.402604417705535e-001	8.511380382023764e-001
2897	7.588647046900112e-001	7.762471166286917e-001
2960	7.356961902142762e-001	7.413102413009175e-001
3036	7.018499723293845e-001	7.079457843841379e-001
3089	5.663465714277447e-001	5.754399373371569e-001
3093	5.104140137422152e-001	5.128613839913648e-001
3105	5.004615190441643e-001	5.011872336272722e-001
3269	3.916314214096813e-001	3.981071705534973e-001
3342	3.633702947685559e-001	3.715352290971726e-001
3360	3.511064143426778e-001	3.548133892335755e-001
3361	3.076813669032001e-001	3.090295432513591e-001
3414	2.044342171754852e-001	2.089296130854039e-001
3455	1.868855528618765e-001	1.905460717963247e-001
3477	1.734636340938018e-001	1.737800828749375e-001
3528	1.323228662022912e-001	1.348962882591654e-001
3534	1.233028571125784e-001	1.258925411794167e-001
3543	1.192234834229881e-001	1.202264434617413e-001
3581	1.145405110345619e-001	1.148153621496883e-001
3589	1.084350027273209e-001	1.096478196143185e-001
3593	1.070495046670554e-001	1.071519305237607e-001
3622	1.029738579756269e-001	1.047128548050900e-001
3624	9.499738088158938e-002	9.549925860214359e-002
3645	9.279846121090518e-002	9.332543007969910e-002
3677	8.796540403993458e-002	8.912509381337455e-002
3785	8.111503901300987e-002	8.128305161640990e-002
3806	7.935926331818077e-002	7.943282347242814e-002
3827	7.694465564297637e-002	7.762471166286916e-002
3836	6.834091388445862e-002	6.918309709189366e-002
3848	6.643219790176036e-002	6.760829753919818e-002
3850	6.513459524510623e-002	6.606934480075961e-002
3865	6.265297839219963e-002	6.309573444801933e-002
3866	5.559216486404006e-002	5.623413251903491e-002
3884	4.710531278070929e-002	4.786300923226383e-002
3886	4.553883857197072e-002	4.570881896148749e-002
3908	4.404364951720696e-002	4.466835921509630e-002
3913	4.363217960152277e-002	4.365158322401658e-002
3953	3.947711171097534e-002	3.981071705534973e-002
3962	3.753434344884699e-002	3.801893963205612e-002
3975	3.385964627747384e-002	3.388441561392026e-002
3976	2.913036825100568e-002	2.951209226666385e-002
3979	2.841590567059060e-002	2.884031503126606e-002
4036	2.463576390023092e-002	2.511886431509579e-002
4050	2.451309244574873e-002	2.454708915685030e-002
4056	2.155643210565461e-002	2.187761623949553e-002
4068	2.121766969258965e-002	2.137962089502233e-002
4079	2.082098477976424e-002	2.089296130854040e-002
4153	2.040257071246854e-002	2.041737944669530e-002
4165	1.970211713796655e-002	1.995262314968880e-002
4172	1.926713880180286e-002	1.949844599758046e-002
4220	1.868598533138866e-002	1.905460717963247e-002
4224	1.829483807934684e-002	1.862087136662868e-002
4228	1.766650795960634e-002	1.778279410038923e-002
4232	1.720558779312631e-002	1.737800828749376e-002
4285	1.654218459188606e-002	1.659586907437561e-002
4313	1.477841755252174e-002	1.479108388168207e-002
4364	1.425441126375127e-002	1.445439770745927e-002
4390	1.392450395227163e-002	1.412537544622754e-002
4392	1.375698813241588e-002	1.380384264602885e-002
4394	1.344115569334747e-002	1.348962882591653e-002
4418	1.304252675411788e-002	1.318256738556408e-002
4446	1.272529921433452e-002	1.288249551693134e-002
4476	1.246901070643691e-002	1.258925411794168e-002
4480	1.206655484801789e-002	1.230268770812382e-002
4496	1.201817750933110e-002	1.202264434617413e-002
4506	1.153005084047820e-002	1.174897554939530e-002
4513	1.125084724799541e-002	1.148153621496883e-002
4529	1.055089269335940e-002	1.071519305237607e-002
4531	1.036404041181727e-002	1.047128548050900e-002
4545	9.530834586765957e-003	9.549925860214359e-003
4559	9.291694932032302e-003	9.332543007969915e-003
4586	9.064143595964636e-003	9.120108393559097e-003
4588	8.766729849394417e-003	8.912509381337459e-003
4594	8.649078158342261e-003	8.709635899560805e-003
4623	8.495465547330383e-003	8.511380382023768e-003
4649	8.282184380852820e-003	8.317637711026709e-003
4667	8.064240891098251e-003	8.128305161640995e-003
4668	7.925148275782501e-003	7.943282347242814e-003
4675	7.724362780345384e-003	7.762471166286920e-003
4719	7.368362634620151e-003	7.413102413009177e-003
4792	7.238066287459710e-003	7.244359600749898e-003
4839	7.020206022436137e-003	7.079457843841380e-003
4856	6.896769548033643e-003	6.918309709189363e-003
4861	6.634238942708315e-003	6.760829753919818e-003
4876	6.549173050111601e-003	6.606934480075957e-003
4894	6.330711018727397e-003	6.456542290346556e-003
4895	6.255150456092040e-003	6.309573444801930e-003
4905	6.094586695274518e-003	6.165950018614822e-003
4933	5.905733425034976e-003	6.025595860743574e-003
4946	5.861025422358113e-003	5.888436553555890e-003
4994	5.698191264082109e-003	5.754399373371567e-003
5000	5.588846155954008e-003	5.623413251903491e-003
5004	5.418176207708014e-003	5.495408738576248e-003
5019	5.320189325701330e-003	5.370317963702527e-003
5028	5.214718948998609e-003	5.248074602497728e-003
5053	4.938672276167955e-003	5.011872336272725e-003
5089	4.854595533026140e-003	4.897788193684461e-003
5094	4.748340254209338e-003	4.786300923226385e-003
5130	4.632802123631929e-003	4.677351412871981e-003
5131	4.566682313348669e-003	4.570881896148752e-003
5136	4.390327571577757e-003	4.466835921509631e-003
5157	4.333431216721362e-003	4.365158322401661e-003
5169	4.219050845201355e-003	4.265795188015926e-003
5205	4.114632697088227e-003	4.168693834703355e-003
5224	3.943477506064275e-003	3.981071705534973e-003
5240	3.789636424428311e-003	3.801893963205613e-003
5305	3.643330015810964e-003	3.715352290971724e-003
5321	3.609989625703025e-003	3.630780547701014e-003
5364	3.539127325860036e-003	3.548133892335753e-003
5397	3.439141464850803e-003	3.467368504525317e-003
5422	3.370916070435936e-003	3.388441561392024e-003
5476	3.309026005614002e-003	3.311311214825911e-003
5534	3.042112780210937e-003	3.090295432513592e-003
5541	3.005143545989797e-003	3.019951720402016e-003
5549	2.946050150627988e-003	2.951209226666387e-003
5557	2.851322106652288e-003	2.884031503126606e-003
5594	2.813743086691800e-003	2.818382931264455e-003
5627	2.753743292673416e-003	2.754228703338166e-003
5664	2.689204910328868e-003	2.691534803926917e-003
5704	2.600276721198669e-003	2.630267991895381e-003
5730	2.570039894492893e-003	2.570395782768865e-003
5764	2.501713581663956e-003	2.511886431509579e-003
5853	2.453090404963443e-003	2.454708915685031e-003
5888	2.388164951522054e-003	2.398832919019490e-003
5891	2.272273099230393e-003	2.290867652767772e-003
5954	2.230083962810547e-003	2.238721138568340e-003
5975	2.091161325275870e-003	2.137962089502233e-003
5990	2.087004238273571e-003	2.089296130854039e-003
6067	2.041120069851798e-003	2.041737944669530e-003
6111	1.994727640951433e-003	1.995262314968879e-003
6150	1.946540947626030e-003	1.949844599758046e-003
6237	1.893527588896826e-003	1.905460717963246e-003
6271	1.839062469495278e-003	1.862087136662868e-003
6297	1.819582127687403e-003	1.819700858609983e-003
6379	1.776186507457145e-003	1.778279410038923e-003
6468	1.723776880001582e-003	1.737800828749376e-003
6506	1.697916164251079e-003	1.698243652461744e-003
6618	1.653481851962235e-003	1.659586907437561e-003
6674	1.619823626615280e-003	1.621810097358930e-003
6771	1.524217123300975e-003	1.548816618912481e-003
6795	1.512764255987786e-003	1.513561248436209e-003
6917	1.479088335055501e-003	1.479108388168207e-003
6971	1.430820144559197e-003	1.445439770745928e-003
7015	1.411249411197746e-003	1.412537544622754e-003
7174	1.380299132417218e-003	1.380384264602885e-003
7347	1.347398661739829e-003	1.348962882591653e-003
7489	1.316983294119778e-003	1.318256738556408e-003
7750	1.287002220734856e-003	1.288249551693134e-003
7922	1.258870618234154e-003	1.258925411794168e-003
8077	1.230015445428778e-003	1.230268770812381e-003
8485	1.200751474462081e-003	1.202264434617413e-003
8888	1.174617492995855e-003	1.174897554939529e-003
9050	1.147327928688546e-003	1.148153621496883e-003
9391	1.121982471860683e-003	1.122018454301963e-003
10101	1.096293119890124e-003	1.096478196143185e-003
11233	1.071310664088276e-003	1.071519305237606e-003
14280	1.044217989052521e-003	1.047128548050900e-003
19861	1.023151555691659e-003	1.023292992280754e-003
37205	9.999607272039857e-004	1.000000000000000e-003
212049	9.758875318783833e-004	9.772372209558111e-004
644912	9.542052896802655e-004	9.549925860214359e-004
1000001	9.448637337897692e-004	9.549925860214359e-004
%
% index = 1974, name = bbob_f008_i11_d10__bbob_f020_i12_d10
% instance = 5, reference value = 9.997043036315830e-001
% function evaluation | indicator value | target hit
1	9.564758693091139e+005	9.772372209558112e+005
2	2.765664059196437e+005	2.818382931264455e+005
3	2.447033934318971e+005	2.454708915685029e+005
4	2.001257014750511e+005	2.041737944669528e+005
6	1.311323487732130e+004	1.318256738556407e+004
37	3.581637911304165e+003	3.630780547701014e+003
543	3.188337185455014e+003	3.235936569296281e+003
625	2.155037990821113e+003	2.187761623949552e+003
777	1.294825585351188e+003	1.318256738556408e+003
816	1.040902383863948e+003	1.047128548050900e+003
964	3.490325673615599e+002	3.548133892335753e+002
1087	3.148016788696182e+002	3.162277660168379e+002
1092	2.266892537623757e+002	2.290867652767772e+002
1141	2.201388610228763e+002	2.238721138568340e+002
1172	2.000263500848951e+002	2.041737944669530e+002
1377	1.971272213683792e+002	1.995262314968879e+002
1426	1.118956814762252e+002	1.122018454301963e+002
1656	7.035267125146115e+001	7.079457843841381e+001
1777	5.770265312778591e+001	5.888436553555890e+001
1945	4.791797343511943e+001	4.897788193684461e+001
1949	2.295023210807801e+001	2.344228815319923e+001
2060	1.583741497556768e+001	1.584893192461113e+001
2119	1.489245896935129e+001	1.513561248436208e+001
2242	1.168395498060250e+001	1.174897554939530e+001
2245	8.501769203317592e+000	8.511380382023766e+000
2338	3.207707922209421e+000	3.235936569296283e+000
2637	1.773309209419246e+000	1.778279410038923e+000
2724	1.463037310173583e+000	1.479108388168207e+000
2728	1.122749392557583e+000	1.148153621496883e+000
2774	7.235790981293936e-001	7.244359600749900e-001
3232	5.114025426570614e-001	5.128613839913648e-001
3265	4.671085063077868e-001	4.677351412871982e-001
3276	4.560494438172058e-001	4.570881896148750e-001
3372	3.639491530844187e-001	3.715352290971726e-001
3388	3.603248037844226e-001	3.630780547701014e-001
3488	2.665782966767558e-001	2.691534803926916e-001
3515	2.619325611118943e-001	2.630267991895382e-001
3519	2.485591723599223e-001	2.511886431509580e-001
3535	2.164934875700325e-001	2.187761623949552e-001
3555	2.132586231676352e-001	2.137962089502232e-001
3579	2.013323985310646e-001	2.041737944669530e-001
3597	1.991430446454708e-001	1.995262314968880e-001
3623	1.813267986670226e-001	1.819700858609984e-001
3637	1.691192619791643e-001	1.698243652461744e-001
3643	1.075874821350366e-001	1.096478196143185e-001
3674	1.065976284990278e-001	1.071519305237607e-001
3688	1.002665175742742e-001	1.023292992280754e-001
3702	9.516725525854830e-002	9.549925860214359e-002
3711	8.895673388020364e-002	8.912509381337455e-002
3721	8.661891787983866e-002	8.709635899560805e-002
3803	7.360334874063401e-002	7.413102413009177e-002
3853	6.986655642808648e-002	7.079457843841380e-002
3875	6.453162030514903e-002	6.456542290346556e-002
3920	6.300054622298579e-002	6.309573444801933e-002
3921	6.161991129633226e-002	6.165950018614822e-002
3927	5.994582345513000e-002	6.025595860743578e-002
3952	5.744311214766362e-002	5.754399373371569e-002
3965	5.334924076140213e-002	5.370317963702527e-002
3968	4.874840896114063e-002	4.897788193684461e-002
4029	4.720122895171208e-002	4.786300923226383e-002
4030	4.644795598169282e-002	4.677351412871982e-002
4033	4.175343431802558e-002	4.265795188015926e-002
4046	4.129181851367658e-002	4.168693834703355e-002
4068	3.679632178391956e-002	3.715352290971726e-002
4089	3.339223670323288e-002	3.388441561392026e-002
4090	2.941926705587838e-002	2.951209226666385e-002
4110	2.675490835746230e-002	2.691534803926915e-002
4156	2.548605199887222e-002	2.570395782768863e-002
4207	1.928639929906340e-002	1.949844599758046e-002
4214	1.888635266698957e-002	1.905460717963247e-002
4316	1.856620738593073e-002	1.862087136662868e-002
4329	1.742478693080496e-002	1.778279410038923e-002
4346	1.725023064490516e-002	1.737800828749376e-002
4380	1.647731431816779e-002	1.659586907437561e-002
4392	1.489702122266567e-002	1.513561248436208e-002
4480	1.464136295462692e-002	1.479108388168207e-002
4504	1.438361295277735e-002	1.445439770745927e-002
4540	1.179623832637888e-002	1.202264434617413e-002
4557	1.153717794169262e-002	1.174897554939530e-002
4615	1.147349342839465e-002	1.148153621496883e-002
4626	1.119440276213690e-002	1.122018454301964e-002
4703	1.091224836992244e-002	1.096478196143185e-002
4773	1.063113481546607e-002	1.071519305237607e-002
4794	1.031213592753555e-002	1.047128548050900e-002
4844	1.009295482164452e-002	1.023292992280754e-002
4902	9.798263747297864e-003	1.000000000000000e-002
4921	9.756001022843130e-003	9.772372209558112e-003
4929	6.707560458638739e-003	6.760829753919818e-003
5071	6.562729287797442e-003	6.606934480075957e-003
5132	6.432416839371458e-003	6.456542290346556e-003
5191	6.293458707537392e-003	6.309573444801930e-003
5599	5.506555151368775e-003	5.623413251903491e-003
5648	5.492900279160717e-003	5.495408738576248e-003
5793	4.697339386654842e-003	4.786300923226385e-003
5827	4.574574533411036e-003	4.677351412871981e-003
5898	4.568304875055995e-003	4.570881896148752e-003
6004	4.092395185666953e-003	4.168693834703355e-003
6006	3.347691440154899e-003	3.388441561392024e-003
6043	2.885422132003712e-003	2.951209226666387e-003
6045	2.882449593886283e-003	2.884031503126606e-003
6235	2.728115693535482e-003	2.754228703338166e-003
6288	2.328922675215006e-003	2.344228815319923e-003
6391	2.186181909903939e-003	2.187761623949552e-003
6554	2.125987003816388e-003	2.137962089502233e-003
6627	2.042137060691895e-003	2.089296130854039e-003
6647	2.041358983328023e-003	2.041737944669530e-003
7039	1.892836904844653e-003	1.905460717963246e-003
7070	1.682122644717343e-003	1.698243652461744e-003
7139	1.651613932616702e-003	1.659586907437561e-003
7640	1.359122967235282e-003	1.380384264602885e-003
7807	1.348907680212563e-003	1.348962882591653e-003
7952	1.239235921323800e-003	1.258925411794168e-003
7973	1.215265626671069e-003	1.230268770812381e-003
8339	1.201524033899504e-003	1.202264434617413e-003
8569	1.164321354879427e-003	1.174897554939529e-003
8680	1.141513038703468e-003	1.148153621496883e-003
8779	9.246826386505314e-004	9.332543007969915e-004
9328	9.120015879052756e-004	9.120108393559096e-004
9330	8.507076316891515e-004	8.511380382023768e-004
9393	8.117191295434756e-004	8.128305161640995e-004
13008	7.943279539657233e-004	7.943282347242813e-004
1000001	7.893991094667374e-004	7.943282347242813e-004
%
% index = 1975, name = bbob_f008_i13_d10__bbob_f020_i14_d10
% instance = 6, reference value = 9.974227604488870e-001
% function evaluation | indicator value | target hit
1	4.061502286555799e+005	4.073802778041131e+005
2	1.216602847486060e+005	1.230268770812381e+005
3	1.154293797435544e+005	1.174897554939530e+005
4	8.347350051553447e+004	8.511380382023759e+004
6	6.519191852997447e+003	6.606934480075958e+003
37	2.091004019565717e+003	2.137962089502233e+003
250	1.327737535984938e+003	1.348962882591653e+003
504	9.649199889018378e+002	9.772372209558112e+002
707	8.161020209624419e+002	8.317637711026708e+002
709	5.890399731219288e+002	6.025595860743575e+002
859	4.568076610562582e+002	4.570881896148752e+002
910	2.942119655505131e+002	2.951209226666387e+002
951	2.291772794673702e+002	2.344228815319923e+002
1155	2.213827213391396e+002	2.238721138568340e+002
1284	1.049511238624104e+002	1.071519305237606e+002
1451	9.135005428212976e+001	9.332543007969910e+001
1471	8.698800326617437e+001	8.709635899560806e+001
1559	3.834390339645704e+001	3.890451449942807e+001
1580	1.712838198900467e+001	1.737800828749375e+001
1901	1.550679551774117e+001	1.584893192461113e+001
1915	9.096834316522607e+000	9.120108393559097e+000
2009	5.680283883623967e+000	5.754399373371570e+000
2258	5.572197181790387e+000	5.623413251903491e+000
2299	4.042139402730888e+000	4.073802778041127e+000
2410	3.714394137556654e+000	3.715352290971725e+000
2415	2.485424175793164e+000	2.511886431509580e+000
2580	2.381894092623387e+000	2.398832919019490e+000
2624	2.091418311526887e+000	2.137962089502232e+000
2659	1.672028383950387e+000	1.698243652461744e+000
2746	1.648864172555860e+000	1.659586907437561e+000
2748	1.536308815934387e+000	1.548816618912481e+000
2753	1.486478666616411e+000	1.513561248436208e+000
2814	1.445948559587555e+000	1.479108388168207e+000
2834	1.184282000768387e+000	1.202264434617413e+000
2896	1.101322040227887e+000	1.122018454301963e+000
2923	1.017398565588387e+000	1.023292992280754e+000
2943	9.715005913189047e-001	9.772372209558107e-001
3021	6.969192359581532e-001	7.079457843841379e-001
3032	4.958577031073473e-001	5.011872336272722e-001
3077	4.630227925332455e-001	4.677351412871982e-001
3169	4.222244081236855e-001	4.265795188015927e-001
3187	3.363084471694186e-001	3.388441561392026e-001
3188	3.259758873022606e-001	3.311311214825911e-001
3197	2.956129467106691e-001	3.019951720402016e-001
3221	2.861702490046651e-001	2.884031503126606e-001
3249	2.615212983812194e-001	2.630267991895382e-001
3260	2.041805886485140e-001	2.089296130854039e-001
3296	2.010088524126110e-001	2.041737944669530e-001
3372	1.794227581619013e-001	1.819700858609984e-001
3380	1.752632713560482e-001	1.778279410038923e-001
3405	1.687059414558726e-001	1.698243652461744e-001
3419	1.508182114194847e-001	1.513561248436208e-001
3429	1.455388135496227e-001	1.479108388168208e-001
3467	1.085803257836114e-001	1.096478196143185e-001
3565	1.054367112605650e-001	1.071519305237607e-001
3566	9.864869515250352e-002	1.000000000000000e-001
3581	8.799519351612717e-002	8.912509381337455e-002
3583	8.669773108013446e-002	8.709635899560805e-002
3584	8.243714470415497e-002	8.317637711026708e-002
3585	7.709926052497917e-002	7.762471166286916e-002
3586	7.319297155424720e-002	7.413102413009177e-002
3634	7.092843133326865e-002	7.244359600749903e-002
3647	6.617439655090285e-002	6.760829753919818e-002
3662	6.537219588604959e-002	6.606934480075961e-002
3683	6.187445452399254e-002	6.309573444801933e-002
3689	6.097030156791683e-002	6.165950018614822e-002
3710	6.016813930033194e-002	6.025595860743578e-002
3754	5.475727802599528e-002	5.495408738576246e-002
3759	4.833360585411772e-002	4.897788193684461e-002
3764	4.636021892476194e-002	4.677351412871982e-002
3799	4.542029926185698e-002	4.570881896148749e-002
3817	4.052191696659513e-002	4.073802778041128e-002
3852	3.475633690512781e-002	3.548133892335755e-002
3873	3.456331024848736e-002	3.467368504525317e-002
3884	3.245613592115393e-002	3.311311214825911e-002
3924	3.158840007574115e-002	3.162277660168379e-002
3938	2.983666314436373e-002	3.019951720402016e-002
3986	2.649200050155498e-002	2.691534803926915e-002
4003	2.485630351898371e-002	2.511886431509579e-002
4023	2.357667358867499e-002	2.398832919019490e-002
4034	2.242288916475288e-002	2.290867652767774e-002
4060	2.221594747357469e-002	2.238721138568340e-002
4075	2.186637105129408e-002	2.187761623949553e-002
4144	2.116864974994437e-002	2.137962089502233e-002
4170	2.063255239620143e-002	2.089296130854040e-002
4171	1.890604319333600e-002	1.905460717963247e-002
4189	1.843901361858102e-002	1.862087136662868e-002
4280	1.815290046891771e-002	1.819700858609984e-002
4422	1.772288484925300e-002	1.778279410038923e-002
4447	1.735190470841563e-002	1.737800828749376e-002
4458	1.511433169185938e-002	1.513561248436208e-002
4505	1.477650749798520e-002	1.479108388168207e-002
4582	1.439157991040840e-002	1.445439770745927e-002
4633	1.362436094474440e-002	1.380384264602885e-002
4653	1.334170053966566e-002	1.348962882591653e-002
4662	1.313718042712941e-002	1.318256738556408e-002
4709	1.261629763017946e-002	1.288249551693134e-002
4712	1.233061098328792e-002	1.258925411794168e-002
4717	1.171010868371147e-002	1.174897554939530e-002
4788	1.108719483414788e-002	1.122018454301964e-002
4817	9.838482750404554e-003	1.000000000000000e-002
4822	8.305478705552205e-003	8.317637711026709e-003
4879	8.112828040222953e-003	8.128305161640995e-003
4884	7.940994262817802e-003	7.943282347242814e-003
4957	7.752480511423854e-003	7.762471166286920e-003
4974	7.006498573002951e-003	7.079457843841380e-003
5023	6.908333438702563e-003	6.918309709189363e-003
5055	6.757376360984391e-003	6.760829753919818e-003
5102	6.595027305245305e-003	6.606934480075957e-003
5195	6.449056394669750e-003	6.456542290346556e-003
5227	6.305161865420961e-003	6.309573444801930e-003
5257	6.042630862897136e-003	6.165950018614822e-003
5266	6.013095575992722e-003	6.025595860743574e-003
5299	5.867070665433127e-003	5.888436553555890e-003
5319	5.300028380105681e-003	5.370317963702527e-003
5327	5.203605758766106e-003	5.248074602497728e-003
5366	5.110946664754534e-003	5.128613839913648e-003
5391	4.933600139088834e-003	5.011872336272725e-003
5399	4.860746056140841e-003	4.897788193684461e-003
5453	4.747793346084661e-003	4.786300923226385e-003
5524	4.671458060390488e-003	4.677351412871981e-003
5563	4.155173304804416e-003	4.168693834703355e-003
5568	4.014066685020579e-003	4.073802778041126e-003
5605	3.908915189169360e-003	3.981071705534973e-003
5627	3.879677531691717e-003	3.890451449942805e-003
5656	3.565735219954069e-003	3.630780547701014e-003
5657	3.537829908246692e-003	3.548133892335753e-003
5763	3.466359105999572e-003	3.467368504525317e-003
5842	3.382837318771426e-003	3.388441561392024e-003
5939	3.298398904588829e-003	3.311311214825911e-003
6034	3.233381146050429e-003	3.235936569296281e-003
6089	3.160476295902548e-003	3.162277660168379e-003
6173	2.978832854182545e-003	3.019951720402016e-003
6180	2.913218447734289e-003	2.951209226666387e-003
6222	2.877779750544263e-003	2.884031503126606e-003
6228	2.783674452642604e-003	2.818382931264455e-003
6281	2.734242898263850e-003	2.754228703338166e-003
6290	2.596393025523502e-003	2.630267991895381e-003
6349	2.258943203640951e-003	2.290867652767772e-003
6392	1.851086985679151e-003	1.862087136662868e-003
6409	1.781496184501186e-003	1.819700858609983e-003
6419	1.776483908908055e-003	1.778279410038923e-003
6492	1.611140727666549e-003	1.621810097358930e-003
6510	1.553711476974917e-003	1.584893192461114e-003
6526	1.546049589914111e-003	1.548816618912481e-003
6630	1.501205122399485e-003	1.513561248436209e-003
6675	1.478756982341567e-003	1.479108388168207e-003
6791	1.441229327750371e-003	1.445439770745928e-003
6827	1.409500199936242e-003	1.412537544622754e-003
6967	1.377906839398202e-003	1.380384264602885e-003
6995	1.340036832046754e-003	1.348962882591653e-003
7076	1.310100072383635e-003	1.318256738556408e-003
7134	1.287487361771533e-003	1.288249551693134e-003
7229	1.258859742125473e-003	1.258925411794168e-003
7382	1.229449920101766e-003	1.230268770812381e-003
7503	1.201723424259282e-003	1.202264434617413e-003
7612	1.174555258679155e-003	1.174897554939529e-003
7674	1.147337101460644e-003	1.148153621496883e-003
7777	1.120383572069783e-003	1.122018454301963e-003
7883	1.092382297289252e-003	1.096478196143185e-003
7998	1.059797627227521e-003	1.071519305237606e-003
8057	1.047099208545843e-003	1.047128548050900e-003
8250	1.022397254476837e-003	1.023292992280754e-003
8350	9.992576369433071e-004	1.000000000000000e-003
8509	9.761514987074449e-004	9.772372209558111e-004
8888	9.548955226329481e-004	9.549925860214359e-004
9241	9.329847048279438e-004	9.332543007969915e-004
9658	9.116933457690157e-004	9.120108393559096e-004
10463	8.911462205098975e-004	8.912509381337459e-004
12164	8.708665625695167e-004	8.709635899560805e-004
14540	8.493515993607259e-004	8.511380382023768e-004
35427	8.314838544765113e-004	8.317637711026709e-004
1000001	8.143346620737013e-004	8.317637711026709e-004
%
% index = 1976, name = bbob_f008_i15_d10__bbob_f020_i16_d10
% instance = 7, reference value = 9.994707877515600e-001
% function evaluation | indicator value | target hit
1	3.734237519590865e+006	3.801893963205613e+006
2	1.135897303470440e+006	1.148153621496882e+006
3	9.903309492018446e+005	1.000000000000000e+006
4	7.686350409014736e+005	7.762471166286912e+005
6	5.032071501146107e+004	5.128613839913648e+004
37	1.679154217380135e+004	1.698243652461746e+004
260	6.584172287101432e+003	6.606934480075958e+003
751	5.937609106499684e+003	6.025595860743575e+003
783	5.366891379764487e+003	5.370317963702527e+003
878	2.785922157270848e+003	2.818382931264455e+003
982	2.642419223706268e+003	2.691534803926917e+003
1040	2.562377543942052e+003	2.570395782768865e+003
1154	1.087007055106064e+003	1.096478196143185e+003
1172	1.044027649000145e+003	1.047128548050900e+003
1298	5.589064943177403e+002	5.623413251903490e+002
1318	4.440390688107968e+002	4.466835921509630e+002
1455	3.933389099614554e+002	3.981071705534973e+002
1714	3.267790751546636e+002	3.311311214825911e+002
1781	3.191194411424797e+002	3.235936569296281e+002
1805	1.381302639287838e+002	1.412537544622754e+002
1835	1.304624092373099e+002	1.318256738556407e+002
1932	6.472682067367431e+001	6.606934480075961e+001
2090	3.581056261939305e+001	3.630780547701014e+001
2185	3.330152028623422e+001	3.388441561392025e+001
2382	3.274102558604603e+001	3.311311214825911e+001
2398	3.043539211410889e+001	3.090295432513591e+001
2409	1.487519542233423e+001	1.513561248436208e+001
2416	6.492059160078768e+000	6.606934480075959e+000
2850	6.446560508777460e+000	6.456542290346556e+000
3051	5.797589027192984e+000	5.888436553555890e+000
3081	4.122101387586238e+000	4.168693834703354e+000
3088	3.803634258901522e+000	3.890451449942806e+000
3215	2.790168457493060e+000	2.818382931264454e+000
3221	8.705385200255281e-001	8.709635899560806e-001
3535	8.404961006492762e-001	8.511380382023764e-001
3634	7.201235451749044e-001	7.244359600749900e-001
3644	6.199560003464544e-001	6.309573444801933e-001
3693	4.820175836660819e-001	4.897788193684462e-001
3747	3.391752111984046e-001	3.467368504525316e-001
3852	3.212186234552840e-001	3.235936569296283e-001
3906	3.160969278230728e-001	3.162277660168379e-001
3918	2.822048214242593e-001	2.884031503126606e-001
3936	2.724755462533359e-001	2.754228703338166e-001
3964	1.960528612892369e-001	1.995262314968880e-001
3973	1.817111586952136e-001	1.819700858609984e-001
4007	1.709923465826466e-001	1.737800828749375e-001
4020	1.608203884341263e-001	1.621810097358930e-001
4021	1.483794527316936e-001	1.513561248436208e-001
4050	1.370411888166918e-001	1.380384264602885e-001
4066	1.258000182348255e-001	1.258925411794167e-001
4136	1.218129000974167e-001	1.230268770812382e-001
4151	1.181974305262509e-001	1.202264434617413e-001
4188	1.148139523226498e-001	1.148153621496883e-001
4224	8.549569492826470e-002	8.709635899560805e-002
4229	8.508720909128209e-002	8.511380382023763e-002
4352	7.171515860204236e-002	7.244359600749903e-002
4353	4.245820053455129e-002	4.265795188015926e-002
4370	4.167043872634813e-002	4.168693834703355e-002
4390	3.940996013055720e-002	3.981071705534973e-002
4413	3.051468113491818e-002	3.090295432513590e-002
4420	2.921519777095871e-002	2.951209226666385e-002
4456	2.878915186009523e-002	2.884031503126606e-002
4558	2.726593824564083e-002	2.754228703338166e-002
4571	2.541976806569080e-002	2.570395782768863e-002
4630	2.466504438362793e-002	2.511886431509579e-002
4655	2.338932953988038e-002	2.344228815319923e-002
4719	2.214153634837479e-002	2.238721138568340e-002
4738	1.964320372470851e-002	1.995262314968880e-002
4818	1.940979402096843e-002	1.949844599758046e-002
4921	1.820627719770518e-002	1.862087136662868e-002
4964	1.818510970357057e-002	1.819700858609984e-002
4986	1.762218365071078e-002	1.778279410038923e-002
5012	1.442079485227643e-002	1.445439770745927e-002
5021	1.347623302020851e-002	1.348962882591653e-002
5061	1.280950878248899e-002	1.288249551693134e-002
5062	1.230992338973969e-002	1.258925411794168e-002
5095	1.189699356560559e-002	1.202264434617413e-002
5124	1.073981261522150e-002	1.096478196143185e-002
5129	1.070010184355164e-002	1.071519305237607e-002
5148	1.018562537528611e-002	1.023292992280754e-002
5244	9.906621878954858e-003	1.000000000000000e-002
5256	9.579015905071042e-003	9.772372209558112e-003
5273	9.333671865016324e-003	9.549925860214359e-003
5274	9.329083083366663e-003	9.332543007969915e-003
5324	7.117283488151549e-003	7.244359600749898e-003
5349	6.981782155675465e-003	7.079457843841380e-003
5398	6.139070570104210e-003	6.165950018614822e-003
5416	6.017070617479026e-003	6.025595860743574e-003
5491	5.610482974696351e-003	5.623413251903491e-003
5512	5.463048487097777e-003	5.495408738576248e-003
5700	5.333817172241018e-003	5.370317963702527e-003
5766	5.232135415442318e-003	5.248074602497728e-003
5862	5.076207939052502e-003	5.128613839913648e-003
5927	5.009796514660381e-003	5.011872336272725e-003
5931	4.883693738880313e-003	4.897788193684461e-003
5984	4.471412016062937e-003	4.570881896148752e-003
5986	4.445906464394356e-003	4.466835921509631e-003
6023	4.290612089012269e-003	4.365158322401661e-003
6046	4.245511278952341e-003	4.265795188015926e-003
6146	4.136048650631330e-003	4.168693834703355e-003
6217	4.020582047360888e-003	4.073802778041126e-003
6248	3.832370343502700e-003	3.890451449942805e-003
6304	3.677045900045917e-003	3.715352290971724e-003
6363	3.596802847319003e-003	3.630780547701014e-003
6393	3.538265259282580e-003	3.548133892335753e-003
6395	3.461825248616490e-003	3.467368504525317e-003
6431	3.230809513861788e-003	3.235936569296281e-003
6544	3.138212745315006e-003	3.162277660168379e-003
6549	3.070898295096214e-003	3.090295432513592e-003
6600	3.017442649317137e-003	3.019951720402016e-003
6700	2.947886984709269e-003	2.951209226666387e-003
6710	2.880746617412777e-003	2.884031503126606e-003
6770	2.810026403108568e-003	2.818382931264455e-003
6827	2.751318775325418e-003	2.754228703338166e-003
6885	2.691419597213973e-003	2.691534803926917e-003
6974	2.473623559730687e-003	2.511886431509579e-003
6980	2.451614983778550e-003	2.454708915685031e-003
7095	2.394463926409518e-003	2.398832919019490e-003
7132	2.330226392340151e-003	2.344228815319923e-003
7165	2.260696560392295e-003	2.290867652767772e-003
7190	2.219039017286595e-003	2.238721138568340e-003
7359	2.181783106328772e-003	2.187761623949552e-003
7569	2.128227695890050e-003	2.137962089502233e-003
7667	2.087470136984404e-003	2.089296130854039e-003
7840	1.982656526570481e-003	1.995262314968879e-003
7996	1.946630001168570e-003	1.949844599758046e-003
8220	1.904237312363777e-003	1.905460717963246e-003
8594	1.846858026196330e-003	1.862087136662868e-003
8770	1.812543003321565e-003	1.819700858609983e-003
9005	1.778143922889885e-003	1.778279410038923e-003
9522	1.735549002138015e-003	1.737800828749376e-003
9687	1.697982962279077e-003	1.698243652461744e-003
10247	1.657754746520412e-003	1.659586907437561e-003
10977	1.621689304978968e-003	1.621810097358930e-003
11714	1.584370103206778e-003	1.584893192461114e-003
13041	1.548317811616462e-003	1.548816618912481e-003
14668	1.513465009847170e-003	1.513561248436209e-003
25074	1.479103330044307e-003	1.479108388168207e-003
1000001	1.476414644250079e-003	1.479108388168207e-003
%
% index = 1977, name = bbob_f008_i17_d10__bbob_f020_i18_d10
% instance = 8, reference value = 9.976248901722420e-001
% function evaluation | indicator value | target hit
1	4.434258903140095e+005	4.466835921509635e+005
2	1.362869488527559e+005	1.380384264602884e+005
3	1.215264419590467e+005	1.230268770812381e+005
4	9.111195615919100e+004	9.120108393559097e+004
6	7.507769395487292e+003	7.585775750291836e+003
37	2.278746217148251e+003	2.290867652767772e+003
296	9.252927432951607e+002	9.332543007969915e+002
431	5.449759986668956e+002	5.495408738576248e+002
610	4.619061305238457e+002	4.677351412871981e+002
873	3.898387638000956e+002	3.981071705534973e+002
884	2.109751707288611e+002	2.137962089502233e+002
956	1.375136640250167e+002	1.380384264602885e+002
957	9.569316897449683e+001	9.772372209558107e+001
1040	8.967646160953100e+001	9.120108393559097e+001
1159	2.892210102341897e+001	2.951209226666386e+001
1292	2.858929328149211e+001	2.884031503126606e+001
1349	7.997810698746865e+000	8.128305161640993e+000
1752	5.895588998745961e+000	6.025595860743578e+000
1770	4.497237583336932e+000	4.570881896148751e+000
1880	1.587466468325742e+000	1.621810097358930e+000
2197	1.583476652350742e+000	1.584893192461114e+000
2202	1.108710707868242e+000	1.122018454301963e+000
2297	9.339992636688366e-001	9.549925860214360e-001
2305	8.168863698245745e-001	8.317637711026710e-001
2391	7.185581646280532e-001	7.244359600749900e-001
2430	6.761994613666531e-001	6.918309709189364e-001
2532	5.015566926437109e-001	5.128613839913648e-001
2573	4.959718953975517e-001	5.011872336272722e-001
2608	3.478317079536741e-001	3.548133892335755e-001
2795	2.306046187743238e-001	2.344228815319922e-001
2854	2.223720140285649e-001	2.238721138568340e-001
2909	2.105092488681318e-001	2.137962089502232e-001
2919	2.082355320383537e-001	2.089296130854039e-001
2925	1.815624954318205e-001	1.819700858609984e-001
2938	1.222925937675622e-001	1.230268770812382e-001
3003	1.109245068642502e-001	1.122018454301964e-001
3035	1.070631774605433e-001	1.071519305237607e-001
3058	8.679122214512769e-002	8.709635899560805e-002
3079	7.324356539850740e-002	7.413102413009177e-002
3104	6.195653038116888e-002	6.309573444801933e-002
3123	6.104886281028377e-002	6.165950018614822e-002
3143	6.010512504514465e-002	6.025595860743578e-002
3171	5.876207161776292e-002	5.888436553555890e-002
3180	5.525200131362562e-002	5.623413251903491e-002
3190	5.287160975006644e-002	5.370317963702527e-002
3262	5.235158690424024e-002	5.248074602497726e-002
3299	5.027808733341266e-002	5.128613839913648e-002
3340	4.906868151113120e-002	5.011872336272722e-002
3353	3.557010580890063e-002	3.630780547701014e-002
3405	3.500075409401393e-002	3.548133892335755e-002
3411	3.254781623580894e-002	3.311311214825911e-002
3439	3.226133239629614e-002	3.235936569296283e-002
3454	3.147771532535859e-002	3.162277660168379e-002
3460	2.822453381118129e-002	2.884031503126606e-002
3494	2.775255698570434e-002	2.818382931264454e-002
3498	2.457791554180688e-002	2.511886431509579e-002
3499	2.434281898165736e-002	2.454708915685030e-002
3549	2.355653402111357e-002	2.398832919019490e-002
3553	2.208438406640645e-002	2.238721138568340e-002
3593	2.130866985083579e-002	2.137962089502233e-002
3609	2.079558318364072e-002	2.089296130854040e-002
3649	2.000039719936708e-002	2.041737944669530e-002
3674	1.982596050669128e-002	1.995262314968880e-002
3684	1.913194992216283e-002	1.949844599758046e-002
3729	1.865558506678977e-002	1.905460717963247e-002
3730	1.858847369522532e-002	1.862087136662868e-002
3750	1.819070469721351e-002	1.819700858609984e-002
3786	1.599725765205007e-002	1.621810097358930e-002
3850	1.578418390663705e-002	1.584893192461113e-002
3852	1.540855283729969e-002	1.548816618912481e-002
3854	1.491477245412565e-002	1.513561248436208e-002
3881	1.423988619524341e-002	1.445439770745927e-002
3882	1.231870154733694e-002	1.258925411794168e-002
3887	1.169924619890683e-002	1.174897554939530e-002
3914	8.715389398267437e-003	8.912509381337459e-003
3921	8.706663500463008e-003	8.709635899560805e-003
3929	8.351971672085012e-003	8.511380382023768e-003
3965	8.004216758179528e-003	8.128305161640995e-003
3976	7.904540911786606e-003	7.943282347242814e-003
4011	7.601111780431880e-003	7.762471166286920e-003
4060	7.530930175405293e-003	7.585775750291836e-003
4076	7.347127013354049e-003	7.413102413009177e-003
4089	7.007626950932822e-003	7.079457843841380e-003
4090	6.876663495943403e-003	6.918309709189363e-003
4116	6.257467353690926e-003	6.309573444801930e-003
4168	6.055411856074833e-003	6.165950018614822e-003
4171	5.979892647240637e-003	6.025595860743574e-003
4181	5.862506746263985e-003	5.888436553555890e-003
4183	5.221639534940703e-003	5.248074602497728e-003
4220	5.047394892850332e-003	5.128613839913648e-003
4301	5.009983495366299e-003	5.011872336272725e-003
4392	4.872297743064080e-003	4.897788193684461e-003
4428	4.732500528603190e-003	4.786300923226385e-003
4433	4.667658853836909e-003	4.677351412871981e-003
4470	4.430094027027431e-003	4.466835921509631e-003
4518	4.243115246868823e-003	4.265795188015926e-003
4541	4.168348743825101e-003	4.168693834703355e-003
4549	4.059508976374748e-003	4.073802778041126e-003
4569	3.975353781873192e-003	3.981071705534973e-003
4607	3.844577762115109e-003	3.890451449942805e-003
4652	3.774902616872411e-003	3.801893963205613e-003
4660	3.609511703900448e-003	3.630780547701014e-003
4689	3.141151568330725e-003	3.162277660168379e-003
4722	3.082740304344966e-003	3.090295432513592e-003
4809	3.018659576506599e-003	3.019951720402016e-003
4843	2.947736416587188e-003	2.951209226666387e-003
4940	2.837907815002705e-003	2.884031503126606e-003
4962	2.811933557285040e-003	2.818382931264455e-003
5056	2.745633549029125e-003	2.754228703338166e-003
5061	2.680803368100615e-003	2.691534803926917e-003
5199	2.628512788572124e-003	2.630267991895381e-003
5251	2.565521418205430e-003	2.570395782768865e-003
5309	2.496373822337028e-003	2.511886431509579e-003
5357	2.454124350835585e-003	2.454708915685031e-003
5409	2.394541225690272e-003	2.398832919019490e-003
5434	2.324820067788225e-003	2.344228815319923e-003
5498	2.285736007501704e-003	2.290867652767772e-003
5564	2.237491675124437e-003	2.238721138568340e-003
5588	2.172588573893242e-003	2.187761623949552e-003
5602	2.126687331642785e-003	2.137962089502233e-003
5671	2.069018607038675e-003	2.089296130854039e-003
5756	2.039671490394968e-003	2.041737944669530e-003
5808	1.986479809924724e-003	1.995262314968879e-003
5879	1.941967390582722e-003	1.949844599758046e-003
5905	1.847411616264227e-003	1.862087136662868e-003
5909	1.812623869370533e-003	1.819700858609983e-003
5975	1.776477567656865e-003	1.778279410038923e-003
6102	1.736284378348385e-003	1.737800828749376e-003
6177	1.547739699347961e-003	1.548816618912481e-003
6206	1.456980533605878e-003	1.479108388168207e-003
6225	1.439631411158326e-003	1.445439770745928e-003
6344	1.409966495691584e-003	1.412537544622754e-003
6364	1.379536604830700e-003	1.380384264602885e-003
6428	1.298833239918751e-003	1.318256738556408e-003
6477	1.264756171626358e-003	1.288249551693134e-003
6501	1.253242141811883e-003	1.258925411794168e-003
6538	1.229340638337906e-003	1.230268770812381e-003
6590	1.177898780670539e-003	1.202264434617413e-003
6614	1.173395119621556e-003	1.174897554939529e-003
6648	1.139929270427387e-003	1.148153621496883e-003
6694	1.121514213463848e-003	1.122018454301963e-003
6793	1.094082537984931e-003	1.096478196143185e-003
6842	1.070167111747122e-003	1.071519305237606e-003
6844	1.041569266658327e-003	1.047128548050900e-003
6899	1.021510924535396e-003	1.023292992280754e-003
6905	9.714036356462952e-004	9.772372209558111e-004
6916	9.520981978210497e-004	9.549925860214359e-004
6985	9.218310353616976e-004	9.332543007969915e-004
7042	9.054654913995819e-004	9.120108393559096e-004
7182	8.910663993202395e-004	8.912509381337459e-004
7194	8.646702647601146e-004	8.709635899560805e-004
7323	8.507821927716819e-004	8.511380382023768e-004
7370	8.313672033901653e-004	8.317637711026709e-004
7374	7.846182198010254e-004	7.943282347242813e-004
7407	7.756356176716883e-004	7.762471166286919e-004
7443	7.584761499073167e-004	7.585775750291835e-004
7481	7.385207409773553e-004	7.413102413009177e-004
7525	7.200005017580224e-004	7.244359600749898e-004
7570	7.060543466957947e-004	7.079457843841380e-004
7672	6.846103889444066e-004	6.918309709189362e-004
7787	6.753323233708031e-004	6.760829753919819e-004
7985	6.606696037791959e-004	6.606934480075958e-004
8299	6.456364502401835e-004	6.456542290346556e-004
8578	6.306970677224522e-004	6.309573444801930e-004
8970	6.164046877634721e-004	6.165950018614822e-004
9464	6.024296124053086e-004	6.025595860743575e-004
11142	5.885986008640209e-004	5.888436553555889e-004
31929	5.754396495414316e-004	5.754399373371566e-004
1000001	5.646110356686274e-004	5.754399373371566e-004
%
% index = 1978, name = bbob_f008_i19_d10__bbob_f020_i21_d10
% instance = 9, reference value = 9.974808853777910e-001
% function evaluation | indicator value | target hit
1	9.344284837536862e+006	9.549925860214369e+006
2	2.699936396010712e+006	2.754228703338169e+006
3	2.556649783014506e+006	2.570395782768865e+006
4	1.869005951542513e+006	1.905460717963248e+006
6	1.419464328238337e+005	1.445439770745928e+005
37	4.133040244975554e+004	4.168693834703355e+004
237	3.504162989731813e+004	3.548133892335753e+004
466	3.076495892157644e+004	3.090295432513592e+004
499	2.444247242538580e+004	2.454708915685029e+004
501	1.786523797590890e+004	1.819700858609983e+004
531	1.296013670965321e+004	1.318256738556407e+004
659	1.283095110844255e+004	1.288249551693135e+004
676	9.620300745320748e+003	9.772372209558111e+003
939	4.870009300168144e+003	4.897788193684462e+003
1008	1.957516208218902e+003	1.995262314968879e+003
1034	1.586857725403524e+003	1.621810097358930e+003
1298	1.320297233713343e+003	1.348962882591653e+003
1464	1.312478273410654e+003	1.318256738556408e+003
1485	1.155531577447158e+003	1.174897554939529e+003
1534	6.781108200605991e+002	6.918309709189363e+002
1577	6.374524460460955e+002	6.456542290346556e+002
1700	4.555428170926975e+002	4.570881896148752e+002
1773	1.043983349781180e+002	1.047128548050900e+002
1858	7.574778278192829e+001	7.585775750291836e+001
2143	6.417355384293427e+001	6.456542290346556e+001
2244	2.690076552364408e+001	2.691534803926916e+001
2271	2.492527632652179e+001	2.511886431509580e+001
2276	2.080426253455945e+001	2.089296130854040e+001
2356	1.537035804666017e+001	1.548816618912481e+001
2666	6.160307837713816e+000	6.165950018614822e+000
2772	2.675542058767705e+000	2.691534803926916e+000
3055	2.366184607678291e+000	2.398832919019490e+000
3261	1.241341545808791e+000	1.258925411794167e+000
3298	9.351382996725836e-001	9.549925860214360e-001
3568	3.993585310214516e-001	4.073802778041127e-001
3586	1.218254816310975e-001	1.230268770812382e-001
3732	1.131025850961498e-001	1.148153621496883e-001
3895	1.031518460822791e-001	1.047128548050900e-001
3938	9.150402055617701e-002	9.332543007969910e-002
3955	8.899729052780780e-002	8.912509381337455e-002
3958	8.566580275908198e-002	8.709635899560805e-002
3978	8.320697685922029e-002	8.511380382023763e-002
3999	7.834022323178291e-002	7.943282347242814e-002
4000	7.359618403122537e-002	7.413102413009177e-002
4038	6.791237552535401e-002	6.918309709189366e-002
4046	6.663160469855933e-002	6.760829753919818e-002
4053	5.808945272433952e-002	5.888436553555890e-002
4108	5.597076308439697e-002	5.623413251903491e-002
4142	5.340994442632674e-002	5.370317963702527e-002
4189	5.122847406814868e-002	5.128613839913648e-002
4208	4.667376409203616e-002	4.677351412871982e-002
4224	4.337712193219767e-002	4.365158322401658e-002
4233	4.020732483558831e-002	4.073802778041128e-002
4292	3.546652255917127e-002	3.548133892335755e-002
4346	3.406340538269348e-002	3.467368504525317e-002
4358	3.302241834192354e-002	3.311311214825911e-002
4482	2.732236910674668e-002	2.754228703338166e-002
4518	2.644843075066405e-002	2.691534803926915e-002
4527	2.617294576533080e-002	2.630267991895382e-002
4535	2.105160381549887e-002	2.137962089502233e-002
4544	1.871188706209115e-002	1.905460717963247e-002
4602	1.783909752244539e-002	1.819700858609984e-002
4693	1.722346851230849e-002	1.737800828749376e-002
4754	1.690635065499413e-002	1.698243652461744e-002
4785	1.584744636213331e-002	1.584893192461113e-002
4788	1.507388372465923e-002	1.513561248436208e-002
4798	1.425631495018465e-002	1.445439770745927e-002
4860	1.343690679826470e-002	1.348962882591653e-002
4893	1.201980869809416e-002	1.202264434617413e-002
4991	1.169751576414579e-002	1.174897554939530e-002
5109	1.125357950441885e-002	1.148153621496883e-002
5167	1.108708505893552e-002	1.122018454301964e-002
5211	1.032481622206571e-002	1.047128548050900e-002
5231	1.010886367335662e-002	1.023292992280754e-002
5256	9.873983652367357e-003	1.000000000000000e-002
5343	9.682829051304909e-003	9.772372209558112e-003
5369	9.522685902057737e-003	9.549925860214359e-003
5423	9.238037344227013e-003	9.332543007969915e-003
5431	8.866185664406334e-003	8.912509381337459e-003
5501	8.703132904684607e-003	8.709635899560805e-003
5513	8.322858238847042e-003	8.511380382023768e-003
5525	8.307264065305908e-003	8.317637711026709e-003
5567	7.755489963256923e-003	7.762471166286920e-003
5658	7.560208524308387e-003	7.585775750291836e-003
5698	7.372723461157804e-003	7.413102413009177e-003
5737	7.237006108823829e-003	7.244359600749898e-003
5768	6.957514242684537e-003	7.079457843841380e-003
5840	6.829939351150283e-003	6.918309709189363e-003
5844	6.741342174383491e-003	6.760829753919818e-003
5896	6.586345749380440e-003	6.606934480075957e-003
5980	6.323036537347226e-003	6.456542290346556e-003
5997	5.901585127982112e-003	6.025595860743574e-003
6010	5.837117727872099e-003	5.888436553555890e-003
6029	5.752380322322837e-003	5.754399373371567e-003
6159	5.517734452673229e-003	5.623413251903491e-003
6172	5.488458571917820e-003	5.495408738576248e-003
6248	5.328098774223244e-003	5.370317963702527e-003
6272	5.215654128479574e-003	5.248074602497728e-003
6292	5.109026147782636e-003	5.128613839913648e-003
6461	5.008497401980061e-003	5.011872336272725e-003
6581	4.863596659933300e-003	4.897788193684461e-003
6613	4.748589260874625e-003	4.786300923226385e-003
6693	4.664333578198510e-003	4.677351412871981e-003
6753	4.558665916402416e-003	4.570881896148752e-003
6851	4.466315121670283e-003	4.466835921509631e-003
7037	4.350290471838214e-003	4.365158322401661e-003
7102	4.260683930272902e-003	4.265795188015926e-003
7125	4.139988703394271e-003	4.168693834703355e-003
7190	4.042884026311699e-003	4.073802778041126e-003
7272	3.955771236453631e-003	3.981071705534973e-003
7368	3.884631589703758e-003	3.890451449942805e-003
7487	3.798981383952960e-003	3.801893963205613e-003
7737	3.558048723593776e-003	3.630780547701014e-003
7807	3.547847362520784e-003	3.548133892335753e-003
7921	3.349597732446474e-003	3.388441561392024e-003
8022	3.300656514390488e-003	3.311311214825911e-003
8075	3.224149227280537e-003	3.235936569296281e-003
8162	3.144035098716413e-003	3.162277660168379e-003
8217	3.054964596639676e-003	3.090295432513592e-003
8327	3.009021883059515e-003	3.019951720402016e-003
8439	2.950665236223227e-003	2.951209226666387e-003
8502	2.862626585183770e-003	2.884031503126606e-003
8582	2.768672043389708e-003	2.818382931264455e-003
8648	2.753609663965317e-003	2.754228703338166e-003
8745	2.691530235709561e-003	2.691534803926917e-003
8876	2.618907342321286e-003	2.630267991895381e-003
9029	2.570105718593507e-003	2.570395782768865e-003
9117	2.505284811563424e-003	2.511886431509579e-003
9147	2.448665643479675e-003	2.454708915685031e-003
9263	2.397808917996680e-003	2.398832919019490e-003
9340	2.310583358942742e-003	2.344228815319923e-003
9378	2.281149109280900e-003	2.290867652767772e-003
9619	2.229258910731113e-003	2.238721138568340e-003
9648	2.079401010487425e-003	2.089296130854039e-003
9750	2.041647329892204e-003	2.041737944669530e-003
9778	1.973214193923822e-003	1.995262314968879e-003
9864	1.909247955740989e-003	1.949844599758046e-003
9866	1.848015893148314e-003	1.862087136662868e-003
9992	1.819569515778774e-003	1.819700858609983e-003
10055	1.759464194525773e-003	1.778279410038923e-003
10125	1.733292773412498e-003	1.737800828749376e-003
10259	1.693462303835935e-003	1.698243652461744e-003
10326	1.659253311940390e-003	1.659586907437561e-003
10455	1.621579875158985e-003	1.621810097358930e-003
10504	1.565625080119482e-003	1.584893192461114e-003
10524	1.520968974567438e-003	1.548816618912481e-003
10536	1.499484989993305e-003	1.513561248436209e-003
10578	1.476590253216781e-003	1.479108388168207e-003
10631	1.444422416304492e-003	1.445439770745928e-003
10679	1.327071405343716e-003	1.348962882591653e-003
10691	1.302558678055621e-003	1.318256738556408e-003
10789	1.281465275233318e-003	1.288249551693134e-003
10810	1.245071428737088e-003	1.258925411794168e-003
10811	1.204459254289247e-003	1.230268770812381e-003
10823	1.193043871618560e-003	1.202264434617413e-003
10852	1.170215467792835e-003	1.174897554939529e-003
10866	1.129817040314118e-003	1.148153621496883e-003
10898	1.120505940601535e-003	1.122018454301963e-003
10960	1.096343520087029e-003	1.096478196143185e-003
10965	1.041529969026400e-003	1.047128548050900e-003
10990	1.023115019999854e-003	1.023292992280754e-003
11046	9.960562829852693e-004	1.000000000000000e-003
11147	9.717881289015296e-004	9.772372209558111e-004
11211	9.501518400372166e-004	9.549925860214359e-004
11232	9.314035773546614e-004	9.332543007969915e-004
11307	9.020503608223596e-004	9.120108393559096e-004
11395	8.909620726236245e-004	8.912509381337459e-004
11466	8.670137824251523e-004	8.709635899560805e-004
11503	8.472511323835974e-004	8.511380382023768e-004
11520	8.198686765649166e-004	8.317637711026709e-004
11559	8.126085856176024e-004	8.128305161640995e-004
11605	7.834894616942645e-004	7.943282347242813e-004
11607	7.755332109298241e-004	7.762471166286919e-004
11689	7.551494005384463e-004	7.585775750291835e-004
11726	7.324393212502223e-004	7.413102413009177e-004
11833	7.193868043694485e-004	7.244359600749898e-004
11920	7.076057145880554e-004	7.079457843841380e-004
11973	6.781741506924899e-004	6.918309709189362e-004
12001	6.563161196059264e-004	6.606934480075958e-004
12108	6.429540190616701e-004	6.456542290346556e-004
12161	6.256131302915247e-004	6.309573444801930e-004
12218	6.158600519144963e-004	6.165950018614822e-004
12313	6.016503041844645e-004	6.025595860743575e-004
12366	5.880424986737243e-004	5.888436553555889e-004
12433	5.702608603282977e-004	5.754399373371566e-004
12448	5.341467297602653e-004	5.370317963702527e-004
12509	5.245333020404974e-004	5.248074602497728e-004
12528	5.091026227794782e-004	5.128613839913648e-004
12588	5.010020190955311e-004	5.011872336272725e-004
12629	4.853776706846835e-004	4.897788193684461e-004
12657	4.772212707957468e-004	4.786300923226385e-004
12729	4.677207523287041e-004	4.677351412871981e-004
12827	4.567008311321397e-004	4.570881896148752e-004
12905	4.447316689807357e-004	4.466835921509631e-004
12990	4.365067955333091e-004	4.365158322401661e-004
13032	4.261912488496833e-004	4.265795188015926e-004
13171	4.161088447570682e-004	4.168693834703355e-004
13320	4.068820345162205e-004	4.073802778041126e-004
13466	3.980924359825444e-004	3.981071705534974e-004
13651	3.887151348913598e-004	3.890451449942804e-004
13806	3.776728820531483e-004	3.801893963205612e-004
13918	3.712112577100024e-004	3.715352290971724e-004
14062	3.625525262097584e-004	3.630780547701014e-004
14292	3.544920206142166e-004	3.548133892335753e-004
14546	3.465368305801686e-004	3.467368504525317e-004
14767	3.386351334110360e-004	3.388441561392024e-004
15118	3.310685241875166e-004	3.311311214825911e-004
15224	3.234151376714234e-004	3.235936569296281e-004
15591	3.162124269481259e-004	3.162277660168379e-004
16149	3.089856420663839e-004	3.090295432513592e-004
16961	3.019636488095223e-004	3.019951720402016e-004
17969	2.925007759955189e-004	2.951209226666387e-004
18187	2.873319385956474e-004	2.884031503126606e-004
18590	2.815607671707854e-004	2.818382931264455e-004
20217	2.744871113128378e-004	2.754228703338166e-004
21990	2.690859957169556e-004	2.691534803926917e-004
32497	2.615656769492381e-004	2.630267991895381e-004
38201	2.567510108366644e-004	2.570395782768865e-004
175397	2.511818492679785e-004	2.511886431509580e-004
297129	2.454513291978433e-004	2.454708915685031e-004
980111	2.398799956268016e-004	2.398832919019490e-004
1000001	2.398079124312780e-004	2.398832919019490e-004
%
% index = 1979, name = bbob_f008_i21_d10__bbob_f020_i22_d10
% instance = 10, reference value = 9.999787748347820e-001
% function evaluation | indicator value | target hit
1	1.350095915245248e+006	1.380384264602884e+006
2	4.015988021849835e+005	4.073802778041131e+005
3	3.752896756538805e+005	3.801893963205612e+005
4	2.860419499900293e+005	2.884031503126606e+005
6	1.897154256018405e+004	1.905460717963248e+004
37	5.676643937918114e+003	5.754399373371567e+003
237	2.014889403266556e+003	2.041737944669530e+003
473	1.093389543428146e+003	1.096478196143185e+003
863	4.997148171379692e+002	5.011872336272725e+002
1010	4.601325460623226e+002	4.677351412871981e+002
1166	3.232728554521552e+002	3.235936569296281e+002
1271	2.878440137636309e+002	2.884031503126606e+002
1295	2.369745522051935e+002	2.398832919019490e+002
1353	2.156828527872170e+002	2.187761623949552e+002
1393	3.242835402180923e+001	3.311311214825911e+001
1940	3.042175895401586e+001	3.090295432513591e+001
2097	7.419554311614946e+000	7.585775750291838e+000
2202	6.992628621672978e+000	7.079457843841379e+000
2390	5.725198074239185e+000	5.754399373371570e+000
2448	5.098682064938295e+000	5.128613839913649e+000
2520	4.995235393944137e+000	5.011872336272722e+000
2597	4.238596606290516e+000	4.265795188015927e+000
2599	3.844339677076782e+000	3.890451449942806e+000
2748	3.535908936032782e+000	3.548133892335755e+000
2782	1.876385008808991e+000	1.905460717963247e+000
2912	1.687445734539782e+000	1.698243652461744e+000
3000	1.476556790815782e+000	1.479108388168207e+000
3044	1.395765590346782e+000	1.412537544622754e+000
3103	6.714788742427793e-001	6.760829753919818e-001
3293	6.471307634941932e-001	6.606934480075960e-001
3315	6.423767837408595e-001	6.456542290346555e-001
3316	5.267080124746363e-001	5.370317963702527e-001
3375	4.909102093124774e-001	5.011872336272722e-001
3396	4.795704830796500e-001	4.897788193684462e-001
3443	4.692075791143500e-001	4.786300923226383e-001
3464	4.468418856044065e-001	4.570881896148750e-001
3488	4.459335378618449e-001	4.466835921509632e-001
3501	4.201307828431822e-001	4.265795188015927e-001
3504	3.803339750249032e-001	3.890451449942806e-001
3527	3.060410391829920e-001	3.090295432513591e-001
3544	2.985862879382703e-001	3.019951720402016e-001
3548	2.445676525116952e-001	2.454708915685031e-001
3570	2.372294290696880e-001	2.398832919019490e-001
3606	2.299411004600408e-001	2.344228815319922e-001
3632	2.031823598219282e-001	2.041737944669530e-001
3676	1.335403421849309e-001	1.348962882591654e-001
3703	1.267048638064622e-001	1.288249551693134e-001
3724	1.199513674946148e-001	1.202264434617413e-001
3735	1.158593948125218e-001	1.174897554939529e-001
3794	1.143203928920182e-001	1.148153621496883e-001
3844	1.121770724623794e-001	1.122018454301964e-001
3852	1.070211876321252e-001	1.071519305237607e-001
3887	9.404825162529573e-002	9.549925860214359e-002
3961	9.317457896788783e-002	9.332543007969910e-002
3965	8.850179634961219e-002	8.912509381337455e-002
3988	7.731432361940827e-002	7.762471166286916e-002
4012	7.099390232188330e-002	7.244359600749903e-002
4018	7.075170199049730e-002	7.079457843841380e-002
4104	6.452119110857557e-002	6.456542290346556e-002
4129	6.212424212381851e-002	6.309573444801933e-002
4130	5.992705364976037e-002	6.025595860743578e-002
4136	5.535064202308015e-002	5.623413251903491e-002
4209	5.135274434019133e-002	5.248074602497726e-002
4229	4.879904948050462e-002	4.897788193684461e-002
4256	4.720448890805840e-002	4.786300923226383e-002
4301	4.473747949105478e-002	4.570881896148749e-002
4363	4.444633831463807e-002	4.466835921509630e-002
4380	4.365073690500054e-002	4.365158322401658e-002
4386	3.481956073266823e-002	3.548133892335755e-002
4395	3.440743179339789e-002	3.467368504525317e-002
4410	3.355756984250802e-002	3.388441561392026e-002
4440	3.247704713196253e-002	3.311311214825911e-002
4444	3.232015211607031e-002	3.235936569296283e-002
4526	3.140677053681118e-002	3.162277660168379e-002
4532	3.033608960343748e-002	3.090295432513590e-002
4533	1.863839687413971e-002	1.905460717963247e-002
4539	1.851877960078296e-002	1.862087136662868e-002
4634	1.800965191753667e-002	1.819700858609984e-002
4727	1.778039159795852e-002	1.778279410038923e-002
4813	1.159317250205294e-002	1.174897554939530e-002
5024	5.654911721070022e-003	5.754399373371567e-003
5418	5.589976531818475e-003	5.623413251903491e-003
5452	5.036082292666833e-003	5.128613839913648e-003
5657	4.991690211855415e-003	5.011872336272725e-003
5713	4.617254165643181e-003	4.677351412871981e-003
5718	2.399815513377090e-003	2.454708915685031e-003
5808	2.394843199376551e-003	2.398832919019490e-003
6317	1.541052482567196e-003	1.548816618912481e-003
6795	1.337770644068370e-003	1.348962882591653e-003
7212	1.184547455564400e-003	1.202264434617413e-003
7233	1.063342945348711e-003	1.071519305237606e-003
7372	9.498830332157482e-004	9.549925860214359e-004
7504	9.257793384358504e-004	9.332543007969915e-004
7679	8.333649294888224e-004	8.511380382023768e-004
8028	7.954429278518305e-004	8.128305161640995e-004
8058	7.507453625738014e-004	7.585775750291835e-004
8104	5.596196170890577e-004	5.623413251903491e-004
8502	5.467267769035944e-004	5.495408738576249e-004
8878	5.191395546741973e-004	5.248074602497728e-004
9006	3.753977874361159e-004	3.801893963205612e-004
9727	3.655470465594446e-004	3.715352290971724e-004
10143	3.180827798383579e-004	3.235936569296281e-004
10581	2.870454572320158e-004	2.884031503126606e-004
10614	2.326587474259512e-004	2.344228815319923e-004
11198	1.865396987438261e-004	1.905460717963246e-004
11388	1.286201337368231e-004	1.288249551693134e-004
11805	1.237144699204329e-004	1.258925411794167e-004
12239	1.109955185033540e-004	1.122018454301963e-004
12343	1.019257234491366e-004	1.023292992280754e-004
12388	8.508795357320409e-005	8.511380382023760e-005
13907	7.084364964682344e-005	7.244359600749906e-005
13929	6.943224343392007e-005	7.079457843841373e-005
14243	6.887544671863033e-005	6.918309709189363e-005
15569	6.065719351289189e-005	6.165950018614822e-005
16735	5.865156239215352e-005	5.888436553555884e-005
16901	5.740381042274034e-005	5.754399373371566e-005
17257	5.248469406415879e-005	5.370317963702533e-005
17693	5.248035347515945e-005	5.248074602497723e-005
18150	5.112383333860660e-005	5.128613839913648e-005
19936	4.918526213870678e-005	5.011872336272725e-005
21065	4.883716419468165e-005	4.897788193684466e-005
21882	4.721114570793716e-005	4.786300923226380e-005
22056	4.614677129155531e-005	4.677351412871981e-005
25439	4.562919229766926e-005	4.570881896148752e-005
29757	4.430952687295431e-005	4.466835921509635e-005
1000001	4.366473236072643e-005	4.466835921509635e-005
