%
% index = 810, name = bbob_f006_i02_d03__bbob_f021_i04_d03
% instance = 1, reference value = 9.871266598578040e-001
% function evaluation | indicator value | target hit
1	5.419372436195528e+003	5.495408738576249e+003
2	9.385625738298262e+002	9.549925860214360e+002
3	7.225661996979206e+002	7.244359600749899e+002
5	2.504817778959428e+002	2.511886431509580e+002
6	4.651728961659121e+001	4.677351412871981e+001
37	4.386137799139330e+001	4.466835921509630e+001
41	3.516526880495816e+001	3.548133892335755e+001
194	3.013884453138881e+001	3.019951720402016e+001
258	1.966716233402888e+001	1.995262314968880e+001
262	8.075300172749303e+000	8.128305161640993e+000
264	6.289692193911241e+000	6.309573444801933e+000
370	5.643610798760304e+000	5.754399373371570e+000
480	5.265820537562304e+000	5.370317963702528e+000
589	1.598819533441304e+000	1.621810097358930e+000
788	8.797752954958606e-001	8.912509381337456e-001
844	7.029797570205643e-001	7.079457843841379e-001
894	4.208413529864680e-001	4.265795188015927e-001
1040	3.786559123077783e-001	3.801893963205612e-001
1060	3.456820279519336e-001	3.467368504525316e-001
1096	2.006768747615171e-001	2.041737944669530e-001
1190	7.226819703376708e-002	7.244359600749903e-002
1210	6.964082738685273e-002	7.079457843841380e-002
1515	6.917160313433379e-002	6.918309709189366e-002
1640	5.790406729477537e-002	5.888436553555890e-002
1879	5.072048439775900e-002	5.128613839913648e-002
2319	4.946529346019513e-002	5.011872336272722e-002
2518	4.184444734726323e-002	4.265795188015926e-002
2583	2.552415024304466e-002	2.570395782768863e-002
2638	1.863908630919442e-002	1.905460717963247e-002
2748	1.851366880218319e-002	1.862087136662868e-002
2828	1.798076292123219e-002	1.819700858609984e-002
2896	1.513510405239815e-002	1.513561248436208e-002
3077	1.403674350928597e-002	1.412537544622754e-002
3202	1.313232705069500e-002	1.318256738556408e-002
3365	1.176962087556577e-002	1.202264434617413e-002
3440	1.173667512342957e-002	1.174897554939530e-002
3455	1.131966560501485e-002	1.148153621496883e-002
3477	9.034508844210976e-003	9.120108393559097e-003
4173	8.813549743678428e-003	8.912509381337459e-003
4206	7.983667283139595e-003	8.128305161640995e-003
4325	7.942226958480458e-003	7.943282347242814e-003
4334	7.290464929887164e-003	7.413102413009177e-003
4417	6.572787061991492e-003	6.606934480075957e-003
4526	6.420678985711747e-003	6.456542290346556e-003
4637	5.734519394811843e-003	5.754399373371567e-003
5029	5.616390386479542e-003	5.623413251903491e-003
5387	5.333389427958912e-003	5.370317963702527e-003
5778	4.533333907626447e-003	4.570881896148752e-003
6078	4.460849074306994e-003	4.466835921509631e-003
6223	4.327737324128944e-003	4.365158322401661e-003
6447	4.239350873209369e-003	4.265795188015926e-003
6591	3.608004514297658e-003	3.630780547701014e-003
6593	3.464504155639037e-003	3.467368504525317e-003
6748	3.334246350299774e-003	3.388441561392024e-003
7115	3.284204737981966e-003	3.311311214825911e-003
7539	3.213655577022023e-003	3.235936569296281e-003
7650	3.115938047067779e-003	3.162277660168379e-003
7731	3.063390031673774e-003	3.090295432513592e-003
7757	2.917421259770792e-003	2.951209226666387e-003
7877	1.947021134552918e-003	1.949844599758046e-003
7969	1.899911220086148e-003	1.905460717963246e-003
8056	1.794305378524652e-003	1.819700858609983e-003
8175	1.596903111311443e-003	1.621810097358930e-003
8239	1.518723760139729e-003	1.548816618912481e-003
8251	1.413773502112803e-003	1.445439770745928e-003
8272	1.397391694017869e-003	1.412537544622754e-003
8334	1.299413505746028e-003	1.318256738556408e-003
8336	1.281388442652354e-003	1.288249551693134e-003
8437	1.212335448222413e-003	1.230268770812381e-003
8470	1.098590470068328e-003	1.122018454301963e-003
8487	1.079769845044876e-003	1.096478196143185e-003
8598	1.060059704920402e-003	1.071519305237606e-003
8630	1.024070657426046e-003	1.047128548050900e-003
8644	1.017401524767037e-003	1.023292992280754e-003
8746	9.933337628155181e-004	1.000000000000000e-003
9168	9.717806743758661e-004	9.772372209558111e-004
9175	9.356276535805730e-004	9.549925860214359e-004
9187	9.266866686845621e-004	9.332543007969915e-004
9222	9.109014617535438e-004	9.120108393559096e-004
9461	8.643304076959568e-004	8.709635899560805e-004
9603	8.350741732128242e-004	8.511380382023768e-004
9634	7.996555412871365e-004	8.128305161640995e-004
9686	7.858191669697368e-004	7.943282347242813e-004
9720	7.718614130532986e-004	7.762471166286919e-004
9723	7.515938129867283e-004	7.585775750291835e-004
9946	7.409362884396309e-004	7.413102413009177e-004
10139	6.802954129287997e-004	6.918309709189362e-004
10159	6.576773394024738e-004	6.606934480075958e-004
10304	6.049390110632880e-004	6.165950018614822e-004
10308	5.957348693073072e-004	6.025595860743575e-004
10323	5.790390677705704e-004	5.888436553555889e-004
10357	5.727400991305531e-004	5.754399373371566e-004
10600	5.610258270117852e-004	5.623413251903491e-004
10620	5.329509416941436e-004	5.370317963702527e-004
10691	5.247511497122881e-004	5.248074602497728e-004
10823	5.039275520846154e-004	5.128613839913648e-004
10858	4.911885449566666e-004	5.011872336272725e-004
10869	4.832426048833050e-004	4.897788193684461e-004
10874	4.779432909676196e-004	4.786300923226385e-004
10919	4.575143559827355e-004	4.677351412871981e-004
10932	4.567295769286606e-004	4.570881896148752e-004
11098	4.290973230230977e-004	4.365158322401661e-004
11110	4.233096622454635e-004	4.265795188015926e-004
11134	4.090304036870052e-004	4.168693834703355e-004
11227	3.968463417816093e-004	3.981071705534974e-004
11248	3.886261741206099e-004	3.890451449942804e-004
11365	3.774605123301189e-004	3.801893963205612e-004
11389	3.675764149905225e-004	3.715352290971724e-004
11392	3.629892620450326e-004	3.630780547701014e-004
11448	3.497668677882038e-004	3.548133892335753e-004
11511	3.385649868798968e-004	3.388441561392024e-004
11623	3.297784024302031e-004	3.311311214825911e-004
11660	3.228157175371171e-004	3.235936569296281e-004
11782	3.149658798893285e-004	3.162277660168379e-004
11853	3.041727310487685e-004	3.090295432513592e-004
11908	3.015667562072943e-004	3.019951720402016e-004
12085	2.935378154844681e-004	2.951209226666387e-004
12198	2.878738742603249e-004	2.884031503126606e-004
12532	2.816900688800139e-004	2.818382931264455e-004
12653	2.753234125508763e-004	2.754228703338166e-004
12776	2.690078497716852e-004	2.691534803926917e-004
13013	2.542460720716955e-004	2.570395782768865e-004
13234	2.502678814203518e-004	2.511886431509580e-004
13791	2.450553296058367e-004	2.454708915685031e-004
14482	2.209641784864935e-004	2.238721138568340e-004
15103	2.187679198887294e-004	2.187761623949552e-004
16133	2.137914514622752e-004	2.137962089502232e-004
16996	2.055863160813631e-004	2.089296130854039e-004
17207	2.041335519232801e-004	2.041737944669530e-004
17688	1.988008917301887e-004	1.995262314968879e-004
18365	1.912977095146484e-004	1.949844599758046e-004
18428	1.905432967287402e-004	1.905460717963246e-004
20435	1.861895720198792e-004	1.862087136662868e-004
21090	1.816551864448623e-004	1.819700858609983e-004
23110	1.777075128214234e-004	1.778279410038923e-004
28490	1.737795526592922e-004	1.737800828749376e-004
45781	1.696910808682839e-004	1.698243652461744e-004
46434	1.655818678536480e-004	1.659586907437562e-004
54146	1.618161938706786e-004	1.621810097358930e-004
84130	1.571587470701186e-004	1.584893192461114e-004
85123	1.546360440913830e-004	1.548816618912481e-004
85343	1.513387324365567e-004	1.513561248436209e-004
134679	1.464493117622201e-004	1.479108388168207e-004
134773	1.441096719007051e-004	1.445439770745928e-004
135171	1.411337515901945e-004	1.412537544622754e-004
147022	1.377536368356580e-004	1.380384264602885e-004
154481	1.347975627876696e-004	1.348962882591653e-004
184737	1.316594088041079e-004	1.318256738556407e-004
262477	1.286111491711761e-004	1.288249551693134e-004
272061	1.251253245508899e-004	1.258925411794167e-004
289690	1.153611654303166e-004	1.174897554939529e-004
289702	1.147594968058385e-004	1.148153621496883e-004
300001	1.141877541182002e-004	1.148153621496883e-004
%
% index = 811, name = bbob_f006_i03_d03__bbob_f021_i05_d03
% instance = 2, reference value = 9.538263633567100e-001
% function evaluation | indicator value | target hit
1	8.580552935401634e+002	8.709635899560806e+002
2	6.517936622612233e+002	6.606934480075958e+002
3	3.796874129418907e+002	3.801893963205613e+002
4	1.557406805036384e+002	1.584893192461114e+002
6	1.357877294614654e+001	1.380384264602885e+001
108	1.270304452980871e+001	1.288249551693134e+001
200	1.024355771537033e+001	1.047128548050900e+001
252	7.554622407845210e+000	7.585775750291838e+000
303	3.314588797412567e+000	3.388441561392026e+000
503	3.064004387813311e+000	3.090295432513591e+000
517	1.889455810848710e+000	1.905460717963247e+000
526	1.062178026936587e+000	1.071519305237606e+000
638	6.503905934506419e-001	6.606934480075960e-001
673	3.867129296441302e-001	3.890451449942806e-001
705	3.712841335056021e-001	3.715352290971726e-001
840	2.577611327256489e-001	2.630267991895382e-001
845	2.514247874279638e-001	2.570395782768864e-001
859	2.433443916818151e-001	2.454708915685031e-001
885	2.389374258858935e-001	2.398832919019490e-001
900	2.125566922437913e-001	2.137962089502232e-001
999	2.075955815704197e-001	2.089296130854039e-001
1000	1.455474162116660e-001	1.479108388168208e-001
1104	1.174234052215643e-001	1.174897554939529e-001
1176	1.132314765760730e-001	1.148153621496883e-001
1183	1.119735277519400e-001	1.122018454301964e-001
1190	1.080401397165911e-001	1.096478196143185e-001
1219	1.062683081319614e-001	1.071519305237607e-001
1246	1.035306002413651e-001	1.047128548050900e-001
1275	5.780415616388368e-002	5.888436553555890e-002
1354	5.393326449781999e-002	5.495408738576246e-002
1366	4.768901631940603e-002	4.786300923226383e-002
1368	4.610797657063959e-002	4.677351412871982e-002
1446	4.536670974811807e-002	4.570881896148749e-002
1470	4.133336968797063e-002	4.168693834703355e-002
1551	3.791905265293660e-002	3.801893963205612e-002
1561	3.594540265588397e-002	3.630780547701014e-002
1655	2.818320813284747e-002	2.818382931264454e-002
1871	2.311062071934167e-002	2.344228815319923e-002
1999	2.269923326631096e-002	2.290867652767774e-002
2010	2.089747345361304e-002	2.137962089502233e-002
2068	1.853381637708862e-002	1.862087136662868e-002
2083	1.812299014036645e-002	1.819700858609984e-002
2174	1.748162969953626e-002	1.778279410038923e-002
2178	1.688537371160315e-002	1.698243652461744e-002
2235	1.648044053832898e-002	1.659586907437561e-002
2270	1.387487397868348e-002	1.412537544622754e-002
2288	1.296204186018046e-002	1.318256738556408e-002
2302	1.164733421680575e-002	1.174897554939530e-002
2323	1.145839222974088e-002	1.148153621496883e-002
2382	1.049790166594677e-002	1.071519305237607e-002
2404	1.045741514816367e-002	1.047128548050900e-002
2419	1.023111298021362e-002	1.023292992280754e-002
2426	9.555400901552713e-003	9.772372209558112e-003
2490	9.350048598014693e-003	9.549925860214359e-003
2507	8.972026440166703e-003	9.120108393559097e-003
2618	8.389880965491092e-003	8.511380382023768e-003
2666	8.151171690668702e-003	8.317637711026709e-003
2715	7.661907137258117e-003	7.762471166286920e-003
2748	7.438598387518369e-003	7.585775750291836e-003
2792	7.332635655782238e-003	7.413102413009177e-003
2811	7.099800430995562e-003	7.244359600749898e-003
2852	6.878711823129158e-003	6.918309709189363e-003
2907	6.465650697935810e-003	6.606934480075957e-003
2916	6.452834592175161e-003	6.456542290346556e-003
2999	6.278616428411654e-003	6.309573444801930e-003
3098	6.131383849818817e-003	6.165950018614822e-003
3133	5.999459022187348e-003	6.025595860743574e-003
3189	5.886707466944974e-003	5.888436553555890e-003
3251	5.681697458956414e-003	5.754399373371567e-003
3301	5.609873627183237e-003	5.623413251903491e-003
3461	5.354145881288130e-003	5.370317963702527e-003
3494	5.240250851143324e-003	5.248074602497728e-003
3533	5.126130337599455e-003	5.128613839913648e-003
3758	4.997274825833231e-003	5.011872336272725e-003
3933	4.877848893218295e-003	4.897788193684461e-003
4048	4.780372987752357e-003	4.786300923226385e-003
4144	4.676497489529363e-003	4.677351412871981e-003
4229	4.495249220188402e-003	4.570881896148752e-003
4268	4.439833454595310e-003	4.466835921509631e-003
4299	4.364595746679134e-003	4.365158322401661e-003
4401	4.264733953758371e-003	4.265795188015926e-003
4471	4.145958968001740e-003	4.168693834703355e-003
4567	4.067979705460356e-003	4.073802778041126e-003
4752	3.979656013005095e-003	3.981071705534973e-003
4835	3.889205416012342e-003	3.890451449942805e-003
4962	3.794770420857518e-003	3.801893963205613e-003
5114	3.671703482847732e-003	3.715352290971724e-003
5266	3.581727045200878e-003	3.630780547701014e-003
5394	3.525766892599425e-003	3.548133892335753e-003
5515	3.264970755549768e-003	3.311311214825911e-003
5570	3.227397848334923e-003	3.235936569296281e-003
5734	3.094828089571511e-003	3.162277660168379e-003
5736	3.071680939378152e-003	3.090295432513592e-003
5889	3.008309940282783e-003	3.019951720402016e-003
5997	2.934170543597237e-003	2.951209226666387e-003
6275	2.878637802286366e-003	2.884031503126606e-003
6655	2.815243942795642e-003	2.818382931264455e-003
6785	2.754030116230100e-003	2.754228703338166e-003
7275	2.689116139266923e-003	2.691534803926917e-003
7411	2.617175115742332e-003	2.630267991895381e-003
7627	2.556956996460857e-003	2.570395782768865e-003
7902	2.506678303878296e-003	2.511886431509579e-003
8434	2.453608446182809e-003	2.454708915685031e-003
9302	2.398828800562747e-003	2.398832919019490e-003
27423	2.226605464258236e-003	2.238721138568340e-003
300001	2.191038152485780e-003	2.238721138568340e-003
%
% index = 812, name = bbob_f006_i07_d03__bbob_f021_i08_d03
% instance = 3, reference value = 9.640597046512740e-001
% function evaluation | indicator value | target hit
1	8.729348708700005e+002	8.912509381337459e+002
2	6.457292152004472e+002	6.606934480075958e+002
3	4.459352883059638e+002	4.466835921509630e+002
4	3.209502209919158e+002	3.235936569296281e+002
5	1.963034552126064e+002	1.995262314968879e+002
6	6.519061352117533e+000	6.606934480075959e+000
226	2.385813466297972e+000	2.398832919019490e+000
446	2.297113413534274e+000	2.344228815319922e+000
587	1.908219562831774e+000	1.949844599758045e+000
630	1.374492102543774e+000	1.380384264602885e+000
642	1.093669018207274e+000	1.096478196143185e+000
663	9.753574833692740e-001	9.772372209558107e-001
687	5.129291390527340e-001	5.248074602497725e-001
770	3.843500849526285e-001	3.890451449942806e-001
788	3.143833772365963e-001	3.162277660168379e-001
932	2.371254854697414e-001	2.398832919019490e-001
977	2.222400027040872e-001	2.238721138568340e-001
1009	2.021254133241821e-001	2.041737944669530e-001
1018	1.766878963500353e-001	1.778279410038923e-001
1038	1.637304145532792e-001	1.659586907437561e-001
1047	1.602781705581269e-001	1.621810097358930e-001
1052	1.578591208478807e-001	1.584893192461113e-001
1093	1.507972702460426e-001	1.513561248436208e-001
1134	1.450688348424181e-001	1.479108388168208e-001
1146	1.431435621281497e-001	1.445439770745928e-001
1193	1.400879558892491e-001	1.412537544622755e-001
1224	1.223936847290640e-001	1.230268770812382e-001
1233	1.130489486762283e-001	1.148153621496883e-001
1255	9.733770245264872e-002	9.772372209558107e-002
1354	6.086853474632481e-002	6.165950018614822e-002
1363	5.830082365408873e-002	5.888436553555890e-002
1448	5.556756760613013e-002	5.623413251903491e-002
1554	3.945370436106699e-002	3.981071705534973e-002
1639	3.869984492206613e-002	3.890451449942807e-002
1739	3.399691595063170e-002	3.467368504525317e-002
1759	2.980625671644233e-002	3.019951720402016e-002
1792	2.735945584087329e-002	2.754228703338166e-002
1870	2.175785214295400e-002	2.187761623949553e-002
2082	1.768017142539458e-002	1.778279410038923e-002
2087	1.650154696592698e-002	1.659586907437561e-002
2369	1.348307201887755e-002	1.348962882591653e-002
2435	1.266150791672660e-002	1.288249551693134e-002
2449	1.214020229235868e-002	1.230268770812382e-002
2468	1.167490870158283e-002	1.174897554939530e-002
2470	1.127505111384985e-002	1.148153621496883e-002
2519	1.121820035808463e-002	1.122018454301964e-002
2561	1.091826520663652e-002	1.096478196143185e-002
2629	1.035814295698567e-002	1.047128548050900e-002
2676	1.022073542854751e-002	1.023292992280754e-002
2728	9.769211155736035e-003	9.772372209558112e-003
2876	7.850665416890945e-003	7.943282347242814e-003
2881	7.725118136135190e-003	7.762471166286920e-003
2896	7.151009183056556e-003	7.244359600749898e-003
2899	6.226390495476686e-003	6.309573444801930e-003
2952	6.127120830535127e-003	6.165950018614822e-003
3069	6.017509887263794e-003	6.025595860743574e-003
3125	5.859081208718697e-003	5.888436553555890e-003
3194	5.733125824322394e-003	5.754399373371567e-003
3223	5.018999262033530e-003	5.128613839913648e-003
3233	4.995402473484067e-003	5.011872336272725e-003
3254	4.763932725128317e-003	4.786300923226385e-003
3381	4.674422161094927e-003	4.677351412871981e-003
3519	4.489145292454810e-003	4.570881896148752e-003
3536	4.456223636250534e-003	4.466835921509631e-003
3618	4.358702091516231e-003	4.365158322401661e-003
3673	4.165776633231366e-003	4.168693834703355e-003
3795	4.071996203699801e-003	4.073802778041126e-003
3807	3.542423656862082e-003	3.548133892335753e-003
3908	3.453745188989443e-003	3.467368504525317e-003
3958	3.386817339173676e-003	3.388441561392024e-003
3963	3.224573394637109e-003	3.235936569296281e-003
4044	3.161825502714488e-003	3.162277660168379e-003
4240	3.089836856134398e-003	3.090295432513592e-003
300001	3.020213046060372e-003	3.090295432513592e-003
%
% index = 813, name = bbob_f006_i09_d03__bbob_f021_i10_d03
% instance = 4, reference value = 9.528677160969420e-001
% function evaluation | indicator value | target hit
1	2.425570260964846e+003	2.454708915685031e+003
2	1.564937425162558e+003	1.584893192461114e+003
3	1.205060819101244e+003	1.230268770812381e+003
4	8.861922632627328e+002	8.912509381337459e+002
5	4.972268016340156e+002	5.011872336272725e+002
6	1.703031485315388e+001	1.737800828749375e+001
147	1.286331863427048e+001	1.288249551693134e+001
209	9.787932286499420e-001	1.000000000000000e+000
871	5.422055642563679e-001	5.495408738576245e-001
948	3.779984171009109e-001	3.801893963205612e-001
1171	3.093862414963918e-001	3.162277660168379e-001
1187	2.838376531149519e-001	2.884031503126606e-001
1242	9.162662366950514e-002	9.332543007969910e-002
1580	9.102264958586837e-002	9.120108393559097e-002
1611	8.830498968989864e-002	8.912509381337455e-002
1693	8.547510921924728e-002	8.709635899560805e-002
1771	8.494389027644145e-002	8.511380382023763e-002
1847	6.434834530108524e-002	6.456542290346556e-002
1890	4.740992343170647e-002	4.786300923226383e-002
1893	3.815377419791566e-002	3.890451449942807e-002
1969	3.801812349858347e-002	3.801893963205612e-002
2087	3.061389232478040e-002	3.090295432513590e-002
2100	2.923453831598000e-002	2.951209226666385e-002
2161	2.835942419780446e-002	2.884031503126606e-002
2292	2.815599023340643e-002	2.818382931264454e-002
2561	2.250550561510856e-002	2.290867652767774e-002
2807	2.237517876171602e-002	2.238721138568340e-002
3139	2.167477997756351e-002	2.187761623949553e-002
3882	2.124369414292271e-002	2.137962089502233e-002
7115	2.089036180243709e-002	2.089296130854040e-002
300001	2.087090653600987e-002	2.089296130854040e-002
%
% index = 814, name = bbob_f006_i11_d03__bbob_f021_i12_d03
% instance = 5, reference value = 9.609528659888190e-001
% function evaluation | indicator value | target hit
1	2.501275870897359e+003	2.511886431509580e+003
2	1.695283128470688e+003	1.698243652461744e+003
4	1.378169643166387e+003	1.380384264602885e+003
5	3.436077342092717e+002	3.467368504525317e+002
6	2.921606418669031e+001	2.951209226666386e+001
122	1.930912194294782e+001	1.949844599758045e+001
138	8.756823677137819e+000	8.912509381337454e+000
398	6.174634384311393e+000	6.309573444801933e+000
519	4.917969855493819e+000	5.011872336272722e+000
555	3.824503515923371e+000	3.890451449942806e+000
617	3.146342910319819e+000	3.162277660168379e+000
790	1.708927778729319e+000	1.737800828749375e+000
795	1.062661997413319e+000	1.071519305237606e+000
797	9.668910456053189e-001	9.772372209558107e-001
814	5.569574919964468e-001	5.623413251903491e-001
927	4.852527766204623e-001	4.897788193684462e-001
1039	1.321540731286707e-001	1.348962882591654e-001
1649	1.318213925627059e-001	1.318256738556407e-001
1714	1.235961972569839e-001	1.258925411794167e-001
2341	7.594752693268414e-002	7.762471166286916e-002
2412	6.015374619032388e-002	6.025595860743578e-002
2726	5.847106508313538e-002	5.888436553555890e-002
2790	2.987362467386900e-002	3.019951720402016e-002
2915	2.931296240102610e-002	2.951209226666385e-002
3155	2.848112299441996e-002	2.884031503126606e-002
3479	2.809836571003432e-002	2.818382931264454e-002
3544	2.103876883014288e-002	2.137962089502233e-002
3595	2.047012805208248e-002	2.089296130854040e-002
3723	1.993302270610631e-002	1.995262314968880e-002
3745	1.896587741573452e-002	1.905460717963247e-002
3757	1.815657569822760e-002	1.819700858609984e-002
3865	1.759403939618409e-002	1.778279410038923e-002
3881	1.417882388851566e-002	1.445439770745927e-002
3998	1.398359558381901e-002	1.412537544622754e-002
4296	1.378843242015593e-002	1.380384264602885e-002
4430	1.184387558291200e-002	1.202264434617413e-002
4499	9.989317578191992e-003	1.000000000000000e-002
4629	6.940888267313539e-003	7.079457843841380e-003
4883	6.291705663465486e-003	6.309573444801930e-003
4907	6.023769436220405e-003	6.025595860743574e-003
4934	5.678889112534002e-003	5.754399373371567e-003
4957	5.585842126559437e-003	5.623413251903491e-003
5214	5.244007981034971e-003	5.248074602497728e-003
5262	5.043691497949920e-003	5.128613839913648e-003
5296	4.697557602002966e-003	4.786300923226385e-003
5469	4.496709784574282e-003	4.570881896148752e-003
5509	4.418745345951880e-003	4.466835921509631e-003
5521	4.363603280677197e-003	4.365158322401661e-003
5672	4.153209228197952e-003	4.168693834703355e-003
5702	3.514655777818398e-003	3.548133892335753e-003
5733	3.460966918503838e-003	3.467368504525317e-003
5827	3.315969421520681e-003	3.388441561392024e-003
5831	3.165565782397350e-003	3.235936569296281e-003
5960	3.146407959573216e-003	3.162277660168379e-003
6044	3.048109217379968e-003	3.090295432513592e-003
6135	2.993102479914467e-003	3.019951720402016e-003
6164	2.932130686259860e-003	2.951209226666387e-003
6341	2.881083667847229e-003	2.884031503126606e-003
6550	2.762528448126300e-003	2.818382931264455e-003
6583	2.707756625438651e-003	2.754228703338166e-003
6653	2.570885491219865e-003	2.630267991895381e-003
6721	2.475360241714242e-003	2.511886431509579e-003
6841	2.434338891607379e-003	2.454708915685031e-003
6880	2.348475546791073e-003	2.398832919019490e-003
6890	2.299265364222536e-003	2.344228815319923e-003
6908	2.290445513573380e-003	2.290867652767772e-003
6967	2.028907735584840e-003	2.041737944669530e-003
6989	1.942025541160963e-003	1.949844599758046e-003
7542	1.892438983513878e-003	1.905460717963246e-003
7623	1.861585802739540e-003	1.862087136662868e-003
7911	1.813826304877808e-003	1.819700858609983e-003
8070	1.767225147236262e-003	1.778279410038923e-003
8102	1.679425426316938e-003	1.698243652461744e-003
8188	1.621292385633244e-003	1.621810097358930e-003
8408	1.584843580407114e-003	1.584893192461114e-003
8464	1.415901575718470e-003	1.445439770745928e-003
8478	1.375364650512245e-003	1.380384264602885e-003
8797	1.330759170415696e-003	1.348962882591653e-003
8846	1.314298231753774e-003	1.318256738556408e-003
9221	1.282444080120793e-003	1.288249551693134e-003
9334	1.249927824991226e-003	1.258925411794168e-003
9392	1.211190445459032e-003	1.230268770812381e-003
9494	1.202212199601038e-003	1.202264434617413e-003
9726	1.174219827530632e-003	1.174897554939529e-003
10190	1.142023838333173e-003	1.148153621496883e-003
10229	1.115411804309630e-003	1.122018454301963e-003
10394	1.091360484718473e-003	1.096478196143185e-003
10606	1.070743887123915e-003	1.071519305237606e-003
10878	1.031385925641226e-003	1.047128548050900e-003
11006	1.023196076517907e-003	1.023292992280754e-003
28565	9.993049247848385e-004	1.000000000000000e-003
28995	9.766067431493664e-004	9.772372209558111e-004
38670	8.950465913720729e-004	9.120108393559096e-004
39961	8.910443788872069e-004	8.912509381337459e-004
71055	8.708501953005321e-004	8.709635899560805e-004
71729	8.509981254972709e-004	8.511380382023768e-004
94281	8.079724527799703e-004	8.128305161640995e-004
95594	7.894226953294448e-004	7.943282347242813e-004
95762	7.751391666455110e-004	7.762471166286919e-004
96243	7.574858027120657e-004	7.585775750291835e-004
96765	7.412839213524203e-004	7.413102413009177e-004
98049	7.016250884664954e-004	7.079457843841380e-004
120924	6.873624238548093e-004	6.918309709189362e-004
128648	6.739311673528148e-004	6.760829753919819e-004
143168	5.948698526082596e-004	6.025595860743575e-004
143328	5.813332852326880e-004	5.888436553555889e-004
143413	5.609779865901610e-004	5.623413251903491e-004
284466	5.416896683957395e-004	5.495408738576249e-004
291774	5.342982382234851e-004	5.370317963702527e-004
300001	5.340880859173725e-004	5.370317963702527e-004
%
% index = 815, name = bbob_f006_i13_d03__bbob_f021_i14_d03
% instance = 6, reference value = 9.935012026777610e-001
% function evaluation | indicator value | target hit
1	2.522340075448180e+003	2.570395782768865e+003
4	3.279444671812376e+002	3.311311214825911e+002
5	1.114142433648183e+002	1.122018454301963e+002
6	5.767327486608024e+001	5.888436553555890e+001
10	3.503588847094721e+001	3.548133892335755e+001
164	1.505010487578134e+001	1.513561248436208e+001
250	1.202467149923130e+001	1.230268770812382e+001
311	7.847541534780761e+000	7.943282347242816e+000
466	6.120158578090830e+000	6.165950018614822e+000
491	5.789094993096022e-001	5.888436553555889e-001
797	3.775446345516660e-001	3.801893963205612e-001
882	2.822890753800100e-001	2.884031503126606e-001
1084	2.749639211002738e-001	2.754228703338166e-001
1146	2.580127963401883e-001	2.630267991895382e-001
1161	2.562307228518160e-001	2.570395782768864e-001
1171	2.504783565688179e-001	2.511886431509580e-001
1186	2.446346178040684e-001	2.454708915685031e-001
1247	2.253788612642231e-001	2.290867652767773e-001
1250	2.071517092484776e-001	2.089296130854039e-001
1252	1.048548960007145e-001	1.071519305237607e-001
1315	1.044404503515485e-001	1.047128548050900e-001
1316	8.321533485138899e-002	8.511380382023763e-002
1355	6.875713584471244e-002	6.918309709189366e-002
1376	4.654971228430482e-002	4.677351412871982e-002
1436	2.581033812437128e-002	2.630267991895382e-002
1453	1.964206975385030e-002	1.995262314968880e-002
1638	1.499585245112445e-002	1.513561248436208e-002
1647	1.287494137616829e-002	1.288249551693134e-002
1664	8.632995103169505e-003	8.709635899560805e-003
1730	7.840113565526941e-003	7.943282347242814e-003
1746	7.732153031355216e-003	7.762471166286920e-003
1870	5.151466905805036e-003	5.248074602497728e-003
1951	5.061348641626440e-003	5.128613839913648e-003
1964	4.994568606020655e-003	5.011872336272725e-003
1965	4.561407441510346e-003	4.570881896148752e-003
2013	4.223652750846685e-003	4.265795188015926e-003
2117	4.151368363715768e-003	4.168693834703355e-003
2193	3.912053909752022e-003	3.981071705534973e-003
2228	3.863071966872522e-003	3.890451449942805e-003
2326	3.787947312973827e-003	3.801893963205613e-003
2391	3.325318722142479e-003	3.388441561392024e-003
2395	3.311006876178135e-003	3.311311214825911e-003
2456	3.042632511200960e-003	3.090295432513592e-003
2587	3.012051161967344e-003	3.019951720402016e-003
2655	2.886031672966749e-003	2.951209226666387e-003
2707	2.880303545338636e-003	2.884031503126606e-003
2809	2.700965144156964e-003	2.754228703338166e-003
2842	2.669333054524881e-003	2.691534803926917e-003
2973	2.492658232132738e-003	2.511886431509579e-003
3042	2.416647805032035e-003	2.454708915685031e-003
3107	2.388954430410206e-003	2.398832919019490e-003
3163	2.291346727659849e-003	2.344228815319923e-003
3181	2.287563471947474e-003	2.290867652767772e-003
3226	1.946584550083785e-003	1.949844599758046e-003
3287	1.888996996431192e-003	1.905460717963246e-003
3463	1.814828149319880e-003	1.819700858609983e-003
3466	1.714823091149120e-003	1.737800828749376e-003
3555	1.676210953711288e-003	1.698243652461744e-003
3682	1.658867016957499e-003	1.659586907437561e-003
3735	1.324569011564192e-003	1.348962882591653e-003
3751	1.160902588255963e-003	1.174897554939529e-003
3815	1.145635329049322e-003	1.148153621496883e-003
3884	1.051076320954691e-003	1.071519305237606e-003
3902	1.043971065836202e-003	1.047128548050900e-003
3951	1.016042924965932e-003	1.023292992280754e-003
4026	9.948839965010503e-004	1.000000000000000e-003
4100	9.296116092117890e-004	9.332543007969915e-004
4166	9.103768261332634e-004	9.120108393559096e-004
4329	8.758014284664384e-004	8.912509381337459e-004
4332	8.675391588675030e-004	8.709635899560805e-004
4344	8.439734334219073e-004	8.511380382023768e-004
4506	8.261580962690696e-004	8.317637711026709e-004
4551	7.967606522806259e-004	8.128305161640995e-004
4642	7.941426798870888e-004	7.943282347242813e-004
4677	7.754180027773616e-004	7.762471166286919e-004
4692	7.559394435436850e-004	7.585775750291835e-004
4773	7.372252271951041e-004	7.413102413009177e-004
4782	7.232166827768616e-004	7.244359600749898e-004
4909	6.405930873945032e-004	6.456542290346556e-004
4935	6.240724595295566e-004	6.309573444801930e-004
5012	6.164794096835680e-004	6.165950018614822e-004
5105	5.997121541401196e-004	6.025595860743575e-004
5115	5.324229402146052e-004	5.370317963702527e-004
5136	5.202667457877563e-004	5.248074602497728e-004
5172	5.057062630866582e-004	5.128613839913648e-004
5182	5.008422346562957e-004	5.011872336272725e-004
5286	4.860133099506836e-004	4.897788193684461e-004
5420	4.579318604566174e-004	4.677351412871981e-004
5461	4.570453845235134e-004	4.570881896148752e-004
5532	4.384550461482561e-004	4.466835921509631e-004
5543	4.360750977092653e-004	4.365158322401661e-004
5738	4.233109546321057e-004	4.265795188015926e-004
5760	4.146996299796424e-004	4.168693834703355e-004
5926	3.995017896296638e-004	4.073802778041126e-004
5955	3.974537456983285e-004	3.981071705534974e-004
6065	3.819555329530600e-004	3.890451449942804e-004
6066	3.785177348559765e-004	3.801893963205612e-004
6235	3.709037709727081e-004	3.715352290971724e-004
6312	3.625468240147090e-004	3.630780547701014e-004
6329	3.457920893255029e-004	3.467368504525317e-004
6387	3.365782354983748e-004	3.388441561392024e-004
6398	3.219058207436509e-004	3.235936569296281e-004
6594	3.156044219227994e-004	3.162277660168379e-004
6665	3.087926294996768e-004	3.090295432513592e-004
6785	2.915476319472754e-004	2.951209226666387e-004
6857	2.858178173611448e-004	2.884031503126606e-004
6959	2.804164168350720e-004	2.818382931264455e-004
6964	2.712071393424775e-004	2.754228703338166e-004
6984	2.688350462823896e-004	2.691534803926917e-004
7129	2.625865220978740e-004	2.630267991895381e-004
7309	2.569873725052352e-004	2.570395782768865e-004
7558	2.495713934175248e-004	2.511886431509580e-004
7628	2.447927696703767e-004	2.454708915685031e-004
7732	2.392677667224508e-004	2.398832919019490e-004
7798	2.333207514839675e-004	2.344228815319923e-004
8018	2.289949161357052e-004	2.290867652767772e-004
8224	2.236423345106653e-004	2.238721138568340e-004
8478	2.184260533122373e-004	2.187761623949552e-004
8592	2.008457628261962e-004	2.041737944669530e-004
8813	1.995071807535664e-004	1.995262314968879e-004
8835	1.735961893984950e-004	1.737800828749376e-004
8994	1.653972510338164e-004	1.659586907437562e-004
9383	1.621293562048543e-004	1.621810097358930e-004
9749	1.584237834229008e-004	1.584893192461114e-004
9931	1.548127519822584e-004	1.548816618912481e-004
10368	1.512352644725823e-004	1.513561248436209e-004
10701	1.406458636686869e-004	1.412537544622754e-004
11301	1.378484711010986e-004	1.380384264602885e-004
11933	1.348842528614558e-004	1.348962882591653e-004
12984	1.318150414885144e-004	1.318256738556407e-004
14616	1.288132432151201e-004	1.288249551693134e-004
16072	1.258152605202456e-004	1.258925411794167e-004
18923	1.202465659316809e-004	1.230268770812381e-004
18944	1.202036714879062e-004	1.202264434617413e-004
20027	1.174882221194329e-004	1.174897554939529e-004
24290	1.148141630357147e-004	1.148153621496883e-004
32074	1.107116365447469e-004	1.122018454301963e-004
32336	1.092708892019845e-004	1.096478196143185e-004
33713	1.060585559538030e-004	1.071519305237606e-004
36318	1.042970649854924e-004	1.047128548050900e-004
37327	1.020421915035596e-004	1.023292992280754e-004
41899	9.999390533321773e-005	1.000000000000000e-004
46654	9.747896208989193e-005	9.772372209558112e-005
53985	9.526323248754132e-005	9.549925860214369e-005
61750	9.332519119098492e-005	9.332543007969905e-005
66756	9.117453317197821e-005	9.120108393559096e-005
79815	8.884041881140892e-005	8.912509381337459e-005
89882	8.570830644838434e-005	8.709635899560814e-005
90004	7.988564339300730e-005	8.128305161640995e-005
98145	7.942516110714948e-005	7.943282347242822e-005
109657	7.752606628552705e-005	7.762471166286911e-005
109860	6.607264587632500e-005	6.760829753919819e-005
110323	6.606862486469023e-005	6.606934480075965e-005
112109	6.456448405123272e-005	6.456542290346549e-005
122384	6.240992036099513e-005	6.309573444801929e-005
183468	6.113030643672968e-005	6.165950018614822e-005
189067	6.014369451035062e-005	6.025595860743581e-005
194719	5.886463004067810e-005	5.888436553555884e-005
213802	5.740116870089906e-005	5.754399373371566e-005
271417	5.623270338173114e-005	5.623413251903491e-005
300001	5.523410672048090e-005	5.623413251903491e-005
%
% index = 816, name = bbob_f006_i15_d03__bbob_f021_i16_d03
% instance = 7, reference value = 9.468076074491870e-001
% function evaluation | indicator value | target hit
1	9.917454450426276e+002	1.000000000000000e+003
2	6.565289387235256e+002	6.606934480075958e+002
3	5.232566491084921e+002	5.248074602497728e+002
4	3.784404218359043e+002	3.801893963205613e+002
5	2.049517704781792e+002	2.089296130854039e+002
6	6.600546161319687e+000	6.606934480075959e+000
317	2.466101271877687e+000	2.511886431509580e+000
424	9.496127039366870e-001	9.549925860214360e-001
684	6.187974519894319e-001	6.309573444801933e-001
724	5.403384999932411e-001	5.495408738576245e-001
832	3.848196781920127e-001	3.890451449942806e-001
873	3.779154717438022e-001	3.801893963205612e-001
938	3.364317483357789e-001	3.388441561392026e-001
954	3.304526477016690e-001	3.311311214825911e-001
976	3.195629524773418e-001	3.235936569296283e-001
988	3.117292230082632e-001	3.162277660168379e-001
1005	2.748144204907957e-001	2.754228703338166e-001
1012	2.289010904880166e-001	2.290867652767773e-001
1026	2.226305143396109e-001	2.238721138568340e-001
1079	2.057592501032578e-001	2.089296130854039e-001
1091	1.802853189105883e-001	1.819700858609984e-001
1127	1.775616714729585e-001	1.778279410038923e-001
1138	1.537085086461142e-001	1.548816618912481e-001
1144	1.446515676417529e-001	1.479108388168208e-001
1237	1.432762577139056e-001	1.445439770745928e-001
1255	1.210570147373833e-001	1.230268770812382e-001
1256	1.197722961413386e-001	1.202264434617413e-001
1290	1.123358461924612e-001	1.148153621496883e-001
1322	3.283427692198160e-002	3.311311214825911e-002
1355	3.166399225280780e-002	3.235936569296283e-002
1404	2.463728280025312e-002	2.511886431509579e-002
1615	2.446473334470933e-002	2.454708915685030e-002
1683	2.254078315737562e-002	2.290867652767774e-002
1922	2.161683104263068e-002	2.187761623949553e-002
2251	2.136337837107794e-002	2.137962089502233e-002
2290	1.492167813595702e-002	1.513561248436208e-002
2361	1.421482571374455e-002	1.445439770745927e-002
2592	1.411321633010676e-002	1.412537544622754e-002
2645	1.266299371951840e-002	1.288249551693134e-002
2714	1.257623694938914e-002	1.258925411794168e-002
2987	1.120378803912903e-002	1.122018454301964e-002
2995	1.013465882876907e-002	1.023292992280754e-002
3117	9.792132278899968e-003	1.000000000000000e-002
3270	9.692291573247469e-003	9.772372209558112e-003
3352	9.544632834163069e-003	9.549925860214359e-003
3371	8.187708018353224e-003	8.317637711026709e-003
3465	8.022423783859201e-003	8.128305161640995e-003
3482	7.768562891808384e-003	7.943282347242814e-003
3488	7.761728693316816e-003	7.762471166286920e-003
3495	7.231141543611597e-003	7.244359600749898e-003
3506	4.627814000807362e-003	4.677351412871981e-003
3508	4.522509669507624e-003	4.570881896148752e-003
3609	4.362856423980932e-003	4.365158322401661e-003
3660	4.263769273476936e-003	4.265795188015926e-003
3663	3.189268692765812e-003	3.235936569296281e-003
3696	3.142163596553282e-003	3.162277660168379e-003
3709	2.994952736956935e-003	3.019951720402016e-003
3753	2.935660608368029e-003	2.951209226666387e-003
3851	2.883115802990499e-003	2.884031503126606e-003
4054	2.702831348011525e-003	2.754228703338166e-003
4064	2.680477120588942e-003	2.691534803926917e-003
4245	2.591490480548631e-003	2.630267991895381e-003
4261	2.337950032104352e-003	2.344228815319923e-003
4391	1.992218841515347e-003	1.995262314968879e-003
4565	1.761458998425503e-003	1.778279410038923e-003
4575	1.674476969791727e-003	1.698243652461744e-003
4612	1.628859861369847e-003	1.659586907437561e-003
4749	1.616381763105301e-003	1.621810097358930e-003
4787	1.584276252477479e-003	1.584893192461114e-003
4978	1.540628581307546e-003	1.548816618912481e-003
5210	1.510046055612113e-003	1.513561248436209e-003
5310	1.465703647103300e-003	1.479108388168207e-003
5329	1.411655242090859e-003	1.412537544622754e-003
5446	1.378694225104726e-003	1.380384264602885e-003
5597	1.292292688806929e-003	1.318256738556408e-003
5606	1.287208139797880e-003	1.288249551693134e-003
5654	1.257443760858346e-003	1.258925411794168e-003
5918	1.190437536573330e-003	1.202264434617413e-003
5944	1.151379849776313e-003	1.174897554939529e-003
5953	1.147724651330728e-003	1.148153621496883e-003
6073	1.114640293363722e-003	1.122018454301963e-003
6082	1.063704624289841e-003	1.071519305237606e-003
6175	1.036071162522356e-003	1.047128548050900e-003
6214	1.018019569169359e-003	1.023292992280754e-003
6359	9.715502302384271e-004	9.772372209558111e-004
6365	9.465416267718796e-004	9.549925860214359e-004
6397	9.289489814601204e-004	9.332543007969915e-004
6558	9.101577647807613e-004	9.120108393559096e-004
6581	8.807643478071503e-004	8.912509381337459e-004
6601	7.961264892814013e-004	8.128305161640995e-004
6673	7.843079144307374e-004	7.943282347242813e-004
6719	7.708353069766361e-004	7.762471166286919e-004
6902	7.570886233077001e-004	7.585775750291835e-004
7130	7.344578879795449e-004	7.413102413009177e-004
7202	7.240763495938163e-004	7.244359600749898e-004
7675	7.075267273666253e-004	7.079457843841380e-004
8415	6.917565399890968e-004	6.918309709189362e-004
300001	6.860571918618774e-004	6.918309709189362e-004
%
% index = 817, name = bbob_f006_i17_d03__bbob_f021_i18_d03
% instance = 8, reference value = 9.445268995279120e-001
% function evaluation | indicator value | target hit
1	2.047624093183084e+003	2.089296130854039e+003
2	4.342707871162814e+002	4.365158322401661e+002
4	5.630430875422328e+001	5.754399373371570e+001
48	3.637916944910691e+001	3.715352290971726e+001
358	3.104069630828585e+001	3.162277660168379e+001
368	2.673437914387366e+001	2.691534803926916e+001
400	2.141408093873025e+001	2.187761623949553e+001
429	2.012973305629553e+001	2.041737944669530e+001
463	1.496664304594730e+001	1.513561248436208e+001
472	1.247148111753905e+001	1.258925411794168e+001
489	4.294638925273913e+000	4.365158322401660e+000
750	3.067324191810752e+000	3.090295432513591e+000
863	2.757770055051912e+000	2.818382931264454e+000
929	2.584094419100412e+000	2.630267991895382e+000
1050	6.514943183871640e-001	6.606934480075960e-001
1144	6.394895498611057e-001	6.456542290346555e-001
1242	6.064644433983042e-001	6.165950018614822e-001
1317	5.144013262063224e-001	5.248074602497725e-001
1464	1.588048187980637e-001	1.621810097358930e-001
1506	1.506680070500458e-001	1.513561248436208e-001
1524	1.046680735855782e-001	1.047128548050900e-001
1525	9.409207533007580e-002	9.549925860214359e-002
1780	8.242124277009799e-002	8.317637711026708e-002
1912	6.080052483977316e-002	6.165950018614822e-002
2253	5.798910753289666e-002	5.888436553555890e-002
2387	3.618997549445580e-002	3.630780547701014e-002
2729	3.508399296480935e-002	3.548133892335755e-002
2792	3.312846508554912e-002	3.388441561392026e-002
2885	3.123047735705342e-002	3.162277660168379e-002
2888	3.048542384504505e-002	3.090295432513590e-002
2903	2.685753930747947e-002	2.691534803926915e-002
3033	2.620040327284157e-002	2.630267991895382e-002
3126	2.446663045921238e-002	2.454708915685030e-002
3459	2.104445641220654e-002	2.137962089502233e-002
3487	2.085596476436868e-002	2.089296130854040e-002
3548	1.738931626665374e-002	1.778279410038923e-002
3584	1.726148665775384e-002	1.737800828749376e-002
3615	1.672136086358689e-002	1.698243652461744e-002
3663	1.586358506387342e-002	1.621810097358930e-002
3812	1.580490232309650e-002	1.584893192461113e-002
3830	1.530414735412533e-002	1.548816618912481e-002
3902	1.493698851494563e-002	1.513561248436208e-002
3994	1.164752198324137e-002	1.174897554939530e-002
4028	1.056544377801261e-002	1.071519305237607e-002
4047	1.033437610779209e-002	1.047128548050900e-002
4237	1.011853773591642e-002	1.023292992280754e-002
4258	9.321481072387172e-003	9.332543007969915e-003
4284	8.059674279170204e-003	8.128305161640995e-003
4315	7.776525149310598e-003	7.943282347242814e-003
4317	7.758470689774866e-003	7.762471166286920e-003
4359	6.805888936248450e-003	6.918309709189363e-003
4364	6.427771747642308e-003	6.456542290346556e-003
4411	6.251501213928257e-003	6.309573444801930e-003
4564	6.139762971573037e-003	6.165950018614822e-003
4583	5.310049728461164e-003	5.370317963702527e-003
4601	5.197189235883637e-003	5.248074602497728e-003
4615	5.122080191003353e-003	5.128613839913648e-003
4618	4.883705157367246e-003	4.897788193684461e-003
4633	4.754848491137609e-003	4.786300923226385e-003
4701	4.666443392378650e-003	4.677351412871981e-003
4753	4.546832580675009e-003	4.570881896148752e-003
4958	4.461375383423949e-003	4.466835921509631e-003
4978	4.273666802524834e-003	4.365158322401661e-003
5025	4.238096604434638e-003	4.265795188015926e-003
5182	4.166711203993478e-003	4.168693834703355e-003
5270	4.014616414818262e-003	4.073802778041126e-003
5337	3.904673772353151e-003	3.981071705534973e-003
5345	3.841488003103133e-003	3.890451449942805e-003
5381	3.721192577626598e-003	3.801893963205613e-003
5430	3.628294576438873e-003	3.630780547701014e-003
5470	3.435435674118970e-003	3.467368504525317e-003
5598	3.269581985719472e-003	3.311311214825911e-003
5635	3.220935778481704e-003	3.235936569296281e-003
5643	3.062150832810473e-003	3.090295432513592e-003
5657	3.013588844916759e-003	3.019951720402016e-003
5694	2.697438811535058e-003	2.754228703338166e-003
5782	2.690925432128899e-003	2.691534803926917e-003
6014	2.622790212378101e-003	2.630267991895381e-003
6200	2.547075833726264e-003	2.570395782768865e-003
6255	2.507477107415612e-003	2.511886431509579e-003
6264	2.369661461799733e-003	2.398832919019490e-003
6296	2.291033505133044e-003	2.344228815319923e-003
6319	2.287995845923319e-003	2.290867652767772e-003
6365	2.223855904200489e-003	2.238721138568340e-003
6620	2.184025551910107e-003	2.187761623949552e-003
6713	2.123238570706842e-003	2.137962089502233e-003
6729	1.974000675669885e-003	1.995262314968879e-003
6742	1.929788626108153e-003	1.949844599758046e-003
6883	1.891105430133044e-003	1.905460717963246e-003
6943	1.853624960772682e-003	1.862087136662868e-003
6989	1.611682251983493e-003	1.621810097358930e-003
7047	1.581755064444579e-003	1.584893192461114e-003
7168	1.541244157660549e-003	1.548816618912481e-003
7283	1.504488214671196e-003	1.513561248436209e-003
7392	1.472377185096185e-003	1.479108388168207e-003
7534	1.398871399175605e-003	1.412537544622754e-003
7586	1.378288510720638e-003	1.380384264602885e-003
7664	1.346996043585236e-003	1.348962882591653e-003
7672	1.317822893630916e-003	1.318256738556408e-003
7716	1.286529263540448e-003	1.288249551693134e-003
7822	1.238347989719668e-003	1.258925411794168e-003
7878	1.223576044513064e-003	1.230268770812381e-003
7942	1.192289147220582e-003	1.202264434617413e-003
7966	1.174694463282555e-003	1.174897554939529e-003
7995	1.146035510534271e-003	1.148153621496883e-003
8006	1.120984119703627e-003	1.122018454301963e-003
8092	1.086392223939248e-003	1.096478196143185e-003
8121	1.070904094162883e-003	1.071519305237606e-003
8179	1.046108674744306e-003	1.047128548050900e-003
8234	1.013596614263035e-003	1.023292992280754e-003
8251	9.951430806741657e-004	1.000000000000000e-003
8296	9.563144409463487e-004	9.772372209558111e-004
8309	9.518716406543559e-004	9.549925860214359e-004
8360	9.328777698595081e-004	9.332543007969915e-004
8414	9.088670027709300e-004	9.120108393559096e-004
8437	8.791750963104139e-004	8.912509381337459e-004
8522	8.520792856377968e-004	8.709635899560805e-004
8527	8.496609225328022e-004	8.511380382023768e-004
8588	8.225707793452219e-004	8.317637711026709e-004
8663	8.061255613910356e-004	8.128305161640995e-004
8745	7.918384251931476e-004	7.943282347242813e-004
8780	7.711704311140766e-004	7.762471166286919e-004
8847	7.584891075911315e-004	7.585775750291835e-004
8881	7.385192211327718e-004	7.413102413009177e-004
8913	7.224274496684391e-004	7.244359600749898e-004
8968	7.069079618869933e-004	7.079457843841380e-004
8999	6.869989377027430e-004	6.918309709189362e-004
9027	6.746112661102366e-004	6.760829753919819e-004
9077	6.593828616147102e-004	6.606934480075958e-004
9132	6.379754690781780e-004	6.456542290346556e-004
9139	6.305990249924065e-004	6.309573444801930e-004
9182	6.131120000896217e-004	6.165950018614822e-004
9261	6.013985867349136e-004	6.025595860743575e-004
9335	5.882705818722744e-004	5.888436553555889e-004
9381	5.745632854097238e-004	5.754399373371566e-004
9526	5.615872706230540e-004	5.623413251903491e-004
9653	5.483030707149617e-004	5.495408738576249e-004
9722	5.364305237406386e-004	5.370317963702527e-004
9857	5.238029233928243e-004	5.248074602497728e-004
9977	5.119582102266485e-004	5.128613839913648e-004
10105	5.000722348731390e-004	5.011872336272725e-004
10241	4.896864025105696e-004	4.897788193684461e-004
10370	4.784942901071565e-004	4.786300923226385e-004
10636	4.676432173846834e-004	4.677351412871981e-004
11360	4.570842525819518e-004	4.570881896148752e-004
12541	4.465459404724426e-004	4.466835921509631e-004
13742	4.360669105025750e-004	4.365158322401661e-004
15768	4.265776519231102e-004	4.265795188015926e-004
18267	4.163334251278128e-004	4.168693834703355e-004
18654	4.064920421202878e-004	4.073802778041126e-004
18789	3.974561373879526e-004	3.981071705534974e-004
18929	3.886159856727467e-004	3.890451449942804e-004
19129	3.792533737725368e-004	3.801893963205612e-004
19358	3.662367531107602e-004	3.715352290971724e-004
19458	3.626785423150869e-004	3.630780547701014e-004
45166	3.548121068130961e-004	3.548133892335753e-004
79948	3.462838569242566e-004	3.467368504525317e-004
94512	3.387092125399782e-004	3.388441561392024e-004
100542	3.311268090545605e-004	3.311311214825911e-004
163280	3.234401454466074e-004	3.235936569296281e-004
163617	3.112902099788872e-004	3.162277660168379e-004
163736	3.085370257444042e-004	3.090295432513592e-004
217378	3.002069822642950e-004	3.019951720402016e-004
300001	2.975331470871367e-004	3.019951720402016e-004
%
% index = 818, name = bbob_f006_i19_d03__bbob_f021_i21_d03
% instance = 9, reference value = 9.861234094508770e-001
% function evaluation | indicator value | target hit
1	7.760027472050738e+004	7.762471166286912e+004
2	6.885074764574526e+002	6.918309709189363e+002
3	5.361087960499522e+002	5.370317963702527e+002
4	3.963698701515399e+002	3.981071705534973e+002
10	4.391488216418727e+001	4.466835921509630e+001
153	1.966456804909191e+001	1.995262314968880e+001
168	1.930827425307134e+001	1.949844599758045e+001
262	6.714167941088561e+000	6.760829753919817e+000
427	5.223422609953788e+000	5.248074602497725e+000
479	4.122209994786946e+000	4.168693834703354e+000
540	3.350835384737877e+000	3.388441561392026e+000
649	2.904239489338298e+000	2.951209226666386e+000
674	2.773698275156877e+000	2.818382931264454e+000
762	1.186507054103377e+000	1.202264434617413e+000
802	7.753059702452314e-001	7.762471166286917e-001
918	6.822251738815284e-001	6.918309709189364e-001
971	5.042295802672601e-001	5.128613839913648e-001
989	4.781875418577164e-001	4.786300923226383e-001
1003	4.111986548806463e-001	4.168693834703354e-001
1116	3.123795063737319e-001	3.162277660168379e-001
1137	3.072771907248891e-001	3.090295432513591e-001
1163	2.974443738235865e-001	3.019951720402016e-001
1180	2.943248985482735e-001	2.951209226666385e-001
1207	2.793123241784712e-001	2.818382931264454e-001
1224	2.690652838346296e-001	2.691534803926916e-001
1225	2.557518573771268e-001	2.570395782768864e-001
1240	2.274126755476598e-001	2.290867652767773e-001
1246	1.997290639924206e-001	2.041737944669530e-001
1261	1.919935319339100e-001	1.949844599758046e-001
1322	1.886258045890057e-001	1.905460717963247e-001
1335	1.179373563044760e-001	1.202264434617413e-001
1344	1.118639977377726e-001	1.122018454301964e-001
1350	1.060578263614055e-001	1.071519305237607e-001
1511	1.032227944352038e-001	1.047128548050900e-001
1571	1.018955917341777e-001	1.023292992280754e-001
1575	9.851019773067204e-002	1.000000000000000e-001
1589	9.767624594568891e-002	9.772372209558107e-002
1593	6.261948771322790e-002	6.309573444801933e-002
1643	6.084511288222805e-002	6.165950018614822e-002
1654	5.710641345044365e-002	5.754399373371569e-002
1682	5.340359560295005e-002	5.370317963702527e-002
1697	5.137592639154942e-002	5.248074602497726e-002
1729	5.059075968790749e-002	5.128613839913648e-002
1798	4.699956597414123e-002	4.786300923226383e-002
1861	4.619572574847108e-002	4.677351412871982e-002
1881	4.549513685280748e-002	4.570881896148749e-002
1890	4.437005118174586e-002	4.466835921509630e-002
1926	3.752346577961563e-002	3.801893963205612e-002
1969	3.692401879384233e-002	3.715352290971726e-002
1971	3.591887447594411e-002	3.630780547701014e-002
1981	3.195022423993621e-002	3.235936569296283e-002
2048	3.133148534942154e-002	3.162277660168379e-002
2097	2.646767464815203e-002	2.691534803926915e-002
2131	2.597687616937994e-002	2.630267991895382e-002
2170	2.554622114394367e-002	2.570395782768863e-002
2204	1.523085602782437e-002	1.548816618912481e-002
2206	1.501746080888811e-002	1.513561248436208e-002
2225	1.395438269496518e-002	1.412537544622754e-002
2267	1.148829559553333e-002	1.174897554939530e-002
2284	1.082149621994988e-002	1.096478196143185e-002
2302	1.021034099297402e-002	1.023292992280754e-002
2345	9.964602370819531e-003	1.000000000000000e-002
2395	9.730251847543725e-003	9.772372209558112e-003
2413	9.113650301830090e-003	9.120108393559097e-003
2446	8.782307875975781e-003	8.912509381337459e-003
2448	8.413082664002980e-003	8.511380382023768e-003
2475	8.252556613165374e-003	8.317637711026709e-003
2562	8.023644557693777e-003	8.128305161640995e-003
2569	7.604141180288959e-003	7.762471166286920e-003
2575	7.491399077809824e-003	7.585775750291836e-003
2609	7.313244548700193e-003	7.413102413009177e-003
2615	7.117485069014995e-003	7.244359600749898e-003
2654	7.002621280197019e-003	7.079457843841380e-003
2664	6.915374682834097e-003	6.918309709189363e-003
2670	6.623690160997953e-003	6.760829753919818e-003
2671	5.878703784724881e-003	5.888436553555890e-003
2683	5.712263641865278e-003	5.754399373371567e-003
2687	5.619902755515938e-003	5.623413251903491e-003
2699	5.445229125452200e-003	5.495408738576248e-003
2723	5.018292716074124e-003	5.128613839913648e-003
2736	4.820914748885019e-003	4.897788193684461e-003
2773	4.779725126778600e-003	4.786300923226385e-003
2775	4.479082752445907e-003	4.570881896148752e-003
2791	4.458526639609772e-003	4.466835921509631e-003
2812	4.346289380168678e-003	4.365158322401661e-003
2826	4.173824810200899e-003	4.265795188015926e-003
2830	4.159018565949246e-003	4.168693834703355e-003
2835	4.071115482469412e-003	4.073802778041126e-003
2858	3.886095952929103e-003	3.890451449942805e-003
2887	3.793204959467889e-003	3.801893963205613e-003
2888	3.566022976707717e-003	3.630780547701014e-003
2903	3.397397163832583e-003	3.467368504525317e-003
2911	3.381730570557795e-003	3.388441561392024e-003
2975	3.289915675726562e-003	3.311311214825911e-003
3000	3.176311821650790e-003	3.235936569296281e-003
3006	3.128516161930994e-003	3.162277660168379e-003
3015	2.948964049112601e-003	2.951209226666387e-003
3069	2.883318785903422e-003	2.884031503126606e-003
3091	2.806399191653708e-003	2.818382931264455e-003
3097	2.701486686761845e-003	2.754228703338166e-003
3101	2.623057097479564e-003	2.630267991895381e-003
3113	2.304330396429744e-003	2.344228815319923e-003
3121	2.285022838409034e-003	2.290867652767772e-003
3127	2.233973757904351e-003	2.238721138568340e-003
3138	2.179632824015676e-003	2.187761623949552e-003
3146	2.135932199349822e-003	2.137962089502233e-003
3153	2.066252753907927e-003	2.089296130854039e-003
3164	1.984164129086197e-003	1.995262314968879e-003
3191	1.948576993978879e-003	1.949844599758046e-003
3229	1.876572114071662e-003	1.905460717963246e-003
3236	1.850363587465820e-003	1.862087136662868e-003
3251	1.797149180918445e-003	1.819700858609983e-003
3257	1.764701625079024e-003	1.778279410038923e-003
3271	1.701624443104843e-003	1.737800828749376e-003
3276	1.696674926027875e-003	1.698243652461744e-003
3284	1.656493775735735e-003	1.659586907437561e-003
3294	1.620886903647478e-003	1.621810097358930e-003
3313	1.559680367449579e-003	1.584893192461114e-003
3324	1.515729032697810e-003	1.548816618912481e-003
3338	1.513487272453928e-003	1.513561248436209e-003
3352	1.471399116494854e-003	1.479108388168207e-003
3369	1.431585791480505e-003	1.445439770745928e-003
3376	1.408753055220924e-003	1.412537544622754e-003
3406	1.376737844049680e-003	1.380384264602885e-003
3414	1.316726850792871e-003	1.318256738556408e-003
3418	1.271344724374734e-003	1.288249551693134e-003
3446	1.255124580286315e-003	1.258925411794168e-003
3455	1.146927069322290e-003	1.148153621496883e-003
3494	1.121877712302988e-003	1.122018454301963e-003
3545	1.095905668843877e-003	1.096478196143185e-003
3587	1.066431996234796e-003	1.071519305237606e-003
3598	1.027838637133627e-003	1.047128548050900e-003
3604	1.022329765956398e-003	1.023292992280754e-003
3623	9.956788667079275e-004	1.000000000000000e-003
3643	9.736103103171745e-004	9.772372209558111e-004
3682	9.519484941703515e-004	9.549925860214359e-004
3710	9.212288902894494e-004	9.332543007969915e-004
3729	9.044646664426725e-004	9.120108393559096e-004
3753	8.907037195379219e-004	8.912509381337459e-004
3780	8.297584468566210e-004	8.317637711026709e-004
3800	8.126689113894248e-004	8.128305161640995e-004
3815	7.928385401698712e-004	7.943282347242813e-004
3837	7.745254406414937e-004	7.762471166286919e-004
3851	7.536514228299041e-004	7.585775750291835e-004
3885	7.408895008205185e-004	7.413102413009177e-004
3929	7.227195147117005e-004	7.244359600749898e-004
3946	6.986540068679714e-004	7.079457843841380e-004
3953	6.900372027084378e-004	6.918309709189362e-004
3975	6.623226674525862e-004	6.760829753919819e-004
3977	6.508764970142300e-004	6.606934480075958e-004
3999	6.453067102811794e-004	6.456542290346556e-004
4026	6.299379951708595e-004	6.309573444801930e-004
4052	6.165358338423577e-004	6.165950018614822e-004
4064	5.927197908679460e-004	6.025595860743575e-004
4076	5.816983000663800e-004	5.888436553555889e-004
4090	5.747909887771074e-004	5.754399373371566e-004
4114	5.622520003536469e-004	5.623413251903491e-004
4186	5.484601169538639e-004	5.495408738576249e-004
4225	5.334659259496055e-004	5.370317963702527e-004
4249	5.099932655708850e-004	5.128613839913648e-004
4257	4.957437951360610e-004	5.011872336272725e-004
4270	4.864520781976411e-004	4.897788193684461e-004
4285	4.754373037743065e-004	4.786300923226385e-004
4322	4.652593093825708e-004	4.677351412871981e-004
4351	4.558862512044071e-004	4.570881896148752e-004
4367	4.373622956135304e-004	4.466835921509631e-004
4386	4.364137395518331e-004	4.365158322401661e-004
4426	4.265572183060895e-004	4.265795188015926e-004
4455	4.167022455405789e-004	4.168693834703355e-004
4496	4.063521966674033e-004	4.073802778041126e-004
4520	3.917332115375150e-004	3.981071705534974e-004
4535	3.889090812870810e-004	3.890451449942804e-004
4584	3.801298062086067e-004	3.801893963205612e-004
4632	3.714874803022461e-004	3.715352290971724e-004
4657	3.629268769543836e-004	3.630780547701014e-004
4714	3.541630434759080e-004	3.548133892335753e-004
4738	3.466717001507913e-004	3.467368504525317e-004
4765	3.372091221103268e-004	3.388441561392024e-004
4814	3.305187213934469e-004	3.311311214825911e-004
4862	3.234334917718851e-004	3.235936569296281e-004
4889	3.161620494186446e-004	3.162277660168379e-004
4902	3.088246417616292e-004	3.090295432513592e-004
4927	3.016658281059792e-004	3.019951720402016e-004
4944	2.938295680482428e-004	2.951209226666387e-004
4961	2.881198519835149e-004	2.884031503126606e-004
4970	2.801694344025663e-004	2.818382931264455e-004
5019	2.748325773926919e-004	2.754228703338166e-004
5047	2.678398111826130e-004	2.691534803926917e-004
5106	2.628958066588361e-004	2.630267991895381e-004
5163	2.562693590580922e-004	2.570395782768865e-004
5182	2.507297350845539e-004	2.511886431509580e-004
5220	2.450403482193719e-004	2.454708915685031e-004
5251	2.393723174101137e-004	2.398832919019490e-004
5253	2.184564358389540e-004	2.187761623949552e-004
5328	2.136501931505608e-004	2.137962089502232e-004
5362	2.087638854033624e-004	2.089296130854039e-004
5456	2.038498184794291e-004	2.041737944669530e-004
5501	1.969581512919483e-004	1.995262314968879e-004
5528	1.942096030699281e-004	1.949844599758046e-004
5608	1.901538680449955e-004	1.905460717963246e-004
5693	1.861852369205996e-004	1.862087136662868e-004
5770	1.819089680085151e-004	1.819700858609983e-004
5799	1.778110572669966e-004	1.778279410038923e-004
5889	1.666581382561150e-004	1.698243652461744e-004
5930	1.652872285289320e-004	1.659586907437562e-004
5974	1.598118731817033e-004	1.621810097358930e-004
6018	1.581225596597458e-004	1.584893192461114e-004
6113	1.548453093178637e-004	1.548816618912481e-004
6189	1.511583718405429e-004	1.513561248436209e-004
6305	1.473868315809979e-004	1.479108388168207e-004
6434	1.445358413026954e-004	1.445439770745928e-004
6540	1.412185426702406e-004	1.412537544622754e-004
6602	1.379766993735432e-004	1.380384264602885e-004
6761	1.348639221588899e-004	1.348962882591653e-004
6895	1.317627753046891e-004	1.318256738556407e-004
6992	1.286668139194314e-004	1.288249551693134e-004
7157	1.258521117886158e-004	1.258925411794167e-004
7257	1.224044946480651e-004	1.230268770812381e-004
7388	1.202172159474602e-004	1.202264434617413e-004
7505	1.174100039494919e-004	1.174897554939529e-004
7628	1.147841076256650e-004	1.148153621496883e-004
7731	1.121825807358645e-004	1.122018454301963e-004
7895	1.089136350150843e-004	1.096478196143185e-004
8006	1.071399412585494e-004	1.071519305237606e-004
8071	1.044814932450455e-004	1.047128548050900e-004
8264	1.020540907984424e-004	1.023292992280754e-004
8384	9.995938990903230e-005	1.000000000000000e-004
8581	9.771677320513650e-005	9.772372209558112e-005
8817	9.549236100681036e-005	9.549925860214369e-005
8994	9.328619743231847e-005	9.332543007969905e-005
9185	9.106399341596294e-005	9.120108393559096e-005
9400	8.912221169710133e-005	8.912509381337459e-005
9558	8.707574657140782e-005	8.709635899560814e-005
9780	8.510406273953830e-005	8.511380382023760e-005
9996	8.317121153822438e-005	8.317637711026709e-005
10250	8.128280396513254e-005	8.128305161640995e-005
10653	7.942620659273647e-005	7.943282347242822e-005
11006	7.761524856575441e-005	7.762471166286911e-005
11439	7.583218314921592e-005	7.585775750291836e-005
11670	7.314658575097166e-005	7.413102413009178e-005
11832	7.241741453456463e-005	7.244359600749906e-005
12158	7.075680219281733e-005	7.079457843841373e-005
12468	6.918275215517244e-005	6.918309709189363e-005
12830	6.758840576026604e-005	6.760829753919819e-005
13125	6.606744482740012e-005	6.606934480075965e-005
13455	6.450083415165953e-005	6.456542290346549e-005
13707	6.309403277138248e-005	6.309573444801929e-005
14189	6.162970954282088e-005	6.165950018614822e-005
14689	6.010720497318101e-005	6.025595860743581e-005
15039	5.887658380010485e-005	5.888436553555884e-005
15579	5.752284930571339e-005	5.754399373371566e-005
16200	5.622759877388361e-005	5.623413251903491e-005
17145	5.494702599617707e-005	5.495408738576248e-005
17701	5.370206011046097e-005	5.370317963702533e-005
18853	5.246159368110792e-005	5.248074602497723e-005
19699	5.125988617549204e-005	5.128613839913648e-005
20621	5.011545948574447e-005	5.011872336272725e-005
21700	4.897206814047372e-005	4.897788193684466e-005
23013	4.776174746456974e-005	4.786300923226380e-005
24294	4.677010482101451e-005	4.677351412871981e-005
26068	4.567843094460677e-005	4.570881896148752e-005
27899	4.463381504715702e-005	4.466835921509635e-005
29437	4.364233007347895e-005	4.365158322401657e-005
31831	4.265709619688529e-005	4.265795188015926e-005
35005	4.168552832817252e-005	4.168693834703355e-005
38770	4.073789491587654e-005	4.073802778041130e-005
42550	3.980188572727528e-005	3.981071705534970e-005
46836	3.890042900789315e-005	3.890451449942805e-005
52134	3.801833580596714e-005	3.801893963205612e-005
58063	3.715343518695402e-005	3.715352290971728e-005
64483	3.630759735406830e-005	3.630780547701010e-005
73508	3.547613044563303e-005	3.548133892335753e-005
86220	3.467234542675612e-005	3.467368504525317e-005
102836	3.388426114914189e-005	3.388441561392028e-005
126019	3.311307148257114e-005	3.311311214825908e-005
162510	3.235923560107601e-005	3.235936569296281e-005
200620	3.041697192018855e-005	3.090295432513592e-005
220416	3.019938231363373e-005	3.019951720402019e-005
300001	2.954970590218764e-005	3.019951720402019e-005
%
% index = 819, name = bbob_f006_i21_d03__bbob_f021_i22_d03
% instance = 10, reference value = 9.953720723036590e-001
% function evaluation | indicator value | target hit
1	1.991666899004664e+003	1.995262314968879e+003
2	3.302203033609500e+002	3.311311214825911e+002
3	2.522270187095207e+002	2.570395782768865e+002
6	5.569853672194520e+001	5.623413251903491e+001
37	1.821791757888496e+001	1.862087136662868e+001
194	1.228951612879903e+001	1.230268770812382e+001
334	1.458201847369659e+000	1.479108388168207e+000
764	3.564501378727577e-001	3.630780547701014e-001
916	3.484440722961587e-001	3.548133892335755e-001
1023	3.424418131111525e-001	3.467368504525316e-001
1035	3.270168780103722e-001	3.311311214825911e-001
1057	2.906133155491932e-001	2.951209226666385e-001
1068	2.478401410439456e-001	2.511886431509580e-001
1075	3.325043700289476e-002	3.388441561392026e-002
1322	3.308837975132750e-002	3.311311214825911e-002
1708	3.093543497829843e-002	3.162277660168379e-002
1734	3.089364487204815e-002	3.090295432513590e-002
1925	2.931464258176297e-002	2.951209226666385e-002
1957	2.848770565103198e-002	2.884031503126606e-002
2082	1.564760657722020e-002	1.584893192461113e-002
2168	8.439736751883253e-003	8.511380382023768e-003
2182	7.051758592404922e-003	7.079457843841380e-003
2429	6.498608615309709e-003	6.606934480075957e-003
2445	5.328285245667086e-003	5.370317963702527e-003
2545	5.105952554852022e-003	5.128613839913648e-003
2644	4.825928322782169e-003	4.897788193684461e-003
2755	4.738749214029059e-003	4.786300923226385e-003
2909	4.594032552041827e-003	4.677351412871981e-003
2953	4.090566782788407e-003	4.168693834703355e-003
2989	4.057334953024183e-003	4.073802778041126e-003
3026	3.813815932086073e-003	3.890451449942805e-003
3055	3.799082916359442e-003	3.801893963205613e-003
3063	3.584625078421388e-003	3.630780547701014e-003
3162	3.329456660880581e-003	3.388441561392024e-003
3217	3.254740389130983e-003	3.311311214825911e-003
3389	3.229899985527696e-003	3.235936569296281e-003
3417	3.014117024729313e-003	3.019951720402016e-003
3476	2.807205517580735e-003	2.818382931264455e-003
3565	2.751713820337898e-003	2.754228703338166e-003
3702	2.676724092525951e-003	2.691534803926917e-003
3822	2.538409418716858e-003	2.570395782768865e-003
3915	2.347533785971523e-003	2.398832919019490e-003
4073	2.299725010025400e-003	2.344228815319923e-003
4118	2.280875602621690e-003	2.290867652767772e-003
4498	2.236896773558317e-003	2.238721138568340e-003
4511	2.122476463925382e-003	2.137962089502233e-003
4623	2.032486987736948e-003	2.041737944669530e-003
4628	1.897507782787078e-003	1.905460717963246e-003
4639	1.765522469472147e-003	1.778279410038923e-003
4841	1.724304128775778e-003	1.737800828749376e-003
5308	1.697213833115940e-003	1.698243652461744e-003
5371	1.614818131941642e-003	1.621810097358930e-003
5576	1.558646267533326e-003	1.584893192461114e-003
5577	1.492576593649320e-003	1.513561248436209e-003
5609	1.468717169029188e-003	1.479108388168207e-003
5830	1.433320701837548e-003	1.445439770745928e-003
5965	1.407410386175534e-003	1.412537544622754e-003
6034	1.379407754798834e-003	1.380384264602885e-003
6329	1.337101777967975e-003	1.348962882591653e-003
6587	1.304969593464156e-003	1.318256738556408e-003
6892	1.279523094829482e-003	1.288249551693134e-003
6965	1.248889509439355e-003	1.258925411794168e-003
7309	1.170574505030886e-003	1.174897554939529e-003
7534	1.128335608990727e-003	1.148153621496883e-003
7620	1.109762438144091e-003	1.122018454301963e-003
7915	1.085140253007433e-003	1.096478196143185e-003
8053	1.041133726337518e-003	1.047128548050900e-003
8357	1.017620805614405e-003	1.023292992280754e-003
8523	9.906348066205384e-004	1.000000000000000e-003
8704	9.769046434280337e-004	9.772372209558111e-004
8848	9.531354547642756e-004	9.549925860214359e-004
8937	9.320031253272632e-004	9.332543007969915e-004
9071	8.079308381828687e-004	8.128305161640995e-004
9376	7.928507491922199e-004	7.943282347242813e-004
9488	7.578380281506592e-004	7.585775750291835e-004
9810	7.405941017581963e-004	7.413102413009177e-004
10204	7.240905244051410e-004	7.244359600749898e-004
10435	7.077655579029729e-004	7.079457843841380e-004
10667	6.861289997074360e-004	6.918309709189362e-004
10728	6.751939836796561e-004	6.760829753919819e-004
10985	6.571000284770756e-004	6.606934480075958e-004
11276	6.440299069305766e-004	6.456542290346556e-004
11545	6.294153919991219e-004	6.309573444801930e-004
11693	6.140351953862755e-004	6.165950018614822e-004
11975	6.008752985603438e-004	6.025595860743575e-004
12172	5.793037671888435e-004	5.888436553555889e-004
12402	4.573646588503788e-004	4.677351412871981e-004
12420	4.568058967282518e-004	4.570881896148752e-004
12492	4.230569439253040e-004	4.265795188015926e-004
12524	4.150772968105621e-004	4.168693834703355e-004
12782	4.057480227305232e-004	4.073802778041126e-004
13046	3.923789411892642e-004	3.981071705534974e-004
13057	3.771357625433902e-004	3.801893963205612e-004
13124	3.356695293196266e-004	3.388441561392024e-004
13314	3.289449987826654e-004	3.311311214825911e-004
13445	3.227616215654150e-004	3.235936569296281e-004
13564	3.108203727095749e-004	3.162277660168379e-004
13607	3.071138609945789e-004	3.090295432513592e-004
13817	3.018799438997410e-004	3.019951720402016e-004
14038	2.945773631914950e-004	2.951209226666387e-004
14062	2.857935994160510e-004	2.884031503126606e-004
14247	2.814479035225803e-004	2.818382931264455e-004
14322	2.743876043402871e-004	2.754228703338166e-004
14345	2.674616121445261e-004	2.691534803926917e-004
14520	2.605356371253587e-004	2.630267991895381e-004
14673	2.569639358500631e-004	2.570395782768865e-004
14752	2.491881685812158e-004	2.511886431509580e-004
14771	2.165748643123688e-004	2.187761623949552e-004
14813	2.135297342197307e-004	2.137962089502232e-004
14925	2.088333636627304e-004	2.089296130854039e-004
14951	2.004550296701435e-004	2.041737944669530e-004
14973	1.995067431718178e-004	1.995262314968879e-004
15016	1.860988889759163e-004	1.862087136662868e-004
15277	1.760882427470634e-004	1.778279410038923e-004
15303	1.736507953074007e-004	1.737800828749376e-004
15310	1.645034666883927e-004	1.659586907437562e-004
15480	1.620515071134587e-004	1.621810097358930e-004
15609	1.579563447171584e-004	1.584893192461114e-004
15697	1.547819480319790e-004	1.548816618912481e-004
15815	1.513160886912335e-004	1.513561248436209e-004
15978	1.456368229982852e-004	1.479108388168207e-004
16016	1.441356983613584e-004	1.445439770745928e-004
16052	1.409011628318302e-004	1.412537544622754e-004
16108	1.358741677135456e-004	1.380384264602885e-004
16142	1.346678159742654e-004	1.348962882591653e-004
16200	1.317884905223110e-004	1.318256738556407e-004
16358	1.264213195055763e-004	1.288249551693134e-004
16382	1.236034888232318e-004	1.258925411794167e-004
16397	1.228334703186063e-004	1.230268770812381e-004
16685	1.202059180894777e-004	1.202264434617413e-004
16720	1.168125679167353e-004	1.174897554939529e-004
16860	1.146763222262814e-004	1.148153621496883e-004
16975	1.114704215550155e-004	1.122018454301963e-004
17117	1.096048144892947e-004	1.096478196143185e-004
17212	1.067378002821418e-004	1.071519305237606e-004
17543	1.044913569147044e-004	1.047128548050900e-004
17719	1.023276075363677e-004	1.023292992280754e-004
18064	9.998998272187087e-005	1.000000000000000e-004
18622	9.750366737892868e-005	9.772372209558112e-005
19123	9.521134908041518e-005	9.549925860214369e-005
20022	9.332013671914385e-005	9.332543007969905e-005
20964	9.119541726088087e-005	9.120108393559096e-005
22207	8.840416996613865e-005	8.912509381337459e-005
24096	8.709591053712718e-005	8.709635899560814e-005
27364	8.474655874290971e-005	8.511380382023760e-005
40260	8.300551841755599e-005	8.317637711026709e-005
66498	8.069717940895060e-005	8.128305161640995e-005
80559	7.738642091648096e-005	7.762471166286911e-005
106503	7.435935891142442e-005	7.585775750291836e-005
109190	7.407972139528152e-005	7.413102413009178e-005
150286	7.211572957976919e-005	7.244359600749906e-005
220730	7.062157251702672e-005	7.079457843841373e-005
300001	6.977702289978627e-005	7.079457843841373e-005
