%
% index = 250, name = bbob_f006_i02_d02__bbob_f020_i04_d02
% instance = 1, reference value = 9.789219826810111e-001
% function evaluation | indicator value | target hit
1	2.023542614527386e+003	2.041737944669530e+003
2	2.231216011867525e+002	2.238721138568340e+002
6	2.195763943546641e+001	2.238721138568340e+001
13	1.034968199619133e+001	1.047128548050900e+001
114	4.386321710227011e+000	4.466835921509632e+000
191	2.265906947108011e+000	2.290867652767773e+000
238	1.771671711003011e+000	1.778279410038923e+000
298	5.772554221009298e-001	5.888436553555889e-001
358	4.909488589071258e-001	5.011872336272722e-001
366	4.150400132142649e-001	4.168693834703354e-001
461	3.862592388355773e-001	3.890451449942806e-001
472	2.494310868363469e-001	2.511886431509580e-001
499	1.317041397042996e-001	1.318256738556407e-001
538	8.736730856845176e-002	8.912509381337455e-002
543	6.931062884284522e-002	7.079457843841380e-002
569	6.901494328949887e-002	6.918309709189366e-002
581	6.468525612176468e-002	6.606934480075961e-002
584	6.258769734646263e-002	6.309573444801933e-002
622	6.158602771817245e-002	6.165950018614822e-002
630	2.381462333253304e-002	2.398832919019490e-002
658	2.259750808754524e-002	2.290867652767774e-002
676	2.011999297228850e-002	2.041737944669530e-002
696	1.984661280337163e-002	1.995262314968880e-002
704	1.949299867807719e-002	1.949844599758046e-002
734	1.878284957670628e-002	1.905460717963247e-002
805	1.843431284471764e-002	1.862087136662868e-002
817	1.806586777597319e-002	1.819700858609984e-002
825	1.739537250295242e-002	1.778279410038923e-002
826	1.495733797171106e-002	1.513561248436208e-002
832	1.231208698500885e-002	1.258925411794168e-002
835	1.114715318318971e-002	1.122018454301964e-002
861	8.496688268956332e-003	8.511380382023768e-003
870	8.240886652572166e-003	8.317637711026709e-003
876	7.956886415407038e-003	8.128305161640995e-003
884	7.584003852106225e-003	7.585775750291836e-003
897	5.318616229444406e-003	5.370317963702527e-003
912	5.181092349208383e-003	5.248074602497728e-003
925	5.123847850783569e-003	5.128613839913648e-003
943	4.653179262937623e-003	4.677351412871981e-003
944	4.564902924681480e-003	4.570881896148752e-003
946	4.460207613336098e-003	4.466835921509631e-003
972	4.333522210853036e-003	4.365158322401661e-003
984	4.196455556746970e-003	4.265795188015926e-003
986	3.778678114908174e-003	3.801893963205613e-003
998	3.645535803898925e-003	3.715352290971724e-003
1006	3.620070398720143e-003	3.630780547701014e-003
1011	3.540265851582070e-003	3.548133892335753e-003
1029	2.971804077444795e-003	3.019951720402016e-003
1030	2.939365884944145e-003	2.951209226666387e-003
1036	2.883721533727734e-003	2.884031503126606e-003
1051	2.816663703228417e-003	2.818382931264455e-003
1057	2.733758550867105e-003	2.754228703338166e-003
1070	2.630306661288051e-003	2.691534803926917e-003
1071	2.527000399336288e-003	2.570395782768865e-003
1076	2.480837925080026e-003	2.511886431509579e-003
1081	2.428395968250618e-003	2.454708915685031e-003
1082	2.384868758366299e-003	2.398832919019490e-003
1087	2.321001654732036e-003	2.344228815319923e-003
1097	2.258523157961156e-003	2.290867652767772e-003
1100	2.236801233859387e-003	2.238721138568340e-003
1107	2.178443246181439e-003	2.187761623949552e-003
1109	2.097508024835992e-003	2.137962089502233e-003
1115	2.086614534570819e-003	2.089296130854039e-003
1141	2.038422260498440e-003	2.041737944669530e-003
1143	1.991987460446265e-003	1.995262314968879e-003
1151	1.949227617542793e-003	1.949844599758046e-003
1154	1.871981897164088e-003	1.905460717963246e-003
1164	1.842356015383961e-003	1.862087136662868e-003
1169	1.803664715126829e-003	1.819700858609983e-003
1179	1.759414121777603e-003	1.778279410038923e-003
1185	1.737658460940872e-003	1.737800828749376e-003
1193	1.687734362717186e-003	1.698243652461744e-003
1201	1.650517322811296e-003	1.659586907437561e-003
1211	1.620043509113600e-003	1.621810097358930e-003
1219	1.525607498174098e-003	1.548816618912481e-003
1227	1.374446977762234e-003	1.380384264602885e-003
1242	1.341409837416929e-003	1.348962882591653e-003
1259	1.318241127028608e-003	1.318256738556408e-003
1267	1.222664145316688e-003	1.230268770812381e-003
1272	1.188336659471823e-003	1.202264434617413e-003
1275	1.144477644143271e-003	1.148153621496883e-003
1279	1.113274810328635e-003	1.122018454301963e-003
1283	1.085066053171269e-003	1.096478196143185e-003
1285	1.050092257738666e-003	1.071519305237606e-003
1287	1.023195265964394e-003	1.023292992280754e-003
1295	9.993936425811700e-004	1.000000000000000e-003
1305	9.713371628277123e-004	9.772372209558111e-004
1307	9.436020260805700e-004	9.549925860214359e-004
1316	9.295082062862337e-004	9.332543007969915e-004
1323	9.036274057006022e-004	9.120108393559096e-004
1324	8.817468510595727e-004	8.912509381337459e-004
1334	8.653884182016070e-004	8.709635899560805e-004
1340	8.313599029996510e-004	8.317637711026709e-004
1351	8.107213309502814e-004	8.128305161640995e-004
1353	7.772449347152044e-004	7.943282347242813e-004
1354	7.751530575857979e-004	7.762471166286919e-004
1359	7.533663096328525e-004	7.585775750291835e-004
1369	7.411653943801833e-004	7.413102413009177e-004
1371	7.205497709392716e-004	7.244359600749898e-004
1378	7.069968909445556e-004	7.079457843841380e-004
1391	6.890796396559207e-004	6.918309709189362e-004
1401	6.713134711967550e-004	6.760829753919819e-004
1406	6.533921007342292e-004	6.606934480075958e-004
1410	6.446223138136809e-004	6.456542290346556e-004
1418	6.300114695960701e-004	6.309573444801930e-004
1422	6.131636316341060e-004	6.165950018614822e-004
1429	6.018206640130419e-004	6.025595860743575e-004
1438	5.885370124777412e-004	5.888436553555889e-004
1443	5.717660572140959e-004	5.754399373371566e-004
1454	5.621446647511297e-004	5.623413251903491e-004
1468	5.473464066962919e-004	5.495408738576249e-004
1481	5.354703301656549e-004	5.370317963702527e-004
1489	5.202889571015446e-004	5.248074602497728e-004
1500	5.107351571725927e-004	5.128613839913648e-004
1514	4.986222672391794e-004	5.011872336272725e-004
1525	4.882120158264947e-004	4.897788193684461e-004
1542	4.758113789263829e-004	4.786300923226385e-004
1552	4.665271589818776e-004	4.677351412871981e-004
1569	4.479788163419540e-004	4.570881896148752e-004
1571	4.465854606420239e-004	4.466835921509631e-004
1591	4.352120342374644e-004	4.365158322401661e-004
1603	4.265105234368960e-004	4.265795188015926e-004
1624	4.132637503542203e-004	4.168693834703355e-004
1638	4.060468379797344e-004	4.073802778041126e-004
1645	3.973806502534094e-004	3.981071705534974e-004
1656	3.876836439924425e-004	3.890451449942804e-004
1691	3.790711340061481e-004	3.801893963205612e-004
1721	3.714591322883099e-004	3.715352290971724e-004
1756	3.628689291931275e-004	3.630780547701014e-004
1805	3.547561520115261e-004	3.548133892335753e-004
1913	3.467203280596021e-004	3.467368504525317e-004
2062	3.384707727923653e-004	3.388441561392024e-004
2324	3.311138093299304e-004	3.311311214825911e-004
3935	3.235926120533916e-004	3.235936569296281e-004
7123	3.155852527234604e-004	3.162277660168379e-004
7199	3.067893047040693e-004	3.090295432513592e-004
7254	3.007570803630344e-004	3.019951720402016e-004
7308	2.948487722743698e-004	2.951209226666387e-004
7334	2.881727931886013e-004	2.884031503126606e-004
7440	2.810769071515118e-004	2.818382931264455e-004
8464	2.752467907698453e-004	2.754228703338166e-004
10656	2.691172159072774e-004	2.691534803926917e-004
22796	2.606824574745703e-004	2.630267991895381e-004
36233	2.570162083007643e-004	2.570395782768865e-004
61047	2.504372692285761e-004	2.511886431509580e-004
91831	2.454599934904600e-004	2.454708915685031e-004
127235	2.398832041562438e-004	2.398832919019490e-004
200001	2.370663817813368e-004	2.398832919019490e-004
%
% index = 251, name = bbob_f006_i03_d02__bbob_f020_i05_d02
% instance = 2, reference value = 9.944947135969380e-001
% function evaluation | indicator value | target hit
1	2.591688682162890e+006	2.630267991895381e+006
2	3.166939297531637e+004	3.235936569296281e+004
5	1.702136619877200e+003	1.737800828749376e+003
6	7.890767981166051e+002	7.943282347242813e+002
8	7.745486302767566e+001	7.762471166286916e+001
177	1.507251481471301e+001	1.513561248436208e+001
336	9.691839482864646e-001	9.772372209558107e-001
383	1.817307633983485e-001	1.819700858609984e-001
416	1.398794852842293e-001	1.412537544622755e-001
832	1.195171962713310e-001	1.202264434617413e-001
847	1.093895157543394e-001	1.096478196143185e-001
1078	1.070435826617855e-001	1.071519305237607e-001
1093	5.818731507389019e-002	5.888436553555890e-002
1105	3.024125291417457e-002	3.090295432513590e-002
1115	2.251661150402429e-002	2.290867652767774e-002
1139	1.761585470944582e-002	1.778279410038923e-002
1230	1.650196681319227e-002	1.659586907437561e-002
1327	1.606332766071039e-002	1.621810097358930e-002
1382	1.477259604636683e-002	1.479108388168207e-002
1430	1.350081093046129e-002	1.380384264602885e-002
1445	1.306490042922115e-002	1.318256738556408e-002
1449	1.101781176761918e-002	1.122018454301964e-002
1460	8.931122530382640e-003	9.120108393559097e-003
1491	8.281974310283102e-003	8.317637711026709e-003
1508	8.075957757314844e-003	8.128305161640995e-003
1512	7.507567828076156e-003	7.585775750291836e-003
1592	5.626949836210926e-003	5.754399373371567e-003
1600	5.526249229413027e-003	5.623413251903491e-003
1613	4.533441595408916e-003	4.570881896148752e-003
1634	3.409875230627635e-003	3.467368504525317e-003
1712	3.131969202784246e-003	3.162277660168379e-003
1779	3.057808946190899e-003	3.090295432513592e-003
1893	2.942013480884742e-003	2.951209226666387e-003
1899	2.390847700113774e-003	2.398832919019490e-003
1903	2.330094218651158e-003	2.344228815319923e-003
1939	2.238966906252915e-003	2.290867652767772e-003
1960	2.084888530711759e-003	2.089296130854039e-003
1967	2.028068553584062e-003	2.041737944669530e-003
2009	1.920852075936619e-003	1.949844599758046e-003
2022	1.890050091282514e-003	1.905460717963246e-003
2105	1.727613606741785e-003	1.737800828749376e-003
2110	1.670844500810009e-003	1.698243652461744e-003
2172	1.640766185823428e-003	1.659586907437561e-003
2204	1.603330617710674e-003	1.621810097358930e-003
2231	1.546360599369634e-003	1.548816618912481e-003
2238	1.497754390236139e-003	1.513561248436209e-003
2278	1.478366616324389e-003	1.479108388168207e-003
2285	1.367843039276728e-003	1.380384264602885e-003
2342	1.348138922810049e-003	1.348962882591653e-003
2365	1.274905779194424e-003	1.288249551693134e-003
2373	1.255389269630092e-003	1.258925411794168e-003
2399	1.125763503151966e-003	1.148153621496883e-003
2400	1.012968120790103e-003	1.023292992280754e-003
2408	9.957914904750176e-004	1.000000000000000e-003
2419	9.218075193747621e-004	9.332543007969915e-004
2425	8.913418294852482e-004	9.120108393559096e-004
2453	8.703580143630818e-004	8.709635899560805e-004
2471	8.453193880653132e-004	8.511380382023768e-004
2494	7.908619528064209e-004	7.943282347242813e-004
2495	7.702576680636009e-004	7.762471166286919e-004
2528	7.497487833498795e-004	7.585775750291835e-004
2581	7.148781656833858e-004	7.244359600749898e-004
2600	7.053020378179342e-004	7.079457843841380e-004
2609	6.896799583904212e-004	6.918309709189362e-004
2615	6.735700474373996e-004	6.760829753919819e-004
2619	6.584335934546326e-004	6.606934480075958e-004
2640	6.071719066939041e-004	6.165950018614822e-004
2643	6.019433206939651e-004	6.025595860743575e-004
2699	5.870080821457346e-004	5.888436553555889e-004
2721	5.682096353113453e-004	5.754399373371566e-004
2730	5.617119508640744e-004	5.623413251903491e-004
2772	5.418848797661413e-004	5.495408738576249e-004
2779	5.305330830723820e-004	5.370317963702527e-004
2782	5.095039124859424e-004	5.128613839913648e-004
2839	4.886346749267689e-004	4.897788193684461e-004
2857	4.745688186654773e-004	4.786300923226385e-004
2868	4.633440702300762e-004	4.677351412871981e-004
2893	4.562385096443800e-004	4.570881896148752e-004
2935	4.458705087720949e-004	4.466835921509631e-004
2945	4.355212175654044e-004	4.365158322401661e-004
2968	4.256578545456247e-004	4.265795188015926e-004
2982	4.146455255138459e-004	4.168693834703355e-004
2986	4.073030910186626e-004	4.073802778041126e-004
3002	3.900806999769246e-004	3.981071705534974e-004
3003	3.867492381318671e-004	3.890451449942804e-004
3020	3.801160934798764e-004	3.801893963205612e-004
3057	3.713305488004526e-004	3.715352290971724e-004
3062	3.623345139815992e-004	3.630780547701014e-004
3076	3.545041099966007e-004	3.548133892335753e-004
3109	3.455291584916198e-004	3.467368504525317e-004
3127	3.383547772257689e-004	3.388441561392024e-004
3167	3.282717686103887e-004	3.311311214825911e-004
3185	3.228949190902108e-004	3.235936569296281e-004
3195	3.150453294866740e-004	3.162277660168379e-004
3215	3.072063607370001e-004	3.090295432513592e-004
3244	3.017090324940464e-004	3.019951720402016e-004
3276	2.897152601073483e-004	2.951209226666387e-004
3278	2.775613163735757e-004	2.818382931264455e-004
3280	2.745477495361692e-004	2.754228703338166e-004
3289	2.687251149604553e-004	2.691534803926917e-004
3301	2.623321428094627e-004	2.630267991895381e-004
3315	2.556596709991643e-004	2.570395782768865e-004
3337	2.495305049713403e-004	2.511886431509580e-004
3355	2.454174435453371e-004	2.454708915685031e-004
3399	2.395815544850022e-004	2.398832919019490e-004
3415	2.343719925196330e-004	2.344228815319923e-004
3436	2.290291552664581e-004	2.290867652767772e-004
3472	2.223003583635697e-004	2.238721138568340e-004
3502	2.131535598995926e-004	2.137962089502232e-004
3542	2.080782024604932e-004	2.089296130854039e-004
3561	2.038974536645588e-004	2.041737944669530e-004
3582	1.992925588036876e-004	1.995262314968879e-004
3596	1.948671450547890e-004	1.949844599758046e-004
3662	1.904488000810112e-004	1.905460717963246e-004
3709	1.859838255199309e-004	1.862087136662868e-004
3744	1.815184248612489e-004	1.819700858609983e-004
3791	1.775292319011745e-004	1.778279410038923e-004
3823	1.736155858929056e-004	1.737800828749376e-004
3843	1.667602799186874e-004	1.698243652461744e-004
3852	1.656037264290422e-004	1.659586907437562e-004
3899	1.619206624497993e-004	1.621810097358930e-004
3932	1.558974792190693e-004	1.584893192461114e-004
3940	1.546387247555181e-004	1.548816618912481e-004
3969	1.511538508754962e-004	1.513561248436209e-004
4008	1.472579361415649e-004	1.479108388168207e-004
4050	1.445117412053332e-004	1.445439770745928e-004
4083	1.410926129126189e-004	1.412537544622754e-004
4147	1.379147288520510e-004	1.380384264602885e-004
4218	1.347637250409539e-004	1.348962882591653e-004
4279	1.317976342908311e-004	1.318256738556407e-004
4375	1.288135467565343e-004	1.288249551693134e-004
4391	1.201148062197621e-004	1.202264434617413e-004
4459	1.173408927506170e-004	1.174897554939529e-004
4495	1.148117583660291e-004	1.148153621496883e-004
4559	1.121687153150530e-004	1.122018454301963e-004
4655	1.095292839371487e-004	1.096478196143185e-004
4714	1.071355096342597e-004	1.071519305237606e-004
4788	1.046801609748682e-004	1.047128548050900e-004
4846	1.022722464638637e-004	1.023292992280754e-004
4955	9.998410194622664e-005	1.000000000000000e-004
5044	9.752909729454640e-005	9.772372209558112e-005
5131	9.544183943788198e-005	9.549925860214369e-005
5251	9.331090903885730e-005	9.332543007969905e-005
5372	9.113792675408128e-005	9.120108393559096e-005
5502	8.910981542176177e-005	8.912509381337459e-005
5598	8.703268976062439e-005	8.709635899560814e-005
5690	8.494422236848820e-005	8.511380382023760e-005
5799	7.788940051334237e-005	7.943282347242822e-005
5820	7.757020786303137e-005	7.762471166286911e-005
5909	7.581343885443292e-005	7.585775750291836e-005
6002	7.410508340566224e-005	7.413102413009178e-005
6132	7.240254744322883e-005	7.244359600749906e-005
6353	7.079270926135806e-005	7.079457843841373e-005
6404	6.912646153289792e-005	6.918309709189363e-005
6433	6.745637678029492e-005	6.760829753919819e-005
6590	6.605647740076659e-005	6.606934480075965e-005
6764	6.456372297436452e-005	6.456542290346549e-005
6905	6.308944249955317e-005	6.309573444801929e-005
6918	6.064269751804297e-005	6.165950018614822e-005
6960	6.021346717810516e-005	6.025595860743581e-005
7011	5.888430408296230e-005	5.888436553555884e-005
7306	5.748855105769390e-005	5.754399373371566e-005
7540	5.623247993946645e-005	5.623413251903491e-005
7783	5.495240856467909e-005	5.495408738576248e-005
7985	5.365020537395626e-005	5.370317963702533e-005
8183	5.204298788841211e-005	5.248074602497723e-005
8366	5.127682106031983e-005	5.128613839913648e-005
8607	5.008668704209462e-005	5.011872336272725e-005
8901	4.897715917795420e-005	4.897788193684466e-005
9091	4.780245547952866e-005	4.786300923226380e-005
9512	4.676697224770265e-005	4.677351412871981e-005
9816	4.570504304279854e-005	4.570881896148752e-005
10349	4.465127529040824e-005	4.466835921509635e-005
10756	4.364818946411830e-005	4.365158322401657e-005
11033	4.262307626357043e-005	4.265795188015926e-005
11531	4.168673710447379e-005	4.168693834703355e-005
12246	4.073775409529912e-005	4.073802778041130e-005
13072	3.980737771291931e-005	3.981071705534970e-005
14097	3.890303144038487e-005	3.890451449942805e-005
15394	3.801884074128292e-005	3.801893963205612e-005
15542	3.712904941188810e-005	3.715352290971728e-005
16407	3.629791724102383e-005	3.630780547701010e-005
16411	3.546992854142061e-005	3.548133892335753e-005
16843	3.440117282749178e-005	3.467368504525317e-005
17172	3.282941087467961e-005	3.311311214825908e-005
17648	3.132163414976130e-005	3.162277660168380e-005
18436	3.090173498432325e-005	3.090295432513592e-005
18556	2.847097533176246e-005	2.884031503126606e-005
18932	2.811067774644016e-005	2.818382931264455e-005
19941	2.627067481186796e-005	2.630267991895381e-005
20016	2.561719376437122e-005	2.570395782768865e-005
20960	2.474098186744378e-005	2.511886431509582e-005
21082	2.427556062123415e-005	2.454708915685029e-005
21551	2.359047842104278e-005	2.398832919019490e-005
22073	2.344225045924908e-005	2.344228815319923e-005
23707	2.290804861648788e-005	2.290867652767775e-005
26083	2.157895618870587e-005	2.187761623949552e-005
27242	2.128380756394321e-005	2.137962089502232e-005
28635	2.056845219744474e-005	2.089296130854041e-005
28799	1.715555727499485e-005	1.737800828749376e-005
28880	1.601770991366269e-005	1.621810097358930e-005
29139	1.563981209817822e-005	1.584893192461114e-005
29911	1.527095543940593e-005	1.548816618912483e-005
30001	1.509251381437426e-005	1.513561248436207e-005
30561	1.458401763698713e-005	1.479108388168207e-005
30861	1.426639709145583e-005	1.445439770745928e-005
31907	1.406008645477019e-005	1.412537544622756e-005
32918	1.380212514257018e-005	1.380384264602884e-005
34652	1.255382115528114e-005	1.258925411794166e-005
35971	1.229109296585484e-005	1.230268770812381e-005
37231	1.201906507797279e-005	1.202264434617413e-005
39313	1.174883894916601e-005	1.174897554939530e-005
40541	1.148139366557999e-005	1.148153621496882e-005
42970	1.121979860518874e-005	1.122018454301963e-005
46191	1.094269198553821e-005	1.096478196143185e-005
48217	1.068295691308840e-005	1.071519305237607e-005
52154	1.045272293642707e-005	1.047128548050899e-005
53468	1.018476271963387e-005	1.023292992280754e-005
56211	9.952015830205774e-006	1.000000000000000e-005
58543	9.405249349336842e-006	9.549925860214369e-006
60567	9.331202897033819e-006	9.332543007969904e-006
61528	9.120103067417062e-006	9.120108393559096e-006
63376	8.763120055155227e-006	8.912509381337460e-006
64653	8.119252132288146e-006	8.128305161640995e-006
65535	7.926630987031835e-006	7.943282347242822e-006
67153	7.762352057905098e-006	7.762471166286911e-006
68666	7.513851761009605e-006	7.585775750291836e-006
68937	7.408003118491990e-006	7.413102413009177e-006
71636	7.233144138085734e-006	7.244359600749906e-006
73216	7.065906643455300e-006	7.079457843841373e-006
75128	6.911245808760569e-006	6.918309709189363e-006
78624	6.760818860640505e-006	6.760829753919819e-006
83240	6.600184242144813e-006	6.606934480075964e-006
89362	6.456541970623064e-006	6.456542290346549e-006
93621	6.309084421118882e-006	6.309573444801930e-006
97146	6.104615779545242e-006	6.165950018614822e-006
99152	6.020942405648988e-006	6.025595860743581e-006
104373	5.664020522599955e-006	5.754399373371567e-006
107202	5.622987111264521e-006	5.623413251903490e-006
117002	5.458436488914309e-006	5.495408738576249e-006
120910	5.370292827544532e-006	5.370317963702533e-006
125042	5.229160198294558e-006	5.248074602497723e-006
134364	5.030776570325024e-006	5.128613839913648e-006
135945	5.011872330817901e-006	5.011872336272725e-006
138401	4.846134645242195e-006	4.897788193684467e-006
140831	4.786295540792906e-006	4.786300923226380e-006
152352	4.675992171243593e-006	4.677351412871981e-006
159712	4.169143939303233e-006	4.265795188015926e-006
159920	4.168690910355544e-006	4.168693834703355e-006
160425	4.019292754620096e-006	4.073802778041131e-006
161194	3.980927715141469e-006	3.981071705534969e-006
165460	3.886589456825185e-006	3.890451449942805e-006
165809	3.793459501633123e-006	3.801893963205613e-006
170557	3.703973469271205e-006	3.715352290971728e-006
171548	3.621494563232908e-006	3.630780547701010e-006
174701	3.548006076270482e-006	3.548133892335753e-006
175297	3.450997418275037e-006	3.467368504525317e-006
185025	3.384024843122724e-006	3.388441561392028e-006
188424	3.296796507346045e-006	3.311311214825908e-006
193048	3.202224011733534e-006	3.235936569296281e-006
193968	3.156020223715750e-006	3.162277660168379e-006
199659	3.089424736368862e-006	3.090295432513592e-006
200001	3.088757861147151e-006	3.090295432513592e-006
%
% index = 252, name = bbob_f006_i07_d02__bbob_f020_i08_d02
% instance = 3, reference value = 9.998882759929740e-001
% function evaluation | indicator value | target hit
1	4.777244070850311e+003	4.786300923226385e+003
2	1.018798662673243e+003	1.023292992280754e+003
3	9.395287309356562e+002	9.549925860214360e+002
6	7.758349649450247e+001	7.762471166286916e+001
13	4.010235009249347e+001	4.073802778041128e+001
51	3.289415608148462e+001	3.311311214825911e+001
219	6.896025307177946e+000	6.918309709189365e+000
275	4.370978040380473e+000	4.466835921509632e+000
324	3.239570425409626e+000	3.311311214825911e+000
362	9.119762480871985e-003	9.120108393559097e-003
591	8.350240005307374e-003	8.511380382023768e-003
635	9.477009590657115e-004	9.549925860214359e-004
698	6.597553826317437e-004	6.606934480075958e-004
811	5.194171005553638e-004	5.248074602497728e-004
812	4.109810121367685e-004	4.168693834703355e-004
821	3.979317193300025e-004	3.981071705534974e-004
861	3.584586974306747e-004	3.630780547701014e-004
916	2.842208434902238e-004	2.884031503126606e-004
989	2.760264376977517e-004	2.818382931264455e-004
1034	2.704239405182385e-004	2.754228703338166e-004
1136	2.681008740238466e-004	2.691534803926917e-004
1143	7.607186088931517e-005	7.762471166286911e-005
1271	7.555729446495629e-005	7.585775750291836e-005
1301	6.628039114842110e-005	6.760829753919819e-005
1353	6.599199353163332e-005	6.606934480075965e-005
1418	2.319151023311150e-005	2.344228815319923e-005
1477	2.252725258167221e-005	2.290867652767775e-005
1530	2.085741381685491e-005	2.089296130854041e-005
1652	1.972815255257832e-005	1.995262314968879e-005
1876	1.933638621032241e-005	1.949844599758046e-005
2157	1.889644179509098e-005	1.905460717963248e-005
3204	1.556564339300071e-005	1.584893192461114e-005
5874	1.287985677955739e-005	1.288249551693135e-005
8049	1.208097589666668e-005	1.230268770812381e-005
12568	1.187076569808543e-005	1.202264434617413e-005
12991	5.571715120167298e-006	5.623413251903490e-006
200001	5.553302899197199e-006	5.623413251903490e-006
%
% index = 253, name = bbob_f006_i09_d02__bbob_f020_i10_d02
% instance = 4, reference value = 9.299192633394220e-001
% function evaluation | indicator value | target hit
1	3.236216999955874e+004	3.311311214825908e+004
2	3.358000204474784e+003	3.388441561392024e+003
6	5.847109373766386e+002	5.888436553555890e+002
10	4.041513915023294e+002	4.073802778041126e+002
13	3.433457881211494e+002	3.467368504525317e+002
24	2.315821404905859e+002	2.344228815319923e+002
51	1.296805828418269e+002	1.318256738556407e+002
96	5.062753321433831e+001	5.128613839913648e+001
278	2.873439203495592e+001	2.884031503126606e+001
292	1.876711670214896e+001	1.905460717963247e+001
343	1.355579064680192e+001	1.380384264602885e+001
353	3.712075525894218e+000	3.715352290971725e+000
433	2.565624830958147e+000	2.570395782768864e+000
490	1.947424640069422e+000	1.949844599758045e+000
609	5.149984445317202e-001	5.248074602497725e-001
661	2.014312951642590e-001	2.041737944669530e-001
761	1.645805972282775e-001	1.659586907437561e-001
883	1.523456962647319e-001	1.548816618912481e-001
892	1.325142942379938e-001	1.348962882591654e-001
913	1.045177487065304e-001	1.047128548050900e-001
934	9.195087672509406e-002	9.332543007969910e-002
941	6.616341947961379e-002	6.760829753919818e-002
948	6.203207536215127e-002	6.309573444801933e-002
984	5.875574280189699e-002	5.888436553555890e-002
1031	5.693633381187180e-002	5.754399373371569e-002
1053	5.319132736464283e-002	5.370317963702527e-002
1119	5.103147057760860e-002	5.128613839913648e-002
1123	4.558385047075175e-002	4.570881896148749e-002
1141	3.964633565520959e-002	3.981071705534973e-002
1142	3.660367454377733e-002	3.715352290971726e-002
1156	2.735566984909188e-002	2.754228703338166e-002
1168	2.621330446971959e-002	2.630267991895382e-002
1206	2.565269947085769e-002	2.570395782768863e-002
1234	2.293347541324819e-002	2.344228815319923e-002
1237	2.275253648266695e-002	2.290867652767774e-002
1262	2.125983165780920e-002	2.137962089502233e-002
1278	2.081046580809032e-002	2.089296130854040e-002
1289	2.002593118643514e-002	2.041737944669530e-002
1291	1.938887021339086e-002	1.949844599758046e-002
1310	1.572598597716324e-002	1.584893192461113e-002
1332	1.519038571505782e-002	1.548816618912481e-002
1336	1.513146866911364e-002	1.513561248436208e-002
1341	1.476577836957282e-002	1.479108388168207e-002
1348	1.397841434659708e-002	1.412537544622754e-002
1360	1.241738492114819e-002	1.258925411794168e-002
1370	1.224354691550789e-002	1.230268770812382e-002
1398	1.104899737012610e-002	1.122018454301964e-002
1403	1.093948435683889e-002	1.096478196143185e-002
1420	1.062234234232140e-002	1.071519305237607e-002
1423	1.044846900163410e-002	1.047128548050900e-002
1433	9.954195090352114e-003	1.000000000000000e-002
1438	9.731102989218976e-003	9.772372209558112e-003
1445	9.520306485754082e-003	9.549925860214359e-003
1449	9.311365624723345e-003	9.332543007969915e-003
1467	9.082533079227018e-003	9.120108393559097e-003
1468	8.849027422749622e-003	8.912509381337459e-003
1478	8.594146219990662e-003	8.709635899560805e-003
1502	8.498476604289151e-003	8.511380382023768e-003
1534	8.199302298763422e-003	8.317637711026709e-003
1535	7.764797936932188e-003	7.943282347242814e-003
1538	7.759056764703787e-003	7.762471166286920e-003
1543	7.394363242936630e-003	7.413102413009177e-003
1551	7.187453380079534e-003	7.244359600749898e-003
1559	7.009316337499794e-003	7.079457843841380e-003
1578	6.909371856330671e-003	6.918309709189363e-003
1579	6.696328789146055e-003	6.760829753919818e-003
1581	6.206553031800843e-003	6.309573444801930e-003
1582	6.149963180112295e-003	6.165950018614822e-003
1600	5.851459300503126e-003	5.888436553555890e-003
1606	5.553579548162602e-003	5.623413251903491e-003
1609	5.341899605902478e-003	5.370317963702527e-003
1619	5.164316475051223e-003	5.248074602497728e-003
1628	5.120953987074906e-003	5.128613839913648e-003
1631	4.996405000833204e-003	5.011872336272725e-003
1643	4.881920102868365e-003	4.897788193684461e-003
1657	4.441297939263511e-003	4.466835921509631e-003
1662	4.321587547960193e-003	4.365158322401661e-003
1671	4.238578795241699e-003	4.265795188015926e-003
1675	4.159917576115335e-003	4.168693834703355e-003
1685	4.035836871278398e-003	4.073802778041126e-003
1689	3.836998578529038e-003	3.890451449942805e-003
1693	3.801376462667760e-003	3.801893963205613e-003
1710	3.714506761212322e-003	3.715352290971724e-003
1717	3.477279853762338e-003	3.548133892335753e-003
1724	3.405550013355629e-003	3.467368504525317e-003
1728	3.270736767245430e-003	3.311311214825911e-003
1729	3.178558011188937e-003	3.235936569296281e-003
1731	3.153437783942392e-003	3.162277660168379e-003
1736	3.043464842335641e-003	3.090295432513592e-003
1737	2.987397601806774e-003	3.019951720402016e-003
1746	2.948357875677821e-003	2.951209226666387e-003
1755	2.879385234509924e-003	2.884031503126606e-003
1760	2.714505733134032e-003	2.754228703338166e-003
1765	2.677959653317186e-003	2.691534803926917e-003
1771	2.628565951846129e-003	2.630267991895381e-003
1787	2.569407080595498e-003	2.570395782768865e-003
1789	2.414084284026119e-003	2.454708915685031e-003
1796	2.396239413015588e-003	2.398832919019490e-003
1808	2.312359250698726e-003	2.344228815319923e-003
1819	2.276850664351460e-003	2.290867652767772e-003
1823	2.113210202937532e-003	2.137962089502233e-003
1826	2.073504935791837e-003	2.089296130854039e-003
1832	1.999391803864437e-003	2.041737944669530e-003
1834	1.952104464574278e-003	1.995262314968879e-003
1835	1.948404952811456e-003	1.949844599758046e-003
1836	1.890776080814449e-003	1.905460717963246e-003
1843	1.844124059925512e-003	1.862087136662868e-003
1853	1.817103904309003e-003	1.819700858609983e-003
1864	1.760847304474567e-003	1.778279410038923e-003
1870	1.737247012413512e-003	1.737800828749376e-003
1883	1.691442615623817e-003	1.698243652461744e-003
1895	1.658538485013961e-003	1.659586907437561e-003
1907	1.621469193060610e-003	1.621810097358930e-003
1919	1.547516063014953e-003	1.548816618912481e-003
1922	1.505948271717905e-003	1.513561248436209e-003
1924	1.476647559840560e-003	1.479108388168207e-003
1945	1.443881831247773e-003	1.445439770745928e-003
1959	1.410176793753548e-003	1.412537544622754e-003
1966	1.376994806212450e-003	1.380384264602885e-003
1981	1.348122439992938e-003	1.348962882591653e-003
1995	1.316063480672147e-003	1.318256738556408e-003
1998	1.285728680134768e-003	1.288249551693134e-003
2007	1.258407405621220e-003	1.258925411794168e-003
2024	1.229148493006260e-003	1.230268770812381e-003
2031	1.201193368470355e-003	1.202264434617413e-003
2042	1.144124965928195e-003	1.148153621496883e-003
2049	1.108220093519186e-003	1.122018454301963e-003
2059	1.095274162278392e-003	1.096478196143185e-003
2074	1.070501982406991e-003	1.071519305237606e-003
2093	1.044223744357642e-003	1.047128548050900e-003
2108	1.017835750560914e-003	1.023292992280754e-003
2127	9.987677926160954e-004	1.000000000000000e-003
2154	9.755631458213676e-004	9.772372209558111e-004
2167	9.547522301696088e-004	9.549925860214359e-004
2198	9.324363743510311e-004	9.332543007969915e-004
2211	9.115063592820549e-004	9.120108393559096e-004
2238	8.912109002804369e-004	8.912509381337459e-004
2261	8.709633615975321e-004	8.709635899560805e-004
2303	8.491231222730322e-004	8.511380382023768e-004
2348	8.317355708383767e-004	8.317637711026709e-004
2404	8.128154516208186e-004	8.128305161640995e-004
2447	7.939709551096907e-004	7.943282347242813e-004
2510	7.760255548705519e-004	7.762471166286919e-004
2548	7.581520728747737e-004	7.585775750291835e-004
2628	7.403957228760971e-004	7.413102413009177e-004
2725	7.240624759651260e-004	7.244359600749898e-004
2780	7.071358430498220e-004	7.079457843841380e-004
2857	6.917794856127202e-004	6.918309709189362e-004
2978	6.759815435882777e-004	6.760829753919819e-004
3075	6.604691717283506e-004	6.606934480075958e-004
3208	6.413502854439868e-004	6.456542290346556e-004
3451	6.308088552172686e-004	6.309573444801930e-004
3696	6.163929818474578e-004	6.165950018614822e-004
3831	6.023675745149282e-004	6.025595860743575e-004
3890	5.822447016171628e-004	5.888436553555889e-004
3935	5.713675569912757e-004	5.754399373371566e-004
4094	5.616458231696431e-004	5.623413251903491e-004
4406	5.495392341823280e-004	5.495408738576249e-004
5165	5.370271651963243e-004	5.370317963702527e-004
6075	5.247993426749087e-004	5.248074602497728e-004
6717	5.128507167040386e-004	5.128613839913648e-004
8155	5.007520760706985e-004	5.011872336272725e-004
11831	4.897718024954312e-004	4.897788193684461e-004
14782	4.758540424588675e-004	4.786300923226385e-004
16410	4.677037762301772e-004	4.677351412871981e-004
22379	4.570760182658340e-004	4.570881896148752e-004
24801	4.461164639621984e-004	4.466835921509631e-004
31379	4.271633623024185e-004	4.365158322401661e-004
31391	4.238914875933642e-004	4.265795188015926e-004
35284	4.163211795294997e-004	4.168693834703355e-004
40540	4.069054783332193e-004	4.073802778041126e-004
43620	3.976636099402020e-004	3.981071705534974e-004
46538	3.888275174891431e-004	3.890451449942804e-004
55296	3.801893728998529e-004	3.801893963205612e-004
67343	3.711947706039886e-004	3.715352290971724e-004
82636	3.627745065767352e-004	3.630780547701014e-004
82689	3.505131262120376e-004	3.548133892335753e-004
93726	3.467368423590855e-004	3.467368504525317e-004
98937	3.386463044314780e-004	3.388441561392024e-004
113806	3.310485320694445e-004	3.311311214825911e-004
117176	3.219393562803319e-004	3.235936569296281e-004
120560	3.155077608735235e-004	3.162277660168379e-004
128312	3.089974872547696e-004	3.090295432513592e-004
143865	3.010006002531762e-004	3.019951720402016e-004
158824	2.950950521608542e-004	2.951209226666387e-004
176223	2.883924348530131e-004	2.884031503126606e-004
200001	2.823187826477280e-004	2.884031503126606e-004
%
% index = 254, name = bbob_f006_i11_d02__bbob_f020_i12_d02
% instance = 5, reference value = 7.323590314421870e-001
% function evaluation | indicator value | target hit
1	1.162924453808424e+007	1.174897554939530e+007
2	2.263889548208952e+006	2.290867652767775e+006
3	2.162684442557764e+006	2.187761623949552e+006
6	1.891901832584213e+005	1.905460717963248e+005
13	9.779104432505698e+004	1.000000000000000e+005
51	7.042881773324982e+004	7.079457843841374e+004
189	5.871952520911363e+003	5.888436553555890e+003
219	5.691250504967199e+003	5.754399373371567e+003
260	5.112708447151993e+003	5.128613839913648e+003
434	4.338037575693833e+003	4.365158322401661e+003
438	4.239998142290273e+003	4.265795188015925e+003
465	1.847806028645212e+002	1.862087136662867e+002
489	1.750598731534187e+000	1.778279410038923e+000
512	1.262142769893687e+000	1.288249551693134e+000
762	1.256716328023187e+000	1.258925411794167e+000
851	9.762522150141869e-001	9.772372209558107e-001
862	7.072045486670311e-001	7.079457843841379e-001
970	6.178752027872692e-002	6.309573444801933e-002
1433	6.050221580672599e-002	6.165950018614822e-002
1442	5.957345380348278e-002	6.025595860743578e-002
1481	5.771670762011527e-002	5.888436553555890e-002
1497	5.690807363569739e-002	5.754399373371569e-002
1514	5.489977703558990e-002	5.495408738576246e-002
1570	2.926465870977457e-002	2.951209226666385e-002
1654	2.883664698142097e-002	2.884031503126606e-002
1906	2.709927661057521e-002	2.754228703338166e-002
1990	2.483764085511853e-002	2.511886431509579e-002
2408	2.245930515347050e-002	2.290867652767774e-002
2513	1.300006512851937e-002	1.318256738556408e-002
2579	1.044667883483863e-002	1.047128548050900e-002
2678	1.013635038394378e-002	1.023292992280754e-002
2790	9.947682012138359e-003	1.000000000000000e-002
2794	9.403398161444865e-003	9.549925860214359e-003
2866	9.312098961506865e-003	9.332543007969915e-003
2968	8.252524634301928e-003	8.317637711026709e-003
3026	6.735310285175489e-003	6.760829753919818e-003
3053	6.595477084521351e-003	6.606934480075957e-003
3093	6.349305440941810e-003	6.456542290346556e-003
3105	6.196483642932349e-003	6.309573444801930e-003
3122	5.765841287239670e-003	5.888436553555890e-003
3165	5.682282535845573e-003	5.754399373371567e-003
3196	5.366870460346895e-003	5.370317963702527e-003
3256	4.955391127582698e-003	5.011872336272725e-003
3308	4.897604149352142e-003	4.897788193684461e-003
3405	3.227424701435333e-003	3.235936569296281e-003
3434	3.013809277833901e-003	3.019951720402016e-003
3435	2.886892203352809e-003	2.951209226666387e-003
3449	2.843036737418481e-003	2.884031503126606e-003
3499	2.753055644752589e-003	2.754228703338166e-003
3531	2.666061325968694e-003	2.691534803926917e-003
3550	2.612565631781139e-003	2.630267991895381e-003
3605	2.298420829467851e-003	2.344228815319923e-003
3683	2.287402770144498e-003	2.290867652767772e-003
3697	2.224502260710026e-003	2.238721138568340e-003
3732	2.172537988023304e-003	2.187761623949552e-003
3814	2.093378347769681e-003	2.137962089502233e-003
3828	1.967731628565117e-003	1.995262314968879e-003
3832	1.949775027738854e-003	1.949844599758046e-003
3868	1.901941601033741e-003	1.905460717963246e-003
3946	1.184015314905307e-003	1.202264434617413e-003
4009	1.169981835675737e-003	1.174897554939529e-003
4046	1.147042274673882e-003	1.148153621496883e-003
4075	1.111075139208939e-003	1.122018454301963e-003
4128	1.078310833896312e-003	1.096478196143185e-003
4143	1.069159558324095e-003	1.071519305237606e-003
4200	1.032902099509014e-003	1.047128548050900e-003
4201	1.000122069965359e-003	1.023292992280754e-003
4202	9.863612644116504e-004	1.000000000000000e-003
4216	9.752236345719201e-004	9.772372209558111e-004
4242	9.463248763642573e-004	9.549925860214359e-004
4280	9.237153134250553e-004	9.332543007969915e-004
4316	9.107513794580635e-004	9.120108393559096e-004
4365	8.861249770003576e-004	8.912509381337459e-004
4395	7.804296117221998e-004	7.943282347242813e-004
4408	7.569940719674984e-004	7.585775750291835e-004
4421	7.043708756977463e-004	7.079457843841380e-004
4468	6.916837479823412e-004	6.918309709189362e-004
4529	6.759121644674959e-004	6.760829753919819e-004
4629	6.606848483634575e-004	6.606934480075958e-004
4756	6.345999180082940e-004	6.456542290346556e-004
4808	6.300983878639865e-004	6.309573444801930e-004
4877	6.155539286377687e-004	6.165950018614822e-004
4896	5.932344928614164e-004	6.025595860743575e-004
4926	5.875845979972372e-004	5.888436553555889e-004
5001	5.734155401599939e-004	5.754399373371566e-004
5101	5.586546993896491e-004	5.623413251903491e-004
5127	5.487319679826630e-004	5.495408738576249e-004
5281	5.361862712804921e-004	5.370317963702527e-004
5334	5.246333101368572e-004	5.248074602497728e-004
5507	5.110188488756107e-004	5.128613839913648e-004
5511	4.197721484869854e-004	4.265795188015926e-004
5653	4.167748921365400e-004	4.168693834703355e-004
5870	3.861858956590858e-004	3.890451449942804e-004
6322	3.795027321717992e-004	3.801893963205612e-004
6950	3.715321616639677e-004	3.715352290971724e-004
10953	3.630775882973447e-004	3.630780547701014e-004
200001	3.617195988044886e-004	3.630780547701014e-004
%
% index = 255, name = bbob_f006_i13_d02__bbob_f020_i14_d02
% instance = 6, reference value = 9.982592699352870e-001
% function evaluation | indicator value | target hit
1	2.353738848142209e+004	2.398832919019490e+004
2	4.620721330688822e+003	4.677351412871981e+003
3	3.321225499997645e+003	3.388441561392024e+003
6	6.812998785400031e+002	6.918309709189363e+002
9	3.919479025587220e+002	3.981071705534973e+002
51	4.143867467809629e+001	4.168693834703355e+001
182	3.788382070184416e+001	3.801893963205612e+001
283	1.248820534069055e+001	1.258925411794168e+001
317	1.076082611439579e+001	1.096478196143185e+001
422	2.908627464086919e-001	2.951209226666385e-001
611	4.969641304041006e-002	5.011872336272722e-002
753	1.623664568283612e-002	1.659586907437561e-002
769	1.620202011366556e-002	1.621810097358930e-002
858	1.164374939614532e-002	1.174897554939530e-002
897	8.652881855227501e-003	8.709635899560805e-003
921	6.017023283708789e-003	6.025595860743574e-003
931	5.543869174060356e-003	5.623413251903491e-003
942	5.102516488367792e-003	5.128613839913648e-003
988	4.915605652323740e-003	5.011872336272725e-003
1043	4.672741053619589e-003	4.677351412871981e-003
1059	4.490625572270424e-003	4.570881896148752e-003
1063	4.377094340731302e-003	4.466835921509631e-003
1065	3.011389551582200e-003	3.019951720402016e-003
1089	2.949039054915059e-003	2.951209226666387e-003
1105	2.658430493250541e-003	2.691534803926917e-003
1123	2.490853676828331e-003	2.511886431509579e-003
1127	2.202295526010034e-003	2.238721138568340e-003
1151	2.175622253691056e-003	2.187761623949552e-003
1155	2.048727513789705e-003	2.089296130854039e-003
1160	1.953151559639488e-003	1.995262314968879e-003
1166	1.855728897112940e-003	1.862087136662868e-003
1179	1.659636501953554e-003	1.698243652461744e-003
1185	1.659043366327828e-003	1.659586907437561e-003
1186	1.573415348330221e-003	1.584893192461114e-003
1206	1.535094012236504e-003	1.548816618912481e-003
1238	1.420736733659056e-003	1.445439770745928e-003
1256	1.387899624400890e-003	1.412537544622754e-003
1273	1.288648408786619e-003	1.318256738556408e-003
1276	1.287647198484954e-003	1.288249551693134e-003
1294	1.210270907571975e-003	1.230268770812381e-003
1303	1.189566734607128e-003	1.202264434617413e-003
1304	1.025066519826923e-003	1.047128548050900e-003
1314	7.816341504928159e-004	7.943282347242813e-004
1322	7.638233464243305e-004	7.762471166286919e-004
1341	7.169212502221578e-004	7.244359600749898e-004
1350	6.761873793399431e-004	6.918309709189362e-004
1353	6.188324211133800e-004	6.309573444801930e-004
1360	6.066545212809471e-004	6.165950018614822e-004
1369	5.994390201733424e-004	6.025595860743575e-004
1425	5.758137795787155e-004	5.888436553555889e-004
1426	5.624622358758602e-004	5.754399373371566e-004
1432	5.365325899997497e-004	5.370317963702527e-004
1439	5.060526607840732e-004	5.128613839913648e-004
1456	4.741162994262860e-004	4.786300923226385e-004
1497	4.424330320004222e-004	4.466835921509631e-004
1513	4.203049265976144e-004	4.265795188015926e-004
1516	4.133555783789600e-004	4.168693834703355e-004
1517	4.043472266710424e-004	4.073802778041126e-004
1527	3.899952637550497e-004	3.981071705534974e-004
1535	3.710838595906152e-004	3.715352290971724e-004
1614	3.367598283874340e-004	3.388441561392024e-004
1625	3.288267861710770e-004	3.311311214825911e-004
1688	3.223625400701202e-004	3.235936569296281e-004
1690	3.154131996261356e-004	3.162277660168379e-004
1710	3.079530045431156e-004	3.090295432513592e-004
1721	2.906251670220517e-004	2.951209226666387e-004
1745	2.883985499093633e-004	2.884031503126606e-004
1760	2.795120294821762e-004	2.818382931264455e-004
1771	2.527136439931521e-004	2.570395782768865e-004
1796	2.505348859114243e-004	2.511886431509580e-004
1798	2.415347027467929e-004	2.454708915685031e-004
1817	2.333695319844953e-004	2.344228815319923e-004
1865	2.271138756563262e-004	2.290867652767772e-004
1876	2.143749491562152e-004	2.187761623949552e-004
1903	2.125098933591918e-004	2.137962089502232e-004
1927	2.068628813898243e-004	2.089296130854039e-004
1940	2.002136129156673e-004	2.041737944669530e-004
1944	1.968065978494860e-004	1.995262314968879e-004
1970	1.946427710900478e-004	1.949844599758046e-004
1996	1.827946897015043e-004	1.862087136662868e-004
2009	1.789312471314197e-004	1.819700858609983e-004
2011	1.773563066603812e-004	1.778279410038923e-004
2050	1.718969874994203e-004	1.737800828749376e-004
2097	1.696258202118495e-004	1.698243652461744e-004
2105	1.633791579589428e-004	1.659586907437562e-004
2113	1.618699262893042e-004	1.621810097358930e-004
2120	1.581726682602369e-004	1.584893192461114e-004
2136	1.546265955326698e-004	1.548816618912481e-004
2168	1.502252328846598e-004	1.513561248436209e-004
2180	1.478533540558713e-004	1.479108388168207e-004
2183	1.420062258534749e-004	1.445439770745928e-004
2196	1.408057933490747e-004	1.412537544622754e-004
2218	1.377974055546405e-004	1.380384264602885e-004
2225	1.338127377175091e-004	1.348962882591653e-004
2241	1.315638510107631e-004	1.318256738556407e-004
2281	1.284628659239395e-004	1.288249551693134e-004
2303	1.253240474232698e-004	1.258925411794167e-004
2320	1.229645275906410e-004	1.230268770812381e-004
2339	1.197773566662397e-004	1.202264434617413e-004
2354	1.169908285881816e-004	1.174897554939529e-004
2374	1.147224233370991e-004	1.148153621496883e-004
2390	1.116331509110058e-004	1.122018454301963e-004
2407	1.088156808588536e-004	1.096478196143185e-004
2418	1.070694073308509e-004	1.071519305237606e-004
2442	1.046851661079540e-004	1.047128548050900e-004
2474	1.022330517109760e-004	1.023292992280754e-004
2505	9.994176617633688e-005	1.000000000000000e-004
2538	9.766559072288406e-005	9.772372209558112e-005
2556	9.528456729124279e-005	9.549925860214369e-005
2618	9.304757098804739e-005	9.332543007969905e-005
2672	9.098696914788818e-005	9.120108393559096e-005
2730	8.906539407838032e-005	8.912509381337459e-005
2826	8.706732094787562e-005	8.709635899560814e-005
2891	8.510096894764896e-005	8.511380382023760e-005
3052	8.317564087267915e-005	8.317637711026709e-005
3353	8.124779604123944e-005	8.128305161640995e-005
3746	7.942762163271055e-005	7.943282347242822e-005
4457	7.762410819156518e-005	7.762471166286911e-005
5816	7.585759539197046e-005	7.585775750291836e-005
10246	7.410257759798977e-005	7.413102413009178e-005
76712	7.243534004774954e-005	7.244359600749906e-005
200001	7.213504984604491e-005	7.244359600749906e-005
%
% index = 256, name = bbob_f006_i15_d02__bbob_f020_i16_d02
% instance = 7, reference value = 9.581381686397290e-001
% function evaluation | indicator value | target hit
1	9.292880449308110e+003	9.332543007969915e+003
2	1.070012326672274e+003	1.071519305237606e+003
6	1.033339273192027e+002	1.047128548050900e+002
13	5.211938103219305e+001	5.248074602497726e+001
51	4.360932957141173e+001	4.365158322401658e+001
178	5.991011177795671e-001	6.025595860743578e-001
617	5.502797075058189e-001	5.623413251903491e-001
739	3.794236379380975e-001	3.801893963205612e-001
894	3.162459296391234e-001	3.235936569296283e-001
900	2.809400572601010e-001	2.818382931264454e-001
908	2.535247862415830e-001	2.570395782768864e-001
917	2.131458593359503e-001	2.137962089502232e-001
938	2.074096375476514e-001	2.089296130854039e-001
941	1.819472018389101e-001	1.819700858609984e-001
952	7.927651785990408e-002	7.943282347242814e-002
995	7.632387281351294e-002	7.762471166286916e-002
1013	7.405003417814304e-002	7.413102413009177e-002
1022	5.759248028545061e-002	5.888436553555890e-002
1058	4.909389298747380e-002	5.011872336272722e-002
1078	4.880774573449143e-002	4.897788193684461e-002
1086	4.554210680223647e-002	4.570881896148749e-002
1159	4.291192826741908e-002	4.365158322401658e-002
1163	3.518858102081390e-002	3.548133892335755e-002
1181	3.462176504351788e-002	3.467368504525317e-002
1203	3.166475087369602e-002	3.235936569296283e-002
1220	3.158032072433703e-002	3.162277660168379e-002
1278	2.786031481803697e-002	2.818382931264454e-002
1288	2.164659121197754e-002	2.187761623949553e-002
1296	2.089690601255956e-002	2.137962089502233e-002
1298	1.708152318787881e-002	1.737800828749376e-002
1305	1.662724757045053e-002	1.698243652461744e-002
1312	1.652576979670561e-002	1.659586907437561e-002
1363	1.613953489822884e-002	1.621810097358930e-002
1373	1.560561521040649e-002	1.584893192461113e-002
1374	1.486311927964201e-002	1.513561248436208e-002
1377	1.454143194972568e-002	1.479108388168207e-002
1381	1.343058795932772e-002	1.348962882591653e-002
1406	1.302880806700313e-002	1.318256738556408e-002
1412	1.231079438127203e-002	1.258925411794168e-002
1415	1.180015201244267e-002	1.202264434617413e-002
1420	1.168469924413029e-002	1.174897554939530e-002
1423	1.057730469081197e-002	1.071519305237607e-002
1456	1.036320685818370e-002	1.047128548050900e-002
1459	9.941595546959170e-003	1.000000000000000e-002
1482	9.628298470782282e-003	9.772372209558112e-003
1517	9.440884590602217e-003	9.549925860214359e-003
1522	9.134219943596422e-003	9.332543007969915e-003
1525	8.807695098950630e-003	8.912509381337459e-003
1527	8.653357915144544e-003	8.709635899560805e-003
1528	7.097779663683856e-003	7.244359600749898e-003
1538	7.006485496929282e-003	7.079457843841380e-003
1540	6.896475477078390e-003	6.918309709189363e-003
1541	6.580981077952020e-003	6.606934480075957e-003
1549	6.389646194432053e-003	6.456542290346556e-003
1553	6.257906814941983e-003	6.309573444801930e-003
1581	6.139085746968975e-003	6.165950018614822e-003
1592	5.876050644238018e-003	5.888436553555890e-003
1604	5.738783941670933e-003	5.754399373371567e-003
1619	5.566094051660087e-003	5.623413251903491e-003
1633	5.470240798969850e-003	5.495408738576248e-003
1635	5.351260142777203e-003	5.370317963702527e-003
1653	5.227793679744686e-003	5.248074602497728e-003
1661	5.103433456932316e-003	5.128613839913648e-003
1676	4.908370485970592e-003	5.011872336272725e-003
1684	4.845238537510066e-003	4.897788193684461e-003
1694	4.748396989938231e-003	4.786300923226385e-003
1701	4.627051212586220e-003	4.677351412871981e-003
1717	4.555980815264205e-003	4.570881896148752e-003
1727	4.388130932183598e-003	4.466835921509631e-003
1736	4.329111213079218e-003	4.365158322401661e-003
1739	4.245165576644783e-003	4.265795188015926e-003
1747	4.016500025586511e-003	4.073802778041126e-003
1750	3.941208115827766e-003	3.981071705534973e-003
1753	3.878304437460955e-003	3.890451449942805e-003
1759	3.626154144950267e-003	3.630780547701014e-003
1761	3.396827528887703e-003	3.467368504525317e-003
1764	3.386721140357540e-003	3.388441561392024e-003
1773	3.226128519347893e-003	3.235936569296281e-003
1774	3.054053094019293e-003	3.090295432513592e-003
1783	2.983723529975335e-003	3.019951720402016e-003
1788	2.935834020524997e-003	2.951209226666387e-003
1803	2.872779729648611e-003	2.884031503126606e-003
1804	2.815800553795267e-003	2.818382931264455e-003
1813	2.727363871244726e-003	2.754228703338166e-003
1824	2.689075851314060e-003	2.691534803926917e-003
1835	2.591468920891571e-003	2.630267991895381e-003
1836	2.563256443336548e-003	2.570395782768865e-003
1838	2.487695400726242e-003	2.511886431509579e-003
1843	2.432907471621615e-003	2.454708915685031e-003
1857	2.274005318174122e-003	2.290867652767772e-003
1875	2.236367646502924e-003	2.238721138568340e-003
1876	2.183552290732638e-003	2.187761623949552e-003
1884	2.129538772055573e-003	2.137962089502233e-003
1887	2.081133350509412e-003	2.089296130854039e-003
1896	2.016788862336139e-003	2.041737944669530e-003
1899	1.925075397203990e-003	1.949844599758046e-003
1900	1.867161799001704e-003	1.905460717963246e-003
1902	1.859264327652155e-003	1.862087136662868e-003
1915	1.792869250880957e-003	1.819700858609983e-003
1916	1.751023362859927e-003	1.778279410038923e-003
1919	1.735767873686234e-003	1.737800828749376e-003
1933	1.694702664270631e-003	1.698243652461744e-003
1939	1.655966568441247e-003	1.659586907437561e-003
1941	1.594822699959364e-003	1.621810097358930e-003
1942	1.580682850303883e-003	1.584893192461114e-003
1957	1.544514196236801e-003	1.548816618912481e-003
1964	1.513048101400738e-003	1.513561248436209e-003
1979	1.458292896254876e-003	1.479108388168207e-003
1980	1.442426526842344e-003	1.445439770745928e-003
1989	1.410577353338605e-003	1.412537544622754e-003
1997	1.325704049295551e-003	1.348962882591653e-003
2001	1.317832710025058e-003	1.318256738556408e-003
2012	1.280213158984522e-003	1.288249551693134e-003
2020	1.204404443862051e-003	1.230268770812381e-003
2022	1.193169068941513e-003	1.202264434617413e-003
2028	1.162050493793032e-003	1.174897554939529e-003
2034	1.145166315147828e-003	1.148153621496883e-003
2045	1.089005362165607e-003	1.096478196143185e-003
2049	1.070488502179612e-003	1.071519305237606e-003
2058	1.027487216705314e-003	1.047128548050900e-003
2066	1.021819328779205e-003	1.023292992280754e-003
2073	9.790095875282789e-004	1.000000000000000e-003
2076	9.767320830103010e-004	9.772372209558111e-004
2084	9.491727764320279e-004	9.549925860214359e-004
2096	9.287763196154097e-004	9.332543007969915e-004
2114	9.105551488681751e-004	9.120108393559096e-004
2118	8.739863702870165e-004	8.912509381337459e-004
2124	8.690506258354214e-004	8.709635899560805e-004
2138	8.479212578431650e-004	8.511380382023768e-004
2152	8.296387805509786e-004	8.317637711026709e-004
2165	8.106338919383616e-004	8.128305161640995e-004
2191	7.928424909192655e-004	7.943282347242813e-004
2208	7.751917721877666e-004	7.762471166286919e-004
2229	7.584381865658463e-004	7.585775750291835e-004
2251	7.137457339621012e-004	7.244359600749898e-004
2263	7.077223014898548e-004	7.079457843841380e-004
2274	6.914813772797013e-004	6.918309709189362e-004
2296	6.754417032788229e-004	6.760829753919819e-004
2318	6.590500136468558e-004	6.606934480075958e-004
2335	6.441395774859915e-004	6.456542290346556e-004
2354	6.295732848602409e-004	6.309573444801930e-004
2370	6.158983333250934e-004	6.165950018614822e-004
2395	5.935732781633396e-004	6.025595860743575e-004
2400	5.834490698923833e-004	5.888436553555889e-004
2410	5.734812806952316e-004	5.754399373371566e-004
2435	5.604575524010835e-004	5.623413251903491e-004
2443	5.465413955753062e-004	5.495408738576249e-004
2451	5.365289681020791e-004	5.370317963702527e-004
2464	5.245919203753502e-004	5.248074602497728e-004
2498	5.127029591930343e-004	5.128613839913648e-004
2535	5.011804085816030e-004	5.011872336272725e-004
2556	4.895645051755659e-004	4.897788193684461e-004
2583	4.783173854868705e-004	4.786300923226385e-004
2627	4.659761327204803e-004	4.677351412871981e-004
2647	4.568740810115823e-004	4.570881896148752e-004
2684	4.461270717986965e-004	4.466835921509631e-004
2715	4.359119157087976e-004	4.365158322401661e-004
2802	4.264774530593485e-004	4.265795188015926e-004
2836	4.166347969707385e-004	4.168693834703355e-004
2897	4.071658397817313e-004	4.073802778041126e-004
2965	3.979450603677215e-004	3.981071705534974e-004
3057	3.887908072650603e-004	3.890451449942804e-004
3172	3.794253449499463e-004	3.801893963205612e-004
3236	3.713837324145208e-004	3.715352290971724e-004
3356	3.629315603009831e-004	3.630780547701014e-004
3477	3.488580894993598e-004	3.548133892335753e-004
3513	3.465381406082546e-004	3.467368504525317e-004
3621	3.386602052496412e-004	3.388441561392024e-004
3767	3.310887212766289e-004	3.311311214825911e-004
3811	3.158375880830677e-004	3.162277660168379e-004
3898	3.090228434179387e-004	3.090295432513592e-004
4136	3.019849281441500e-004	3.019951720402016e-004
4315	2.949095529845014e-004	2.951209226666387e-004
4386	2.748728159953640e-004	2.754228703338166e-004
4454	2.678771082862408e-004	2.691534803926917e-004
4478	2.618599554673473e-004	2.630267991895381e-004
4739	2.569209949964124e-004	2.570395782768865e-004
5009	2.500814034700483e-004	2.511886431509580e-004
5140	2.453589625226460e-004	2.454708915685031e-004
5193	2.390836982100186e-004	2.398832919019490e-004
5421	2.302939432050621e-004	2.344228815319923e-004
5592	2.290487289953180e-004	2.290867652767772e-004
5949	2.234139232103471e-004	2.238721138568340e-004
6163	2.180825556323818e-004	2.187761623949552e-004
6476	2.136899201822251e-004	2.137962089502232e-004
6736	2.089054161161785e-004	2.089296130854039e-004
7083	2.041711345225350e-004	2.041737944669530e-004
7365	1.994627834355223e-004	1.995262314968879e-004
8090	1.949220329531265e-004	1.949844599758046e-004
8735	1.904839113000545e-004	1.905460717963246e-004
8974	1.790790151005028e-004	1.819700858609983e-004
9017	1.776239755715281e-004	1.778279410038923e-004
9120	1.731166751877122e-004	1.737800828749376e-004
9198	1.680057106910882e-004	1.698243652461744e-004
9239	1.657453549468446e-004	1.659586907437562e-004
9279	1.621245506465696e-004	1.621810097358930e-004
9321	1.581832834822716e-004	1.584893192461114e-004
9623	1.540844998340063e-004	1.548816618912481e-004
9973	1.509557723540222e-004	1.513561248436209e-004
10520	1.471795840781720e-004	1.479108388168207e-004
10723	1.434202165432330e-004	1.445439770745928e-004
10855	1.412511463541044e-004	1.412537544622754e-004
10909	1.353657222779026e-004	1.380384264602885e-004
11011	1.342053240066532e-004	1.348962882591653e-004
11333	1.317660219191108e-004	1.318256738556407e-004
11976	1.287727480495660e-004	1.288249551693134e-004
12332	1.241671181377857e-004	1.258925411794167e-004
12425	1.191334108761044e-004	1.202264434617413e-004
12673	1.174677421662551e-004	1.174897554939529e-004
13440	1.120292418613778e-004	1.122018454301963e-004
13529	1.096465498927612e-004	1.096478196143185e-004
14070	1.071269740368086e-004	1.071519305237606e-004
14611	1.045809253223951e-004	1.047128548050900e-004
15390	1.022745346147547e-004	1.023292992280754e-004
16496	9.927674186027691e-005	1.000000000000000e-004
17234	9.724505458341692e-005	9.772372209558112e-005
17925	9.549895217453308e-005	9.549925860214369e-005
19126	9.330052272704670e-005	9.332543007969905e-005
19899	9.119676802660237e-005	9.120108393559096e-005
21334	8.897052005185646e-005	8.912509381337459e-005
22266	8.688607411855287e-005	8.709635899560814e-005
23535	8.511166804603398e-005	8.511380382023760e-005
24231	8.285524135953626e-005	8.317637711026709e-005
24801	8.096137712876317e-005	8.128305161640995e-005
26018	7.929506820969490e-005	7.943282347242822e-005
27086	7.749147529068079e-005	7.762471166286911e-005
27631	7.585443994784225e-005	7.585775750291836e-005
29451	7.405662692117065e-005	7.413102413009178e-005
31356	7.244351229429569e-005	7.244359600749906e-005
34191	7.065814510498480e-005	7.079457843841373e-005
35045	6.917061422651027e-005	6.918309709189363e-005
38243	6.760610893674635e-005	6.760829753919819e-005
41819	6.556120076228744e-005	6.606934480075965e-005
44435	6.455125335869116e-005	6.456542290346549e-005
47989	6.309309198049284e-005	6.309573444801929e-005
52289	6.161156366735199e-005	6.165950018614822e-005
57520	6.023127986820587e-005	6.025595860743581e-005
62201	5.888299185574653e-005	5.888436553555884e-005
65133	5.746512536286552e-005	5.754399373371566e-005
71431	5.615390255941932e-005	5.623413251903491e-005
77969	5.495293525004108e-005	5.495408738576248e-005
83448	5.361997913855277e-005	5.370317963702533e-005
91494	5.246290732341397e-005	5.248074602497723e-005
103429	5.128601345016914e-005	5.128613839913648e-005
114675	5.011662431808617e-005	5.011872336272725e-005
125496	4.897067042453074e-005	4.897788193684466e-005
140581	4.783204557801124e-005	4.786300923226380e-005
164159	4.677024544286201e-005	4.677351412871981e-005
193302	4.570881192689225e-005	4.570881896148752e-005
200001	4.551775925198953e-005	4.570881896148752e-005
%
% index = 257, name = bbob_f006_i17_d02__bbob_f020_i18_d02
% instance = 8, reference value = 8.939801107026590e-001
% function evaluation | indicator value | target hit
1	4.721229975962991e+006	4.786300923226381e+006
2	9.190918417371024e+005	9.332543007969905e+005
3	8.780047202639547e+005	8.912509381337459e+005
6	7.680725875569650e+004	7.762471166286912e+004
13	3.970112061633319e+004	3.981071705534969e+004
51	2.859263674502339e+004	2.884031503126606e+004
160	2.177374720878925e+004	2.187761623949552e+004
212	2.083776961970747e+004	2.089296130854041e+004
237	1.513528859831270e+004	1.513561248436207e+004
348	1.883929574344131e+003	1.905460717963246e+003
463	1.594397736374103e+001	1.621810097358930e+001
616	7.099290048667899e-001	7.244359600749900e-001
770	6.113923836510788e-001	6.165950018614822e-001
907	5.682010086057219e-001	5.754399373371569e-001
939	5.468370035268739e-001	5.495408738576245e-001
940	4.452192503818663e-001	4.466835921509632e-001
945	4.280782752995833e-001	4.365158322401660e-001
954	3.213546732726921e-001	3.235936569296283e-001
988	6.267156486620951e-002	6.309573444801933e-002
1671	2.796731704511846e-002	2.818382931264454e-002
2063	1.405787411451420e-002	1.412537544622754e-002
2253	1.373361105737203e-002	1.380384264602885e-002
2303	9.210328972612647e-003	9.332543007969915e-003
2449	7.951134809967675e-003	8.128305161640995e-003
2495	7.940796092343105e-003	7.943282347242814e-003
2808	7.536782922971774e-003	7.585775750291836e-003
200001	7.445887104023719e-003	7.585775750291836e-003
%
% index = 258, name = bbob_f006_i19_d02__bbob_f020_i21_d02
% instance = 9, reference value = 9.281865018720190e-001
% function evaluation | indicator value | target hit
1	5.890506355459665e+002	6.025595860743575e+002
2	2.215780007078544e+002	2.238721138568340e+002
4	7.298627636071190e+001	7.413102413009177e+001
13	1.300368798795644e+001	1.318256738556407e+001
56	3.355204604977837e+000	3.388441561392026e+000
189	1.423905142444519e+000	1.445439770745927e+000
212	8.333641974467705e-001	8.511380382023764e-001
260	7.125905393470784e-001	7.244359600749900e-001
416	2.885627729883316e-001	2.951209226666385e-001
430	2.765022922977654e-001	2.818382931264454e-001
496	2.728907925261482e-001	2.754228703338166e-001
506	1.851582655744019e-001	1.862087136662868e-001
545	1.658334598019466e-001	1.659586907437561e-001
564	1.461068327507787e-001	1.479108388168208e-001
643	1.435597304099647e-001	1.445439770745928e-001
646	1.369879695212747e-001	1.380384264602885e-001
697	7.086426753291331e-002	7.244359600749903e-002
701	7.062467084903679e-002	7.079457843841380e-002
705	5.097247401850080e-002	5.128613839913648e-002
720	4.714645518040972e-002	4.786300923226383e-002
757	3.808397835804234e-002	3.890451449942807e-002
804	3.056261913972014e-002	3.090295432513590e-002
836	2.848948526116646e-002	2.884031503126606e-002
862	2.783017116664888e-002	2.818382931264454e-002
865	2.250277749915230e-002	2.290867652767774e-002
875	2.177809352528404e-002	2.187761623949553e-002
889	1.879973030214799e-002	1.905460717963247e-002
896	1.808035438792333e-002	1.819700858609984e-002
897	1.735874614349675e-002	1.737800828749376e-002
909	1.663943975667614e-002	1.698243652461744e-002
911	1.622495343246144e-002	1.659586907437561e-002
913	1.613316681438759e-002	1.621810097358930e-002
925	1.570664643787856e-002	1.584893192461113e-002
936	1.548650333026092e-002	1.548816618912481e-002
939	1.409911724071833e-002	1.412537544622754e-002
944	1.357590134154108e-002	1.380384264602885e-002
959	1.332584090572053e-002	1.348962882591653e-002
966	1.315420648834298e-002	1.318256738556408e-002
982	1.279709517655703e-002	1.288249551693134e-002
987	1.250981229128478e-002	1.258925411794168e-002
991	1.204738873274946e-002	1.230268770812382e-002
1001	1.117190923726730e-002	1.122018454301964e-002
1022	1.058126039107366e-002	1.071519305237607e-002
1048	9.947296101547987e-003	1.000000000000000e-002
1057	9.708242719600690e-003	9.772372209558112e-003
1065	9.371720054695443e-003	9.549925860214359e-003
1068	8.311129609463008e-003	8.317637711026709e-003
1069	8.040128540704683e-003	8.128305161640995e-003
1073	7.927319647809239e-003	7.943282347242814e-003
1078	7.726078154632221e-003	7.762471166286920e-003
1089	7.567130723153404e-003	7.585775750291836e-003
1105	7.395211317290706e-003	7.413102413009177e-003
1114	7.109253312300945e-003	7.244359600749898e-003
1117	7.066417719819862e-003	7.079457843841380e-003
1119	6.819080788275422e-003	6.918309709189363e-003
1128	6.723537987392447e-003	6.760829753919818e-003
1132	6.493657913566597e-003	6.606934480075957e-003
1135	6.392521027673515e-003	6.456542290346556e-003
1137	6.288823765818408e-003	6.309573444801930e-003
1156	6.075667111092753e-003	6.165950018614822e-003
1165	5.984842207086949e-003	6.025595860743574e-003
1168	5.862895446071770e-003	5.888436553555890e-003
1170	5.683329572668594e-003	5.754399373371567e-003
1171	5.596858938769378e-003	5.623413251903491e-003
1176	5.464421684503451e-003	5.495408738576248e-003
1183	5.201650961224935e-003	5.248074602497728e-003
1186	4.941927871358165e-003	5.011872336272725e-003
1196	4.824738864041778e-003	4.897788193684461e-003
1201	4.782302065649446e-003	4.786300923226385e-003
1210	4.676741993724143e-003	4.677351412871981e-003
1212	4.565311039425812e-003	4.570881896148752e-003
1220	4.170847094865482e-003	4.265795188015926e-003
1223	4.018774909665068e-003	4.073802778041126e-003
1230	3.946393247487801e-003	3.981071705534973e-003
1236	3.880495411833218e-003	3.890451449942805e-003
1246	3.550938459960573e-003	3.630780547701014e-003
1247	3.546086602161824e-003	3.548133892335753e-003
1256	3.429720681816462e-003	3.467368504525317e-003
1262	3.358817321958418e-003	3.388441561392024e-003
1266	3.300040233523705e-003	3.311311214825911e-003
1268	3.063053757388801e-003	3.090295432513592e-003
1271	3.013794773824241e-003	3.019951720402016e-003
1279	2.911571386117862e-003	2.951209226666387e-003
1282	2.860171079480001e-003	2.884031503126606e-003
1287	2.774655074247234e-003	2.818382931264455e-003
1292	2.739503636405627e-003	2.754228703338166e-003
1295	2.623547589386099e-003	2.630267991895381e-003
1299	2.559973336673571e-003	2.570395782768865e-003
1309	2.492544715973932e-003	2.511886431509579e-003
1319	2.422988803016501e-003	2.454708915685031e-003
1330	2.398664695092867e-003	2.398832919019490e-003
1333	2.331017861134099e-003	2.344228815319923e-003
1337	2.283321146225537e-003	2.290867652767772e-003
1354	2.214614514516544e-003	2.238721138568340e-003
1360	2.148955338300507e-003	2.187761623949552e-003
1361	2.106942217329544e-003	2.137962089502233e-003
1364	2.082128074902379e-003	2.089296130854039e-003
1365	2.015641030185700e-003	2.041737944669530e-003
1368	1.983823844033061e-003	1.995262314968879e-003
1375	1.941337430785728e-003	1.949844599758046e-003
1379	1.904640169188121e-003	1.905460717963246e-003
1399	1.860164500148365e-003	1.862087136662868e-003
1413	1.815980244021742e-003	1.819700858609983e-003
1445	1.776951309615971e-003	1.778279410038923e-003
1468	1.737743958459048e-003	1.737800828749376e-003
1480	1.693532838071277e-003	1.698243652461744e-003
1490	1.658470382492006e-003	1.659586907437561e-003
1510	1.617716668923630e-003	1.621810097358930e-003
1527	1.582128951870265e-003	1.584893192461114e-003
1528	1.547069762660613e-003	1.548816618912481e-003
1545	1.513404763048287e-003	1.513561248436209e-003
1561	1.478547922249107e-003	1.479108388168207e-003
1584	1.442148869132076e-003	1.445439770745928e-003
1594	1.412260189628256e-003	1.412537544622754e-003
1602	1.376832601063027e-003	1.380384264602885e-003
1624	1.347749486963590e-003	1.348962882591653e-003
1642	1.317948790537149e-003	1.318256738556408e-003
1645	1.277668260215581e-003	1.288249551693134e-003
1657	1.258442326746767e-003	1.258925411794168e-003
1682	1.229915880739618e-003	1.230268770812381e-003
1702	1.202032966146072e-003	1.202264434617413e-003
1732	1.174496663954860e-003	1.174897554939529e-003
1780	1.141747013646111e-003	1.148153621496883e-003
1806	1.119601510686685e-003	1.122018454301963e-003
1886	1.096477721745148e-003	1.096478196143185e-003
2023	1.071357233427106e-003	1.071519305237606e-003
2067	1.039466697133062e-003	1.047128548050900e-003
2228	1.023204824807222e-003	1.023292992280754e-003
2483	9.998199060468060e-004	1.000000000000000e-003
4055	9.772301058121879e-004	9.772372209558111e-004
7841	9.546295761005963e-004	9.549925860214359e-004
20702	9.271920355159447e-004	9.332543007969915e-004
88447	9.114103676075569e-004	9.120108393559096e-004
89208	8.906098729847267e-004	8.912509381337459e-004
89464	8.695449510818243e-004	8.709635899560805e-004
200001	8.579312883608692e-004	8.709635899560805e-004
%
% index = 259, name = bbob_f006_i21_d02__bbob_f020_i22_d02
% instance = 10, reference value = 9.757807330144570e-001
% function evaluation | indicator value | target hit
1	2.098494199511616e+006	2.137962089502233e+006
2	2.204154929142504e+005	2.238721138568338e+005
6	3.676379965287228e+004	3.715352290971728e+004
10	2.587609710908390e+004	2.630267991895381e+004
13	2.124691420194221e+004	2.137962089502232e+004
24	1.519071099745833e+004	1.548816618912483e+004
51	8.516484272345942e+003	8.709635899560806e+003
96	3.081780408230246e+003	3.090295432513592e+003
187	1.025295517145243e+003	1.047128548050900e+003
302	4.144036665133974e+002	4.168693834703355e+002
317	2.633926486357154e+002	2.691534803926917e+002
438	3.542520282331446e+001	3.548133892335755e+001
546	1.053418196117699e-001	1.071519305237607e-001
650	9.831372224072088e-002	1.000000000000000e-001
817	9.399873830494343e-002	9.549925860214359e-002
932	8.686061018772051e-002	8.709635899560805e-002
994	7.641600499722800e-002	7.762471166286916e-002
996	6.735760806035773e-002	6.760829753919818e-002
1041	5.338908267334042e-002	5.370317963702527e-002
1055	4.976094400265274e-002	5.011872336272722e-002
1069	4.884581237451258e-002	4.897788193684461e-002
1187	4.773697103430241e-002	4.786300923226383e-002
1190	3.189550080617198e-002	3.235936569296283e-002
1197	2.000309171159476e-002	2.041737944669530e-002
1230	1.970579727045996e-002	1.995262314968880e-002
1299	1.667338678709385e-002	1.698243652461744e-002
1342	1.506266975091097e-002	1.513561248436208e-002
1456	1.370468008521453e-002	1.380384264602885e-002
1531	1.263004957434932e-002	1.288249551693134e-002
1544	1.252407588321391e-002	1.258925411794168e-002
1596	1.209272153428942e-002	1.230268770812382e-002
1688	1.194505043720129e-002	1.202264434617413e-002
1967	1.174775530597516e-002	1.174897554939530e-002
2280	1.086203471152536e-002	1.096478196143185e-002
2452	8.956411271531461e-003	9.120108393559097e-003
2518	8.613972830133876e-003	8.709635899560805e-003
3402	8.510939235940707e-003	8.511380382023768e-003
200001	8.447690382179185e-003	8.511380382023768e-003
