%
% index = 330, name = bbob_f008_i02_d02__bbob_f021_i04_d02
% instance = 1, reference value = 9.297589293226080e-001
% function evaluation | indicator value | target hit
1	1.161420675281987e+005	1.174897554939530e+005
3	4.739434564978699e+004	4.786300923226380e+004
4	6.339007194369666e+003	6.456542290346556e+003
5	7.215848866233378e+002	7.244359600749899e+002
6	2.995385032851011e+001	3.019951720402016e+001
13	1.954530073142461e+001	1.995262314968880e+001
217	1.254729415612060e+001	1.258925411794168e+001
262	1.216232578715802e+001	1.230268770812382e+001
344	2.947288894663608e+000	2.951209226666386e+000
415	1.574598896957108e+000	1.584893192461114e+000
497	1.430298534650108e+000	1.445439770745927e+000
516	8.750660215788243e-001	8.912509381337456e-001
646	5.227571184722942e-001	5.248074602497725e-001
651	3.721916657580134e-001	3.801893963205612e-001
692	2.791574336819195e-001	2.818382931264454e-001
714	2.355507594704570e-001	2.398832919019490e-001
718	2.324944156240897e-001	2.344228815319922e-001
878	1.831290420126356e-001	1.862087136662868e-001
945	1.811857113908303e-001	1.819700858609984e-001
946	1.004925998758194e-001	1.023292992280754e-001
1056	9.508724503552968e-002	9.549925860214359e-002
1173	5.935216593680337e-002	6.025595860743578e-002
1186	5.885031343150904e-002	5.888436553555890e-002
1209	3.454072510936812e-002	3.467368504525317e-002
1560	2.743779285486336e-002	2.754228703338166e-002
1572	1.592784820082083e-002	1.621810097358930e-002
1648	1.105332774538981e-002	1.122018454301964e-002
1815	8.686103897518449e-003	8.709635899560805e-003
1878	8.393205946904292e-003	8.511380382023768e-003
1998	8.207236105478355e-003	8.317637711026709e-003
2143	7.813769869202458e-003	7.943282347242814e-003
2152	7.358812564492001e-003	7.413102413009177e-003
2246	6.677678164364265e-003	6.760829753919818e-003
2347	6.286581462698893e-003	6.309573444801930e-003
2378	6.053898624554299e-003	6.165950018614822e-003
2391	5.846154660603120e-003	5.888436553555890e-003
2433	5.569298926814015e-003	5.623413251903491e-003
2445	5.409493759861772e-003	5.495408738576248e-003
2517	5.048038083480755e-003	5.128613839913648e-003
2518	4.999671415719220e-003	5.011872336272725e-003
2577	4.707765373444639e-003	4.786300923226385e-003
2589	4.604214802013007e-003	4.677351412871981e-003
2663	4.420388393451047e-003	4.466835921509631e-003
2806	4.316401429803940e-003	4.365158322401661e-003
2851	4.010995343151413e-003	4.073802778041126e-003
2890	3.952810827285269e-003	3.981071705534973e-003
2917	3.824084793940030e-003	3.890451449942805e-003
2965	3.798632061272178e-003	3.801893963205613e-003
2987	3.648749569577725e-003	3.715352290971724e-003
3008	3.576395631179175e-003	3.630780547701014e-003
3017	3.543569991135032e-003	3.548133892335753e-003
3037	3.463105975697323e-003	3.467368504525317e-003
3086	2.946104845948594e-003	2.951209226666387e-003
3108	2.782077211772926e-003	2.818382931264455e-003
3255	2.679105647843350e-003	2.691534803926917e-003
3305	2.277866111777493e-003	2.290867652767772e-003
3387	2.237108426860868e-003	2.238721138568340e-003
3417	2.170237207099968e-003	2.187761623949552e-003
3513	1.995956494850959e-003	2.041737944669530e-003
3522	1.990562595205692e-003	1.995262314968879e-003
3533	1.948222625586693e-003	1.949844599758046e-003
3600	1.846395713571591e-003	1.862087136662868e-003
3709	1.819533558839126e-003	1.819700858609983e-003
3720	1.754593415868810e-003	1.778279410038923e-003
3751	1.559413162725343e-003	1.584893192461114e-003
3767	1.547763532763757e-003	1.548816618912481e-003
3809	1.504755517179657e-003	1.513561248436209e-003
3917	1.463141126002432e-003	1.479108388168207e-003
3999	1.440788285685390e-003	1.445439770745928e-003
4138	1.410702685614607e-003	1.412537544622754e-003
4165	1.365326648917975e-003	1.380384264602885e-003
4253	1.272266996630189e-003	1.288249551693134e-003
4326	1.246712490156510e-003	1.258925411794168e-003
4345	1.221451535374674e-003	1.230268770812381e-003
4373	1.196300260513428e-003	1.202264434617413e-003
4378	1.151242813172582e-003	1.174897554939529e-003
4387	1.146975205351009e-003	1.148153621496883e-003
4461	1.099380756777069e-003	1.122018454301963e-003
4463	1.032697048457987e-003	1.047128548050900e-003
4548	9.283336396407327e-004	9.332543007969915e-004
4634	9.041360474772997e-004	9.120108393559096e-004
4724	8.832758675767494e-004	8.912509381337459e-004
4800	8.665781756627133e-004	8.709635899560805e-004
4888	8.219675146945438e-004	8.317637711026709e-004
5014	8.099677190609445e-004	8.128305161640995e-004
5042	7.934874537279812e-004	7.943282347242813e-004
5221	7.761712920586472e-004	7.762471166286919e-004
5452	7.553736699920099e-004	7.585775750291835e-004
5636	7.398560657587705e-004	7.413102413009177e-004
5896	7.241975436143022e-004	7.244359600749898e-004
6388	7.077461166329346e-004	7.079457843841380e-004
7069	6.784548598839368e-004	6.918309709189362e-004
7260	6.759105032809742e-004	6.760829753919819e-004
9452	6.606829151643012e-004	6.606934480075958e-004
200001	6.526082034464809e-004	6.606934480075958e-004
%
% index = 331, name = bbob_f008_i03_d02__bbob_f021_i05_d02
% instance = 2, reference value = 9.968259336551600e-001
% function evaluation | indicator value | target hit
1	4.932246868862493e+007	5.011872336272725e+007
3	1.662704478897294e+007	1.698243652461746e+007
4	2.909340189165689e+006	2.951209226666384e+006
5	5.174668424603651e+002	5.248074602497728e+002
13	8.924406814005552e+001	9.120108393559097e+001
67	3.248238193571697e+001	3.311311214825911e+001
197	3.045836153230660e+000	3.090295432513591e+000
258	2.889581808673660e+000	2.951209226666386e+000
451	2.128055524906813e+000	2.137962089502232e+000
566	6.800850751963308e-001	6.918309709189364e-001
642	3.827743873897086e-001	3.890451449942806e-001
731	3.442133841125846e-001	3.467368504525316e-001
825	1.348405154063490e-001	1.348962882591654e-001
974	1.143356548537148e-001	1.148153621496883e-001
992	1.265366346762320e-002	1.288249551693134e-002
1137	1.195762797122468e-002	1.202264434617413e-002
1220	1.065827374493888e-002	1.071519305237607e-002
1333	1.043229196127293e-002	1.047128548050900e-002
1393	9.965363452471454e-003	1.000000000000000e-002
1412	8.826668626099599e-003	8.912509381337459e-003
1415	8.165748431461561e-003	8.317637711026709e-003
1521	7.804579883545881e-003	7.943282347242814e-003
1571	7.363870052192745e-003	7.413102413009177e-003
1588	4.501870199645097e-003	4.570881896148752e-003
1597	3.357742636212913e-003	3.388441561392024e-003
1670	3.221148104547988e-003	3.235936569296281e-003
1687	2.792846592920784e-003	2.818382931264455e-003
1711	2.615913846888751e-003	2.630267991895381e-003
1933	2.565331589883702e-003	2.570395782768865e-003
1935	2.487476483011397e-003	2.511886431509579e-003
1939	2.444378312854045e-003	2.454708915685031e-003
2099	2.383079268931221e-003	2.398832919019490e-003
2108	2.222562592328670e-003	2.238721138568340e-003
2186	2.173055421125558e-003	2.187761623949552e-003
2193	2.122603477142437e-003	2.137962089502233e-003
2194	2.076377892342718e-003	2.089296130854039e-003
2362	1.916425360668606e-003	1.949844599758046e-003
2386	1.701592514000150e-003	1.737800828749376e-003
2398	1.696055689091924e-003	1.698243652461744e-003
2977	1.554730362955614e-003	1.584893192461114e-003
3002	1.459262725518884e-003	1.479108388168207e-003
3066	1.425209196005417e-003	1.445439770745928e-003
3088	7.068648351630236e-004	7.079457843841380e-004
3165	6.844609259976098e-004	6.918309709189362e-004
3179	6.560098582700791e-004	6.606934480075958e-004
3233	3.883916024984835e-004	3.890451449942804e-004
3329	3.731367886087300e-004	3.801893963205612e-004
3341	3.693652850064177e-004	3.715352290971724e-004
3344	3.534654378601898e-004	3.548133892335753e-004
3393	3.431165428934291e-004	3.467368504525317e-004
3445	3.327369197457797e-004	3.388441561392024e-004
3460	2.978189954415678e-004	3.019951720402016e-004
3550	2.940295924609426e-004	2.951209226666387e-004
3579	2.855817350656542e-004	2.884031503126606e-004
3587	2.814711713401419e-004	2.818382931264455e-004
3694	2.665343433315703e-004	2.691534803926917e-004
3724	2.560735584631324e-004	2.570395782768865e-004
3755	2.421423389773469e-004	2.454708915685031e-004
3770	2.385157658382209e-004	2.398832919019490e-004
3799	2.334057442050508e-004	2.344228815319923e-004
4006	2.211944788649278e-004	2.238721138568340e-004
4052	2.187264315309800e-004	2.187761623949552e-004
4197	2.137895639475751e-004	2.137962089502232e-004
4357	2.078081400919141e-004	2.089296130854039e-004
4380	1.997283044828935e-004	2.041737944669530e-004
4393	1.991982458470210e-004	1.995262314968879e-004
4483	1.754589197396905e-004	1.778279410038923e-004
4590	1.734931503623027e-004	1.737800828749376e-004
4637	1.665886574465647e-004	1.698243652461744e-004
4651	1.648842980168652e-004	1.659586907437562e-004
4728	1.619324728552307e-004	1.621810097358930e-004
5028	1.563276533360636e-004	1.584893192461114e-004
5111	1.538128753379997e-004	1.548816618912481e-004
5450	1.512445378184513e-004	1.513561248436209e-004
5645	1.476298528299003e-004	1.479108388168207e-004
5724	1.405879610306693e-004	1.412537544622754e-004
5867	1.377490859554298e-004	1.380384264602885e-004
5956	1.296226986368110e-004	1.318256738556407e-004
6155	1.288198410901442e-004	1.288249551693134e-004
6398	1.250583678820139e-004	1.258925411794167e-004
6468	1.226890548150506e-004	1.230268770812381e-004
6500	1.088446363117779e-004	1.096478196143185e-004
6562	1.043646452030256e-004	1.047128548050900e-004
6680	1.021516357275765e-004	1.023292992280754e-004
6691	9.097104180955107e-005	9.120108393559096e-005
6764	8.840466154780291e-005	8.912509381337459e-005
6820	7.709938059718979e-005	7.762471166286911e-005
6911	7.581742611284525e-005	7.585775750291836e-005
6931	7.170151291502336e-005	7.244359600749906e-005
7046	6.924275092512477e-005	7.079457843841373e-005
7071	6.908477019818005e-005	6.918309709189363e-005
7344	6.582669192578550e-005	6.606934480075965e-005
7378	5.702454675537982e-005	5.754399373371566e-005
7413	5.419732415257172e-005	5.495408738576248e-005
7438	5.226697388938106e-005	5.248074602497723e-005
7763	4.997724080546551e-005	5.011872336272725e-005
7997	4.731570010185759e-005	4.786300923226380e-005
8040	4.633715650670389e-005	4.677351412871981e-005
8199	4.568639869606539e-005	4.570881896148752e-005
8307	4.409686341277919e-005	4.466835921509635e-005
8443	4.351122605950053e-005	4.365158322401657e-005
8959	4.238872598139043e-005	4.265795188015926e-005
9026	4.162675821173245e-005	4.168693834703355e-005
9190	4.027421528873809e-005	4.073802778041130e-005
9320	3.953674351797609e-005	3.981071705534970e-005
9526	3.872441012686689e-005	3.890451449942805e-005
9787	3.776759042561917e-005	3.801893963205612e-005
9944	3.712396290489473e-005	3.715352290971728e-005
10300	3.626045703708503e-005	3.630780547701010e-005
10360	3.544158359469751e-005	3.548133892335753e-005
10621	3.431849613688698e-005	3.467368504525317e-005
10802	3.322310330844402e-005	3.388441561392028e-005
10808	3.310046492555063e-005	3.311311214825908e-005
11211	3.233481541664585e-005	3.235936569296281e-005
11502	3.161312283439521e-005	3.162277660168380e-005
11754	3.043655565337922e-005	3.090295432513592e-005
11844	3.015988611043685e-005	3.019951720402019e-005
12338	2.915588486773757e-005	2.951209226666384e-005
12471	2.874814519193691e-005	2.884031503126606e-005
12875	2.805562335950196e-005	2.818382931264455e-005
13228	2.733998330839427e-005	2.754228703338169e-005
13441	2.690887544654075e-005	2.691534803926914e-005
13805	2.625586642968081e-005	2.630267991895381e-005
14630	2.570114986655270e-005	2.570395782768865e-005
15344	2.495564907945003e-005	2.511886431509582e-005
15635	2.454589441847066e-005	2.454708915685029e-005
16216	1.740867345345620e-005	1.778279410038923e-005
16470	1.737710208149501e-005	1.737800828749376e-005
17188	1.698141589367985e-005	1.698243652461746e-005
18069	1.658905405721445e-005	1.659586907437560e-005
18656	1.621769880133517e-005	1.621810097358930e-005
20000	1.584036141921708e-005	1.584893192461114e-005
20783	1.548062560152719e-005	1.548816618912483e-005
21901	1.513153919019405e-005	1.513561248436207e-005
22716	1.478469382487635e-005	1.479108388168207e-005
23549	1.445367034969003e-005	1.445439770745928e-005
25137	1.412312014237305e-005	1.412537544622756e-005
27442	1.379914836641127e-005	1.380384264602884e-005
28301	1.348793366517942e-005	1.348962882591653e-005
30875	1.318229799529558e-005	1.318256738556407e-005
31007	1.224692656753845e-005	1.230268770812381e-005
32981	1.202006983236359e-005	1.202264434617413e-005
36667	1.173919178976135e-005	1.174897554939530e-005
39734	1.148033555420369e-005	1.148153621496882e-005
41327	1.121361319000869e-005	1.122018454301963e-005
41995	1.081642297107166e-005	1.096478196143185e-005
43599	1.071396244978207e-005	1.071519305237607e-005
48397	9.683122806136701e-006	9.772372209558111e-006
51107	9.549696162958199e-006	9.549925860214369e-006
59191	9.332338675838159e-006	9.332543007969904e-006
60050	9.087689733289217e-006	9.120108393559096e-006
65886	8.911896353880344e-006	8.912509381337460e-006
71728	8.559545203845609e-006	8.709635899560814e-006
72767	8.472145560545208e-006	8.511380382023760e-006
78819	8.297118918365598e-006	8.317637711026709e-006
84302	7.739246536520028e-006	7.762471166286911e-006
91832	7.488701831315225e-006	7.585775750291836e-006
95608	7.412491614622319e-006	7.413102413009177e-006
95645	6.729638428293328e-006	6.760829753919819e-006
104675	6.606626174132657e-006	6.606934480075964e-006
114864	6.411930075667094e-006	6.456542290346549e-006
120999	6.195915040474453e-006	6.309573444801930e-006
125137	6.164057411939261e-006	6.165950018614822e-006
127458	5.997460248652331e-006	6.025595860743581e-006
131875	5.632097540120284e-006	5.754399373371567e-006
131972	5.273446798126358e-006	5.370317963702533e-006
133124	5.211407580807403e-006	5.248074602497723e-006
133740	5.037867380486283e-006	5.128613839913648e-006
136723	5.010599146704209e-006	5.011872336272725e-006
139832	4.433702891937230e-006	4.466835921509635e-006
144704	4.277567047905606e-006	4.365158322401657e-006
145073	4.264988703650552e-006	4.265795188015926e-006
148850	4.065659959251455e-006	4.073802778041131e-006
149601	3.151593895411864e-006	3.162277660168379e-006
150965	2.957030126982119e-006	3.019951720402019e-006
152650	2.951107725079893e-006	2.951209226666384e-006
163098	2.520811085093833e-006	2.570395782768865e-006
164992	2.511472769972656e-006	2.511886431509582e-006
174776	2.194142526001919e-006	2.238721138568338e-006
176805	2.187698705524710e-006	2.187761623949552e-006
180119	2.134040245738156e-006	2.137962089502232e-006
184853	2.083451270729064e-006	2.089296130854041e-006
196961	2.040882649656517e-006	2.041737944669527e-006
199545	1.994415669837046e-006	1.995262314968879e-006
200001	1.992849184673240e-006	1.995262314968879e-006
%
% index = 332, name = bbob_f008_i07_d02__bbob_f021_i08_d02
% instance = 3, reference value = 9.909644084714330e-001
% function evaluation | indicator value | target hit
1	8.621332022459467e+007	8.709635899560814e+007
3	2.708401699197766e+007	2.754228703338169e+007
4	5.253736740959249e+006	5.370317963702533e+006
5	3.163020856408143e+002	3.235936569296281e+002
13	2.745024333327874e+002	2.754228703338166e+002
67	1.049983088594632e+002	1.071519305237606e+002
76	3.225282646004478e+001	3.235936569296283e+001
273	8.160712628055237e+000	8.317637711026711e+000
319	6.375212629813433e+000	6.456542290346556e+000
337	1.695874458862433e+000	1.698243652461744e+000
591	3.764737424123027e-001	3.801893963205612e-001
732	2.457218408291292e-001	2.511886431509580e-001
761	1.650520320572469e-001	1.659586907437561e-001
908	1.435819824264787e-001	1.445439770745928e-001
1099	1.232835287702879e-001	1.258925411794167e-001
1156	1.099108205313004e-001	1.122018454301964e-001
1183	8.915128989791499e-002	9.120108393559097e-002
1211	8.852553225252569e-002	8.912509381337455e-002
1240	8.633731221310936e-002	8.709635899560805e-002
1266	7.702358022857592e-002	7.762471166286916e-002
1353	1.664223141520937e-002	1.698243652461744e-002
1366	1.463268624366776e-002	1.479108388168207e-002
1462	1.433697151443825e-002	1.445439770745927e-002
1480	1.332062419003999e-002	1.348962882591653e-002
1500	1.280145701944291e-002	1.288249551693134e-002
1519	1.249519879888816e-002	1.258925411794168e-002
1524	9.567192950675763e-003	9.772372209558112e-003
1577	9.315624682409540e-003	9.332543007969915e-003
1583	8.689344451450087e-003	8.709635899560805e-003
1591	5.500654891065993e-003	5.623413251903491e-003
1650	5.379521089738715e-003	5.495408738576248e-003
1694	3.793530624454644e-003	3.801893963205613e-003
1849	3.290873965423047e-003	3.311311214825911e-003
1856	2.988892776802143e-003	3.019951720402016e-003
1908	2.911248457238114e-003	2.951209226666387e-003
1920	2.436092155808645e-003	2.454708915685031e-003
1929	2.307816290735065e-003	2.344228815319923e-003
1957	2.161634215440800e-003	2.187761623949552e-003
1988	2.038981949441632e-003	2.041737944669530e-003
2059	1.773886145649106e-003	1.778279410038923e-003
2178	1.732053541128154e-003	1.737800828749376e-003
2232	1.691823607599008e-003	1.698243652461744e-003
2248	1.577467877883487e-003	1.584893192461114e-003
2341	1.516973027533841e-003	1.548816618912481e-003
2402	1.504415164142348e-003	1.513561248436209e-003
2427	1.463659637652159e-003	1.479108388168207e-003
2447	1.438875155284181e-003	1.445439770745928e-003
2481	1.393697181334641e-003	1.412537544622754e-003
2503	1.337220596318911e-003	1.348962882591653e-003
2567	1.281195474728047e-003	1.288249551693134e-003
2597	1.229175443797193e-003	1.230268770812381e-003
2658	1.158220854173608e-003	1.174897554939529e-003
2675	1.142599048693627e-003	1.148153621496883e-003
2690	1.110403336321841e-003	1.122018454301963e-003
2731	1.095273188422619e-003	1.096478196143185e-003
2844	1.041377036659630e-003	1.047128548050900e-003
2848	1.002992182030593e-003	1.023292992280754e-003
2884	9.996530738053400e-004	1.000000000000000e-003
2899	9.762064069454013e-004	9.772372209558111e-004
2901	9.444687205015789e-004	9.549925860214359e-004
3064	9.319340611210203e-004	9.332543007969915e-004
3129	9.104990458081996e-004	9.120108393559096e-004
3217	8.763755285196018e-004	8.912509381337459e-004
3358	8.047290686877817e-004	8.128305161640995e-004
3384	7.655636682772915e-004	7.762471166286919e-004
3442	7.572953018935014e-004	7.585775750291835e-004
3705	7.400925430848249e-004	7.413102413009177e-004
3765	6.589675273966922e-004	6.606934480075958e-004
3842	6.444095360718105e-004	6.456542290346556e-004
4023	6.302309161130282e-004	6.309573444801930e-004
4065	5.944432047697568e-004	6.025595860743575e-004
4101	5.820402899145982e-004	5.888436553555889e-004
4205	5.754374558997188e-004	5.754399373371566e-004
4410	5.613281386178670e-004	5.623413251903491e-004
4888	5.476200492751104e-004	5.495408738576249e-004
5190	5.200819948794067e-004	5.248074602497728e-004
5294	4.985718848004028e-004	5.011872336272725e-004
5514	4.690799356599218e-004	4.786300923226385e-004
5535	4.659400219716448e-004	4.677351412871981e-004
5802	4.567444416542221e-004	4.570881896148752e-004
5862	4.277796542329071e-004	4.365158322401661e-004
5891	4.263633062838723e-004	4.265795188015926e-004
6090	4.168586536090757e-004	4.168693834703355e-004
6152	4.067652615745709e-004	4.073802778041126e-004
6339	3.974492302374344e-004	3.981071705534974e-004
6408	3.873933872765578e-004	3.890451449942804e-004
6689	3.799110837834352e-004	3.801893963205612e-004
6780	3.645926162539892e-004	3.715352290971724e-004
6941	3.630722277224718e-004	3.630780547701014e-004
7321	3.546124884180602e-004	3.548133892335753e-004
7651	3.453787654096319e-004	3.467368504525317e-004
7726	3.386954946262843e-004	3.388441561392024e-004
7888	3.301903418985175e-004	3.311311214825911e-004
8326	3.215272320085116e-004	3.235936569296281e-004
8746	3.161938472073800e-004	3.162277660168379e-004
8994	3.090052001254451e-004	3.090295432513592e-004
9077	2.840785389438549e-004	2.884031503126606e-004
9603	2.810006239063467e-004	2.818382931264455e-004
9933	2.753714547311104e-004	2.754228703338166e-004
10477	2.691294487321416e-004	2.691534803926917e-004
11197	2.629899862551799e-004	2.630267991895381e-004
12577	2.569816357207433e-004	2.570395782768865e-004
13617	2.511027221323570e-004	2.511886431509580e-004
15068	2.454559670511669e-004	2.454708915685031e-004
15586	2.395196191185001e-004	2.398832919019490e-004
16539	2.334281042138953e-004	2.344228815319923e-004
17092	2.231599169224552e-004	2.238721138568340e-004
17686	2.161728803292684e-004	2.187761623949552e-004
18208	2.128351272510098e-004	2.137962089502232e-004
20196	2.089285888994263e-004	2.089296130854039e-004
22169	2.041636318945717e-004	2.041737944669530e-004
25423	1.995172846430693e-004	1.995262314968879e-004
30659	1.949356974602079e-004	1.949844599758046e-004
38450	1.904788769646615e-004	1.905460717963246e-004
44222	1.859635416634475e-004	1.862087136662868e-004
44317	1.738515994006429e-004	1.778279410038923e-004
44552	1.737767020686398e-004	1.737800828749376e-004
48738	1.656856295298992e-004	1.659586907437562e-004
48837	1.217451445373330e-004	1.230268770812381e-004
52021	1.120628618347386e-004	1.122018454301963e-004
55961	1.078255579871623e-004	1.096478196143185e-004
58507	1.071514178641042e-004	1.071519305237606e-004
62136	1.019455237916134e-004	1.023292992280754e-004
67121	7.489997337983834e-005	7.585775750291836e-005
67218	7.384781060315593e-005	7.413102413009178e-005
68308	6.824944867311888e-005	6.918309709189363e-005
68553	6.410053744143607e-005	6.456542290346549e-005
72081	5.798189788652763e-005	5.888436553555884e-005
73915	5.590429568302913e-005	5.623413251903491e-005
74489	4.932855337291819e-005	5.011872336272725e-005
74660	4.858030301058136e-005	4.897788193684466e-005
74814	4.742102451404939e-005	4.786300923226380e-005
77543	4.610838763807745e-005	4.677351412871981e-005
79358	4.567762323526292e-005	4.570881896148752e-005
82661	4.418773059600145e-005	4.466835921509635e-005
84309	4.175570310638310e-005	4.265795188015926e-005
84937	4.103831271462521e-005	4.168693834703355e-005
85885	4.069914783999540e-005	4.073802778041130e-005
88499	3.525690988770425e-005	3.548133892335753e-005
89016	3.383241557397554e-005	3.388441561392028e-005
91727	3.244589634132655e-005	3.311311214825908e-005
92293	2.935481503107962e-005	2.951209226666384e-005
92598	2.798370486978286e-005	2.818382931264455e-005
92647	2.726493433347077e-005	2.754228703338169e-005
93514	2.691494886430945e-005	2.691534803926914e-005
93554	2.617678850724836e-005	2.630267991895381e-005
95747	2.570355175401939e-005	2.570395782768865e-005
97637	2.201022141612441e-005	2.238721138568338e-005
99445	2.187720097202028e-005	2.187761623949552e-005
101802	2.126704507954269e-005	2.137962089502232e-005
103722	1.722501177359170e-005	1.737800828749376e-005
104266	1.689631977175310e-005	1.698243652461746e-005
105482	1.615681774791433e-005	1.621810097358930e-005
107335	1.584699491208319e-005	1.584893192461114e-005
109053	1.539076090883995e-005	1.548816618912483e-005
113142	1.462842124744235e-005	1.479108388168207e-005
114278	1.382951864625781e-005	1.412537544622756e-005
114290	1.380279459528566e-005	1.380384264602884e-005
114860	1.332186309055405e-005	1.348962882591653e-005
115081	1.313545977088548e-005	1.318256738556407e-005
117082	1.286288231072685e-005	1.288249551693135e-005
117666	1.238389423907638e-005	1.258925411794166e-005
117699	1.228146496456972e-005	1.230268770812381e-005
121191	1.198641083344221e-005	1.202264434617413e-005
124262	1.174768219691647e-005	1.174897554939530e-005
127374	1.148068252798673e-005	1.148153621496882e-005
127693	1.116053266236872e-005	1.122018454301963e-005
130569	1.096417481150080e-005	1.096478196143185e-005
133774	1.071425067633580e-005	1.071519305237607e-005
136221	1.019555018078044e-005	1.023292992280754e-005
140656	9.995291352038471e-006	1.000000000000000e-005
144036	9.770823460319988e-006	9.772372209558111e-006
149209	9.547885310601245e-006	9.549925860214369e-006
152152	9.326730269765271e-006	9.332543007969904e-006
156264	9.114778655505695e-006	9.120108393559096e-006
165241	8.907554879145074e-006	8.912509381337460e-006
171792	8.622041574257722e-006	8.709635899560814e-006
175437	8.510294545405195e-006	8.511380382023760e-006
182363	8.304029736949659e-006	8.317637711026709e-006
183913	8.086623775716006e-006	8.128305161640995e-006
186706	7.916507285266050e-006	7.943282347242822e-006
190863	7.735966417121709e-006	7.762471166286911e-006
195143	7.559067408791087e-006	7.585775750291836e-006
200001	7.457615246897476e-006	7.585775750291836e-006
%
% index = 333, name = bbob_f008_i09_d02__bbob_f021_i10_d02
% instance = 4, reference value = 9.672514426673500e-001
% function evaluation | indicator value | target hit
1	1.256994555039297e+005	1.258925411794166e+005
2	1.080962939060187e+005	1.096478196143185e+005
3	3.067423572708976e+004	3.090295432513592e+004
4	8.550188330915031e+003	8.709635899560806e+003
5	2.373722350978144e+002	2.398832919019490e+002
6	1.216977234611316e+001	1.230268770812382e+001
13	6.246563352442405e+000	6.309573444801933e+000
393	3.719781899635527e-001	3.801893963205612e-001
438	3.451691321946848e-001	3.467368504525316e-001
444	3.348561110664994e-001	3.388441561392026e-001
507	1.454866774730355e-001	1.479108388168208e-001
623	1.369580561740951e-001	1.380384264602885e-001
676	1.335839758553838e-001	1.348962882591654e-001
743	1.162090158008184e-001	1.174897554939529e-001
752	8.709354868330821e-002	8.709635899560805e-002
908	6.813970835719618e-002	6.918309709189366e-002
952	6.482771492416917e-002	6.606934480075961e-002
1056	6.103686388836993e-002	6.165950018614822e-002
1249	4.417817595353424e-002	4.466835921509630e-002
1267	4.364071706311812e-002	4.365158322401658e-002
1346	3.046784472372144e-002	3.090295432513590e-002
1413	2.848102421742893e-002	2.884031503126606e-002
1504	2.685081741836592e-002	2.691534803926915e-002
1760	2.479644108060719e-002	2.511886431509579e-002
1959	2.452524175700399e-002	2.454708915685030e-002
1960	2.366880298646268e-002	2.398832919019490e-002
2120	2.218192254475715e-002	2.238721138568340e-002
2289	2.186231819809781e-002	2.187761623949553e-002
2318	2.063215457869672e-002	2.089296130854040e-002
2345	1.690404266240941e-002	1.698243652461744e-002
2405	1.656343420340001e-002	1.659586907437561e-002
2432	4.339326667533339e-003	4.365158322401661e-003
2474	4.256069876049762e-003	4.265795188015926e-003
2494	3.632299530235805e-003	3.715352290971724e-003
2519	3.627974798890876e-003	3.630780547701014e-003
2592	3.547588697271453e-003	3.548133892335753e-003
2609	3.379843889275036e-003	3.388441561392024e-003
2610	3.127829333865462e-003	3.162277660168379e-003
2627	3.077200520198331e-003	3.090295432513592e-003
2656	2.972909277901392e-003	3.019951720402016e-003
2683	2.907782051870478e-003	2.951209226666387e-003
2738	2.878679425066699e-003	2.884031503126606e-003
2838	2.813947139590378e-003	2.818382931264455e-003
2860	2.751306652217567e-003	2.754228703338166e-003
2868	2.411124381211049e-003	2.454708915685031e-003
2883	2.376651525639817e-003	2.398832919019490e-003
2916	2.337744872891290e-003	2.344228815319923e-003
3054	2.287255709766622e-003	2.290867652767772e-003
3169	2.238317503725940e-003	2.238721138568340e-003
3278	2.187698598840493e-003	2.187761623949552e-003
3345	2.102186364230207e-003	2.137962089502233e-003
3393	2.087588895888448e-003	2.089296130854039e-003
3554	2.037124321212280e-003	2.041737944669530e-003
3897	1.981662523028005e-003	1.995262314968879e-003
4059	1.949391404860279e-003	1.949844599758046e-003
4273	1.799241034837196e-003	1.819700858609983e-003
4420	4.780563820679928e-004	4.786300923226385e-004
4422	2.741931384778740e-004	2.754228703338166e-004
4440	2.680410650113263e-004	2.691534803926917e-004
4459	2.604313497284183e-004	2.630267991895381e-004
4496	2.569791550062206e-004	2.570395782768865e-004
4548	2.476632484657015e-004	2.511886431509580e-004
4567	2.422840163484041e-004	2.454708915685031e-004
4623	2.397997532617158e-004	2.398832919019490e-004
4707	2.342985441606826e-004	2.344228815319923e-004
4722	2.276471236062339e-004	2.290867652767772e-004
4829	2.225941419834454e-004	2.238721138568340e-004
4836	2.185574022476322e-004	2.187761623949552e-004
4844	2.106879072590884e-004	2.137962089502232e-004
4852	2.088362088858986e-004	2.089296130854039e-004
4904	2.038205903369672e-004	2.041737944669530e-004
4965	1.994607473737586e-004	1.995262314968879e-004
5017	1.943899561838158e-004	1.949844599758046e-004
5070	1.904921033829554e-004	1.905460717963246e-004
5099	1.628101365133139e-004	1.659586907437562e-004
5124	1.617082049372165e-004	1.621810097358930e-004
5222	1.155831043744282e-004	1.174897554939529e-004
5281	1.148131017911780e-004	1.148153621496883e-004
5385	1.121999276691987e-004	1.122018454301963e-004
5624	1.096395709976328e-004	1.096478196143185e-004
6308	1.016613056303850e-004	1.023292992280754e-004
7448	9.999321523368465e-005	1.000000000000000e-004
38312	9.771874685260418e-005	9.772372209558112e-005
62729	9.548904759693055e-005	9.549925860214369e-005
112110	9.296537443892472e-005	9.332543007969905e-005
200001	9.290320515986661e-005	9.332543007969905e-005
%
% index = 334, name = bbob_f008_i11_d02__bbob_f021_i12_d02
% instance = 5, reference value = 9.561074286091300e-001
% function evaluation | indicator value | target hit
1	3.650458816153877e+006	3.715352290971728e+006
2	3.202995138622645e+006	3.235936569296281e+006
3	9.124677331708089e+005	9.332543007969905e+005
4	2.458247288944978e+005	2.511886431509582e+005
5	9.844201355862043e+001	1.000000000000000e+002
13	5.505763859024288e+001	5.623413251903491e+001
58	4.168316287119348e+001	4.168693834703355e+001
63	1.131847624996120e+001	1.148153621496883e+001
67	6.513284328657484e+000	6.606934480075959e+000
175	6.413662285710676e+000	6.456542290346556e+000
209	1.473033248713680e+000	1.479108388168207e+000
243	7.813391208809299e-001	7.943282347242815e-001
250	2.363463307829556e-001	2.398832919019490e-001
427	1.238628061703487e-001	1.258925411794167e-001
469	8.835212252954161e-002	8.912509381337455e-002
648	8.412069324273863e-002	8.511380382023763e-002
695	7.980030738758670e-002	8.128305161640990e-002
708	7.942185862970130e-002	7.943282347242814e-002
795	5.418711515593633e-002	5.495408738576246e-002
828	4.718814525798110e-002	4.786300923226383e-002
836	3.156177116117620e-002	3.162277660168379e-002
863	2.499305007327712e-002	2.511886431509579e-002
993	1.668931621844449e-002	1.698243652461744e-002
1117	1.628212989353550e-002	1.659586907437561e-002
1138	1.618595448166327e-002	1.621810097358930e-002
1175	1.546201857742779e-002	1.548816618912481e-002
1242	1.035019095329770e-002	1.047128548050900e-002
1370	9.556592526668073e-003	9.772372209558112e-003
1373	9.044638417190609e-003	9.120108393559097e-003
1382	8.610775191093656e-003	8.709635899560805e-003
1423	7.140988648572599e-003	7.244359600749898e-003
1491	6.951214840047237e-003	7.079457843841380e-003
1505	6.905641345311464e-003	6.918309709189363e-003
1624	6.681343546106833e-003	6.760829753919818e-003
1723	6.593159273530658e-003	6.606934480075957e-003
1840	5.736247482656220e-003	5.754399373371567e-003
1872	5.493576663841426e-003	5.495408738576248e-003
1905	4.878756333871470e-003	4.897788193684461e-003
1919	4.556381097582940e-003	4.570881896148752e-003
1955	3.742436152312068e-003	3.801893963205613e-003
2051	3.704933206876593e-003	3.715352290971724e-003
2195	3.260570605657431e-003	3.311311214825911e-003
2373	3.222548406408232e-003	3.235936569296281e-003
2406	2.724769557082230e-003	2.754228703338166e-003
2596	2.622998251686548e-003	2.630267991895381e-003
2669	2.521134409681491e-003	2.570395782768865e-003
2703	2.506015069168921e-003	2.511886431509579e-003
2902	2.225474911829450e-003	2.238721138568340e-003
3040	2.028203992819888e-003	2.041737944669530e-003
3063	1.911106795905671e-003	1.949844599758046e-003
3124	1.879193523687373e-003	1.905460717963246e-003
3209	1.764650016587210e-003	1.778279410038923e-003
3212	1.736562566563071e-003	1.737800828749376e-003
3266	1.510314137386004e-003	1.513561248436209e-003
3575	1.476647965303113e-003	1.479108388168207e-003
3655	1.445205051692433e-003	1.445439770745928e-003
3694	1.160227884336895e-003	1.174897554939529e-003
3786	1.135383136648294e-003	1.148153621496883e-003
3845	1.069835157903709e-003	1.071519305237606e-003
3984	1.034543021681267e-003	1.047128548050900e-003
4032	1.008591843166817e-003	1.023292992280754e-003
4049	9.984286635238426e-004	1.000000000000000e-003
4083	8.820664499890052e-004	8.912509381337459e-004
4124	8.681444622006262e-004	8.709635899560805e-004
4155	8.479549302087275e-004	8.511380382023768e-004
4214	8.166822706614507e-004	8.317637711026709e-004
4240	8.076434857330339e-004	8.128305161640995e-004
4343	7.936938013549666e-004	7.943282347242813e-004
4434	7.666403944192046e-004	7.762471166286919e-004
4480	7.338371965467383e-004	7.413102413009177e-004
4512	7.152690649998572e-004	7.244359600749898e-004
4647	7.055407305710526e-004	7.079457843841380e-004
4811	6.685690377085107e-004	6.760829753919819e-004
4893	6.462700499116902e-004	6.606934480075958e-004
4911	6.385398607060555e-004	6.456542290346556e-004
4920	5.872902830927895e-004	5.888436553555889e-004
4979	5.368792500983766e-004	5.370317963702527e-004
5017	4.111415346090830e-004	4.168693834703355e-004
5033	4.072127025656069e-004	4.073802778041126e-004
5039	3.880963442479679e-004	3.890451449942804e-004
5073	3.548643896954529e-004	3.630780547701014e-004
5081	3.546233348341588e-004	3.548133892335753e-004
5204	3.235291791097161e-004	3.235936569296281e-004
5235	3.161686361795590e-004	3.162277660168379e-004
5275	3.078222453150037e-004	3.090295432513592e-004
5316	2.948358157021103e-004	2.951209226666387e-004
5339	2.825518717484155e-004	2.884031503126606e-004
5358	2.809171515247844e-004	2.818382931264455e-004
5403	2.665127388661315e-004	2.691534803926917e-004
5416	2.549554611517291e-004	2.570395782768865e-004
5419	2.503145123787798e-004	2.511886431509580e-004
5468	2.400130432618219e-004	2.454708915685031e-004
5471	2.360283468227920e-004	2.398832919019490e-004
5491	2.331527002108480e-004	2.344228815319923e-004
5501	2.288840944036918e-004	2.290867652767772e-004
5506	2.224540108858308e-004	2.238721138568340e-004
5526	2.182508039346720e-004	2.187761623949552e-004
5603	2.129809862989607e-004	2.137962089502232e-004
5613	2.009925298871451e-004	2.041737944669530e-004
5662	1.983747577248840e-004	1.995262314968879e-004
5695	1.888402658887234e-004	1.905460717963246e-004
5716	1.855796295989753e-004	1.862087136662868e-004
5719	1.809107752028805e-004	1.819700858609983e-004
5762	1.748665416356765e-004	1.778279410038923e-004
5767	1.737087885711475e-004	1.737800828749376e-004
5791	1.679524896062157e-004	1.698243652461744e-004
5803	1.654076224826273e-004	1.659586907437562e-004
5866	1.618947442094676e-004	1.621810097358930e-004
5914	1.583073997889484e-004	1.584893192461114e-004
5933	1.536917315990705e-004	1.548816618912481e-004
5967	1.513188764097340e-004	1.513561248436209e-004
6082	1.476742136046205e-004	1.479108388168207e-004
6115	1.436159393324310e-004	1.445439770745928e-004
6120	1.399194312518004e-004	1.412537544622754e-004
6131	1.375010584888647e-004	1.380384264602885e-004
6252	1.348322842290584e-004	1.348962882591653e-004
6289	1.306607665364501e-004	1.318256738556407e-004
6310	1.285634589281992e-004	1.288249551693134e-004
6336	1.247346138524286e-004	1.258925411794167e-004
6405	1.227993458549070e-004	1.230268770812381e-004
6424	1.179661137712396e-004	1.202264434617413e-004
6452	1.172705179507405e-004	1.174897554939529e-004
6534	1.143461275090463e-004	1.148153621496883e-004
6579	1.118924655685305e-004	1.122018454301963e-004
6636	1.096464475768277e-004	1.096478196143185e-004
6723	1.071151593374786e-004	1.071519305237606e-004
6808	1.046109198025169e-004	1.047128548050900e-004
6832	1.015182351625787e-004	1.023292992280754e-004
6884	9.866552646553561e-005	1.000000000000000e-004
6890	9.725265089355339e-005	9.772372209558112e-005
6925	9.431480797839065e-005	9.549925860214369e-005
6964	9.308368097327158e-005	9.332543007969905e-005
7035	9.105096679984381e-005	9.120108393559096e-005
7101	8.910442372833671e-005	8.912509381337459e-005
7236	8.707054170487005e-005	8.709635899560814e-005
7400	8.510537547756769e-005	8.511380382023760e-005
7438	8.295317353068654e-005	8.317637711026709e-005
7564	8.059236588042751e-005	8.128305161640995e-005
7629	7.857604601801960e-005	7.943282347242822e-005
7680	6.428525845558752e-005	6.456542290346549e-005
7769	6.307566448715551e-005	6.309573444801929e-005
7816	6.109405446375060e-005	6.165950018614822e-005
7892	6.015492290412094e-005	6.025595860743581e-005
7983	5.881524054529574e-005	5.888436553555884e-005
8086	5.754318316730789e-005	5.754399373371566e-005
8224	5.621469921046618e-005	5.623413251903491e-005
8446	5.493980053883352e-005	5.495408738576248e-005
8580	5.359675872451675e-005	5.370317963702533e-005
8746	5.236046217771406e-005	5.248074602497723e-005
8786	5.092139572415722e-005	5.128613839913648e-005
8989	5.004285589971236e-005	5.011872336272725e-005
9151	4.895691132322799e-005	4.897788193684466e-005
9431	4.785501515425228e-005	4.786300923226380e-005
9633	4.670905892356636e-005	4.677351412871981e-005
9808	4.309404162261554e-005	4.365158322401657e-005
9872	4.264389033847849e-005	4.265795188015926e-005
10306	4.130325225193410e-005	4.168693834703355e-005
10554	4.073139684857008e-005	4.073802778041130e-005
10951	3.960862282548217e-005	3.981071705534970e-005
11271	3.885645223500323e-005	3.890451449942805e-005
11565	3.801302878070345e-005	3.801893963205612e-005
11713	3.715272556448213e-005	3.715352290971728e-005
12117	3.629461833287717e-005	3.630780547701010e-005
12305	3.521631392067182e-005	3.548133892335753e-005
12667	3.466790937489694e-005	3.467368504525317e-005
12996	3.380921592155417e-005	3.388441561392028e-005
13269	3.310376351306488e-005	3.311311214825908e-005
13347	3.232710813760864e-005	3.235936569296281e-005
13726	3.158574389539037e-005	3.162277660168380e-005
14213	3.084021456778441e-005	3.090295432513592e-005
14808	2.674400904356666e-005	2.691534803926914e-005
15441	2.630064306075042e-005	2.630267991895381e-005
16151	2.569714599531814e-005	2.570395782768865e-005
16457	2.453767885590708e-005	2.454708915685029e-005
16993	2.398400170267045e-005	2.398832919019490e-005
17941	2.341469497657567e-005	2.344228815319923e-005
18647	2.273795121554567e-005	2.290867652767775e-005
19068	2.102558307104374e-005	2.137962089502232e-005
19379	2.089185872544697e-005	2.089296130854041e-005
20477	2.041592166013295e-005	2.041737944669527e-005
21527	1.972555401474896e-005	1.995262314968879e-005
21931	1.947890752329595e-005	1.949844599758046e-005
22797	1.904925548268377e-005	1.905460717963248e-005
23823	1.861713282835797e-005	1.862087136662866e-005
24547	1.819496438215662e-005	1.819700858609982e-005
25959	1.778274096830845e-005	1.778279410038923e-005
26720	1.729548631490552e-005	1.737800828749376e-005
27392	1.698142941319869e-005	1.698243652461746e-005
29135	1.659479252080764e-005	1.659586907437560e-005
30488	1.594419479067355e-005	1.621810097358930e-005
30510	1.494851308592171e-005	1.513561248436207e-005
31483	1.479071485555039e-005	1.479108388168207e-005
32910	1.445393657728555e-005	1.445439770745928e-005
34415	1.412389225496913e-005	1.412537544622756e-005
36181	1.372313775704903e-005	1.380384264602884e-005
37338	1.243395088657007e-005	1.258925411794166e-005
38246	1.229991885631776e-005	1.230268770812381e-005
38694	1.202062700844664e-005	1.202264434617413e-005
40760	1.162754112793429e-005	1.174897554939530e-005
41562	1.099870599208241e-005	1.122018454301963e-005
41693	1.085664454270052e-005	1.096478196143185e-005
42254	1.070694243021642e-005	1.071519305237607e-005
43728	1.047019737909771e-005	1.047128548050899e-005
46402	1.023099492691859e-005	1.023292992280754e-005
48824	9.987153733570509e-006	1.000000000000000e-005
52047	9.750355496773722e-006	9.772372209558111e-006
54352	9.547674624466040e-006	9.549925860214369e-006
57104	9.329638640864779e-006	9.332543007969904e-006
59921	9.119321782824486e-006	9.120108393559096e-006
63434	8.912035549757391e-006	8.912509381337460e-006
66300	8.706077082920594e-006	8.709635899560814e-006
69079	8.471601524284722e-006	8.511380382023760e-006
69190	7.979816672443185e-006	8.128305161640995e-006
70501	7.871200574216530e-006	7.943282347242822e-006
72369	7.760686800195593e-006	7.762471166286911e-006
77047	7.585562960654713e-006	7.585775750291836e-006
81062	7.388318154166740e-006	7.413102413009177e-006
82185	7.180177074239680e-006	7.244359600749906e-006
84011	7.078668827098511e-006	7.079457843841373e-006
89112	6.917863488831166e-006	6.918309709189363e-006
93470	6.742518179558843e-006	6.760829753919819e-006
97004	6.606259824737393e-006	6.606934480075964e-006
102235	6.456083651906752e-006	6.456542290346549e-006
108849	6.309449739227979e-006	6.309573444801930e-006
112231	6.164614461567908e-006	6.165950018614822e-006
117289	6.025442114365731e-006	6.025595860743581e-006
122984	5.843344806799600e-006	5.888436553555884e-006
128358	5.753338783276440e-006	5.754399373371567e-006
137010	5.622906058100341e-006	5.623413251903490e-006
144186	5.370114998126674e-006	5.370317963702533e-006
147461	5.242141040695536e-006	5.248074602497723e-006
155194	5.128598064119139e-006	5.128613839913648e-006
167524	5.008297536468476e-006	5.011872336272725e-006
172514	4.897788062896424e-006	4.897788193684467e-006
181644	4.785878958246670e-006	4.786300923226380e-006
191597	4.676578060469616e-006	4.677351412871981e-006
199158	4.570776795387310e-006	4.570881896148752e-006
200001	4.564336435253225e-006	4.570881896148752e-006
%
% index = 335, name = bbob_f008_i13_d02__bbob_f021_i14_d02
% instance = 6, reference value = 9.924298864493760e-001
% function evaluation | indicator value | target hit
1	1.294202497713463e+008	1.318256738556405e+008
3	3.925314858077081e+007	3.981071705534969e+007
4	8.018132790948374e+006	8.128305161640995e+006
5	2.550478177244392e+002	2.570395782768865e+002
67	1.611020486630734e+002	1.621810097358930e+002
76	2.746089076218235e+001	2.754228703338166e+001
234	1.699345750987054e+001	1.737800828749375e+001
282	9.206004966138672e-001	9.332543007969910e-001
636	5.341575561441185e-001	5.370317963702527e-001
749	4.349549447283040e-001	4.365158322401660e-001
891	3.679817733550604e-001	3.715352290971726e-001
912	2.242778576762520e-001	2.290867652767773e-001
934	1.721855914662862e-001	1.737800828749375e-001
1005	1.428236372878442e-001	1.445439770745928e-001
1109	1.385956441078943e-001	1.412537544622755e-001
1243	1.318117242909811e-001	1.318256738556407e-001
1306	9.760736449039908e-002	9.772372209558107e-002
1492	8.540964325215705e-002	8.709635899560805e-002
1499	6.271486747639787e-002	6.309573444801933e-002
1613	2.281175969599714e-002	2.290867652767774e-002
1639	1.916212118364757e-002	1.949844599758046e-002
1669	1.867940411562497e-002	1.905460717963247e-002
1680	1.666055405838196e-002	1.698243652461744e-002
1681	1.570087239947215e-002	1.584893192461113e-002
1696	1.106491775900664e-002	1.122018454301964e-002
1865	1.085278802089962e-002	1.096478196143185e-002
1902	1.063669008291857e-002	1.071519305237607e-002
1912	1.036087315818868e-002	1.047128548050900e-002
1974	9.383111948119471e-003	9.549925860214359e-003
1992	9.331234093059693e-003	9.332543007969915e-003
2015	2.961676416973536e-003	3.019951720402016e-003
2027	2.909374496114725e-003	2.951209226666387e-003
2064	2.881762378980413e-003	2.884031503126606e-003
2200	2.692972163771290e-003	2.754228703338166e-003
2224	2.680726742298911e-003	2.691534803926917e-003
2383	2.588701517790004e-003	2.630267991895381e-003
2465	2.552923047060118e-003	2.570395782768865e-003
2672	2.471464241289412e-003	2.511886431509579e-003
2693	2.427908155551384e-003	2.454708915685031e-003
2752	2.385834091453432e-003	2.398832919019490e-003
2754	2.301592758765070e-003	2.344228815319923e-003
2770	1.193888260757503e-003	1.202264434617413e-003
2776	1.149724924474738e-003	1.174897554939529e-003
2809	1.148143047568828e-003	1.148153621496883e-003
2925	9.451889656699741e-004	9.549925860214359e-004
2984	8.711196413878630e-004	8.912509381337459e-004
2999	8.707933524894074e-004	8.709635899560805e-004
3073	8.419272623994001e-004	8.511380382023768e-004
3147	8.227271472306397e-004	8.317637711026709e-004
3159	8.063494459229492e-004	8.128305161640995e-004
3177	7.899784306514279e-004	7.943282347242813e-004
3356	7.649852063198459e-004	7.762471166286919e-004
3579	7.448271485263058e-004	7.585775750291835e-004
3650	7.387837273744591e-004	7.413102413009177e-004
3760	6.533424191327297e-004	6.606934480075958e-004
3790	6.113349417988800e-004	6.165950018614822e-004
3843	5.983947548244828e-004	6.025595860743575e-004
3878	5.871224786621054e-004	5.888436553555889e-004
3901	5.683270195447898e-004	5.754399373371566e-004
3966	5.609242723364494e-004	5.623413251903491e-004
4060	5.431860972440195e-004	5.495408738576249e-004
4147	5.364685306755712e-004	5.370317963702527e-004
4257	5.247219753999888e-004	5.248074602497728e-004
4405	5.075884267298214e-004	5.128613839913648e-004
4456	4.811281430102676e-004	4.897788193684461e-004
4472	4.743105877962339e-004	4.786300923226385e-004
4507	4.671650862716481e-004	4.677351412871981e-004
4560	4.482276670071395e-004	4.570881896148752e-004
4581	4.437639507572921e-004	4.466835921509631e-004
4630	4.342146246646417e-004	4.365158322401661e-004
4710	4.259780600385232e-004	4.265795188015926e-004
4776	3.462891779849597e-004	3.467368504525317e-004
4984	3.355610297621769e-004	3.388441561392024e-004
4998	3.259490676041921e-004	3.311311214825911e-004
5067	3.235020165617275e-004	3.235936569296281e-004
5082	2.947130860845304e-004	2.951209226666387e-004
5229	2.865121200091858e-004	2.884031503126606e-004
5333	2.772799732060349e-004	2.818382931264455e-004
5348	2.698808855844392e-004	2.754228703338166e-004
5349	2.690911450846656e-004	2.691534803926917e-004
5407	2.624565991177219e-004	2.630267991895381e-004
5437	2.398850005078668e-004	2.454708915685031e-004
5482	2.396531797737023e-004	2.398832919019490e-004
5559	2.341994516323886e-004	2.344228815319923e-004
5566	2.284234694077680e-004	2.290867652767772e-004
5660	2.238141255244130e-004	2.238721138568340e-004
5698	2.125356644882004e-004	2.137962089502232e-004
5753	2.069735943990292e-004	2.089296130854039e-004
5769	1.979284175318563e-004	1.995262314968879e-004
5885	1.946608772256386e-004	1.949844599758046e-004
6015	1.900921370565634e-004	1.905460717963246e-004
6217	1.857666128481927e-004	1.862087136662868e-004
6348	1.786088145221410e-004	1.819700858609983e-004
6429	1.777352267932075e-004	1.778279410038923e-004
6473	1.681978673988560e-004	1.698243652461744e-004
6567	1.648314689719488e-004	1.659586907437562e-004
6573	1.606829113149910e-004	1.621810097358930e-004
6761	1.584720250291660e-004	1.584893192461114e-004
6980	1.547443548282068e-004	1.548816618912481e-004
7016	1.434861580028590e-004	1.445439770745928e-004
7148	1.392039636773923e-004	1.412537544622754e-004
7366	1.369733687940355e-004	1.380384264602885e-004
7550	1.347886378191276e-004	1.348962882591653e-004
7767	1.304184292421073e-004	1.318256738556407e-004
7870	1.286771888949767e-004	1.288249551693134e-004
8060	1.258668196515433e-004	1.258925411794167e-004
8216	1.175872940736289e-004	1.202264434617413e-004
8237	1.170774792128571e-004	1.174897554939529e-004
8387	1.137614571307122e-004	1.148153621496883e-004
8769	1.120407261103740e-004	1.122018454301963e-004
8888	1.092635751615001e-004	1.096478196143185e-004
8949	1.070429343396073e-004	1.071519305237606e-004
9174	1.045073596335211e-004	1.047128548050900e-004
9397	9.283866632747717e-005	9.332543007969905e-005
9680	9.106495110189350e-005	9.120108393559096e-005
10207	8.895493904870211e-005	8.912509381337459e-005
10492	8.698097149362205e-005	8.709635899560814e-005
10799	8.496056738827029e-005	8.511380382023760e-005
11280	8.314881045445866e-005	8.317637711026709e-005
11729	8.064909367100359e-005	8.128305161640995e-005
12029	7.814545753870306e-005	7.943282347242822e-005
12097	7.761703856457025e-005	7.762471166286911e-005
12719	7.568454376127853e-005	7.585775750291836e-005
12858	6.146480179347602e-005	6.165950018614822e-005
13028	5.983031024170415e-005	6.025595860743581e-005
13470	5.888328461844949e-005	5.888436553555884e-005
13817	5.677746531929095e-005	5.754399373371566e-005
14105	5.621738670080756e-005	5.623413251903491e-005
14264	5.489702243088868e-005	5.495408738576248e-005
15427	5.369625697948521e-005	5.370317963702533e-005
16462	5.248016986181270e-005	5.248074602497723e-005
16968	5.119250864160652e-005	5.128613839913648e-005
17487	4.995978562283288e-005	5.011872336272725e-005
19258	4.893990497489842e-005	4.897788193684466e-005
19514	4.700763272236230e-005	4.786300923226380e-005
20055	4.676742176934479e-005	4.677351412871981e-005
20866	4.556828308333039e-005	4.570881896148752e-005
21056	4.404700234283965e-005	4.466835921509635e-005
21636	4.354844228571242e-005	4.365158322401657e-005
22493	4.238536508127666e-005	4.265795188015926e-005
23408	4.168567746987151e-005	4.168693834703355e-005
23936	4.071458378984705e-005	4.073802778041130e-005
25792	3.910556742348081e-005	3.981071705534970e-005
25930	3.885485350196838e-005	3.890451449942805e-005
27341	3.801761239496937e-005	3.801893963205612e-005
28530	3.709226229231533e-005	3.715352290971728e-005
29766	3.624035802796133e-005	3.630780547701010e-005
31512	3.471624889905822e-005	3.548133892335753e-005
31729	3.467242190469122e-005	3.467368504525317e-005
33116	3.387407332955394e-005	3.388441561392028e-005
33315	3.299823822000558e-005	3.311311214825908e-005
35569	3.234230481230505e-005	3.235936569296281e-005
37811	3.154530580684600e-005	3.162277660168380e-005
41308	3.089673896350398e-005	3.090295432513592e-005
45510	3.019409081894686e-005	3.019951720402019e-005
50299	2.951067935730301e-005	2.951209226666384e-005
50530	2.816141686790008e-005	2.818382931264455e-005
51369	2.717857285938763e-005	2.754228703338169e-005
53433	2.691453118608411e-005	2.691534803926914e-005
56653	1.724946259296090e-005	1.737800828749376e-005
58266	1.667595985133108e-005	1.698243652461746e-005
58738	1.657160171308902e-005	1.659586907437560e-005
63569	1.621724638334321e-005	1.621810097358930e-005
67146	1.583758580037120e-005	1.584893192461114e-005
70004	1.548742503210132e-005	1.548816618912483e-005
71143	1.473669023410729e-005	1.479108388168207e-005
74383	1.444442619480402e-005	1.445439770745928e-005
79789	1.404661527959483e-005	1.412537544622756e-005
82163	1.332382056484782e-005	1.348962882591653e-005
82634	1.310981416935420e-005	1.318256738556407e-005
87892	1.288053007986179e-005	1.288249551693135e-005
93081	1.258788726243854e-005	1.258925411794166e-005
100987	1.229775992728222e-005	1.230268770812381e-005
108094	1.201620471702469e-005	1.202264434617413e-005
110794	1.139206160472028e-005	1.148153621496882e-005
118097	1.120674799115484e-005	1.122018454301963e-005
122522	1.094782444921449e-005	1.096478196143185e-005
129765	1.070908830569373e-005	1.071519305237607e-005
138946	1.047098132656021e-005	1.047128548050899e-005
149341	1.023237759789630e-005	1.023292992280754e-005
159449	9.981455349583612e-006	1.000000000000000e-005
174961	9.772257048457078e-006	9.772372209558111e-006
187492	9.549892689864059e-006	9.549925860214369e-006
199312	6.310435288425786e-006	6.456542290346549e-006
199439	6.309500592438511e-006	6.309573444801930e-006
200001	6.304651886446244e-006	6.309573444801930e-006
%
% index = 336, name = bbob_f008_i15_d02__bbob_f021_i16_d02
% instance = 7, reference value = 9.979544924906220e-001
% function evaluation | indicator value | target hit
1	6.337834956712512e+006	6.456542290346549e+006
2	5.886427669665904e+006	5.888436553555884e+006
3	1.693811817968495e+006	1.698243652461746e+006
4	4.139943876464889e+005	4.168693834703355e+005
5	5.845726250922824e+002	5.888436553555890e+002
6	2.489998575071458e+002	2.511886431509580e+002
13	5.393833153344661e+001	5.495408738576246e+001
67	2.988461017803456e+001	3.019951720402016e+001
155	6.464125433114881e+000	6.606934480075959e+000
297	3.294847951790122e+000	3.311311214825911e+000
312	2.637667777906122e+000	2.691534803926916e+000
338	1.834832483033622e+000	1.862087136662868e+000
505	1.296979011386122e+000	1.318256738556407e+000
612	8.464281813697296e-001	8.511380382023764e-001
647	1.417967263472526e-001	1.445439770745928e-001
654	1.253077803844787e-001	1.258925411794167e-001
823	1.201959644082379e-001	1.202264434617413e-001
970	2.922562670054185e-002	2.951209226666385e-002
1006	2.035199879565353e-002	2.041737944669530e-002
1032	1.432329394257037e-002	1.445439770745927e-002
1095	8.794102180614938e-003	8.912509381337459e-003
1333	7.344348872669215e-003	7.413102413009177e-003
1439	6.636759827288064e-003	6.760829753919818e-003
1539	6.246101874541998e-003	6.309573444801930e-003
1547	5.697479015163487e-003	5.754399373371567e-003
1554	4.313926636567933e-003	4.365158322401661e-003
1591	3.776609572919587e-003	3.801893963205613e-003
1611	3.493386958807521e-003	3.548133892335753e-003
1620	2.997633420782186e-003	3.019951720402016e-003
1671	2.873719159410704e-003	2.884031503126606e-003
1753	2.714074738476846e-003	2.754228703338166e-003
1758	2.354661903743671e-003	2.398832919019490e-003
1760	2.243278103805091e-003	2.290867652767772e-003
1762	1.985339105462614e-003	1.995262314968879e-003
1793	1.914348964892843e-003	1.949844599758046e-003
1805	1.903223841821622e-003	1.905460717963246e-003
1841	1.602220884117656e-003	1.621810097358930e-003
1865	1.405048983119883e-003	1.412537544622754e-003
1879	1.210880475223886e-003	1.230268770812381e-003
1908	1.193339232160695e-003	1.202264434617413e-003
1973	1.018621316983381e-003	1.023292992280754e-003
1995	8.909901217010185e-004	8.912509381337459e-004
2020	8.657826210631825e-004	8.709635899560805e-004
2070	8.372600438792954e-004	8.511380382023768e-004
2081	8.248644148496354e-004	8.317637711026709e-004
2083	7.782578403777718e-004	7.943282347242813e-004
2088	7.711440271870318e-004	7.762471166286919e-004
2104	7.584885837118582e-004	7.585775750291835e-004
2110	7.351915212928661e-004	7.413102413009177e-004
2123	6.721769110574760e-004	6.760829753919819e-004
2127	6.453252198154180e-004	6.456542290346556e-004
2139	5.921555192802686e-004	6.025595860743575e-004
2145	5.717984066327952e-004	5.754399373371566e-004
2147	5.602411430877252e-004	5.623413251903491e-004
2160	5.429112080939103e-004	5.495408738576249e-004
2162	5.362014677734450e-004	5.370317963702527e-004
2163	5.019607175317242e-004	5.128613839913648e-004
2190	5.011730031220241e-004	5.011872336272725e-004
2216	4.824818480534399e-004	4.897788193684461e-004
2226	4.637383524433991e-004	4.677351412871981e-004
2229	4.142570305830651e-004	4.168693834703355e-004
2246	3.842758633977317e-004	3.890451449942804e-004
2249	3.710538482496473e-004	3.715352290971724e-004
2263	3.580010387965738e-004	3.630780547701014e-004
2264	3.518012882844923e-004	3.548133892335753e-004
2283	3.359103033018229e-004	3.388441561392024e-004
2294	3.283963036966320e-004	3.311311214825911e-004
2298	3.234048071756313e-004	3.235936569296281e-004
2308	3.137933081677202e-004	3.162277660168379e-004
2311	3.038758600084623e-004	3.090295432513592e-004
2316	2.959495167390580e-004	3.019951720402016e-004
2317	2.925266281404992e-004	2.951209226666387e-004
2322	2.882210168542176e-004	2.884031503126606e-004
2335	2.804327198372425e-004	2.818382931264455e-004
2337	2.662216266500206e-004	2.691534803926917e-004
2344	2.623755157570296e-004	2.630267991895381e-004
2354	2.561193900899594e-004	2.570395782768865e-004
2366	2.447130225508021e-004	2.454708915685031e-004
2373	2.397642322650162e-004	2.398832919019490e-004
2386	2.217310847172360e-004	2.238721138568340e-004
2397	2.078879261095956e-004	2.089296130854039e-004
2405	2.040564477215900e-004	2.041737944669530e-004
2418	1.949233571044706e-004	1.949844599758046e-004
2422	1.897978814779933e-004	1.905460717963246e-004
2437	1.857248505973130e-004	1.862087136662868e-004
2444	1.783687262755240e-004	1.819700858609983e-004
2446	1.775283270037953e-004	1.778279410038923e-004
2457	1.735257776142030e-004	1.737800828749376e-004
2461	1.687089259991836e-004	1.698243652461744e-004
2470	1.652663643471053e-004	1.659586907437562e-004
2484	1.602471642917491e-004	1.621810097358930e-004
2487	1.567358149706655e-004	1.584893192461114e-004
2489	1.542855426011069e-004	1.548816618912481e-004
2508	1.507534044865588e-004	1.513561248436209e-004
2510	1.473714345380239e-004	1.479108388168207e-004
2525	1.442564782404565e-004	1.445439770745928e-004
2531	1.393473239903464e-004	1.412537544622754e-004
2534	1.334680030473656e-004	1.348962882591653e-004
2538	1.315590591148830e-004	1.318256738556407e-004
2551	1.287201459749809e-004	1.288249551693134e-004
2561	1.248187327097527e-004	1.258925411794167e-004
2580	1.226429991986189e-004	1.230268770812381e-004
2592	1.194536475285224e-004	1.202264434617413e-004
2605	1.174584027865411e-004	1.174897554939529e-004
2617	1.144068892976469e-004	1.148153621496883e-004
2620	1.118528371255589e-004	1.122018454301963e-004
2637	1.051916585467216e-004	1.071519305237606e-004
2641	1.046505339349357e-004	1.047128548050900e-004
2663	1.019771830538252e-004	1.023292992280754e-004
2665	9.992289747640104e-005	1.000000000000000e-004
2684	9.772190091694721e-005	9.772372209558112e-005
2696	9.471573387187515e-005	9.549925860214369e-005
2705	9.315702817014326e-005	9.332543007969905e-005
2721	9.078989442823371e-005	9.120108393559096e-005
2732	8.911914782683272e-005	8.912509381337459e-005
2746	8.689656858129613e-005	8.709635899560814e-005
2767	8.503459303721428e-005	8.511380382023760e-005
2791	8.298966269604247e-005	8.317637711026709e-005
2805	8.103253564739621e-005	8.128305161640995e-005
2821	7.755861202662917e-005	7.762471166286911e-005
2829	7.454646949744959e-005	7.585775750291836e-005
2831	7.381299830577781e-005	7.413102413009178e-005
2855	7.235186124665560e-005	7.244359600749906e-005
2871	7.026291444389710e-005	7.079457843841373e-005
2894	6.912760635502391e-005	6.918309709189363e-005
2928	6.755937098179565e-005	6.760829753919819e-005
2956	6.594851960728398e-005	6.606934480075965e-005
2974	6.446234617218938e-005	6.456542290346549e-005
3010	6.300332210440462e-005	6.309573444801929e-005
3030	6.164397852082004e-005	6.165950018614822e-005
3073	6.013502201551724e-005	6.025595860743581e-005
3130	5.879238414219223e-005	5.888436553555884e-005
3152	5.750907603430111e-005	5.754399373371566e-005
3188	5.623059765225147e-005	5.623413251903491e-005
3250	5.493371372999878e-005	5.495408738576248e-005
3318	5.354914422772694e-005	5.370317963702533e-005
3365	5.225128857944128e-005	5.248074602497723e-005
3472	5.121005839703319e-005	5.128613839913648e-005
3542	5.010342615341390e-005	5.011872336272725e-005
3661	4.896806287191247e-005	4.897788193684466e-005
3739	4.784852431460873e-005	4.786300923226380e-005
3885	4.677178524481462e-005	4.677351412871981e-005
4008	4.565521202792855e-005	4.570881896148752e-005
4220	4.466280662285271e-005	4.466835921509635e-005
4336	4.324568469893375e-005	4.365158322401657e-005
4384	4.256167274019340e-005	4.265795188015926e-005
4545	4.143614752638580e-005	4.168693834703355e-005
4701	4.073081577704585e-005	4.073802778041130e-005
4914	3.977722466186329e-005	3.981071705534970e-005
5132	3.889318637506634e-005	3.890451449942805e-005
5602	3.801832435401664e-005	3.801893963205612e-005
5819	3.656400370044555e-005	3.715352290971728e-005
5867	3.484211118554015e-005	3.548133892335753e-005
6007	3.467168435111745e-005	3.467368504525317e-005
6550	3.388270073945154e-005	3.388441561392028e-005
6983	3.309426672892801e-005	3.311311214825908e-005
7456	3.233831201421289e-005	3.235936569296281e-005
8398	2.979230509103648e-005	3.019951720402019e-005
8733	2.951032964959577e-005	2.951209226666384e-005
9292	2.325631778854476e-005	2.344228815319923e-005
10152	2.290785474967638e-005	2.290867652767775e-005
10363	1.970736696010889e-005	1.995262314968879e-005
11006	1.949835670711497e-005	1.949844599758046e-005
12274	1.846426195784012e-005	1.862087136662866e-005
13259	1.819143186565508e-005	1.819700858609982e-005
14766	1.778255302742338e-005	1.778279410038923e-005
18355	1.736207495250941e-005	1.737800828749376e-005
19531	1.696518588045759e-005	1.698243652461746e-005
20471	1.408087433418803e-005	1.412537544622756e-005
22566	1.375333954922731e-005	1.380384264602884e-005
26520	1.348795860478536e-005	1.348962882591653e-005
29601	1.309193219800608e-005	1.318256738556407e-005
30868	1.219706496713435e-005	1.230268770812381e-005
36344	1.202260808874645e-005	1.202264434617413e-005
37134	1.151222893869264e-005	1.174897554939530e-005
38543	1.148081936774847e-005	1.148153621496882e-005
38633	9.607536922695559e-006	9.772372209558111e-006
38827	8.623802971507999e-006	8.709635899560814e-006
39365	7.621276880254158e-006	7.762471166286911e-006
40682	7.565470111714490e-006	7.585775750291836e-006
41394	7.380266753509446e-006	7.413102413009177e-006
46322	7.244359561564551e-006	7.244359600749906e-006
48681	7.051389800727392e-006	7.079457843841373e-006
52122	6.838826866473191e-006	6.918309709189363e-006
52583	6.447640232609686e-006	6.456542290346549e-006
54820	5.885768284530357e-006	5.888436553555884e-006
59771	5.168710925929076e-006	5.248074602497723e-006
61883	5.118104475898555e-006	5.128613839913648e-006
73073	5.011871019644509e-006	5.011872336272725e-006
79031	4.897559413796770e-006	4.897788193684467e-006
80260	4.724129483824058e-006	4.786300923226380e-006
83225	4.649587045824077e-006	4.677351412871981e-006
87202	4.508511241785307e-006	4.570881896148752e-006
91252	4.441430620949483e-006	4.466835921509635e-006
99019	4.363705216836600e-006	4.365158322401657e-006
101798	4.195783963267807e-006	4.265795188015926e-006
102233	4.157396976123273e-006	4.168693834703355e-006
110256	4.050127637711398e-006	4.073802778041131e-006
125668	3.981033435240811e-006	3.981071705534969e-006
126850	3.859266374028891e-006	3.890451449942805e-006
136630	3.759914933065822e-006	3.801893963205613e-006
142327	3.712034523428720e-006	3.715352290971728e-006
153497	3.630780490371244e-006	3.630780547701010e-006
158523	2.853385074330639e-006	2.884031503126606e-006
158984	2.504988963480948e-006	2.511886431509582e-006
169887	2.452783434914174e-006	2.454708915685028e-006
182132	2.397137361387358e-006	2.398832919019490e-006
196961	2.342051234061060e-006	2.344228815319923e-006
200001	2.340358530639186e-006	2.344228815319923e-006
%
% index = 337, name = bbob_f008_i17_d02__bbob_f021_i18_d02
% instance = 8, reference value = 9.864434204248660e-001
% function evaluation | indicator value | target hit
1	2.842394340349584e+007	2.884031503126606e+007
3	1.087317519460572e+007	1.096478196143185e+007
4	1.580723430031867e+006	1.584893192461114e+006
5	1.291580499545528e+003	1.318256738556408e+003
6	1.922007038241789e+002	1.949844599758046e+002
13	3.624484542586865e+001	3.630780547701014e+001
67	2.595392713089906e+001	2.630267991895381e+001
393	9.645790321882506e+000	9.772372209558107e+000
451	4.701505446126403e+000	4.786300923226384e+000
468	4.513145805314866e+000	4.570881896148751e+000
581	2.560452087965739e+000	2.570395782768864e+000
605	1.182011172813866e+000	1.202264434617413e+000
787	5.790691734666522e-001	5.888436553555889e-001
915	5.579557352415310e-001	5.623413251903491e-001
1047	5.264918819676949e-001	5.370317963702527e-001
1051	3.944551347338997e-001	3.981071705534973e-001
1055	3.711812434002589e-001	3.715352290971726e-001
1085	2.651665524639633e-001	2.691534803926916e-001
1122	2.301797176348224e-001	2.344228815319922e-001
1126	2.094535168175600e-001	2.137962089502232e-001
1194	1.282209076954727e-001	1.288249551693134e-001
1332	1.251806489796082e-001	1.258925411794167e-001
1356	9.633693415937739e-002	9.772372209558107e-002
1447	9.388992101484617e-002	9.549925860214359e-002
1545	9.329975835368021e-002	9.332543007969910e-002
1626	2.924855377907876e-002	2.951209226666385e-002
1647	1.447660158649944e-002	1.479108388168207e-002
1649	1.339659130187187e-002	1.348962882591653e-002
1758	1.010812042979248e-002	1.023292992280754e-002
1815	6.671559232288682e-003	6.760829753919818e-003
1892	6.066185694950432e-003	6.165950018614822e-003
1895	4.899969220365064e-003	5.011872336272725e-003
1914	3.904088864195909e-003	3.981071705534973e-003
1936	3.739589243400898e-003	3.801893963205613e-003
1942	3.714230585946665e-003	3.715352290971724e-003
2039	3.451802997405995e-003	3.467368504525317e-003
2043	3.243445257172684e-003	3.311311214825911e-003
2052	3.223599932832832e-003	3.235936569296281e-003
2120	3.102566110205540e-003	3.162277660168379e-003
2129	2.398331703063805e-003	2.398832919019490e-003
2136	1.966848330083981e-003	1.995262314968879e-003
2225	1.889059843260377e-003	1.905460717963246e-003
2236	1.858857079100829e-003	1.862087136662868e-003
2269	1.736086404838022e-003	1.737800828749376e-003
2297	1.629020112744684e-003	1.659586907437561e-003
2324	1.617624410221952e-003	1.621810097358930e-003
2329	1.558909899587846e-003	1.584893192461114e-003
2345	1.528028447295160e-003	1.548816618912481e-003
2357	1.511070534400028e-003	1.513561248436209e-003
2395	1.475197652645699e-003	1.479108388168207e-003
2408	1.423870427400886e-003	1.445439770745928e-003
2470	1.364315103771663e-003	1.380384264602885e-003
2478	1.346426754230912e-003	1.348962882591653e-003
2508	1.306710838524960e-003	1.318256738556408e-003
2632	1.283542809770610e-003	1.288249551693134e-003
2729	1.257435366471826e-003	1.258925411794168e-003
2774	1.222190787720234e-003	1.230268770812381e-003
2823	1.198132733109758e-003	1.202264434617413e-003
2905	1.170168725831866e-003	1.174897554939529e-003
2917	8.357098386807538e-004	8.511380382023768e-004
2958	8.313612454368125e-004	8.317637711026709e-004
3015	8.031894271531836e-004	8.128305161640995e-004
3020	7.562969306619261e-004	7.585775750291835e-004
3119	7.410399402165702e-004	7.413102413009177e-004
3142	6.567694353613041e-004	6.606934480075958e-004
3177	6.446598889748856e-004	6.456542290346556e-004
3294	6.108210627194799e-004	6.165950018614822e-004
3345	6.024214859767785e-004	6.025595860743575e-004
3571	5.183406845448157e-004	5.248074602497728e-004
3612	4.845943644622430e-004	4.897788193684461e-004
3654	4.785302751102449e-004	4.786300923226385e-004
3691	4.348845754652553e-004	4.365158322401661e-004
3815	4.176929676925623e-004	4.265795188015926e-004
3842	4.160030861437569e-004	4.168693834703355e-004
3998	3.850734068567840e-004	3.890451449942804e-004
4065	3.652004841802059e-004	3.715352290971724e-004
4069	3.446344802866541e-004	3.467368504525317e-004
4120	3.387864785674433e-004	3.388441561392024e-004
4161	3.187779699305171e-004	3.235936569296281e-004
4339	3.074966885716624e-004	3.090295432513592e-004
4422	3.019787078750724e-004	3.019951720402016e-004
4661	2.936457769699974e-004	2.951209226666387e-004
4978	2.809031398744999e-004	2.818382931264455e-004
4994	2.740967086691803e-004	2.754228703338166e-004
5035	2.680722471962715e-004	2.691534803926917e-004
5159	2.599770220388376e-004	2.630267991895381e-004
5236	2.547496710553210e-004	2.570395782768865e-004
5278	2.464354848078498e-004	2.511886431509580e-004
5354	2.454305008732227e-004	2.454708915685031e-004
5425	2.397697528239151e-004	2.398832919019490e-004
5467	2.343122714738577e-004	2.344228815319923e-004
5652	2.282783177814940e-004	2.290867652767772e-004
5860	2.205663999328422e-004	2.238721138568340e-004
6063	2.160001334725603e-004	2.187761623949552e-004
6152	2.061127380452721e-004	2.089296130854039e-004
6217	2.041065966973399e-004	2.041737944669530e-004
6289	1.952908936927456e-004	1.995262314968879e-004
6339	1.948132260205515e-004	1.949844599758046e-004
6498	1.608755892381630e-004	1.621810097358930e-004
6676	1.580958559544987e-004	1.584893192461114e-004
6827	1.527788781706674e-004	1.548816618912481e-004
6914	1.513428512844861e-004	1.513561248436209e-004
7028	1.472751199456113e-004	1.479108388168207e-004
7157	1.443214185645747e-004	1.445439770745928e-004
7451	1.409682294782888e-004	1.412537544622754e-004
7965	1.377726466134099e-004	1.380384264602885e-004
7972	1.348248042245537e-004	1.348962882591653e-004
8207	1.282628551577680e-004	1.288249551693134e-004
8724	1.258812968877310e-004	1.258925411794167e-004
8789	1.224973049730460e-004	1.230268770812381e-004
8908	1.202257117266514e-004	1.202264434617413e-004
9700	1.174861382182701e-004	1.174897554939529e-004
10274	1.147267659258322e-004	1.148153621496883e-004
10347	1.097985935297752e-004	1.122018454301963e-004
10398	1.092486302716189e-004	1.096478196143185e-004
10925	1.071199838099668e-004	1.071519305237606e-004
10967	1.045790204505792e-004	1.047128548050900e-004
11089	9.741616993463875e-005	9.772372209558112e-005
11437	9.155202787447525e-005	9.332543007969905e-005
11718	9.111455335897301e-005	9.120108393559096e-005
11752	8.055828099540197e-005	8.128305161640995e-005
12007	7.907278470808965e-005	7.943282347242822e-005
12264	7.680847364444077e-005	7.762471166286911e-005
12523	7.571727973398890e-005	7.585775750291836e-005
13398	6.959847699117283e-005	7.079457843841373e-005
13512	6.850439483918613e-005	6.918309709189363e-005
13962	6.137571372577533e-005	6.165950018614822e-005
15638	5.929830937512204e-005	6.025595860743581e-005
15855	5.888297283451749e-005	5.888436553555884e-005
16572	5.704008451501430e-005	5.754399373371566e-005
17153	5.621026667246287e-005	5.623413251903491e-005
17661	5.386269634199969e-005	5.495408738576248e-005
17689	5.293929080996129e-005	5.370317963702533e-005
17700	5.211776352331832e-005	5.248074602497723e-005
17927	5.021031938534648e-005	5.128613839913648e-005
18276	5.009334890704320e-005	5.011872336272725e-005
18664	4.875306409957148e-005	4.897788193684466e-005
18842	4.724390356036778e-005	4.786300923226380e-005
18892	4.592322456509201e-005	4.677351412871981e-005
18924	4.569141739918514e-005	4.570881896148752e-005
19030	4.436292588516633e-005	4.466835921509635e-005
19129	4.343646083526664e-005	4.365158322401657e-005
19706	4.247237003940363e-005	4.265795188015926e-005
20207	4.115446888841579e-005	4.168693834703355e-005
20339	4.073802164061835e-005	4.073802778041130e-005
21752	3.979656657759900e-005	3.981071705534970e-005
23035	3.852645733970483e-005	3.890451449942805e-005
23286	3.712917116205361e-005	3.715352290971728e-005
24485	3.620526401681978e-005	3.630780547701010e-005
25076	3.524636032070649e-005	3.548133892335753e-005
25720	3.464297260546978e-005	3.467368504525317e-005
26970	3.382869674839473e-005	3.388441561392028e-005
28445	3.288926753519661e-005	3.311311214825908e-005
28781	3.233298771743165e-005	3.235936569296281e-005
29393	3.162014373170319e-005	3.162277660168380e-005
30984	3.067272989432102e-005	3.090295432513592e-005
31504	3.015920725968346e-005	3.019951720402019e-005
32779	2.949456326806210e-005	2.951209226666384e-005
33065	2.879778848208225e-005	2.884031503126606e-005
34588	2.764874806215900e-005	2.818382931264455e-005
35080	2.743964815554723e-005	2.754228703338169e-005
37836	2.691364112983319e-005	2.691534803926914e-005
39641	2.630145370308146e-005	2.630267991895381e-005
41006	2.570056843231861e-005	2.570395782768865e-005
43551	2.509006875883735e-005	2.511886431509582e-005
45100	2.439378552698823e-005	2.454708915685029e-005
45891	2.384092858387366e-005	2.398832919019490e-005
46617	2.344191075431823e-005	2.344228815319923e-005
48293	2.288771396252720e-005	2.290867652767775e-005
49390	2.238703289958455e-005	2.238721138568338e-005
51459	2.168009455394415e-005	2.187761623949552e-005
53934	2.137795139689480e-005	2.137962089502232e-005
57527	2.081664219022450e-005	2.089296130854041e-005
60958	2.040426134231055e-005	2.041737944669527e-005
65317	1.995255934539308e-005	1.995262314968879e-005
69336	1.948056397937936e-005	1.949844599758046e-005
73524	1.896070805884609e-005	1.905460717963248e-005
76071	1.855582379817200e-005	1.862087136662866e-005
83194	1.819686374460172e-005	1.819700858609982e-005
92684	1.778134738383841e-005	1.778279410038923e-005
103230	1.737240877008883e-005	1.737800828749376e-005
116709	1.698220135604167e-005	1.698243652461746e-005
128027	1.659575152124226e-005	1.659586907437560e-005
147302	1.621384650818403e-005	1.621810097358930e-005
162324	1.584704675527959e-005	1.584893192461114e-005
187155	1.548812093510321e-005	1.548816618912483e-005
200001	1.530730238707978e-005	1.548816618912483e-005
%
% index = 338, name = bbob_f008_i19_d02__bbob_f021_i21_d02
% instance = 9, reference value = 9.793744848806690e-001
% function evaluation | indicator value | target hit
1	3.044012211478611e+005	3.090295432513592e+005
2	2.897957244419995e+005	2.951209226666384e+005
3	8.381730701009095e+004	8.511380382023759e+004
4	1.967541233665148e+004	1.995262314968879e+004
5	3.029073881280532e+002	3.090295432513592e+002
6	1.663984892364610e+001	1.698243652461744e+001
13	8.787655761016088e+000	8.912509381337454e+000
182	5.410691934202669e+000	5.495408738576245e+000
363	3.364157298078669e+000	3.388441561392026e+000
409	2.144241055935992e+000	2.187761623949553e+000
488	1.374181872909169e+000	1.380384264602885e+000
489	4.152439938061493e-001	4.168693834703354e-001
502	1.314172805442260e-001	1.318256738556407e-001
660	1.161789981282344e-001	1.174897554939529e-001
908	1.070689053978164e-001	1.071519305237607e-001
1049	1.022748214729984e-001	1.023292992280754e-001
1370	9.842271089588484e-002	1.000000000000000e-001
1448	9.528838161276931e-002	9.549925860214359e-002
1608	8.889541416980995e-002	8.912509381337455e-002
1649	6.542528991623886e-002	6.606934480075961e-002
1658	6.296196210343075e-002	6.309573444801933e-002
1879	5.108483591443536e-002	5.128613839913648e-002
1906	4.910282605580962e-002	5.011872336272722e-002
1919	3.797618936516212e-002	3.801893963205612e-002
1974	2.051506501563416e-002	2.089296130854040e-002
1984	1.928774914998610e-002	1.949844599758046e-002
2038	1.856092363421702e-002	1.862087136662868e-002
2102	1.433216983716357e-002	1.445439770745927e-002
2198	1.396628519180165e-002	1.412537544622754e-002
2298	8.318087729522472e-003	8.511380382023768e-003
2305	6.894374934757308e-003	6.918309709189363e-003
2408	6.621704151593799e-003	6.760829753919818e-003
2411	6.491296165708760e-003	6.606934480075957e-003
2498	6.320471030720087e-003	6.456542290346556e-003
2630	6.153307330793889e-003	6.165950018614822e-003
2635	6.008170885921760e-003	6.025595860743574e-003
2648	5.076611814659349e-003	5.128613839913648e-003
2761	5.006562431358996e-003	5.011872336272725e-003
2807	3.823511190794493e-003	3.890451449942805e-003
2855	3.218242051156173e-003	3.235936569296281e-003
2865	3.029364902415677e-003	3.090295432513592e-003
2886	2.990341269284103e-003	3.019951720402016e-003
2988	2.950241019093136e-003	2.951209226666387e-003
3015	2.837020173603988e-003	2.884031503126606e-003
3020	2.741254945835991e-003	2.754228703338166e-003
3047	2.672771078844560e-003	2.691534803926917e-003
3079	2.627670223996126e-003	2.630267991895381e-003
3104	2.289641897514128e-003	2.290867652767772e-003
3148	1.845761928440215e-003	1.862087136662868e-003
3171	1.671350074295974e-003	1.698243652461744e-003
3212	1.633892665787395e-003	1.659586907437561e-003
3224	1.615890893654326e-003	1.621810097358930e-003
3227	1.403165940399576e-003	1.412537544622754e-003
3286	1.376185072592739e-003	1.380384264602885e-003
3288	1.211541692238582e-003	1.230268770812381e-003
3342	1.187382916932989e-003	1.202264434617413e-003
3369	1.157864165639566e-003	1.174897554939529e-003
3378	1.143484905658632e-003	1.148153621496883e-003
3396	1.117876104428262e-003	1.122018454301963e-003
3451	1.027900166961415e-003	1.047128548050900e-003
3459	9.784805816800413e-004	1.000000000000000e-003
3460	9.666147892826160e-004	9.772372209558111e-004
3478	9.263551745496423e-004	9.332543007969915e-004
3492	8.509018368479948e-004	8.511380382023768e-004
3573	7.903556469008866e-004	7.943282347242813e-004
3624	7.757787115826309e-004	7.762471166286919e-004
3650	7.580367349256934e-004	7.585775750291835e-004
3686	7.213089011096630e-004	7.244359600749898e-004
3714	6.997490517146598e-004	7.079457843841380e-004
3739	6.902882966147717e-004	6.918309709189362e-004
3743	6.679915700984473e-004	6.760829753919819e-004
3796	6.590202988483451e-004	6.606934480075958e-004
3807	6.418830358601024e-004	6.456542290346556e-004
3865	6.297049166733570e-004	6.309573444801930e-004
3889	6.092136401694148e-004	6.165950018614822e-004
3909	5.613666423518460e-004	5.623413251903491e-004
3944	5.480969945936831e-004	5.495408738576249e-004
3961	5.072009846197600e-004	5.128613839913648e-004
3994	5.010136864975756e-004	5.011872336272725e-004
4026	4.862412289657891e-004	4.897788193684461e-004
4053	4.781857608959772e-004	4.786300923226385e-004
4096	4.632739773376970e-004	4.677351412871981e-004
4133	4.535002616902206e-004	4.570881896148752e-004
4166	4.199154743143030e-004	4.265795188015926e-004
4167	4.118356785933752e-004	4.168693834703355e-004
4181	4.072436056348217e-004	4.073802778041126e-004
4208	3.980680393573799e-004	3.981071705534974e-004
4224	3.883799057661230e-004	3.890451449942804e-004
4228	3.068496466486215e-004	3.090295432513592e-004
4252	3.001116261099890e-004	3.019951720402016e-004
4283	2.860733457878961e-004	2.884031503126606e-004
4303	2.779934035147536e-004	2.818382931264455e-004
4322	2.689844825674026e-004	2.691534803926917e-004
4353	2.623768798752924e-004	2.630267991895381e-004
4392	2.565526437213750e-004	2.570395782768865e-004
4412	2.511672324282399e-004	2.511886431509580e-004
4447	2.451210750473720e-004	2.454708915685031e-004
4495	2.379231319917796e-004	2.398832919019490e-004
4504	2.340092633977831e-004	2.344228815319923e-004
4546	2.246166601412858e-004	2.290867652767772e-004
4564	2.238153451464831e-004	2.238721138568340e-004
4571	2.171371416461732e-004	2.187761623949552e-004
4592	2.132882386245427e-004	2.137962089502232e-004
4626	2.076568188402739e-004	2.089296130854039e-004
4646	2.039331924953425e-004	2.041737944669530e-004
4714	1.994739881415741e-004	1.995262314968879e-004
4758	1.948963338673782e-004	1.949844599758046e-004
4921	1.904934498521138e-004	1.905460717963246e-004
5010	1.846729929887436e-004	1.862087136662868e-004
5052	1.817741713877608e-004	1.819700858609983e-004
5126	1.774915289531887e-004	1.778279410038923e-004
5335	1.737782851691794e-004	1.737800828749376e-004
5638	1.322571715725029e-004	1.348962882591653e-004
5710	1.318244567588556e-004	1.318256738556407e-004
6440	1.287479467494412e-004	1.288249551693134e-004
6567	1.118126423829136e-004	1.122018454301963e-004
7075	1.057390413347070e-004	1.071519305237606e-004
7125	1.047061954340123e-004	1.047128548050900e-004
7493	1.021073713970422e-004	1.023292992280754e-004
8068	9.995569967646834e-005	1.000000000000000e-004
8550	9.772234660831991e-005	9.772372209558112e-005
9917	9.539608817321632e-005	9.549925860214369e-005
11721	9.220367728202117e-005	9.332543007969905e-005
12021	9.099835444803528e-005	9.120108393559096e-005
13766	8.647797078520370e-005	8.709635899560814e-005
13877	8.451546747689775e-005	8.511380382023760e-005
14808	8.285339634228617e-005	8.317637711026709e-005
16241	8.050900769673852e-005	8.128305161640995e-005
16905	7.941886171525248e-005	7.943282347242822e-005
19847	7.727866463858035e-005	7.762471166286911e-005
21287	7.444736879091973e-005	7.585775750291836e-005
21750	7.410465866497518e-005	7.413102413009178e-005
24285	7.244296489328228e-005	7.244359600749906e-005
26133	7.065348588131126e-005	7.079457843841373e-005
27414	6.913632902727507e-005	6.918309709189363e-005
27676	6.577318827527545e-005	6.606934480075965e-005
28131	6.420611747204319e-005	6.456542290346549e-005
28312	6.299552728794566e-005	6.309573444801929e-005
28946	6.165043174100049e-005	6.165950018614822e-005
29490	5.954084831538697e-005	6.025595860743581e-005
30093	5.881139769525756e-005	5.888436553555884e-005
33868	5.715239880654810e-005	5.754399373371566e-005
37102	5.623309647895258e-005	5.623413251903491e-005
41344	5.495392046861447e-005	5.495408738576248e-005
48257	5.362477086112705e-005	5.370317963702533e-005
55181	5.206780112743115e-005	5.248074602497723e-005
57813	5.113350066043854e-005	5.128613839913648e-005
63609	5.011652027386848e-005	5.011872336272725e-005
66557	4.867158380406078e-005	4.897788193684466e-005
70612	4.701563526077202e-005	4.786300923226380e-005
74084	4.663975565677436e-005	4.677351412871981e-005
75997	4.554928011535342e-005	4.570881896148752e-005
79907	4.466762138921609e-005	4.466835921509635e-005
94420	4.364934578304780e-005	4.365158322401657e-005
109802	4.236050456762897e-005	4.265795188015926e-005
124895	4.155902883129503e-005	4.168693834703355e-005
124907	4.007452866927608e-005	4.073802778041130e-005
130952	3.974465787326409e-005	3.981071705534970e-005
152815	3.890256524519131e-005	3.890451449942805e-005
170207	3.797367964697429e-005	3.801893963205612e-005
179106	3.695991584240499e-005	3.715352290971728e-005
182258	3.602461965068748e-005	3.630780547701010e-005
196923	3.527343557951923e-005	3.548133892335753e-005
200001	3.520799739009650e-005	3.548133892335753e-005
%
% index = 339, name = bbob_f008_i21_d02__bbob_f021_i22_d02
% instance = 10, reference value = 9.862882255211231e-001
% function evaluation | indicator value | target hit
1	5.171539836130195e+007	5.248074602497723e+007
2	4.797697062979983e+007	4.897788193684466e+007
3	1.380250829001059e+007	1.380384264602884e+007
4	3.380174149411829e+006	3.388441561392027e+006
5	5.329273056027901e+002	5.370317963702527e+002
13	4.261953797575202e+002	4.265795188015925e+002
63	2.428846401615152e+002	2.454708915685031e+002
67	1.401283908514945e+002	1.412537544622754e+002
76	1.268419607724207e+002	1.288249551693134e+002
155	3.838496346750549e+001	3.890451449942807e+001
163	2.746212137787839e+001	2.754228703338166e+001
215	2.002580398094212e+001	2.041737944669530e+001
297	7.290735592122293e+000	7.413102413009175e+000
298	3.045969874578123e+000	3.090295432513591e+000
312	1.182191332840123e+000	1.202264434617413e+000
428	7.835557851029351e-001	7.943282347242815e-001
441	1.439755035283772e-001	1.445439770745928e-001
659	1.034151531271567e-001	1.047128548050900e-001
672	9.523392545776843e-002	9.549925860214359e-002
785	9.048366278880626e-002	9.120108393559097e-002
791	8.257171037739597e-002	8.317637711026708e-002
971	7.306243558330794e-002	7.413102413009177e-002
1180	5.204708438875150e-002	5.248074602497726e-002
1182	4.200262810530642e-002	4.265795188015926e-002
1221	2.709020178291544e-002	2.754228703338166e-002
1420	2.351004553690617e-002	2.398832919019490e-002
1431	2.335241717792180e-002	2.344228815319923e-002
1482	2.264241497815001e-002	2.290867652767774e-002
1526	2.206616857248067e-002	2.238721138568340e-002
1628	2.179412108953838e-002	2.187761623949553e-002
1633	1.961021042875333e-002	1.995262314968880e-002
1663	1.930778244491915e-002	1.949844599758046e-002
1732	1.900265695967096e-002	1.905460717963247e-002
1776	1.749763033648100e-002	1.778279410038923e-002
1895	1.688952028494717e-002	1.698243652461744e-002
1938	1.589395498072843e-002	1.621810097358930e-002
2003	1.266105203111545e-002	1.288249551693134e-002
2017	1.252777231169755e-002	1.258925411794168e-002
2069	1.218112715968178e-002	1.230268770812382e-002
2094	9.905094905080514e-003	1.000000000000000e-002
2190	9.742829784194829e-003	9.772372209558112e-003
2315	9.127619655823649e-003	9.332543007969915e-003
2333	9.102250321404770e-003	9.120108393559097e-003
2407	8.871827384939524e-003	8.912509381337459e-003
2555	8.655270980990171e-003	8.709635899560805e-003
2611	3.130265885954331e-003	3.162277660168379e-003
2696	3.078106075046105e-003	3.090295432513592e-003
2738	3.008449261627022e-003	3.019951720402016e-003
2774	2.799859083685741e-003	2.818382931264455e-003
2852	2.713560329918763e-003	2.754228703338166e-003
2932	2.612305897367384e-003	2.630267991895381e-003
2975	2.566645435357340e-003	2.570395782768865e-003
3139	2.444364016848000e-003	2.454708915685031e-003
3203	2.382713743608766e-003	2.398832919019490e-003
3207	2.227388900324812e-003	2.238721138568340e-003
3249	2.140133460416860e-003	2.187761623949552e-003
3272	2.137152362242101e-003	2.137962089502233e-003
3416	2.067442228488314e-003	2.089296130854039e-003
3454	2.021354895559435e-003	2.041737944669530e-003
3544	1.985134552309753e-003	1.995262314968879e-003
3895	1.948601480900591e-003	1.949844599758046e-003
4512	1.903191085186884e-003	1.905460717963246e-003
4525	1.318824366154936e-003	1.348962882591653e-003
4536	1.314199579185660e-003	1.318256738556408e-003
4769	1.154602215294620e-003	1.174897554939529e-003
4926	1.123101760812539e-003	1.148153621496883e-003
4937	1.102967078416173e-003	1.122018454301963e-003
4961	1.089704588279949e-003	1.096478196143185e-003
5624	1.069598948865824e-003	1.071519305237606e-003
5654	1.023232772746074e-003	1.023292992280754e-003
5878	9.781416794492071e-004	1.000000000000000e-003
5949	9.772151185125644e-004	9.772372209558111e-004
6016	9.192463152504216e-004	9.332543007969915e-004
6096	9.113050379875309e-004	9.120108393559096e-004
6816	8.782289139181998e-004	8.912509381337459e-004
6884	8.363295705122731e-004	8.511380382023768e-004
6906	8.302120919740919e-004	8.317637711026709e-004
6957	7.875321700682170e-004	7.943282347242813e-004
6962	7.676310786216556e-004	7.762471166286919e-004
7081	7.485942724876349e-004	7.585775750291835e-004
7361	7.412939351876258e-004	7.413102413009177e-004
7786	7.181401076965521e-004	7.244359600749898e-004
7837	7.078689656708770e-004	7.079457843841380e-004
8890	6.917840419269350e-004	6.918309709189362e-004
9541	6.750979077979613e-004	6.760829753919819e-004
10043	6.512003534815403e-004	6.606934480075958e-004
10168	6.369872793892117e-004	6.456542290346556e-004
10221	6.293104650996195e-004	6.309573444801930e-004
11466	6.154490379609579e-004	6.165950018614822e-004
12698	6.021695754938605e-004	6.025595860743575e-004
15413	5.888212448142971e-004	5.888436553555889e-004
23248	5.746813276976681e-004	5.754399373371566e-004
32803	5.623172730699899e-004	5.623413251903491e-004
120394	5.495094355261188e-004	5.495408738576249e-004
200001	5.473364913326506e-004	5.495408738576249e-004
