%
% index = 870, name = bbob_f008_i02_d03__bbob_f020_i04_d03
% instance = 1, reference value = 9.976246072598340e-001
% function evaluation | indicator value | target hit
1	2.116793330410646e+006	2.137962089502233e+006
2	1.293893313307233e+006	1.318256738556407e+006
3	4.366290380347063e+005	4.466835921509635e+005
4	2.477104562196081e+005	2.511886431509582e+005
6	5.370764781729474e+002	5.495408738576248e+002
13	3.983305808618596e+002	4.073802778041126e+002
129	1.112477305752490e+002	1.122018454301963e+002
143	8.686170054500870e+001	8.709635899560806e+001
153	4.443864122736360e+001	4.466835921509630e+001
202	3.664258426465571e+001	3.715352290971726e+001
373	1.107584554614483e+001	1.122018454301964e+001
405	5.900732560097188e+000	6.025595860743578e+000
426	5.362022951955334e+000	5.370317963702528e+000
437	1.869554819865834e+000	1.905460717963247e+000
667	3.988043602465295e-001	4.073802778041127e-001
764	3.712319308872117e-001	3.715352290971726e-001
796	2.908928313360676e-001	2.951209226666385e-001
846	1.201663182144281e-001	1.202264434617413e-001
889	1.159971660385792e-001	1.174897554939529e-001
999	6.878651831305405e-002	6.918309709189366e-002
1020	5.649301394364725e-002	5.754399373371569e-002
1086	3.932942634205960e-002	3.981071705534973e-002
1108	3.757767100450582e-002	3.801893963205612e-002
1138	2.936372931247921e-002	2.951209226666385e-002
1175	2.844930738575624e-002	2.884031503126606e-002
1257	2.786340712132829e-002	2.818382931264454e-002
1307	2.729644082250005e-002	2.754228703338166e-002
1317	2.147550707015278e-002	2.187761623949553e-002
1321	1.870761036444857e-002	1.905460717963247e-002
1323	1.799321308576163e-002	1.819700858609984e-002
1336	1.761935856769226e-002	1.778279410038923e-002
1337	1.549338899729180e-002	1.584893192461113e-002
1378	1.251470919459552e-002	1.258925411794168e-002
1382	1.220461412535945e-002	1.230268770812382e-002
1386	1.190258353636420e-002	1.202264434617413e-002
1413	1.172880354443129e-002	1.174897554939530e-002
1414	1.058120879194802e-002	1.071519305237607e-002
1439	1.040933614162598e-002	1.047128548050900e-002
1445	1.006099687789419e-002	1.023292992280754e-002
1455	9.971371951645103e-003	1.000000000000000e-002
1476	7.545233038203869e-003	7.585775750291836e-003
1480	5.230776591242492e-003	5.248074602497728e-003
1493	4.275952642493364e-003	4.365158322401661e-003
1505	4.260052221156219e-003	4.265795188015926e-003
1517	3.857764146273035e-003	3.890451449942805e-003
1544	3.767282736388156e-003	3.801893963205613e-003
1550	3.712966142670249e-003	3.715352290971724e-003
1567	3.541414350293315e-003	3.548133892335753e-003
1607	3.386733309391099e-003	3.388441561392024e-003
1618	2.740993901818145e-003	2.754228703338166e-003
1636	2.652538399801840e-003	2.691534803926917e-003
1642	2.585301443393973e-003	2.630267991895381e-003
1670	2.091865057556430e-003	2.137962089502233e-003
1679	2.072343720179837e-003	2.089296130854039e-003
1707	2.016160101926623e-003	2.041737944669530e-003
1728	1.989918597775309e-003	1.995262314968879e-003
1729	1.944585843375757e-003	1.949844599758046e-003
1736	1.769195126658518e-003	1.778279410038923e-003
1740	1.710222499788472e-003	1.737800828749376e-003
1741	1.606649460115350e-003	1.621810097358930e-003
1771	1.479752035158821e-003	1.513561248436209e-003
1782	1.435614577596778e-003	1.445439770745928e-003
1804	1.379438337214767e-003	1.380384264602885e-003
1818	1.221670894035132e-003	1.230268770812381e-003
1823	1.169070383747917e-003	1.174897554939529e-003
1835	1.143143386493351e-003	1.148153621496883e-003
1864	1.110675078253687e-003	1.122018454301963e-003
1875	1.093377305203758e-003	1.096478196143185e-003
1884	1.007977797731985e-003	1.023292992280754e-003
1889	9.940255185816316e-004	1.000000000000000e-003
1925	8.949008070646691e-004	9.120108393559096e-004
1943	8.886171670541287e-004	8.912509381337459e-004
1954	8.539148503677874e-004	8.709635899560805e-004
1960	8.509434536012606e-004	8.511380382023768e-004
1969	7.847233411993893e-004	7.943282347242813e-004
1982	7.657356706972651e-004	7.762471166286919e-004
1986	7.258229745785716e-004	7.413102413009177e-004
1987	7.233030189239820e-004	7.244359600749898e-004
1989	6.990787568762480e-004	7.079457843841380e-004
2015	6.711634657389221e-004	6.760829753919819e-004
2029	6.591136745102144e-004	6.606934480075958e-004
2059	6.392132362045278e-004	6.456542290346556e-004
2071	6.214078113004895e-004	6.309573444801930e-004
2081	6.130555196732779e-004	6.165950018614822e-004
2108	5.829346143013670e-004	5.888436553555889e-004
2116	5.703767342944976e-004	5.754399373371566e-004
2138	5.534778423701425e-004	5.623413251903491e-004
2139	5.358968526683050e-004	5.370317963702527e-004
2160	5.247097170790749e-004	5.248074602497728e-004
2165	5.046146189574552e-004	5.128613839913648e-004
2168	4.945095507431496e-004	5.011872336272725e-004
2178	4.892004000507377e-004	4.897788193684461e-004
2180	4.654345437884455e-004	4.677351412871981e-004
2206	4.544013546649017e-004	4.570881896148752e-004
2223	4.335917040334536e-004	4.365158322401661e-004
2246	4.203891856865427e-004	4.265795188015926e-004
2251	4.168116619654994e-004	4.168693834703355e-004
2272	4.019038984600654e-004	4.073802778041126e-004
2277	3.980970083362623e-004	3.981071705534974e-004
2286	3.861251509206243e-004	3.890451449942804e-004
2296	3.738779350409560e-004	3.801893963205612e-004
2297	3.701654411690791e-004	3.715352290971724e-004
2317	3.604062993327606e-004	3.630780547701014e-004
2329	3.507679768950389e-004	3.548133892335753e-004
2339	3.463322352087461e-004	3.467368504525317e-004
2343	3.345112286233798e-004	3.388441561392024e-004
2357	3.285207807141033e-004	3.311311214825911e-004
2372	3.234552227353582e-004	3.235936569296281e-004
2373	3.143147231742249e-004	3.162277660168379e-004
2387	3.089151419611858e-004	3.090295432513592e-004
2404	2.994771855385769e-004	3.019951720402016e-004
2412	2.949582691470498e-004	2.951209226666387e-004
2418	2.880890175176454e-004	2.884031503126606e-004
2437	2.796379985534614e-004	2.818382931264455e-004
2440	2.749303739302267e-004	2.754228703338166e-004
2442	2.659593077879441e-004	2.691534803926917e-004
2463	2.626135704338894e-004	2.630267991895381e-004
2493	2.560515505379835e-004	2.570395782768865e-004
2506	2.509747308896415e-004	2.511886431509580e-004
2520	2.450427468414507e-004	2.454708915685031e-004
2544	2.398153008729143e-004	2.398832919019490e-004
2573	2.343665629711556e-004	2.344228815319923e-004
2581	2.290668288115194e-004	2.290867652767772e-004
2614	2.235936172055864e-004	2.238721138568340e-004
2638	2.187234192677634e-004	2.187761623949552e-004
2665	2.136399021755997e-004	2.137962089502232e-004
2699	2.087477751198108e-004	2.089296130854039e-004
2724	2.002029383194603e-004	2.041737944669530e-004
2729	1.993365895769372e-004	1.995262314968879e-004
2768	1.945625131042350e-004	1.949844599758046e-004
2802	1.904614599388399e-004	1.905460717963246e-004
2844	1.861819677125842e-004	1.862087136662868e-004
2895	1.819384867814966e-004	1.819700858609983e-004
2956	1.777549547887780e-004	1.778279410038923e-004
3117	1.737350468427046e-004	1.737800828749376e-004
3362	1.696944525165778e-004	1.698243652461744e-004
3893	1.659586788773648e-004	1.659586907437562e-004
5110	1.621782149995310e-004	1.621810097358930e-004
12717	1.583108421535640e-004	1.584893192461114e-004
20293	1.524002846950978e-004	1.548816618912481e-004
24358	1.513463469823284e-004	1.513561248436209e-004
33000	1.474974194233258e-004	1.479108388168207e-004
58442	1.445210127356544e-004	1.445439770745928e-004
137099	1.411974559287765e-004	1.412537544622754e-004
231661	1.376166605968621e-004	1.380384264602885e-004
274158	1.348793645259416e-004	1.348962882591653e-004
300001	1.347061009968620e-004	1.348962882591653e-004
%
% index = 871, name = bbob_f008_i03_d03__bbob_f020_i05_d03
% instance = 2, reference value = 9.988226612039610e-001
% function evaluation | indicator value | target hit
1	7.690001856541047e+005	7.762471166286912e+005
2	1.966233564019489e+005	1.995262314968879e+005
5	5.239721148833454e+003	5.248074602497728e+003
46	7.099571434356400e+002	7.244359600749899e+002
72	9.540749483494558e+001	9.549925860214358e+001
218	9.255721289291395e+001	9.332543007969910e+001
252	2.770016684703018e+001	2.818382931264453e+001
507	4.373427638210961e+000	4.466835921509632e+000
590	2.780871205440461e+000	2.818382931264454e+000
703	2.450457670426961e+000	2.454708915685031e+000
771	9.939815309476489e-001	1.000000000000000e+000
772	1.061717231227460e-001	1.071519305237607e-001
1004	2.231686383829745e-002	2.238721138568340e-002
1069	1.528978369829759e-002	1.548816618912481e-002
1175	1.357798386977316e-002	1.380384264602885e-002
1198	1.159723413465663e-002	1.174897554939530e-002
1213	5.440102541311109e-003	5.495408738576248e-003
1218	4.678250411917162e-003	4.786300923226385e-003
1236	3.752761714060249e-003	3.801893963205613e-003
1299	3.457719574859630e-003	3.467368504525317e-003
1361	3.353825015839917e-003	3.388441561392024e-003
1390	2.106901805109307e-003	2.137962089502233e-003
1440	1.995116021483057e-003	1.995262314968879e-003
1447	1.881353886775905e-003	1.905460717963246e-003
1511	1.851383476749069e-003	1.862087136662868e-003
1534	1.724520202834312e-003	1.737800828749376e-003
1554	1.524489042502575e-003	1.548816618912481e-003
1566	1.286171530325286e-003	1.288249551693134e-003
1582	1.219568839734619e-003	1.230268770812381e-003
1628	1.112351760622632e-003	1.122018454301963e-003
1657	1.083036408281002e-003	1.096478196143185e-003
1658	1.037202553071492e-003	1.047128548050900e-003
1665	1.017233183195909e-003	1.023292992280754e-003
1668	9.995483095521784e-004	1.000000000000000e-003
1678	9.764132600565967e-004	9.772372209558111e-004
1681	7.692607677085572e-004	7.762471166286919e-004
1690	7.466490885771338e-004	7.585775750291835e-004
1696	7.400023744910111e-004	7.413102413009177e-004
1726	7.184136386672035e-004	7.244359600749898e-004
1727	6.807126847968581e-004	6.918309709189362e-004
1731	5.150829758702180e-004	5.248074602497728e-004
1762	4.828733831305776e-004	4.897788193684461e-004
1775	4.583242175041358e-004	4.677351412871981e-004
1782	4.417800413435424e-004	4.466835921509631e-004
1810	4.338205509134552e-004	4.365158322401661e-004
1817	4.181102096343370e-004	4.265795188015926e-004
1826	4.094108443227773e-004	4.168693834703355e-004
1847	3.995905613477513e-004	4.073802778041126e-004
1850	3.867707169307177e-004	3.890451449942804e-004
1859	3.795240503621233e-004	3.801893963205612e-004
1877	3.623934180282395e-004	3.630780547701014e-004
1879	3.441196084273956e-004	3.467368504525317e-004
1881	3.382956377164792e-004	3.388441561392024e-004
1896	3.304664294756510e-004	3.311311214825911e-004
1903	3.161653113851193e-004	3.162277660168379e-004
1909	3.084993511625056e-004	3.090295432513592e-004
1910	2.985092532202804e-004	3.019951720402016e-004
1916	2.929150524959567e-004	2.951209226666387e-004
1921	2.851041014066968e-004	2.884031503126606e-004
1923	2.799149252491473e-004	2.818382931264455e-004
1924	2.703748009070806e-004	2.754228703338166e-004
1931	2.679628900567055e-004	2.691534803926917e-004
1944	2.623802756276383e-004	2.630267991895381e-004
1948	2.535630302096248e-004	2.570395782768865e-004
1949	2.499747933033536e-004	2.511886431509580e-004
1960	2.453741455737957e-004	2.454708915685031e-004
1963	2.351690283185492e-004	2.398832919019490e-004
1967	2.343874662910084e-004	2.344228815319923e-004
1973	2.290187110717268e-004	2.290867652767772e-004
1975	2.229137015926641e-004	2.238721138568340e-004
1984	2.175143938853985e-004	2.187761623949552e-004
2000	2.079852323362275e-004	2.089296130854039e-004
2016	2.010658067167492e-004	2.041737944669530e-004
2018	1.971945331330494e-004	1.995262314968879e-004
2025	1.931365502375604e-004	1.949844599758046e-004
2045	1.897213700734479e-004	1.905460717963246e-004
2051	1.858063159895229e-004	1.862087136662868e-004
2080	1.795329315881222e-004	1.819700858609983e-004
2086	1.772029056724689e-004	1.778279410038923e-004
2090	1.737026001815689e-004	1.737800828749376e-004
2100	1.683376265246839e-004	1.698243652461744e-004
2107	1.653322389283396e-004	1.659586907437562e-004
2124	1.605539960265467e-004	1.621810097358930e-004
2127	1.581298671182729e-004	1.584893192461114e-004
2134	1.528498721347082e-004	1.548816618912481e-004
2137	1.506593682517599e-004	1.513561248436209e-004
2150	1.475155215403534e-004	1.479108388168207e-004
2152	1.425450854027899e-004	1.445439770745928e-004
2166	1.409316153279105e-004	1.412537544622754e-004
2173	1.379510073457047e-004	1.380384264602885e-004
2186	1.344408371748429e-004	1.348962882591653e-004
2197	1.315946068193297e-004	1.318256738556407e-004
2219	1.285525753899064e-004	1.288249551693134e-004
2233	1.241535422695783e-004	1.258925411794167e-004
2243	1.228840213378657e-004	1.230268770812381e-004
2260	1.202165366060992e-004	1.202264434617413e-004
2268	1.169568417919153e-004	1.174897554939529e-004
2279	1.128409638375683e-004	1.148153621496883e-004
2290	1.116224725867809e-004	1.122018454301963e-004
2304	1.090361735959222e-004	1.096478196143185e-004
2313	1.066965498376371e-004	1.071519305237606e-004
2332	1.046425523779648e-004	1.047128548050900e-004
2340	1.021484160143027e-004	1.023292992280754e-004
2358	9.954745151796729e-005	1.000000000000000e-004
2372	9.761738515756679e-005	9.772372209558112e-005
2405	9.546612256050580e-005	9.549925860214369e-005
2419	9.251062895310191e-005	9.332543007969905e-005
2440	9.089724114896836e-005	9.120108393559096e-005
2462	8.860952773803721e-005	8.912509381337459e-005
2496	8.703216393213253e-005	8.709635899560814e-005
2529	8.502246668506963e-005	8.511380382023760e-005
2561	8.311339189692735e-005	8.317637711026709e-005
2594	8.126855264367627e-005	8.128305161640995e-005
2628	7.941572543512798e-005	7.943282347242822e-005
2697	7.762301159552898e-005	7.762471166286911e-005
2815	7.585532885601154e-005	7.585775750291836e-005
2973	7.410534264573609e-005	7.413102413009178e-005
3323	7.244133955830456e-005	7.244359600749906e-005
4134	7.077547321110433e-005	7.079457843841373e-005
5481	6.903695647964003e-005	6.918309709189363e-005
7384	6.760785298320915e-005	6.760829753919819e-005
19818	6.594788949032537e-005	6.606934480075965e-005
32535	6.394900396278214e-005	6.456542290346549e-005
35741	6.271878254027197e-005	6.309573444801929e-005
71937	6.111129487151867e-005	6.165950018614822e-005
72066	6.014885627614319e-005	6.025595860743581e-005
115017	5.888034224477146e-005	5.888436553555884e-005
300001	5.758574743042200e-005	5.888436553555884e-005
%
% index = 872, name = bbob_f008_i07_d03__bbob_f020_i08_d03
% instance = 3, reference value = 9.358334798275300e-001
% function evaluation | indicator value | target hit
1	1.207204890880045e+007	1.230268770812381e+007
2	6.665643497870786e+006	6.760829753919819e+006
3	4.573797353107411e+006	4.677351412871981e+006
4	3.253227629092510e+006	3.311311214825908e+006
6	6.907569548237491e+004	6.918309709189362e+004
297	5.750963488142081e+004	5.754399373371567e+004
313	3.507929322049024e+004	3.548133892335753e+004
394	1.873735927097202e+004	1.905460717963248e+004
458	2.516242385832976e+003	2.570395782768865e+003
571	1.838783413440163e+003	1.862087136662868e+003
790	1.926782166713132e+002	1.949844599758046e+002
1009	1.297549290873603e+002	1.318256738556407e+002
1010	4.397366825933714e+001	4.466835921509630e+001
1025	6.732424040010130e-001	6.760829753919818e-001
1295	6.222232212766679e-001	6.309573444801933e-001
1334	5.724075599325068e-001	5.754399373371569e-001
1377	5.289108538505057e-001	5.370317963702527e-001
1427	3.815233402239530e-001	3.890451449942806e-001
1494	3.216087909218178e-001	3.235936569296283e-001
1690	3.157207671421097e-001	3.162277660168379e-001
1813	2.872974785392749e-001	2.884031503126606e-001
1962	2.543906525338064e-001	2.570395782768864e-001
2041	2.375616942579472e-001	2.398832919019490e-001
2074	1.979605606235348e-001	1.995262314968880e-001
2192	1.082570084301182e-001	1.096478196143185e-001
2537	7.431002567551781e-002	7.585775750291836e-002
2682	5.219646785529097e-002	5.248074602497726e-002
3416	2.512664783302820e-002	2.570395782768863e-002
3505	2.504948461320145e-002	2.511886431509579e-002
4265	2.449827376437275e-002	2.454708915685030e-002
4499	1.426598477660923e-002	1.445439770745927e-002
5031	1.257723921809006e-002	1.258925411794168e-002
5840	1.192946967073261e-002	1.202264434617413e-002
6736	9.166581419762121e-003	9.332543007969915e-003
7185	9.118555489524338e-003	9.120108393559097e-003
8270	8.642744698195259e-003	8.709635899560805e-003
8752	8.508322244013100e-003	8.511380382023768e-003
9929	7.927068924131198e-003	7.943282347242814e-003
13423	7.562574261690380e-003	7.585775750291836e-003
300001	7.503128084534128e-003	7.585775750291836e-003
%
% index = 873, name = bbob_f008_i09_d03__bbob_f020_i10_d03
% instance = 4, reference value = 9.890643556067710e-001
% function evaluation | indicator value | target hit
1	1.374869235882920e+007	1.380384264602884e+007
2	5.982245979276075e+006	6.025595860743581e+006
3	1.908099330572909e+006	1.949844599758046e+006
4	1.536434026911674e+006	1.548816618912483e+006
5	1.361025880457926e+006	1.380384264602884e+006
6	4.240220806602043e+003	4.265795188015925e+003
13	2.426634163757418e+003	2.454708915685031e+003
51	2.218448208220469e+003	2.238721138568340e+003
67	1.245993291051076e+003	1.258925411794168e+003
153	1.933473415087315e+002	1.949844599758046e+002
366	1.803174061481041e+002	1.819700858609982e+002
389	1.537440747952251e+001	1.548816618912481e+001
605	6.196568728012736e+000	6.309573444801933e+000
664	1.134261956790271e+000	1.148153621496883e+000
744	5.719085714640804e-001	5.754399373371569e-001
934	1.478013211968942e-001	1.479108388168208e-001
1176	9.452810890255081e-002	9.549925860214359e-002
1201	3.593122900094270e-002	3.630780547701014e-002
1362	3.040545502817549e-002	3.090295432513590e-002
1421	1.767755290244399e-002	1.778279410038923e-002
1438	1.618837758081748e-002	1.621810097358930e-002
1470	1.341453274887994e-002	1.348962882591653e-002
1483	1.258561046779083e-002	1.258925411794168e-002
1511	1.116261480927827e-002	1.122018454301964e-002
1538	9.602588667933398e-003	9.772372209558112e-003
1573	9.517540883790643e-003	9.549925860214359e-003
1583	8.290652877201765e-003	8.317637711026709e-003
1612	7.623197237262458e-003	7.762471166286920e-003
1640	6.956538835134252e-003	7.079457843841380e-003
1648	6.722598730572349e-003	6.760829753919818e-003
1668	6.003726754974292e-003	6.025595860743574e-003
1720	5.167509807718296e-003	5.248074602497728e-003
1723	5.085378374476202e-003	5.128613839913648e-003
1755	4.595696670424476e-003	4.677351412871981e-003
1760	4.515050724486214e-003	4.570881896148752e-003
1774	4.367174738255097e-003	4.466835921509631e-003
1775	4.119732054220671e-003	4.168693834703355e-003
1795	4.066594549596125e-003	4.073802778041126e-003
1807	3.959159251711419e-003	3.981071705534973e-003
1837	3.865199962532206e-003	3.890451449942805e-003
1854	3.707938559082691e-003	3.715352290971724e-003
1857	3.620249064701819e-003	3.630780547701014e-003
1891	3.379191624831024e-003	3.388441561392024e-003
1906	3.069312709623406e-003	3.090295432513592e-003
1924	3.005393792593680e-003	3.019951720402016e-003
1937	2.910536267577313e-003	2.951209226666387e-003
1943	2.833257166820924e-003	2.884031503126606e-003
1951	2.817449180619325e-003	2.818382931264455e-003
1966	2.745040167645763e-003	2.754228703338166e-003
1974	2.678177477532406e-003	2.691534803926917e-003
1982	2.594870557336870e-003	2.630267991895381e-003
1988	2.564842656732513e-003	2.570395782768865e-003
1993	2.495679980374033e-003	2.511886431509579e-003
2002	2.404890073426702e-003	2.454708915685031e-003
2018	2.368943130662715e-003	2.398832919019490e-003
2022	2.270444313832387e-003	2.290867652767772e-003
2023	2.226858975848955e-003	2.238721138568340e-003
2051	2.167626804860046e-003	2.187761623949552e-003
2058	2.134202235363425e-003	2.137962089502233e-003
2080	2.084878950780911e-003	2.089296130854039e-003
2103	2.032957483505959e-003	2.041737944669530e-003
2110	1.885304042220537e-003	1.905460717963246e-003
2121	1.821797331305164e-003	1.862087136662868e-003
2127	1.807876698285527e-003	1.819700858609983e-003
2132	1.770245162795114e-003	1.778279410038923e-003
2138	1.737215226585986e-003	1.737800828749376e-003
2150	1.694558748745356e-003	1.698243652461744e-003
2161	1.655398978276268e-003	1.659586907437561e-003
2164	1.605534089013205e-003	1.621810097358930e-003
2172	1.543394869014336e-003	1.548816618912481e-003
2180	1.502707310880647e-003	1.513561248436209e-003
2196	1.463926776343438e-003	1.479108388168207e-003
2208	1.420935493341879e-003	1.445439770745928e-003
2218	1.392035116768997e-003	1.412537544622754e-003
2225	1.378225942688549e-003	1.380384264602885e-003
2249	1.343505423408220e-003	1.348962882591653e-003
2283	1.317190955059444e-003	1.318256738556408e-003
2309	1.283943412805577e-003	1.288249551693134e-003
2327	1.256009713902384e-003	1.258925411794168e-003
2338	1.229282968700396e-003	1.230268770812381e-003
2355	1.182399671773360e-003	1.202264434617413e-003
2361	1.173576794868181e-003	1.174897554939529e-003
2379	1.145388691598526e-003	1.148153621496883e-003
2414	1.119007180526710e-003	1.122018454301963e-003
2460	1.096390654847790e-003	1.096478196143185e-003
2494	1.070471049812283e-003	1.071519305237606e-003
2521	1.045481631676282e-003	1.047128548050900e-003
2546	1.023064118277017e-003	1.023292992280754e-003
2584	9.991231842373383e-004	1.000000000000000e-003
2614	9.768023112739499e-004	9.772372209558111e-004
2678	9.537159003772944e-004	9.549925860214359e-004
2718	9.311743131635852e-004	9.332543007969915e-004
2781	9.119860201006746e-004	9.120108393559096e-004
2830	8.912502881803786e-004	8.912509381337459e-004
2917	8.706156882083427e-004	8.709635899560805e-004
2985	8.509151686896255e-004	8.511380382023768e-004
3047	8.315190579042397e-004	8.317637711026709e-004
3198	8.127535609453451e-004	8.128305161640995e-004
3439	7.943235024471251e-004	7.943282347242813e-004
4066	7.761794066397654e-004	7.762471166286919e-004
4563	7.481688404656905e-004	7.585775750291835e-004
4590	7.413087844333477e-004	7.413102413009177e-004
5166	7.241737085449396e-004	7.244359600749898e-004
6189	7.079437106454201e-004	7.079457843841380e-004
10520	6.910289568021755e-004	6.918309709189362e-004
16211	6.754758894356172e-004	6.760829753919819e-004
16603	6.579110398048371e-004	6.606934480075958e-004
22681	6.424618745926036e-004	6.456542290346556e-004
26210	6.307808322062458e-004	6.309573444801930e-004
48274	6.129098425418089e-004	6.165950018614822e-004
56862	6.002373720997989e-004	6.025595860743575e-004
69828	5.337702008817447e-004	5.370317963702527e-004
95786	5.247690312369935e-004	5.248074602497728e-004
133942	4.766940087825855e-004	4.786300923226385e-004
185615	4.675219071670345e-004	4.677351412871981e-004
292734	4.299479600754497e-004	4.365158322401661e-004
300001	4.297970645313898e-004	4.365158322401661e-004
%
% index = 874, name = bbob_f008_i11_d03__bbob_f020_i12_d03
% instance = 5, reference value = 9.988612563158960e-001
% function evaluation | indicator value | target hit
1	7.002328342094234e+005	7.079457843841374e+005
2	3.350165666267017e+005	3.388441561392028e+005
3	1.511550066518794e+004	1.513561248436207e+004
4	1.384730072771599e+002	1.412537544622754e+002
37	6.427937772641008e+001	6.456542290346556e+001
330	6.029303604269271e+001	6.165950018614822e+001
377	5.566917675231074e+001	5.623413251903491e+001
428	4.164091539709788e+001	4.168693834703355e+001
443	8.549936845382174e+000	8.709635899560805e+000
514	4.580261349524460e+000	4.677351412871983e+000
535	2.494605677278396e+000	2.511886431509580e+000
747	4.992744669644499e-001	5.011872336272722e-001
884	3.786861224894222e-001	3.801893963205612e-001
976	3.177697046819825e-001	3.235936569296283e-001
984	3.097350063342320e-001	3.162277660168379e-001
1022	1.834597302936497e-001	1.862087136662868e-001
1042	1.665466773917217e-001	1.698243652461744e-001
1076	1.085390257897496e-001	1.096478196143185e-001
1093	1.061844260769564e-001	1.071519305237607e-001
1100	6.542208201505340e-002	6.606934480075961e-002
1101	3.219044271109528e-002	3.235936569296283e-002
1114	2.909662055034268e-002	2.951209226666385e-002
1174	1.788814162419183e-002	1.819700858609984e-002
1183	1.113622043262530e-002	1.122018454301964e-002
1229	1.054310718764662e-002	1.071519305237607e-002
1257	7.661835801373695e-003	7.762471166286920e-003
1288	7.274463432599965e-003	7.413102413009177e-003
1302	7.230301114492632e-003	7.244359600749898e-003
1313	5.391536599767099e-003	5.495408738576248e-003
1348	4.766974345087549e-003	4.786300923226385e-003
1360	4.310326490178706e-003	4.365158322401661e-003
1364	4.189544992945216e-003	4.265795188015926e-003
1382	3.887983521601579e-003	3.890451449942805e-003
1389	3.736573095469042e-003	3.801893963205613e-003
1401	3.712708532124576e-003	3.715352290971724e-003
1421	3.024037864680196e-003	3.090295432513592e-003
1429	2.959972407690636e-003	3.019951720402016e-003
1459	2.658935160699372e-003	2.691534803926917e-003
1516	2.233733739457344e-003	2.238721138568340e-003
1541	2.155193414744461e-003	2.187761623949552e-003
1558	2.097567108589660e-003	2.137962089502233e-003
1601	1.875763800370911e-003	1.905460717963246e-003
1606	1.843359520492305e-003	1.862087136662868e-003
1608	1.807552669237711e-003	1.819700858609983e-003
1629	1.733823575969296e-003	1.737800828749376e-003
1641	1.551413258476408e-003	1.584893192461114e-003
1653	1.371621279019464e-003	1.380384264602885e-003
1690	1.325792089856059e-003	1.348962882591653e-003
1694	1.314739234911988e-003	1.318256738556408e-003
1710	1.286406908793003e-003	1.288249551693134e-003
1716	1.243649219081600e-003	1.258925411794168e-003
1719	1.222911570650909e-003	1.230268770812381e-003
1744	1.197162395729090e-003	1.202264434617413e-003
1770	1.143519964888817e-003	1.148153621496883e-003
1782	1.117444274842172e-003	1.122018454301963e-003
1785	1.073604817567020e-003	1.096478196143185e-003
1796	1.062831490317495e-003	1.071519305237606e-003
1803	9.740408072517193e-004	9.772372209558111e-004
1829	8.654037723766495e-004	8.709635899560805e-004
1864	8.330570308382468e-004	8.511380382023768e-004
1873	7.398137744130118e-004	7.413102413009177e-004
1911	7.226346988239429e-004	7.244359600749898e-004
1918	6.957701014614903e-004	7.079457843841380e-004
1938	6.687019408376793e-004	6.760829753919819e-004
1950	6.412341438788438e-004	6.456542290346556e-004
1970	6.264376801897731e-004	6.309573444801930e-004
1981	6.112887106215492e-004	6.165950018614822e-004
1985	5.991236673318356e-004	6.025595860743575e-004
2000	5.722972104327262e-004	5.754399373371566e-004
2017	5.600641352990765e-004	5.623413251903491e-004
2018	5.170113156861556e-004	5.248074602497728e-004
2025	4.462010969036312e-004	4.466835921509631e-004
2032	4.256491546720254e-004	4.265795188015926e-004
2043	4.135039757866554e-004	4.168693834703355e-004
2046	3.996715675294027e-004	4.073802778041126e-004
2050	3.980037252308000e-004	3.981071705534974e-004
2072	3.879449710567640e-004	3.890451449942804e-004
2079	3.719257111041152e-004	3.801893963205612e-004
2088	3.713535465336149e-004	3.715352290971724e-004
2095	3.579263719665216e-004	3.630780547701014e-004
2109	3.533663692280031e-004	3.548133892335753e-004
2139	3.467263543762700e-004	3.467368504525317e-004
2146	3.346740549252658e-004	3.388441561392024e-004
2159	3.306591148175553e-004	3.311311214825911e-004
2172	3.213179188410464e-004	3.235936569296281e-004
2180	3.156300881015373e-004	3.162277660168379e-004
2191	3.086975183451690e-004	3.090295432513592e-004
2207	3.007443730306258e-004	3.019951720402016e-004
2218	2.943626611890959e-004	2.951209226666387e-004
2221	2.868095666028747e-004	2.884031503126606e-004
2235	2.636508883293587e-004	2.691534803926917e-004
2250	2.623423611644027e-004	2.630267991895381e-004
2254	2.495758429966744e-004	2.511886431509580e-004
2281	2.413011434657664e-004	2.454708915685031e-004
2294	2.363616607612418e-004	2.398832919019490e-004
2295	2.344042867060692e-004	2.344228815319923e-004
2303	2.246022952512305e-004	2.290867652767772e-004
2311	2.236579367470570e-004	2.238721138568340e-004
2332	2.187377598182883e-004	2.187761623949552e-004
2352	2.136214343487763e-004	2.137962089502232e-004
2382	2.085834805845011e-004	2.089296130854039e-004
2404	2.032467194676979e-004	2.041737944669530e-004
2443	1.976049378155098e-004	1.995262314968879e-004
2464	1.931985351526500e-004	1.949844599758046e-004
2477	1.905355246872853e-004	1.905460717963246e-004
2521	1.828093189056856e-004	1.862087136662868e-004
2522	1.807880944021401e-004	1.819700858609983e-004
2560	1.776414958175598e-004	1.778279410038923e-004
2587	1.720920695894579e-004	1.737800828749376e-004
2618	1.645807699660606e-004	1.659586907437562e-004
2659	1.619323125288119e-004	1.621810097358930e-004
2707	1.568176076063299e-004	1.584893192461114e-004
2739	1.548196757301668e-004	1.548816618912481e-004
2810	1.406887538079049e-004	1.412537544622754e-004
2892	1.379190576356049e-004	1.380384264602885e-004
2973	1.348173866005942e-004	1.348962882591653e-004
3127	1.318085007182557e-004	1.318256738556407e-004
3277	1.288209288909936e-004	1.288249551693134e-004
3581	1.258904931346061e-004	1.258925411794167e-004
4145	1.230204885195319e-004	1.230268770812381e-004
300001	1.205708648052140e-004	1.230268770812381e-004
%
% index = 875, name = bbob_f008_i13_d03__bbob_f020_i14_d03
% instance = 6, reference value = 9.984802242483580e-001
% function evaluation | indicator value | target hit
1	1.181810120509477e+008	1.202264434617413e+008
2	6.019637234819587e+007	6.025595860743581e+007
3	1.977407028033516e+007	1.995262314968879e+007
4	1.395305082414549e+007	1.412537544622755e+007
5	1.320076408977609e+007	1.348962882591653e+007
6	2.751339644521362e+004	2.754228703338169e+004
13	1.582897223375690e+004	1.584893192461114e+004
67	1.397246478776610e+004	1.412537544622756e+004
153	8.640688647335213e+002	8.709635899560806e+002
166	7.021896393632104e+002	7.079457843841381e+002
212	2.242211747775476e+002	2.290867652767772e+002
336	2.332826326516353e+001	2.344228815319923e+001
767	2.652212961147358e+000	2.691534803926916e+000
1084	1.808900630590722e+000	1.819700858609983e+000
1195	1.440151227766358e+000	1.445439770745927e+000
1215	1.170792702191858e+000	1.174897554939530e+000
1475	1.039073292533043e-001	1.047128548050900e-001
1765	8.932415371278601e-002	9.120108393559097e-002
1909	7.724911664600909e-002	7.762471166286916e-002
1973	3.964535057963170e-002	3.981071705534973e-002
2064	2.753379669341172e-002	2.754228703338166e-002
2153	1.500646293928487e-002	1.513561248436208e-002
2557	1.123860263165688e-002	1.148153621496883e-002
2777	9.253456112044756e-003	9.332543007969915e-003
2895	9.061802823675524e-003	9.120108393559097e-003
3046	6.285120748230622e-003	6.309573444801930e-003
3201	5.794484872262973e-003	5.888436553555890e-003
3212	2.775190980755515e-003	2.818382931264455e-003
3361	2.534255859587997e-003	2.570395782768865e-003
3467	2.438474482431619e-003	2.454708915685031e-003
3868	2.339984134258510e-003	2.344228815319923e-003
3978	2.258329211362264e-003	2.290867652767772e-003
4323	2.019241698715590e-003	2.041737944669530e-003
4366	1.970749965092833e-003	1.995262314968879e-003
4423	1.921121447091334e-003	1.949844599758046e-003
4464	1.904629071287967e-003	1.905460717963246e-003
4975	1.855832193498719e-003	1.862087136662868e-003
5300	1.811421028883653e-003	1.819700858609983e-003
5335	1.754686465044619e-003	1.778279410038923e-003
5409	1.627050398811836e-003	1.659586907437561e-003
5412	1.260936723623596e-003	1.288249551693134e-003
5502	1.255838626533778e-003	1.258925411794168e-003
5889	1.229838851897425e-003	1.230268770812381e-003
6419	1.202130622392050e-003	1.202264434617413e-003
300001	1.190631356027594e-003	1.202264434617413e-003
%
% index = 876, name = bbob_f008_i15_d03__bbob_f020_i16_d03
% instance = 7, reference value = 8.937393851544510e-001
% function evaluation | indicator value | target hit
1	4.292995139183259e+007	4.365158322401656e+007
2	2.237725695738851e+007	2.238721138568338e+007
3	1.061238130397563e+007	1.071519305237607e+007
4	9.104931358096888e+006	9.120108393559096e+006
5	5.753184258823382e+006	5.754399373371567e+006
6	4.164509421181723e+004	4.168693834703355e+004
186	1.512334727995304e+004	1.513561248436207e+004
352	1.460804759311629e+004	1.479108388168207e+004
401	1.186049211318154e+004	1.202264434617413e+004
421	2.057479846118258e+003	2.089296130854039e+003
710	1.044203003706955e+003	1.047128548050900e+003
813	6.651906760620796e+002	6.760829753919819e+002
828	1.087337951970204e+002	1.096478196143185e+002
968	6.753948967673568e+001	6.760829753919819e+001
1058	6.249162465547451e+000	6.309573444801933e+000
1160	3.986036843800958e+000	4.073802778041127e+000
1206	9.796697949479510e-001	1.000000000000000e+000
1208	6.149876977183746e-001	6.165950018614822e-001
1286	5.027018794241946e-001	5.128613839913648e-001
1307	3.950134694354651e-001	3.981071705534973e-001
1452	3.785821948800101e-001	3.801893963205612e-001
1506	3.709888781997300e-001	3.715352290971726e-001
1563	3.237750807378877e-001	3.311311214825911e-001
1570	3.222946582745108e-001	3.235936569296283e-001
1588	3.054098126061330e-001	3.090295432513591e-001
1631	3.006358874611704e-001	3.019951720402016e-001
1721	2.197683016742723e-001	2.238721138568340e-001
1776	1.784087432213845e-001	1.819700858609984e-001
1910	1.776012798323233e-001	1.778279410038923e-001
2070	1.735824491729358e-001	1.737800828749375e-001
2202	1.406906055685854e-001	1.412537544622755e-001
2266	1.342574116198408e-001	1.348962882591654e-001
2367	1.305978255883454e-001	1.318256738556407e-001
2413	1.265212216509649e-001	1.288249551693134e-001
2551	1.258589243950321e-001	1.258925411794167e-001
2707	9.449852580986784e-002	9.549925860214359e-002
2972	8.993987433992390e-002	9.120108393559097e-002
3034	7.845716703479144e-002	7.943282347242814e-002
3235	6.811559491227215e-002	6.918309709189366e-002
3248	5.640797990721136e-002	5.754399373371569e-002
3291	5.237508078120090e-002	5.248074602497726e-002
3561	5.081795369611664e-002	5.128613839913648e-002
3594	4.908413380188992e-002	5.011872336272722e-002
3681	4.108086015275114e-002	4.168693834703355e-002
3713	3.219983027947337e-002	3.235936569296283e-002
3774	2.795771704168881e-002	2.818382931264454e-002
3986	2.692658189994379e-002	2.754228703338166e-002
4003	2.687890496850820e-002	2.691534803926915e-002
4253	2.552607326598333e-002	2.570395782768863e-002
4280	2.475121130885383e-002	2.511886431509579e-002
4502	2.450952982833687e-002	2.454708915685030e-002
4741	2.391690197511542e-002	2.398832919019490e-002
4771	1.846843347477745e-002	1.862087136662868e-002
4787	1.783693188457780e-002	1.819700858609984e-002
4800	1.603810025449493e-002	1.621810097358930e-002
4832	1.491348804794213e-002	1.513561248436208e-002
5079	1.260344222855692e-002	1.288249551693134e-002
5094	1.248024556448790e-002	1.258925411794168e-002
5130	1.226064296034224e-002	1.230268770812382e-002
5183	1.134721432152341e-002	1.148153621496883e-002
5333	1.111628608316384e-002	1.122018454301964e-002
5339	1.059206460646078e-002	1.071519305237607e-002
5348	1.013655743139408e-002	1.023292992280754e-002
5425	9.949823123467372e-003	1.000000000000000e-002
5582	9.632402368413562e-003	9.772372209558112e-003
5702	9.443994873487793e-003	9.549925860214359e-003
5722	9.259727132584716e-003	9.332543007969915e-003
5844	8.961468338714251e-003	9.120108393559097e-003
5949	8.870229597831014e-003	8.912509381337459e-003
6092	8.660107215678559e-003	8.709635899560805e-003
6135	8.495943060721989e-003	8.511380382023768e-003
6272	8.163368419151440e-003	8.317637711026709e-003
6381	8.123620818498822e-003	8.128305161640995e-003
6476	7.897247623466996e-003	7.943282347242814e-003
6649	7.579686384909912e-003	7.585775750291836e-003
6770	7.393429034046717e-003	7.413102413009177e-003
6938	7.207231592479824e-003	7.244359600749898e-003
7102	7.017938113915268e-003	7.079457843841380e-003
7166	6.883149226447172e-003	6.918309709189363e-003
7452	6.756728919171118e-003	6.760829753919818e-003
7760	6.565227852103228e-003	6.606934480075957e-003
7797	6.341872740511789e-003	6.456542290346556e-003
7798	6.277060336916551e-003	6.309573444801930e-003
8003	6.162598389395035e-003	6.165950018614822e-003
8240	6.011422520297960e-003	6.025595860743574e-003
8460	5.873199924525396e-003	5.888436553555890e-003
8734	5.750062473079631e-003	5.754399373371567e-003
9107	5.621498472498154e-003	5.623413251903491e-003
9492	5.484159234107278e-003	5.495408738576248e-003
9570	5.162892904419070e-003	5.248074602497728e-003
9810	5.127799094850283e-003	5.128613839913648e-003
10305	5.009278512961179e-003	5.011872336272725e-003
10433	4.871390964136801e-003	4.897788193684461e-003
10693	4.710498643049399e-003	4.786300923226385e-003
10927	4.676945454994641e-003	4.677351412871981e-003
11272	4.401169267823413e-003	4.466835921509631e-003
11666	4.364834492157965e-003	4.365158322401661e-003
13880	4.263190814161266e-003	4.265795188015926e-003
14682	4.134558493168905e-003	4.168693834703355e-003
16347	4.071439931626064e-003	4.073802778041126e-003
19960	3.969675509502779e-003	3.981071705534973e-003
35955	3.879439857766176e-003	3.890451449942805e-003
70370	3.787857214171408e-003	3.801893963205613e-003
143257	3.711612723341529e-003	3.715352290971724e-003
300001	3.644066301790261e-003	3.715352290971724e-003
%
% index = 877, name = bbob_f008_i17_d03__bbob_f020_i18_d03
% instance = 8, reference value = 9.953748099864690e-001
% function evaluation | indicator value | target hit
1	8.885466235880659e+005	8.912509381337459e+005
2	4.942735073126167e+005	5.011872336272725e+005
3	3.310284836451012e+005	3.311311214825908e+005
4	2.349113558736305e+005	2.398832919019490e+005
6	4.958436471830741e+003	5.011872336272725e+003
260	1.634051133445081e+003	1.659586907437561e+003
296	1.518855957707127e+003	1.548816618912481e+003
422	1.160956407549466e+003	1.174897554939529e+003
438	6.731589347311858e+002	6.760829753919819e+002
538	3.463643143301692e+002	3.467368504525317e+002
578	2.358072725990857e+002	2.398832919019490e+002
644	8.796407861399469e+000	8.912509381337454e+000
682	1.212072216340612e-001	1.230268770812382e-001
913	8.234448280114570e-002	8.317637711026708e-002
1103	6.050162840827644e-002	6.165950018614822e-002
1178	3.752711513547868e-002	3.801893963205612e-002
1266	3.690332639982386e-002	3.715352290971726e-002
1295	3.604561378887250e-002	3.630780547701014e-002
1309	3.285108691761851e-002	3.311311214825911e-002
1337	2.717568388529901e-002	2.754228703338166e-002
1363	2.618721213401032e-002	2.630267991895382e-002
1447	2.522034262598016e-002	2.570395782768863e-002
1516	2.463824908583212e-002	2.511886431509579e-002
1632	1.152753129908590e-002	1.174897554939530e-002
1697	1.112614656001276e-002	1.122018454301964e-002
1850	1.048030018388846e-002	1.071519305237607e-002
1908	1.046595713801457e-002	1.047128548050900e-002
2607	1.020715852317533e-002	1.023292992280754e-002
2752	7.324094679606596e-003	7.413102413009177e-003
3857	2.600777803173249e-003	2.630267991895381e-003
3966	2.569660393590190e-003	2.570395782768865e-003
5436	2.207034873568547e-003	2.238721138568340e-003
5680	1.910191837556030e-003	1.949844599758046e-003
6056	1.904605788349389e-003	1.905460717963246e-003
6087	1.624243720650620e-003	1.659586907437561e-003
6283	1.198133621534536e-003	1.202264434617413e-003
6356	9.370954013524502e-004	9.549925860214359e-004
7296	9.332534826501648e-004	9.332543007969915e-004
8626	8.947060463561085e-004	9.120108393559096e-004
9776	8.912445638157296e-004	8.912509381337459e-004
13698	6.882205563555344e-004	6.918309709189362e-004
13784	6.069029306567941e-004	6.165950018614822e-004
14100	5.893275758446226e-004	6.025595860743575e-004
18502	5.882715521778881e-004	5.888436553555889e-004
24364	3.867968346320527e-004	3.890451449942804e-004
27420	3.736844649886439e-004	3.801893963205612e-004
29813	3.646324364046105e-004	3.715352290971724e-004
300001	3.636754955375077e-004	3.715352290971724e-004
%
% index = 878, name = bbob_f008_i19_d03__bbob_f020_i21_d03
% instance = 9, reference value = 8.175677567957620e-001
% function evaluation | indicator value | target hit
1	1.280709155984343e+007	1.288249551693135e+007
4	1.105192821159191e+007	1.122018454301963e+007
5	2.593570732308920e+006	2.630267991895381e+006
6	6.664811314085410e+004	6.760829753919819e+004
314	7.539820864666849e+002	7.585775750291836e+002
866	1.078976902972376e+001	1.096478196143185e+001
1175	1.377444330170262e+000	1.380384264602885e+000
1193	8.118667658232032e-001	8.128305161640993e-001
1318	6.828217624174220e-001	6.918309709189364e-001
1429	6.688594000308330e-001	6.760829753919818e-001
1461	5.652421811648789e-001	5.754399373371569e-001
1569	4.747984368922775e-001	4.786300923226383e-001
1659	4.472586504540078e-001	4.570881896148750e-001
1681	4.454482191859281e-001	4.466835921509632e-001
2041	4.201940935068795e-001	4.265795188015927e-001
2057	3.972187518821732e-001	3.981071705534973e-001
2292	3.544022995126855e-001	3.548133892335755e-001
2475	3.028592963819735e-001	3.090295432513591e-001
2642	2.353896981895836e-001	2.398832919019490e-001
2759	1.748880917945359e-001	1.778279410038923e-001
3033	1.367623810448554e-001	1.380384264602885e-001
3302	1.153959441462272e-001	1.174897554939529e-001
3608	1.044862773536667e-001	1.047128548050900e-001
3946	7.718191379307593e-002	7.762471166286916e-002
4413	7.468596903861180e-002	7.585775750291836e-002
4962	7.158618841676212e-002	7.244359600749903e-002
5215	6.959854895636874e-002	7.079457843841380e-002
5407	6.625678099997523e-002	6.760829753919818e-002
5842	6.429263783961947e-002	6.456542290346556e-002
300001	6.366503772715226e-002	6.456542290346556e-002
%
% index = 879, name = bbob_f008_i21_d03__bbob_f020_i22_d03
% instance = 10, reference value = 9.997748769329580e-001
% function evaluation | indicator value | target hit
1	6.222474732366998e+005	6.309573444801930e+005
2	3.059419001658897e+005	3.090295432513592e+005
3	1.033144483395129e+005	1.047128548050899e+005
4	8.594002807530541e+004	8.709635899560814e+004
5	8.177270706054465e+004	8.317637711026709e+004
6	5.322366975788447e+002	5.370317963702527e+002
283	3.510453582742862e+002	3.548133892335753e+002
311	2.715717385345403e+002	2.754228703338166e+002
390	2.650555539975037e+002	2.691534803926917e+002
394	1.245056592111494e+002	1.258925411794168e+002
452	6.600104780473394e+001	6.606934480075961e+001
526	5.807443190677233e+001	5.888436553555890e+001
537	4.750695330521580e+001	4.786300923226383e+001
663	4.405556169686561e+001	4.466835921509630e+001
705	1.361567874394070e+001	1.380384264602885e+001
734	7.825410075623620e+000	7.943282347242816e+000
745	5.685610941949452e+000	5.754399373371570e+000
792	4.689418105313457e+000	4.786300923226384e+000
822	4.453756697470096e+000	4.466835921509632e+000
1012	3.145329666859976e+000	3.162277660168379e+000
1022	2.831717360593004e+000	2.884031503126606e+000
1105	1.326618629806958e+000	1.348962882591654e+000
1123	1.313643328070458e+000	1.318256738556407e+000
1147	5.746486408424800e-001	5.754399373371569e-001
1226	2.052699265181603e-001	2.089296130854039e-001
1235	1.336295815113986e-001	1.348962882591654e-001
1248	9.095231741185939e-002	9.120108393559097e-002
1277	5.797095205435909e-002	5.888436553555890e-002
1292	5.249133437792997e-002	5.370317963702527e-002
1355	5.060506864682834e-002	5.128613839913648e-002
1362	1.028711409228733e-002	1.047128548050900e-002
1397	1.022643226468201e-002	1.023292992280754e-002
1438	5.486958245998208e-003	5.495408738576248e-003
1532	5.302015376468905e-003	5.370317963702527e-003
1559	5.160244917318813e-003	5.248074602497728e-003
1602	5.124369922597905e-003	5.128613839913648e-003
1616	4.684872388379224e-003	4.786300923226385e-003
1627	4.302758370830828e-003	4.365158322401661e-003
1643	3.074527591505283e-003	3.090295432513592e-003
1733	2.642682550970110e-003	2.691534803926917e-003
1746	2.557635469594533e-003	2.570395782768865e-003
1757	2.260018024862864e-003	2.290867652767772e-003
1780	2.055896217111108e-003	2.089296130854039e-003
1795	2.001635673380964e-003	2.041737944669530e-003
1798	1.993019581914335e-003	1.995262314968879e-003
1850	1.836228035252852e-003	1.862087136662868e-003
1853	1.760911764911666e-003	1.778279410038923e-003
1870	1.711492387242553e-003	1.737800828749376e-003
1965	1.697145941568667e-003	1.698243652461744e-003
1975	1.506790188028018e-003	1.513561248436209e-003
1981	1.339586882655786e-003	1.348962882591653e-003
1991	1.294525658475876e-003	1.318256738556408e-003
2017	1.158828910677756e-003	1.174897554939529e-003
2020	1.144471571998484e-003	1.148153621496883e-003
2053	1.039844425049785e-003	1.047128548050900e-003
2082	9.724108047076685e-004	9.772372209558111e-004
2104	6.794633685351936e-004	6.918309709189362e-004
2151	6.592265054395918e-004	6.606934480075958e-004
2157	6.329087078587037e-004	6.456542290346556e-004
2182	5.314548601821345e-004	5.370317963702527e-004
2196	5.210296971096540e-004	5.248074602497728e-004
2210	4.995660641063937e-004	5.011872336272725e-004
2357	4.608583322273097e-004	4.677351412871981e-004
2359	3.758850277036929e-004	3.801893963205612e-004
2373	3.696004193072255e-004	3.715352290971724e-004
2415	3.611516774487678e-004	3.630780547701014e-004
2447	3.313267468835202e-004	3.388441561392024e-004
2490	3.256115967049666e-004	3.311311214825911e-004
2520	3.177164688841216e-004	3.235936569296281e-004
2525	3.104723494099515e-004	3.162277660168379e-004
2549	3.031778193743895e-004	3.090295432513592e-004
2557	2.770861209099307e-004	2.818382931264455e-004
2572	1.725682972970599e-004	1.737800828749376e-004
2591	1.633016715419933e-004	1.659586907437562e-004
2623	1.621695525346745e-004	1.621810097358930e-004
2652	1.540015078685952e-004	1.548816618912481e-004
2707	1.500488783220400e-004	1.513561248436209e-004
2755	1.444087684475681e-004	1.445439770745928e-004
2781	1.345587621326416e-004	1.348962882591653e-004
2836	1.288579125431344e-004	1.318256738556407e-004
2844	1.286982892457766e-004	1.288249551693134e-004
2849	1.223618619002886e-004	1.230268770812381e-004
2895	1.200197171041806e-004	1.202264434617413e-004
2921	1.147415306448352e-004	1.148153621496883e-004
3002	1.118940423815440e-004	1.122018454301963e-004
3182	1.085661927731074e-004	1.096478196143185e-004
3267	9.979022764772250e-005	1.000000000000000e-004
3450	9.772055589041262e-005	9.772372209558112e-005
3555	7.089151196881804e-005	7.244359600749906e-005
3591	7.077317572312669e-005	7.079457843841373e-005
3613	4.080701404862719e-005	4.168693834703355e-005
3617	4.071468663857658e-005	4.073802778041130e-005
3674	3.979772044537810e-005	3.981071705534970e-005
3894	3.761892458431504e-005	3.801893963205612e-005
4107	3.660577186448411e-005	3.715352290971728e-005
4211	3.619531245846464e-005	3.630780547701010e-005
4244	3.518711599248547e-005	3.548133892335753e-005
4516	3.458492356267495e-005	3.467368504525317e-005
4640	2.563014525602814e-005	2.570395782768865e-005
5392	2.506107454536277e-005	2.511886431509582e-005
13577	2.452805449615347e-005	2.454708915685029e-005
300001	2.448698955614947e-005	2.454708915685029e-005
