%
% index = 960, name = bbob_f014_i02_d03__bbob_f015_i04_d03
% instance = 1, reference value = 9.643940844993461e-001
% function evaluation | indicator value | target hit
1	1.240092204589606e+004	1.258925411794166e+004
4	6.904513881636506e+003	6.918309709189362e+003
6	4.881984340158557e+000	4.897788193684462e+000
436	8.528097637941089e-001	8.709635899560806e-001
813	8.170991007307061e-001	8.317637711026710e-001
894	6.340128013858862e-001	6.456542290346555e-001
1030	6.173190472776311e-001	6.309573444801933e-001
1064	4.870776461058909e-001	4.897788193684462e-001
1137	3.093545325159391e-001	3.162277660168379e-001
1149	2.580926323065175e-001	2.630267991895382e-001
1209	2.436681493220344e-001	2.454708915685031e-001
1276	1.363185781896041e-001	1.380384264602885e-001
1297	1.170802457963657e-001	1.174897554939529e-001
1346	1.089612106365774e-001	1.096478196143185e-001
1417	8.192026078807690e-002	8.317637711026708e-002
1442	7.383641993911871e-002	7.413102413009177e-002
1446	7.137049571601484e-002	7.244359600749903e-002
1572	7.026028196827971e-002	7.079457843841380e-002
1573	6.855884143098490e-002	6.918309709189366e-002
1584	6.688855591770704e-002	6.760829753919818e-002
1612	6.092214376997651e-002	6.165950018614822e-002
1677	5.326639441423786e-002	5.370317963702527e-002
1688	5.051717558027058e-002	5.128613839913648e-002
1693	4.933659481289776e-002	5.011872336272722e-002
1711	4.854384356524788e-002	4.897788193684461e-002
1757	4.580981955278285e-002	4.677351412871982e-002
1761	4.562750535318316e-002	4.570881896148749e-002
1846	4.457610347748253e-002	4.466835921509630e-002
1847	4.338150831728060e-002	4.365158322401658e-002
1850	4.255939723744051e-002	4.265795188015926e-002
1851	3.728383743640951e-002	3.801893963205612e-002
1856	3.688671527243170e-002	3.715352290971726e-002
1865	3.594228481952788e-002	3.630780547701014e-002
1885	3.536288426176049e-002	3.548133892335755e-002
1913	3.440335943276884e-002	3.467368504525317e-002
1975	3.361410867566539e-002	3.388441561392026e-002
1993	3.269323639226318e-002	3.311311214825911e-002
2040	3.233444523630435e-002	3.235936569296283e-002
2119	3.117341131932394e-002	3.162277660168379e-002
2124	2.915489845722852e-002	2.951209226666385e-002
2147	2.869287386557973e-002	2.884031503126606e-002
2190	2.762912086614866e-002	2.818382931264454e-002
2198	2.748660950074877e-002	2.754228703338166e-002
2299	2.684814081130205e-002	2.691534803926915e-002
2387	2.626764422686123e-002	2.630267991895382e-002
2595	2.469747327265137e-002	2.511886431509579e-002
2614	2.454565771466510e-002	2.454708915685030e-002
2736	2.387042349653212e-002	2.398832919019490e-002
2933	1.898143792400109e-002	1.905460717963247e-002
3157	1.845702601714927e-002	1.862087136662868e-002
3286	1.819151820805132e-002	1.819700858609984e-002
3771	1.775006014895209e-002	1.778279410038923e-002
3968	1.724030180316238e-002	1.737800828749376e-002
4303	1.697499826444482e-002	1.698243652461744e-002
4872	1.657198758550149e-002	1.659586907437561e-002
5445	1.606300158160468e-002	1.621810097358930e-002
5947	1.562734294845114e-002	1.584893192461113e-002
6086	1.316417628041755e-002	1.318256738556408e-002
6123	1.254863244749438e-002	1.258925411794168e-002
7564	1.228468045943032e-002	1.230268770812382e-002
9896	1.201242442897876e-002	1.202264434617413e-002
11587	1.161368121187723e-002	1.174897554939530e-002
11660	1.094242852215299e-002	1.096478196143185e-002
14676	1.068424678148605e-002	1.071519305237607e-002
16050	1.046442316441587e-002	1.047128548050900e-002
16919	1.018795091204161e-002	1.023292992280754e-002
19791	9.999629795349185e-003	1.000000000000000e-002
24161	9.764212483088453e-003	9.772372209558112e-003
26286	9.484247411670865e-003	9.549925860214359e-003
35039	9.332229230343159e-003	9.332543007969915e-003
35456	7.889929394473860e-003	7.943282347242814e-003
35949	7.751499969943398e-003	7.762471166286920e-003
40200	7.573506882175729e-003	7.585775750291836e-003
51675	7.411435085990514e-003	7.413102413009177e-003
54875	7.232511938911057e-003	7.244359600749898e-003
58597	6.782633241962821e-003	6.918309709189363e-003
58825	5.556627174277851e-003	5.623413251903491e-003
62350	5.457151118057113e-003	5.495408738576248e-003
75465	5.359618359579210e-003	5.370317963702527e-003
93254	4.968985904281298e-003	5.011872336272725e-003
93403	4.546330506992713e-003	4.570881896148752e-003
107102	4.458840099776928e-003	4.466835921509631e-003
115354	4.357205803794062e-003	4.365158322401661e-003
124652	3.464768224275661e-003	3.467368504525317e-003
150067	3.288799361129469e-003	3.311311214825911e-003
157086	3.233666158284132e-003	3.235936569296281e-003
173591	3.088247389724463e-003	3.090295432513592e-003
176516	2.613934874477031e-003	2.630267991895381e-003
185266	2.556164932622562e-003	2.570395782768865e-003
191099	2.438797661954539e-003	2.454708915685031e-003
196562	2.392297406242583e-003	2.398832919019490e-003
199614	1.372037145824456e-003	1.380384264602885e-003
205473	1.340805084651286e-003	1.348962882591653e-003
207659	1.268618122966747e-003	1.288249551693134e-003
207945	1.253794500817640e-003	1.258925411794168e-003
214640	1.229182864571188e-003	1.230268770812381e-003
226946	1.202057636153886e-003	1.202264434617413e-003
227563	1.122945496502825e-003	1.148153621496883e-003
228652	1.120985764169191e-003	1.122018454301963e-003
234759	1.028589203791785e-003	1.047128548050900e-003
240326	1.020839593450673e-003	1.023292992280754e-003
253036	9.681785871075155e-004	9.772372209558111e-004
266395	9.547327430716734e-004	9.549925860214359e-004
282851	9.156684097039181e-004	9.332543007969915e-004
288111	9.119603506138052e-004	9.120108393559096e-004
300001	9.056428114370130e-004	9.120108393559096e-004
%
% index = 961, name = bbob_f014_i03_d03__bbob_f015_i05_d03
% instance = 2, reference value = 8.967742460711980e-001
% function evaluation | indicator value | target hit
1	1.135869050651210e+014	1.148153621496884e+014
2	1.328179832414287e+006	1.348962882591653e+006
3	1.332248187575863e+004	1.348962882591653e+004
4	2.092040961704881e+003	2.137962089502233e+003
6	1.594192884647767e+003	1.621810097358930e+003
17	1.113165434391129e+003	1.122018454301963e+003
18	1.352751209714024e+002	1.380384264602885e+002
183	1.263162870643119e+002	1.288249551693134e+002
270	1.232438239030167e+002	1.258925411794168e+002
370	1.118742444652289e+002	1.122018454301963e+002
411	9.256099961920153e+001	9.332543007969910e+001
414	5.518758126115029e+001	5.623413251903491e+001
476	1.988009709978022e+001	1.995262314968880e+001
527	1.603150074681875e+001	1.621810097358930e+001
625	8.298504208477905e+000	8.317637711026711e+000
665	6.249608291360066e+000	6.309573444801933e+000
681	3.413710204386044e+000	3.467368504525317e+000
869	1.845131386008698e+000	1.862087136662868e+000
1043	8.759219122575518e-001	8.912509381337456e-001
1215	6.233018300107627e-001	6.309573444801933e-001
1472	5.088425066622603e-001	5.128613839913648e-001
1482	4.746631002988095e-001	4.786300923226383e-001
1496	4.544499463035793e-001	4.570881896148750e-001
1525	4.122234715011467e-001	4.168693834703354e-001
1614	3.939429800741499e-001	3.981071705534973e-001
1652	3.882705559487262e-001	3.890451449942806e-001
1681	3.734812477947436e-001	3.801893963205612e-001
1682	2.876671100784409e-001	2.884031503126606e-001
1790	2.550222351292547e-001	2.570395782768864e-001
1804	2.479406478178586e-001	2.511886431509580e-001
1832	2.414413103906408e-001	2.454708915685031e-001
1840	2.397157137663333e-001	2.398832919019490e-001
1851	2.342809930094698e-001	2.344228815319922e-001
1892	2.276621577697293e-001	2.290867652767773e-001
1906	2.163852542426794e-001	2.187761623949552e-001
1918	1.963398828771585e-001	1.995262314968880e-001
1930	1.855249058860493e-001	1.862087136662868e-001
1944	1.730589732232143e-001	1.737800828749375e-001
1975	1.579526025912101e-001	1.584893192461113e-001
2028	1.510630365388473e-001	1.513561248436208e-001
2036	1.338795264700485e-001	1.348962882591654e-001
2084	1.282241706259476e-001	1.288249551693134e-001
2180	1.008927006873613e-001	1.023292992280754e-001
2241	9.922998713434228e-002	1.000000000000000e-001
2265	9.754003350384621e-002	9.772372209558107e-002
2338	8.374876721216229e-002	8.511380382023763e-002
2399	7.775675756707312e-002	7.943282347242814e-002
2408	7.707532098018299e-002	7.762471166286916e-002
2480	7.558021831936368e-002	7.585775750291836e-002
2602	7.304189006455841e-002	7.413102413009177e-002
2689	7.106474942040941e-002	7.244359600749903e-002
2761	5.105431974141927e-002	5.128613839913648e-002
2791	4.896571431077312e-002	4.897788193684461e-002
3026	4.733320739570823e-002	4.786300923226383e-002
3075	4.666299137331220e-002	4.677351412871982e-002
3187	4.363887172040526e-002	4.365158322401658e-002
3370	4.240912758851523e-002	4.265795188015926e-002
3509	4.156890616852182e-002	4.168693834703355e-002
3565	3.933081226972679e-002	3.981071705534973e-002
3848	3.726115176212275e-002	3.801893963205612e-002
3952	3.507582738441850e-002	3.548133892335755e-002
4512	3.466851396673687e-002	3.467368504525317e-002
4576	3.293211369139126e-002	3.311311214825911e-002
4625	3.149957048804408e-002	3.162277660168379e-002
4809	3.034757667723698e-002	3.090295432513590e-002
4832	3.018171804849923e-002	3.019951720402016e-002
4927	2.924828578815519e-002	2.951209226666385e-002
5105	2.882592003269358e-002	2.884031503126606e-002
5368	2.631840373685623e-002	2.691534803926915e-002
5369	2.492924639408323e-002	2.511886431509579e-002
5501	2.426659892606786e-002	2.454708915685030e-002
5638	2.306040641380902e-002	2.344228815319923e-002
5646	2.282602314215509e-002	2.290867652767774e-002
5805	2.208461125758765e-002	2.238721138568340e-002
5970	2.185344865830285e-002	2.187761623949553e-002
6132	2.083801790361251e-002	2.089296130854040e-002
6174	2.035604430015370e-002	2.041737944669530e-002
6268	1.992422561191909e-002	1.995262314968880e-002
6589	1.822605490723994e-002	1.862087136662868e-002
6673	1.819676117760793e-002	1.819700858609984e-002
6775	1.769686159461059e-002	1.778279410038923e-002
7406	1.725733781406447e-002	1.737800828749376e-002
7595	1.677694128473695e-002	1.698243652461744e-002
7609	1.653948732653310e-002	1.659586907437561e-002
7872	1.620878549365423e-002	1.621810097358930e-002
8208	1.572922975821067e-002	1.584893192461113e-002
8679	1.528119960269136e-002	1.548816618912481e-002
8791	1.506998278988925e-002	1.513561248436208e-002
9195	1.458741894244031e-002	1.479108388168207e-002
9203	1.385542641359439e-002	1.412537544622754e-002
9218	1.379472963592177e-002	1.380384264602885e-002
9322	1.327254200890349e-002	1.348962882591653e-002
9392	1.303169612252542e-002	1.318256738556408e-002
9454	1.287660329314300e-002	1.288249551693134e-002
10040	1.258491421746355e-002	1.258925411794168e-002
10218	1.228922353435724e-002	1.230268770812382e-002
10230	1.200869530200943e-002	1.202264434617413e-002
10249	1.168193425149067e-002	1.174897554939530e-002
10573	1.147551933069368e-002	1.148153621496883e-002
11260	1.091551499350540e-002	1.096478196143185e-002
11535	1.053739215816107e-002	1.071519305237607e-002
11744	1.037093913453291e-002	1.047128548050900e-002
12195	1.006519121862615e-002	1.023292992280754e-002
12200	9.929595932931523e-003	1.000000000000000e-002
12641	9.771359965856541e-003	9.772372209558112e-003
12835	9.543453654769385e-003	9.549925860214359e-003
13500	9.088241588285917e-003	9.120108393559097e-003
14253	8.861079003806949e-003	8.912509381337459e-003
15050	8.709441819350072e-003	8.709635899560805e-003
15590	8.383226410730749e-003	8.511380382023768e-003
16406	8.204126881089624e-003	8.317637711026709e-003
16727	8.068376062023264e-003	8.128305161640995e-003
16919	7.916636334575400e-003	7.943282347242814e-003
17400	7.751571991905348e-003	7.762471166286920e-003
17966	7.418105577355560e-003	7.585775750291836e-003
18030	7.405262641262955e-003	7.413102413009177e-003
18369	7.241914277780648e-003	7.244359600749898e-003
19437	6.645353388729625e-003	6.760829753919818e-003
19676	6.604380467339355e-003	6.606934480075957e-003
20727	6.401372650927217e-003	6.456542290346556e-003
21695	6.279398567307082e-003	6.309573444801930e-003
22052	6.013253585754219e-003	6.025595860743574e-003
23332	5.850011573175773e-003	5.888436553555890e-003
23544	5.734210475540791e-003	5.754399373371567e-003
24217	5.618291588378122e-003	5.623413251903491e-003
24665	5.135716347596797e-003	5.248074602497728e-003
24879	5.128414756966349e-003	5.128613839913648e-003
26064	4.992869933081456e-003	5.011872336272725e-003
28881	4.894736593491045e-003	4.897788193684461e-003
29652	4.785728717959792e-003	4.786300923226385e-003
31207	4.676823881314851e-003	4.677351412871981e-003
33370	4.548773345183999e-003	4.570881896148752e-003
35307	4.466681175067100e-003	4.466835921509631e-003
36242	4.354689215011698e-003	4.365158322401661e-003
37861	4.265638465822619e-003	4.265795188015926e-003
40944	4.153853309651123e-003	4.168693834703355e-003
42136	4.047998238068340e-003	4.073802778041126e-003
47321	3.977559317044577e-003	3.981071705534973e-003
51302	3.880854155648317e-003	3.890451449942805e-003
58654	3.789158416767968e-003	3.801893963205613e-003
72713	3.713398970652482e-003	3.715352290971724e-003
105303	3.630764034514011e-003	3.630780547701014e-003
208964	3.435553464092522e-003	3.467368504525317e-003
211250	2.975347315546162e-003	3.019951720402016e-003
217970	2.793663708487104e-003	2.818382931264455e-003
220228	2.751114442311464e-003	2.754228703338166e-003
221976	2.677893779697516e-003	2.691534803926917e-003
224450	2.064257016698434e-003	2.089296130854039e-003
227615	2.041681866010392e-003	2.041737944669530e-003
229759	1.746013149348302e-003	1.778279410038923e-003
231148	1.720871760805154e-003	1.737800828749376e-003
232228	1.648505331501404e-003	1.659586907437561e-003
244535	1.604363035593637e-003	1.621810097358930e-003
247615	1.509016009816122e-003	1.513561248436209e-003
256420	1.479086328199819e-003	1.479108388168207e-003
280697	1.420231747086831e-003	1.445439770745928e-003
287055	1.411906270051722e-003	1.412537544622754e-003
300001	1.399435142691363e-003	1.412537544622754e-003
%
% index = 962, name = bbob_f014_i07_d03__bbob_f015_i08_d03
% instance = 3, reference value = 9.367763567526160e-001
% function evaluation | indicator value | target hit
1	3.238446620010749e+007	3.311311214825908e+007
2	1.815527604270807e+004	1.819700858609983e+004
3	3.015646133486136e+003	3.019951720402016e+003
10	1.277167081637565e+003	1.288249551693134e+003
21	2.675275002590282e+002	2.691534803926917e+002
51	1.578792062216556e+002	1.584893192461114e+002
382	9.796423818806899e+001	1.000000000000000e+002
391	2.727750388026422e+001	2.754228703338166e+001
501	1.166175431518616e+000	1.174897554939530e+000
1160	8.540756180614227e-001	8.709635899560806e-001
1221	7.758905709328126e-001	7.762471166286917e-001
1462	7.070878318346598e-001	7.079457843841379e-001
1518	6.426228051273325e-001	6.456542290346555e-001
1580	6.308252221076982e-001	6.309573444801933e-001
1618	5.532547525610888e-001	5.623413251903491e-001
1628	3.574368134789658e-001	3.630780547701014e-001
1761	3.490537991544168e-001	3.548133892335755e-001
1766	3.412758556987015e-001	3.467368504525316e-001
1770	3.062677540431916e-001	3.090295432513591e-001
1980	3.015121119797966e-001	3.019951720402016e-001
1981	2.318794899823237e-001	2.344228815319922e-001
2135	1.925048356569729e-001	1.949844599758046e-001
2155	9.212014637923571e-002	9.332543007969910e-002
2162	9.063474814254802e-002	9.120108393559097e-002
2485	8.478635919053734e-002	8.511380382023763e-002
2613	7.614845340216569e-002	7.762471166286916e-002
2756	7.576640296588633e-002	7.585775750291836e-002
2912	7.360000120059718e-002	7.413102413009177e-002
3052	6.343970214042560e-002	6.456542290346556e-002
3200	6.193748966541235e-002	6.309573444801933e-002
3257	6.047985469950512e-002	6.165950018614822e-002
3376	6.025213201265878e-002	6.025595860743578e-002
3614	5.887440487777951e-002	5.888436553555890e-002
3917	5.639447615185278e-002	5.754399373371569e-002
4136	5.610718005716819e-002	5.623413251903491e-002
4567	5.490563575481589e-002	5.495408738576246e-002
4861	5.368823303477166e-002	5.370317963702527e-002
5016	4.408682409184295e-002	4.466835921509630e-002
5298	4.363348927065835e-002	4.365158322401658e-002
5324	3.099683010501508e-002	3.162277660168379e-002
5515	3.087652191473755e-002	3.090295432513590e-002
5865	3.002783729770198e-002	3.019951720402016e-002
5988	2.806601857841207e-002	2.818382931264454e-002
6241	2.706303158713008e-002	2.754228703338166e-002
6436	2.686764291167398e-002	2.691534803926915e-002
6880	2.629325230897794e-002	2.630267991895382e-002
7279	2.568658360877008e-002	2.570395782768863e-002
8054	2.510537650907141e-002	2.511886431509579e-002
8636	2.425877116807540e-002	2.454708915685030e-002
9425	2.396209362030344e-002	2.398832919019490e-002
10315	2.344162977357900e-002	2.344228815319923e-002
10993	2.287910241196489e-002	2.290867652767774e-002
11883	2.230038800000889e-002	2.238721138568340e-002
13771	1.586822311094560e-002	1.621810097358930e-002
14155	1.048552119342949e-002	1.071519305237607e-002
14246	1.027903315837753e-002	1.047128548050900e-002
14519	9.579909758769212e-003	9.772372209558112e-003
14557	9.421410697078581e-003	9.549925860214359e-003
14880	9.332384300162810e-003	9.332543007969915e-003
15817	8.992865188061749e-003	9.120108393559097e-003
16682	8.515383131272758e-003	8.709635899560805e-003
16818	8.506241497932776e-003	8.511380382023768e-003
17675	8.309262691046593e-003	8.317637711026709e-003
18167	7.200619444659440e-003	7.244359600749898e-003
18838	6.988386925858237e-003	7.079457843841380e-003
19352	6.837148885975863e-003	6.918309709189363e-003
19901	6.688028299152826e-003	6.760829753919818e-003
20826	6.009186032436276e-003	6.025595860743574e-003
21133	5.473173876190396e-003	5.495408738576248e-003
22763	5.346549705938397e-003	5.370317963702527e-003
23144	5.145405316032692e-003	5.248074602497728e-003
23951	5.126971601881358e-003	5.128613839913648e-003
26075	5.004125457248265e-003	5.011872336272725e-003
26295	4.887453176144696e-003	4.897788193684461e-003
26918	4.738464087687966e-003	4.786300923226385e-003
26947	4.521465297675054e-003	4.570881896148752e-003
27966	4.449068000442757e-003	4.466835921509631e-003
30325	4.285688463459003e-003	4.365158322401661e-003
32759	4.265115263838104e-003	4.265795188015926e-003
34259	4.124637167466361e-003	4.168693834703355e-003
34940	3.934751114172519e-003	3.981071705534973e-003
35397	3.890146413507711e-003	3.890451449942805e-003
35935	3.646392840306989e-003	3.715352290971724e-003
36995	3.630261656128453e-003	3.630780547701014e-003
37791	3.473446026208138e-003	3.548133892335753e-003
38374	3.466500033451503e-003	3.467368504525317e-003
43331	3.388268833908747e-003	3.388441561392024e-003
55223	3.221943401400917e-003	3.235936569296281e-003
57554	3.127590337937636e-003	3.162277660168379e-003
58207	3.068512805010526e-003	3.090295432513592e-003
60750	3.016396672146149e-003	3.019951720402016e-003
62290	2.633958533078018e-003	2.691534803926917e-003
62586	2.587984792652431e-003	2.630267991895381e-003
64448	2.546435567656991e-003	2.570395782768865e-003
65906	2.509377113553701e-003	2.511886431509579e-003
71787	2.454562194357801e-003	2.454708915685031e-003
73465	2.391689324310886e-003	2.398832919019490e-003
75598	2.338973671974221e-003	2.344228815319923e-003
80859	2.283358029480098e-003	2.290867652767772e-003
90356	2.237058371030276e-003	2.238721138568340e-003
90613	1.946185867170325e-003	1.949844599758046e-003
90812	1.736237962297937e-003	1.737800828749376e-003
91074	1.580475217422439e-003	1.584893192461114e-003
93000	1.541442807352467e-003	1.548816618912481e-003
99876	1.509618601558072e-003	1.513561248436209e-003
111630	1.458141791661705e-003	1.479108388168207e-003
116770	1.444700617729167e-003	1.445439770745928e-003
120407	8.235442652666514e-004	8.317637711026709e-004
121587	6.343276485770710e-004	6.456542290346556e-004
122729	5.749061990998339e-004	5.754399373371566e-004
123457	5.534908830451268e-004	5.623413251903491e-004
123597	5.375415710767717e-004	5.495408738576249e-004
124079	5.364554859417225e-004	5.370317963702527e-004
126367	1.749512975486312e-004	1.778279410038923e-004
127918	1.735963234211768e-004	1.737800828749376e-004
128964	1.635209080913525e-004	1.659586907437562e-004
130282	1.621680624692701e-004	1.621810097358930e-004
130957	1.559150769183670e-004	1.584893192461114e-004
131490	1.506676507707638e-004	1.513561248436209e-004
132894	1.386137407018984e-004	1.412537544622754e-004
133250	1.266763612034483e-004	1.288249551693134e-004
133474	1.247996192168532e-004	1.258925411794167e-004
134309	1.230125040176944e-004	1.230268770812381e-004
137353	1.202214557753933e-004	1.202264434617413e-004
138458	1.159361613550791e-004	1.174897554939529e-004
140099	1.148136198190208e-004	1.148153621496883e-004
141408	1.041777761685570e-004	1.047128548050900e-004
145197	1.023106897016790e-004	1.023292992280754e-004
150726	9.995156136000105e-005	1.000000000000000e-004
152162	9.491428358443521e-005	9.549925860214369e-005
155245	9.326645643048526e-005	9.332543007969905e-005
158135	8.847824534075066e-005	8.912509381337459e-005
161046	8.706729657115275e-005	8.709635899560814e-005
163956	7.418234596745510e-005	7.585775750291836e-005
164035	7.404627697460420e-005	7.413102413009178e-005
170275	7.243551431479478e-005	7.244359600749906e-005
173557	7.079300569901026e-005	7.079457843841373e-005
181732	6.918206291695039e-005	6.918309709189363e-005
190209	6.711765843325779e-005	6.760829753919819e-005
196133	6.606354641192080e-005	6.606934480075965e-005
206018	6.455720384501706e-005	6.456542290346549e-005
215316	6.276225866486129e-005	6.309573444801929e-005
227052	6.165274360758755e-005	6.165950018614822e-005
240103	6.024161294782005e-005	6.025595860743581e-005
250313	5.392803366421894e-005	5.495408738576248e-005
252364	5.370188322295633e-005	5.370317963702533e-005
265804	5.247992709234151e-005	5.248074602497723e-005
279973	5.128312714819394e-005	5.128613839913648e-005
289050	4.928801251857795e-005	5.011872336272725e-005
289460	4.851339147837752e-005	4.897788193684466e-005
297251	4.786275357282488e-005	4.786300923226380e-005
300001	4.769751493383101e-005	4.786300923226380e-005
%
% index = 963, name = bbob_f014_i09_d03__bbob_f015_i10_d03
% instance = 4, reference value = 9.562871624334950e-001
% function evaluation | indicator value | target hit
1	4.734063286441692e+004	4.786300923226380e+004
4	2.813461658641483e+004	2.818382931264455e+004
6	7.801770947934743e+001	7.943282347242814e+001
10	4.898812857335680e+001	5.011872336272722e+001
39	3.863859050586520e+001	3.890451449942807e+001
108	1.561961755947560e+001	1.584893192461113e+001
264	1.195435154841197e+001	1.202264434617413e+001
327	9.040257628094574e+000	9.120108393559097e+000
417	3.634616158784495e+000	3.715352290971725e+000
900	4.893464186882349e-001	4.897788193684462e-001
1031	4.443517799815480e-001	4.466835921509632e-001
1298	4.070504275030890e-001	4.073802778041127e-001
1459	3.227407994271416e-001	3.235936569296283e-001
1471	2.551356028881548e-001	2.570395782768864e-001
1482	2.433458754030272e-001	2.454708915685031e-001
1504	2.139134115687383e-001	2.187761623949552e-001
1542	1.973289384717643e-001	1.995262314968880e-001
1563	1.614115452462129e-001	1.621810097358930e-001
1574	1.525064927702758e-001	1.548816618912481e-001
1610	1.274828156149140e-001	1.288249551693134e-001
1627	1.254496181019300e-001	1.258925411794167e-001
1670	1.186426834506222e-001	1.202264434617413e-001
1681	1.138983501678775e-001	1.148153621496883e-001
1706	1.112666549490549e-001	1.122018454301964e-001
1712	1.028143057342438e-001	1.047128548050900e-001
1719	1.021949045864199e-001	1.023292992280754e-001
1721	9.400001765047295e-002	9.549925860214359e-002
1722	9.326958882126579e-002	9.332543007969910e-002
1727	8.864388028450920e-002	8.912509381337455e-002
1835	8.431479712878376e-002	8.511380382023763e-002
1858	8.308290959861997e-002	8.317637711026708e-002
1866	7.844383147534928e-002	7.943282347242814e-002
1917	7.106016789043101e-002	7.244359600749903e-002
1924	6.975126152577071e-002	7.079457843841380e-002
1977	6.391435672976642e-002	6.456542290346556e-002
1982	6.107188868876512e-002	6.165950018614822e-002
2003	6.002513045275448e-002	6.025595860743578e-002
2004	5.794889233106981e-002	5.888436553555890e-002
2014	5.725679341150636e-002	5.754399373371569e-002
2035	5.612397415811354e-002	5.623413251903491e-002
2050	5.425236505938036e-002	5.495408738576246e-002
2063	5.333767837420544e-002	5.370317963702527e-002
2105	5.195632646584947e-002	5.248074602497726e-002
2135	4.958741756489538e-002	5.011872336272722e-002
2156	4.891234892671947e-002	4.897788193684461e-002
2170	4.638279017416003e-002	4.677351412871982e-002
2252	3.987411587305034e-002	4.073802778041128e-002
2292	3.966169451054602e-002	3.981071705534973e-002
2347	3.830140969684692e-002	3.890451449942807e-002
2367	3.800393775955702e-002	3.801893963205612e-002
2383	3.327366790651676e-002	3.388441561392026e-002
2405	3.297870245371204e-002	3.311311214825911e-002
2441	3.214043160546787e-002	3.235936569296283e-002
2499	3.016232441792843e-002	3.019951720402016e-002
2529	2.894644477395802e-002	2.951209226666385e-002
2565	2.798819918992013e-002	2.818382931264454e-002
2589	2.608054080901401e-002	2.630267991895382e-002
2634	2.563299576523270e-002	2.570395782768863e-002
2636	2.496535158930457e-002	2.511886431509579e-002
2647	2.452188248475296e-002	2.454708915685030e-002
2694	2.373390946540843e-002	2.398832919019490e-002
2697	2.344049367951784e-002	2.344228815319923e-002
2706	2.284881972925046e-002	2.290867652767774e-002
2789	2.146570467236852e-002	2.187761623949553e-002
2810	2.110380816359869e-002	2.137962089502233e-002
2814	2.082490230588907e-002	2.089296130854040e-002
2850	2.027384105137142e-002	2.041737944669530e-002
2919	1.971182195428545e-002	1.995262314968880e-002
2976	1.947129716892637e-002	1.949844599758046e-002
2993	1.878670886294942e-002	1.905460717963247e-002
3017	1.861238493015549e-002	1.862087136662868e-002
3055	1.511409266937613e-002	1.513561248436208e-002
3097	1.133167998002160e-002	1.148153621496883e-002
3158	1.118270798223653e-002	1.122018454301964e-002
3242	1.087725664589900e-002	1.096478196143185e-002
3312	1.058585150018099e-002	1.071519305237607e-002
3327	1.038027321527468e-002	1.047128548050900e-002
3342	1.023157124335050e-002	1.023292992280754e-002
3380	9.992089673620086e-003	1.000000000000000e-002
3440	9.758334461560603e-003	9.772372209558112e-003
3533	9.522497344329972e-003	9.549925860214359e-003
3657	9.327476477960173e-003	9.332543007969915e-003
3693	8.941998004576846e-003	9.120108393559097e-003
3701	8.816031786934131e-003	8.912509381337459e-003
3796	8.296308200462677e-003	8.317637711026709e-003
3878	8.103591037488922e-003	8.128305161640995e-003
4114	7.942605897751864e-003	7.943282347242814e-003
4447	7.710183066772514e-003	7.762471166286920e-003
4471	7.520465526297926e-003	7.585775750291836e-003
4537	7.375027027992531e-003	7.413102413009177e-003
4698	7.239023640978393e-003	7.244359600749898e-003
4756	6.968899999733824e-003	7.079457843841380e-003
4775	6.666216787143631e-003	6.760829753919818e-003
4876	6.586586570560216e-003	6.606934480075957e-003
4911	6.228712982311646e-003	6.309573444801930e-003
4921	6.142515860720454e-003	6.165950018614822e-003
5077	6.020746364725160e-003	6.025595860743574e-003
5295	5.873494912404076e-003	5.888436553555890e-003
5386	5.748213568811722e-003	5.754399373371567e-003
5609	5.618528056492989e-003	5.623413251903491e-003
5877	5.340963679208666e-003	5.370317963702527e-003
6185	5.247225278947720e-003	5.248074602497728e-003
6508	5.069154827843869e-003	5.128613839913648e-003
6623	5.009553004384992e-003	5.011872336272725e-003
7377	4.893960701591094e-003	4.897788193684461e-003
7811	4.721030498756385e-003	4.786300923226385e-003
8170	4.660183110204219e-003	4.677351412871981e-003
8303	4.183110849866778e-003	4.265795188015926e-003
8350	4.165068475849854e-003	4.168693834703355e-003
9114	4.070127235675125e-003	4.073802778041126e-003
9676	3.930547278593100e-003	3.981071705534973e-003
9955	3.879803333757037e-003	3.890451449942805e-003
10113	3.765344001687598e-003	3.801893963205613e-003
10360	3.698230043677753e-003	3.715352290971724e-003
10723	3.599331902778280e-003	3.630780547701014e-003
11359	3.524547944097400e-003	3.548133892335753e-003
11678	3.319154546328362e-003	3.388441561392024e-003
11908	3.304443419254066e-003	3.311311214825911e-003
13464	3.234110726645811e-003	3.235936569296281e-003
14320	3.149919176126170e-003	3.162277660168379e-003
15151	3.017603608526209e-003	3.019951720402016e-003
17079	2.864958207951185e-003	2.884031503126606e-003
18032	2.817180176639456e-003	2.818382931264455e-003
19202	2.753828947495429e-003	2.754228703338166e-003
20274	2.690875475969801e-003	2.691534803926917e-003
22079	2.625761689811657e-003	2.630267991895381e-003
24081	2.552997980297178e-003	2.570395782768865e-003
24337	2.501894525126169e-003	2.511886431509579e-003
26026	2.454420068265462e-003	2.454708915685031e-003
26868	2.393020393694934e-003	2.398832919019490e-003
28612	2.305163444003555e-003	2.344228815319923e-003
29293	2.287447207249715e-003	2.290867652767772e-003
32572	2.235769693869849e-003	2.238721138568340e-003
34753	2.182326759483155e-003	2.187761623949552e-003
35643	2.128614722246347e-003	2.137962089502233e-003
39511	1.990064694159299e-003	1.995262314968879e-003
40520	1.947712746125041e-003	1.949844599758046e-003
44790	1.893942549006211e-003	1.905460717963246e-003
49170	1.860173302545176e-003	1.862087136662868e-003
55873	1.819387383668714e-003	1.819700858609983e-003
60240	1.776250079410846e-003	1.778279410038923e-003
63305	1.737791939919631e-003	1.737800828749376e-003
66974	1.675272704164454e-003	1.698243652461744e-003
68332	1.650693710584461e-003	1.659586907437561e-003
71640	1.621225321359110e-003	1.621810097358930e-003
79853	1.463410612940641e-003	1.479108388168207e-003
83189	1.411807377219021e-003	1.412537544622754e-003
86365	1.340592169096544e-003	1.348962882591653e-003
91279	1.317972373695908e-003	1.318256738556408e-003
101630	1.288016704727890e-003	1.288249551693134e-003
114927	1.258779173911373e-003	1.258925411794168e-003
122596	1.223273894854660e-003	1.230268770812381e-003
132098	1.200727549991121e-003	1.202264434617413e-003
145448	1.173103550540011e-003	1.174897554939529e-003
172155	1.148112345858876e-003	1.148153621496883e-003
179381	1.101166617129112e-003	1.122018454301963e-003
182639	1.096383954403479e-003	1.096478196143185e-003
191892	1.068404649945731e-003	1.071519305237606e-003
194691	1.047124464945037e-003	1.047128548050900e-003
217093	1.023175229280970e-003	1.023292992280754e-003
245019	9.999969879519455e-004	1.000000000000000e-003
282307	9.771624641050636e-004	9.772372209558111e-004
300001	9.726072161111432e-004	9.772372209558111e-004
%
% index = 964, name = bbob_f014_i11_d03__bbob_f015_i12_d03
% instance = 5, reference value = 9.333728282755470e-001
% function evaluation | indicator value | target hit
1	9.078361058482529e+009	9.120108393559115e+009
2	2.579066830322245e+005	2.630267991895382e+005
3	1.918685161980763e+005	1.949844599758046e+005
5	3.737668586794341e+002	3.801893963205613e+002
6	3.202859828786963e+002	3.235936569296281e+002
9	5.695059990696520e+001	5.754399373371570e+001
150	6.140572903907966e+000	6.165950018614822e+000
380	5.713754625450282e+000	5.754399373371570e+000
616	2.991737646275678e+000	3.019951720402016e+000
620	1.978915202737948e+000	1.995262314968880e+000
624	1.503665305087047e+000	1.513561248436208e+000
878	1.270725408269440e+000	1.288249551693134e+000
916	1.009290742323047e+000	1.023292992280754e+000
967	8.457738882359762e-001	8.511380382023764e-001
1047	6.659045034107387e-001	6.760829753919818e-001
1109	5.829624442976573e-001	5.888436553555889e-001
1136	5.258083710397181e-001	5.370317963702527e-001
1158	4.971482240008636e-001	5.011872336272722e-001
1175	4.683097955190297e-001	4.786300923226383e-001
1211	4.538126173625958e-001	4.570881896148750e-001
1236	4.174601198027650e-001	4.265795188015927e-001
1239	4.058141300230338e-001	4.073802778041127e-001
1266	2.484265921256259e-001	2.511886431509580e-001
1355	1.927380717315946e-001	1.949844599758046e-001
1384	1.901650208561327e-001	1.905460717963247e-001
1399	1.861697865688522e-001	1.862087136662868e-001
1420	1.526255224487253e-001	1.548816618912481e-001
1489	1.436207777577032e-001	1.445439770745928e-001
1540	1.401617774867144e-001	1.412537544622755e-001
1542	1.329008985050845e-001	1.348962882591654e-001
1560	1.304947675232422e-001	1.318256738556407e-001
1600	1.264969387671513e-001	1.288249551693134e-001
1604	1.256717460247974e-001	1.258925411794167e-001
1647	1.175448001511965e-001	1.202264434617413e-001
1663	1.105539424535429e-001	1.122018454301964e-001
1737	1.068001776792322e-001	1.071519305237607e-001
1741	9.304321218054545e-002	9.332543007969910e-002
1744	8.236789134762390e-002	8.317637711026708e-002
1760	8.107641215416384e-002	8.128305161640990e-002
1783	7.714762594693292e-002	7.762471166286916e-002
1884	7.424588933150178e-002	7.585775750291836e-002
1891	7.266466703103247e-002	7.413102413009177e-002
1920	7.147886854879271e-002	7.244359600749903e-002
1960	7.071899576449459e-002	7.079457843841380e-002
2010	6.821259045944728e-002	6.918309709189366e-002
2126	6.752943563251779e-002	6.760829753919818e-002
2310	6.569194429068415e-002	6.606934480075961e-002
2316	6.328653939022655e-002	6.456542290346556e-002
2319	6.032958689069001e-002	6.165950018614822e-002
2321	6.006579729585548e-002	6.025595860743578e-002
2336	5.599309226877003e-002	5.623413251903491e-002
2478	5.473566201680780e-002	5.495408738576246e-002
2500	4.986587870211123e-002	5.011872336272722e-002
2577	4.830353896950490e-002	4.897788193684461e-002
2604	4.744808570153436e-002	4.786300923226383e-002
2741	4.655973777707223e-002	4.677351412871982e-002
2855	4.569284169540799e-002	4.570881896148749e-002
2949	4.419294449511435e-002	4.466835921509630e-002
3280	4.358827181861535e-002	4.365158322401658e-002
3603	4.208721512151026e-002	4.265795188015926e-002
3885	4.167159390699771e-002	4.168693834703355e-002
4186	3.676382424123492e-002	3.715352290971726e-002
4608	3.586130364373508e-002	3.630780547701014e-002
4637	3.478352937086571e-002	3.548133892335755e-002
4660	3.466941208161700e-002	3.467368504525317e-002
4879	3.376759175641819e-002	3.388441561392026e-002
5542	3.286691377640771e-002	3.311311214825911e-002
5720	2.961417133284205e-002	3.019951720402016e-002
5972	2.950061611490618e-002	2.951209226666385e-002
6010	2.880234330288733e-002	2.884031503126606e-002
6351	2.718260715395438e-002	2.754228703338166e-002
6394	2.646517468644383e-002	2.691534803926915e-002
6525	2.595353745543327e-002	2.630267991895382e-002
6566	2.563202855746449e-002	2.570395782768863e-002
6711	2.469747075038731e-002	2.511886431509579e-002
6760	2.449037801187193e-002	2.454708915685030e-002
7056	2.389051977423073e-002	2.398832919019490e-002
7195	2.318514983730258e-002	2.344228815319923e-002
7331	2.290397025092661e-002	2.290867652767774e-002
7581	2.220629526860141e-002	2.238721138568340e-002
7732	2.187726332685236e-002	2.187761623949553e-002
7953	2.094361607390194e-002	2.137962089502233e-002
7956	2.072479923766502e-002	2.089296130854040e-002
8440	1.587107681059308e-002	1.621810097358930e-002
8500	1.579722855297294e-002	1.584893192461113e-002
8678	1.547823110800073e-002	1.548816618912481e-002
8922	1.337785463321850e-002	1.348962882591653e-002
9258	1.315205753639959e-002	1.318256738556408e-002
9603	1.278634745496632e-002	1.288249551693134e-002
10051	1.258833880159782e-002	1.258925411794168e-002
11009	1.175678685058679e-002	1.202264434617413e-002
11043	1.174803386198042e-002	1.174897554939530e-002
11159	1.109693037603943e-002	1.122018454301964e-002
11502	1.095404366898989e-002	1.096478196143185e-002
12351	1.046184044961473e-002	1.047128548050900e-002
13178	1.017978426963684e-002	1.023292992280754e-002
13373	9.734946843211523e-003	9.772372209558112e-003
14382	9.480553904013922e-003	9.549925860214359e-003
15098	9.252512774118427e-003	9.332543007969915e-003
16027	9.116240758244132e-003	9.120108393559097e-003
18007	8.910106221082126e-003	8.912509381337459e-003
18137	8.429787194078720e-003	8.511380382023768e-003
18793	8.291789513637515e-003	8.317637711026709e-003
20446	7.008217747708434e-003	7.079457843841380e-003
21174	6.835877832378046e-003	6.918309709189363e-003
22291	6.746569309669881e-003	6.760829753919818e-003
22723	6.578199907078530e-003	6.606934480075957e-003
23393	6.419616255544769e-003	6.456542290346556e-003
24103	6.071188112959147e-003	6.165950018614822e-003
25276	6.024616609412559e-003	6.025595860743574e-003
29581	5.811707224867235e-003	5.888436553555890e-003
30849	5.731751336598090e-003	5.754399373371567e-003
31473	5.433099172416300e-003	5.495408738576248e-003
33904	5.365827900164821e-003	5.370317963702527e-003
35074	5.245496193871158e-003	5.248074602497728e-003
36887	5.127682627998231e-003	5.128613839913648e-003
37480	4.727884979039643e-003	4.786300923226385e-003
38005	4.632710036734711e-003	4.677351412871981e-003
38476	4.396259550786485e-003	4.466835921509631e-003
39232	4.330430983856437e-003	4.365158322401661e-003
39982	4.265654004926289e-003	4.265795188015926e-003
42754	4.150447097528209e-003	4.168693834703355e-003
44163	4.007227824800341e-003	4.073802778041126e-003
47005	3.947240306648170e-003	3.981071705534973e-003
47840	3.881833755306041e-003	3.890451449942805e-003
50101	3.800974695144288e-003	3.801893963205613e-003
55985	3.647970294163083e-003	3.715352290971724e-003
58569	3.630580494600300e-003	3.630780547701014e-003
70513	3.548038517229513e-003	3.548133892335753e-003
80789	2.880200746479766e-003	2.884031503126606e-003
86542	2.624734581682886e-003	2.630267991895381e-003
87800	2.289256621372693e-003	2.290867652767772e-003
88072	2.091829880039975e-003	2.137962089502233e-003
89266	2.081295062752897e-003	2.089296130854039e-003
103367	2.026048590047846e-003	2.041737944669530e-003
104166	1.815955825751892e-003	1.819700858609983e-003
108984	1.704597881341918e-003	1.737800828749376e-003
109514	1.697489561648502e-003	1.698243652461744e-003
118093	1.208965631636860e-003	1.230268770812381e-003
122838	1.201712520684239e-003	1.202264434617413e-003
125298	1.173496935175766e-003	1.174897554939529e-003
131022	1.147865185724406e-003	1.148153621496883e-003
133809	1.114141680312208e-003	1.122018454301963e-003
138494	8.394864603177288e-004	8.511380382023768e-004
141014	8.292214108046592e-004	8.317637711026709e-004
141278	7.972563292135693e-004	8.128305161640995e-004
141487	7.934491377556974e-004	7.943282347242813e-004
142992	6.244613265119492e-004	6.309573444801930e-004
143156	6.051431870027768e-004	6.165950018614822e-004
144448	5.987043789809077e-004	6.025595860743575e-004
146176	5.878398343869273e-004	5.888436553555889e-004
148009	5.698013026761428e-004	5.754399373371566e-004
149417	5.612033086291879e-004	5.623413251903491e-004
151232	5.494701509143329e-004	5.495408738576249e-004
160619	5.362261912924549e-004	5.370317963702527e-004
162073	5.149171168009614e-004	5.248074602497728e-004
165178	5.127835682744442e-004	5.128613839913648e-004
174239	4.899525203697630e-004	5.011872336272725e-004
174365	4.897531216710993e-004	4.897788193684461e-004
185332	4.785209166735527e-004	4.786300923226385e-004
202150	4.676827683958162e-004	4.677351412871981e-004
226193	4.570707567591592e-004	4.570881896148752e-004
247504	4.461535642392711e-004	4.466835921509631e-004
267708	4.365127643307654e-004	4.365158322401661e-004
284898	4.265448854702258e-004	4.265795188015926e-004
300001	4.211371613074277e-004	4.265795188015926e-004
%
% index = 965, name = bbob_f014_i13_d03__bbob_f015_i14_d03
% instance = 6, reference value = 8.871240020440220e-001
% function evaluation | indicator value | target hit
1	4.226938224925051e+005	4.265795188015926e+005
4	5.208833022292139e+004	5.248074602497723e+004
6	2.574183479224675e+003	2.630267991895381e+003
9	6.931867636379718e+002	7.079457843841381e+002
58	4.922263481983286e+002	5.011872336272725e+002
108	1.313699037757909e+002	1.318256738556407e+002
159	3.040342651289992e+001	3.090295432513591e+001
658	2.362869027233867e+001	2.398832919019490e+001
743	2.209159918657522e+000	2.238721138568339e+000
879	1.641789247174522e+000	1.659586907437561e+000
1108	1.399926755427522e+000	1.412537544622754e+000
1254	9.838445142250220e-001	1.000000000000000e+000
1310	5.545192092401873e-001	5.623413251903491e-001
1427	5.358314604593899e-001	5.370317963702527e-001
1430	4.918401710199946e-001	5.011872336272722e-001
1487	4.815850335032090e-001	4.897788193684462e-001
1563	4.701515205071695e-001	4.786300923226383e-001
1592	4.167960020965087e-001	4.168693834703354e-001
1684	3.703193966167403e-001	3.715352290971726e-001
1733	3.572804247349420e-001	3.630780547701014e-001
1751	3.544369195181009e-001	3.548133892335755e-001
1768	2.813056727934891e-001	2.818382931264454e-001
1775	2.508730968679442e-001	2.511886431509580e-001
1784	1.840342467059263e-001	1.862087136662868e-001
1790	1.668561694587335e-001	1.698243652461744e-001
1960	1.614053025507577e-001	1.621810097358930e-001
1982	1.485907156635261e-001	1.513561248436208e-001
2013	1.411584546930338e-001	1.412537544622755e-001
2198	1.246627526187161e-001	1.258925411794167e-001
2233	1.214619092599012e-001	1.230268770812382e-001
2238	1.045188801704092e-001	1.047128548050900e-001
2252	9.977238604648497e-002	1.000000000000000e-001
2489	9.519767411615621e-002	9.549925860214359e-002
2500	9.095005261060463e-002	9.120108393559097e-002
2658	7.678791893506964e-002	7.762471166286916e-002
2659	7.303379693814160e-002	7.413102413009177e-002
2669	7.232562082887861e-002	7.244359600749903e-002
2720	7.018041006563502e-002	7.079457843841380e-002
2779	6.864104546992056e-002	6.918309709189366e-002
2782	6.712719871091211e-002	6.760829753919818e-002
2802	6.259536235011365e-002	6.309573444801933e-002
2911	6.063339488165043e-002	6.165950018614822e-002
2959	5.950927183211008e-002	6.025595860743578e-002
3004	5.595668739425919e-002	5.623413251903491e-002
3037	5.429851254824447e-002	5.495408738576246e-002
3236	5.296458677905169e-002	5.370317963702527e-002
3287	5.004654538824538e-002	5.011872336272722e-002
3401	4.871175594118138e-002	4.897788193684461e-002
3516	4.774854869171230e-002	4.786300923226383e-002
3644	4.657662085793024e-002	4.677351412871982e-002
3681	4.479802562354351e-002	4.570881896148749e-002
3686	4.054536736039349e-002	4.073802778041128e-002
3883	3.938003133697510e-002	3.981071705534973e-002
3939	3.820346178811873e-002	3.890451449942807e-002
3975	3.796766853484923e-002	3.801893963205612e-002
4174	3.649273434686773e-002	3.715352290971726e-002
4302	3.627122975556507e-002	3.630780547701014e-002
4395	3.524025545777065e-002	3.548133892335755e-002
4593	3.441153395453822e-002	3.467368504525317e-002
4670	3.367530765746118e-002	3.388441561392026e-002
4729	3.265838400812215e-002	3.311311214825911e-002
4742	3.214393911656688e-002	3.235936569296283e-002
4871	3.161294720277674e-002	3.162277660168379e-002
4908	3.031634346571088e-002	3.090295432513590e-002
4957	3.000206798438709e-002	3.019951720402016e-002
5051	2.874661747642204e-002	2.884031503126606e-002
5121	2.704059562200456e-002	2.754228703338166e-002
5129	2.690588128473437e-002	2.691534803926915e-002
5354	2.623172022353804e-002	2.630267991895382e-002
5411	2.547814874110210e-002	2.570395782768863e-002
5531	2.495884991108810e-002	2.511886431509579e-002
5834	2.449193541072481e-002	2.454708915685030e-002
5849	2.356515436560858e-002	2.398832919019490e-002
5931	2.339788353808747e-002	2.344228815319923e-002
6099	2.270795249781921e-002	2.290867652767774e-002
6144	2.182282167189276e-002	2.187761623949553e-002
6353	2.137869768778311e-002	2.137962089502233e-002
6540	2.088471914704948e-002	2.089296130854040e-002
6606	2.041583915801171e-002	2.041737944669530e-002
6729	1.981848466593272e-002	1.995262314968880e-002
6809	1.942249802685547e-002	1.949844599758046e-002
7022	1.887228841892252e-002	1.905460717963247e-002
7193	1.851659830558006e-002	1.862087136662868e-002
7500	1.781139879171012e-002	1.819700858609984e-002
7545	1.778008526839381e-002	1.778279410038923e-002
8052	1.737204172510287e-002	1.737800828749376e-002
8625	1.661539581409988e-002	1.698243652461744e-002
8707	1.659551425649963e-002	1.659586907437561e-002
9394	1.585153053350463e-002	1.621810097358930e-002
9493	1.584724427314932e-002	1.584893192461113e-002
9615	1.548464801103811e-002	1.548816618912481e-002
9961	1.507721168652421e-002	1.513561248436208e-002
10432	1.478045298243835e-002	1.479108388168207e-002
11309	1.444341101073987e-002	1.445439770745927e-002
12684	1.391442040081070e-002	1.412537544622754e-002
12816	1.338574753590205e-002	1.348962882591653e-002
12853	1.310717535632933e-002	1.318256738556408e-002
13496	1.287939105219815e-002	1.288249551693134e-002
14174	1.032804767275630e-002	1.047128548050900e-002
14712	1.023282357550304e-002	1.023292992280754e-002
15497	9.787582992542787e-003	1.000000000000000e-002
15583	9.767126191637776e-003	9.772372209558112e-003
17643	9.410141813542938e-003	9.549925860214359e-003
17726	9.332166978205936e-003	9.332543007969915e-003
19347	9.104214694587220e-003	9.120108393559097e-003
20682	8.551957545931410e-003	8.709635899560805e-003
20894	8.509449667802094e-003	8.511380382023768e-003
21622	8.125171851622204e-003	8.128305161640995e-003
23677	7.903005765302784e-003	7.943282347242814e-003
23863	7.738148156938185e-003	7.762471166286920e-003
24417	7.554305248611448e-003	7.585775750291836e-003
25312	7.015959512248204e-003	7.079457843841380e-003
26005	5.546095013347130e-003	5.623413251903491e-003
28753	5.494528324588299e-003	5.495408738576248e-003
29003	5.090591075871287e-003	5.128613839913648e-003
30899	5.009389256828700e-003	5.011872336272725e-003
35889	4.897507988525729e-003	4.897788193684461e-003
39284	4.729131694875766e-003	4.786300923226385e-003
45599	4.676925869174897e-003	4.677351412871981e-003
50645	4.525701331690835e-003	4.570881896148752e-003
53637	4.421464253408058e-003	4.466835921509631e-003
74005	4.365132375710124e-003	4.365158322401661e-003
78404	4.123352398241020e-003	4.168693834703355e-003
82080	4.073772236379725e-003	4.073802778041126e-003
82424	3.785449196561319e-003	3.801893963205613e-003
85463	3.423393988111090e-003	3.467368504525317e-003
91575	3.385645929089187e-003	3.388441561392024e-003
94027	2.674781964578932e-003	2.691534803926917e-003
95474	2.590662038763125e-003	2.630267991895381e-003
96001	2.533098894904606e-003	2.570395782768865e-003
96168	2.447935864265616e-003	2.454708915685031e-003
96741	2.397384865598151e-003	2.398832919019490e-003
101030	2.234523929032006e-003	2.238721138568340e-003
101110	2.185337478587512e-003	2.187761623949552e-003
106158	2.137496330904987e-003	2.137962089502233e-003
109315	2.021824453805721e-003	2.041737944669530e-003
110671	1.515439224914483e-003	1.548816618912481e-003
111570	1.499202911268038e-003	1.513561248436209e-003
113748	1.479019691009831e-003	1.479108388168207e-003
114542	1.156995878655254e-003	1.174897554939529e-003
118030	8.902509355216415e-004	8.912509381337459e-004
120426	7.834162817124124e-004	7.943282347242813e-004
120737	7.722483038271610e-004	7.762471166286919e-004
127170	7.419796075399665e-004	7.585775750291835e-004
127698	7.411887442652088e-004	7.413102413009177e-004
128426	7.049449898173243e-004	7.079457843841380e-004
128459	6.558201201902758e-004	6.606934480075958e-004
129895	6.216965722308787e-004	6.309573444801930e-004
136363	6.165306178854690e-004	6.165950018614822e-004
137806	5.968899768469260e-004	6.025595860743575e-004
140215	5.555770613716593e-004	5.623413251903491e-004
142723	5.489705774299747e-004	5.495408738576249e-004
145826	5.272819622279545e-004	5.370317963702527e-004
149122	5.247229551539334e-004	5.248074602497728e-004
153616	4.912949808347777e-004	5.011872336272725e-004
155420	4.829670605831504e-004	4.897788193684461e-004
155820	4.567042931685750e-004	4.570881896148752e-004
155960	4.375558415720127e-004	4.466835921509631e-004
157456	4.352605592082837e-004	4.365158322401661e-004
160082	4.006709708600509e-004	4.073802778041126e-004
160762	3.821767923977149e-004	3.890451449942804e-004
161512	3.795470491644304e-004	3.801893963205612e-004
163566	3.663058636946825e-004	3.715352290971724e-004
164732	3.482307458976264e-004	3.548133892335753e-004
166282	3.451371269581616e-004	3.467368504525317e-004
170531	3.355548516693618e-004	3.388441561392024e-004
171929	3.224967785977473e-004	3.235936569296281e-004
176616	3.161909590722045e-004	3.162277660168379e-004
177874	3.087982707741244e-004	3.090295432513592e-004
182312	2.994431728423619e-004	3.019951720402016e-004
186905	2.950285582419276e-004	2.951209226666387e-004
195369	2.825834322660592e-004	2.884031503126606e-004
197184	2.818075722375024e-004	2.818382931264455e-004
206149	2.754227461720937e-004	2.754228703338166e-004
209904	2.657483782079195e-004	2.691534803926917e-004
218207	2.629825396556207e-004	2.630267991895381e-004
231212	2.569593103827206e-004	2.570395782768865e-004
231597	2.143667371952152e-004	2.187761623949552e-004
231970	2.137815762922601e-004	2.137962089502232e-004
238775	2.054646700214713e-004	2.089296130854039e-004
244873	2.041529247447382e-004	2.041737944669530e-004
246369	1.935309455849410e-004	1.949844599758046e-004
260274	1.904757640843746e-004	1.905460717963246e-004
269727	1.857783110944533e-004	1.862087136662868e-004
279891	1.786638085322645e-004	1.819700858609983e-004
280820	1.777747174114275e-004	1.778279410038923e-004
300001	1.740549815201220e-004	1.778279410038923e-004
%
% index = 966, name = bbob_f014_i15_d03__bbob_f015_i16_d03
% instance = 7, reference value = 9.125139485688980e-001
% function evaluation | indicator value | target hit
1	1.045053925172541e+011	1.047128548050898e+011
2	4.623055491209555e+006	4.677351412871981e+006
3	5.315635863121911e+005	5.370317963702533e+005
4	8.903664473253311e+003	8.912509381337459e+003
5	4.846429708033381e+002	4.897788193684461e+002
6	5.636530215666630e+001	5.754399373371570e+001
37	1.777590128314647e+001	1.778279410038923e+001
209	1.084136949933267e+001	1.096478196143185e+001
292	7.288029603985470e+000	7.413102413009175e+000
360	6.120671070239467e+000	6.165950018614822e+000
411	1.995826336882398e+000	2.041737944669529e+000
619	9.995317134293980e-001	1.000000000000000e+000
807	7.473123083221448e-001	7.585775750291838e-001
960	6.587765465400872e-001	6.606934480075960e-001
967	6.004348249160871e-001	6.025595860743578e-001
1016	5.587568564578199e-001	5.623413251903491e-001
1025	5.242190072090880e-001	5.248074602497725e-001
1052	4.422475655477287e-001	4.466835921509632e-001
1094	4.338957515521199e-001	4.365158322401660e-001
1104	4.034870236558222e-001	4.073802778041127e-001
1128	3.520350184032535e-001	3.548133892335755e-001
1145	3.442971087029034e-001	3.467368504525316e-001
1156	3.351895301414896e-001	3.388441561392026e-001
1226	2.030790784384476e-001	2.041737944669530e-001
1227	1.923791741491121e-001	1.949844599758046e-001
1228	1.854971192632133e-001	1.862087136662868e-001
1254	1.795299407700982e-001	1.819700858609984e-001
1261	1.727466574139984e-001	1.737800828749375e-001
1378	1.668192319924511e-001	1.698243652461744e-001
1416	1.531651290043681e-001	1.548816618912481e-001
1433	1.426115578637995e-001	1.445439770745928e-001
1434	1.147336584506300e-001	1.148153621496883e-001
1436	1.034123714884814e-001	1.047128548050900e-001
1505	1.013818532181714e-001	1.023292992280754e-001
1514	9.967708323463176e-002	1.000000000000000e-001
1525	9.724559956906098e-002	9.772372209558107e-002
1536	9.292793856502035e-002	9.332543007969910e-002
1545	9.100790041400308e-002	9.120108393559097e-002
1603	8.814769635561626e-002	8.912509381337455e-002
1604	8.705269605027677e-002	8.709635899560805e-002
1643	8.475415990414115e-002	8.511380382023763e-002
1714	8.235862175487640e-002	8.317637711026708e-002
1725	8.018488839708549e-002	8.128305161640990e-002
1792	7.834041780770251e-002	7.943282347242814e-002
1800	7.491230618860933e-002	7.585775750291836e-002
1804	7.263385827350999e-002	7.413102413009177e-002
1882	7.236914639903813e-002	7.244359600749903e-002
1994	7.049504743583279e-002	7.079457843841380e-002
2004	6.738804832344647e-002	6.760829753919818e-002
2018	6.545917693859404e-002	6.606934480075961e-002
2298	6.337430747748463e-002	6.456542290346556e-002
2372	6.301378461842488e-002	6.309573444801933e-002
2436	6.143378682266476e-002	6.165950018614822e-002
2471	5.982105418930472e-002	6.025595860743578e-002
2758	5.037294221624356e-002	5.128613839913648e-002
2759	4.980167294385740e-002	5.011872336272722e-002
2874	4.783498843004319e-002	4.786300923226383e-002
3041	4.636872976760120e-002	4.677351412871982e-002
3069	4.478293186476723e-002	4.570881896148749e-002
3198	4.463259698360644e-002	4.466835921509630e-002
3360	4.201853439117720e-002	4.265795188015926e-002
3491	4.165325251673713e-002	4.168693834703355e-002
3623	4.036483346812725e-002	4.073802778041128e-002
3644	3.898254347160746e-002	3.981071705534973e-002
3669	3.883630379662884e-002	3.890451449942807e-002
3946	3.747118103078684e-002	3.801893963205612e-002
4010	3.667348691034877e-002	3.715352290971726e-002
4259	3.396779406672357e-002	3.467368504525317e-002
4301	3.378563066317053e-002	3.388441561392026e-002
4395	3.255058096355268e-002	3.311311214825911e-002
4497	3.111351836015386e-002	3.162277660168379e-002
4566	3.088622677013309e-002	3.090295432513590e-002
4727	2.927591441132704e-002	2.951209226666385e-002
5232	2.863225609869546e-002	2.884031503126606e-002
5295	2.784530911213368e-002	2.818382931264454e-002
5431	2.700705110729251e-002	2.754228703338166e-002
5476	2.435569276501437e-002	2.454708915685030e-002
5498	2.328639222787088e-002	2.344228815319923e-002
6035	2.289006606436905e-002	2.290867652767774e-002
6728	2.220082463635220e-002	2.238721138568340e-002
7006	2.172158836138238e-002	2.187761623949553e-002
8069	2.137477517312592e-002	2.137962089502233e-002
8377	2.050817955655904e-002	2.089296130854040e-002
8437	2.040823936580749e-002	2.041737944669530e-002
9710	1.975898667286724e-002	1.995262314968880e-002
10662	1.934274715452000e-002	1.949844599758046e-002
10712	1.854899593279846e-002	1.862087136662868e-002
11558	1.582331822735916e-002	1.584893192461113e-002
11795	1.460367335930102e-002	1.479108388168207e-002
12233	1.445348646174138e-002	1.445439770745927e-002
12719	1.342094425977691e-002	1.348962882591653e-002
12736	1.312207315603620e-002	1.318256738556408e-002
12869	1.278557692297611e-002	1.288249551693134e-002
13210	1.257666577280259e-002	1.258925411794168e-002
13736	1.123326440282657e-002	1.148153621496883e-002
13799	1.121515470760925e-002	1.122018454301964e-002
14299	1.093567623241187e-002	1.096478196143185e-002
14616	1.066241216327013e-002	1.071519305237607e-002
15579	1.034064327061546e-002	1.047128548050900e-002
15716	1.020350721935082e-002	1.023292992280754e-002
16403	9.967188517313819e-003	1.000000000000000e-002
16962	7.869952934738800e-003	7.943282347242814e-003
18296	7.755435702292535e-003	7.762471166286920e-003
19855	7.583769251973127e-003	7.585775750291836e-003
20052	7.219986859531291e-003	7.244359600749898e-003
20366	6.511730589006004e-003	6.606934480075957e-003
20852	5.925218441735547e-003	6.025595860743574e-003
21278	5.887114748775124e-003	5.888436553555890e-003
21773	5.500536119329214e-003	5.623413251903491e-003
21919	5.422365380588046e-003	5.495408738576248e-003
22519	5.369031240759825e-003	5.370317963702527e-003
22895	5.221153485560959e-003	5.248074602497728e-003
24674	5.099343967380765e-003	5.128613839913648e-003
25184	4.987205576470255e-003	5.011872336272725e-003
25421	4.848685504979633e-003	4.897788193684461e-003
25571	4.759024385795563e-003	4.786300923226385e-003
26695	4.664308107686144e-003	4.677351412871981e-003
28023	4.503760820489311e-003	4.570881896148752e-003
29271	4.464851627423050e-003	4.466835921509631e-003
29829	4.258961178330356e-003	4.265795188015926e-003
30943	4.146124971846410e-003	4.168693834703355e-003
31993	4.037881071630722e-003	4.073802778041126e-003
32355	3.942701394930581e-003	3.981071705534973e-003
33246	3.890140429560818e-003	3.890451449942805e-003
33656	3.799703743660898e-003	3.801893963205613e-003
34639	3.624184766021665e-003	3.630780547701014e-003
36251	3.546689030827888e-003	3.548133892335753e-003
36765	3.457450989780675e-003	3.467368504525317e-003
38197	3.322100540408490e-003	3.388441561392024e-003
38584	3.300545621220064e-003	3.311311214825911e-003
39523	3.225073874749684e-003	3.235936569296281e-003
40640	3.147417570253497e-003	3.162277660168379e-003
43010	3.050952122221395e-003	3.090295432513592e-003
43424	2.950710203702522e-003	2.951209226666387e-003
44025	2.865869908756036e-003	2.884031503126606e-003
46667	2.685343062927892e-003	2.691534803926917e-003
50616	2.625872950299812e-003	2.630267991895381e-003
55414	2.569383722669461e-003	2.570395782768865e-003
55512	2.489721055229377e-003	2.511886431509579e-003
58226	2.454627230041973e-003	2.454708915685031e-003
61789	2.396330087121701e-003	2.398832919019490e-003
69414	2.344157311178319e-003	2.344228815319923e-003
71679	1.716545354674026e-003	1.737800828749376e-003
72325	1.683785888347944e-003	1.698243652461744e-003
74532	1.612761603699497e-003	1.621810097358930e-003
77904	1.532009800786383e-003	1.548816618912481e-003
78422	1.512475850652062e-003	1.513561248436209e-003
80573	1.467309071461198e-003	1.479108388168207e-003
81486	1.437231197846667e-003	1.445439770745928e-003
83588	1.412481816900457e-003	1.412537544622754e-003
86047	1.375946576303133e-003	1.380384264602885e-003
90673	1.348009252087667e-003	1.348962882591653e-003
92919	1.194303206709435e-003	1.202264434617413e-003
93348	1.158736323456866e-003	1.174897554939529e-003
93695	1.132909788675196e-003	1.148153621496883e-003
97029	1.118233413465175e-003	1.122018454301963e-003
98671	1.087791620423273e-003	1.096478196143185e-003
98677	1.069997678464718e-003	1.071519305237606e-003
99544	1.046720189811667e-003	1.047128548050900e-003
100270	1.016126911883020e-003	1.023292992280754e-003
101152	9.989486545760595e-004	1.000000000000000e-003
106599	9.772117885615828e-004	9.772372209558111e-004
113190	9.526767147067794e-004	9.549925860214359e-004
121264	9.330397518080291e-004	9.332543007969915e-004
126571	9.119928548307899e-004	9.120108393559096e-004
136328	8.912184329236128e-004	8.912509381337459e-004
141442	8.697704758403591e-004	8.709635899560805e-004
163231	8.508757992397031e-004	8.511380382023768e-004
173152	8.231106351823669e-004	8.317637711026709e-004
185015	8.113966230881564e-004	8.128305161640995e-004
203389	7.838679716334340e-004	7.943282347242813e-004
203422	7.714246836860728e-004	7.762471166286919e-004
208016	5.757429947211845e-004	5.888436553555889e-004
208222	5.723131256277769e-004	5.754399373371566e-004
210763	4.826691225824353e-004	4.897788193684461e-004
213614	4.748533574624458e-004	4.786300923226385e-004
216740	4.628205880286007e-004	4.677351412871981e-004
219023	4.569866471488826e-004	4.570881896148752e-004
221648	4.463675696769753e-004	4.466835921509631e-004
222678	4.339704058646809e-004	4.365158322401661e-004
223792	4.242819250327434e-004	4.265795188015926e-004
224214	4.166486553507376e-004	4.168693834703355e-004
226991	4.073747385952009e-004	4.073802778041126e-004
227959	3.959906251754797e-004	3.981071705534974e-004
230718	3.763628438328004e-004	3.801893963205612e-004
232384	3.700916835635004e-004	3.715352290971724e-004
237248	3.627066826309422e-004	3.630780547701014e-004
239600	3.537249145924015e-004	3.548133892335753e-004
246543	3.300460147901418e-004	3.311311214825911e-004
249511	3.109562066427873e-004	3.162277660168379e-004
252851	3.090286426975508e-004	3.090295432513592e-004
257967	3.006968936906107e-004	3.019951720402016e-004
258300	2.914489178620361e-004	2.951209226666387e-004
261463	2.875537308073550e-004	2.884031503126606e-004
265950	2.817216614163787e-004	2.818382931264455e-004
276293	2.754066045603798e-004	2.754228703338166e-004
287793	2.661109863696387e-004	2.691534803926917e-004
300001	2.636262133375311e-004	2.691534803926917e-004
%
% index = 967, name = bbob_f014_i17_d03__bbob_f015_i18_d03
% instance = 8, reference value = 9.660768861080440e-001
% function evaluation | indicator value | target hit
1	6.165718421070586e+003	6.165950018614823e+003
5	4.067567403816977e+003	4.073802778041126e+003
6	3.023191157044519e+000	3.090295432513591e+000
527	1.762467068701544e+000	1.778279410038923e+000
637	1.166331803325544e+000	1.174897554939530e+000
660	5.812246323890200e-001	5.888436553555889e-001
877	2.326613475864161e-001	2.344228815319922e-001
1036	2.007415001317189e-001	2.041737944669530e-001
1159	1.792951957595803e-001	1.819700858609984e-001
1204	1.752197764226137e-001	1.778279410038923e-001
1304	1.647820439466643e-001	1.659586907437561e-001
1330	1.355324056357721e-001	1.380384264602885e-001
1336	1.310168637784115e-001	1.318256738556407e-001
1350	1.275295071744407e-001	1.288249551693134e-001
1366	1.154101541081941e-001	1.174897554939529e-001
1386	1.142253359727931e-001	1.148153621496883e-001
1417	9.108869437113876e-002	9.120108393559097e-002
1465	7.901683094925327e-002	7.943282347242814e-002
1495	7.628165046666513e-002	7.762471166286916e-002
1497	7.496364730030070e-002	7.585775750291836e-002
1517	5.794264106789204e-002	5.888436553555890e-002
1550	5.363332546462352e-002	5.370317963702527e-002
1575	5.139175477192470e-002	5.248074602497726e-002
1580	5.104605346367686e-002	5.128613839913648e-002
1587	4.888456497831129e-002	4.897788193684461e-002
1592	4.679933126447033e-002	4.786300923226383e-002
1601	4.673910556424044e-002	4.677351412871982e-002
1665	4.517379547688660e-002	4.570881896148749e-002
1673	4.384533009857794e-002	4.466835921509630e-002
1682	4.342937063286545e-002	4.365158322401658e-002
1694	4.179781235570668e-002	4.265795188015926e-002
1699	4.019387441717137e-002	4.073802778041128e-002
1700	3.847129243839220e-002	3.890451449942807e-002
1721	3.794447116038435e-002	3.801893963205612e-002
1745	3.710894842356804e-002	3.715352290971726e-002
1812	3.615201493679943e-002	3.630780547701014e-002
1842	3.537285038864180e-002	3.548133892335755e-002
1859	3.444855508794309e-002	3.467368504525317e-002
1877	3.378115199972132e-002	3.388441561392026e-002
1887	3.177885781924128e-002	3.235936569296283e-002
1903	3.146974361732047e-002	3.162277660168379e-002
1965	3.075245346125521e-002	3.090295432513590e-002
1971	2.981812743469459e-002	3.019951720402016e-002
1994	2.949088291058932e-002	2.951209226666385e-002
2000	2.842711532350983e-002	2.884031503126606e-002
2011	2.815628660627356e-002	2.818382931264454e-002
2023	2.749828681191080e-002	2.754228703338166e-002
2042	2.678317500953775e-002	2.691534803926915e-002
2060	2.618746218250834e-002	2.630267991895382e-002
2069	2.568966369312020e-002	2.570395782768863e-002
2089	2.479385109060139e-002	2.511886431509579e-002
2113	2.422780830381133e-002	2.454708915685030e-002
2125	2.282233248584209e-002	2.290867652767774e-002
2238	2.215325434553417e-002	2.238721138568340e-002
2274	2.185605522094070e-002	2.187761623949553e-002
2324	2.023811663877106e-002	2.041737944669530e-002
2358	1.968541885348252e-002	1.995262314968880e-002
2401	1.940918351298182e-002	1.949844599758046e-002
2433	1.790996635906184e-002	1.819700858609984e-002
2468	1.766894881260395e-002	1.778279410038923e-002
2580	1.737670848424733e-002	1.737800828749376e-002
2668	1.693470154385190e-002	1.698243652461744e-002
2701	1.658614076914711e-002	1.659586907437561e-002
2835	1.614637118319262e-002	1.621810097358930e-002
2932	1.581665073249716e-002	1.584893192461113e-002
3056	1.547294891175444e-002	1.548816618912481e-002
3363	1.498285785317532e-002	1.513561248436208e-002
3583	1.301554743143907e-002	1.318256738556408e-002
3817	1.288224619579381e-002	1.288249551693134e-002
4094	1.258566499497593e-002	1.258925411794168e-002
4489	1.221301272118724e-002	1.230268770812382e-002
4725	1.095848924138942e-002	1.096478196143185e-002
4741	1.069216864988576e-002	1.071519305237607e-002
5593	1.042706442083308e-002	1.047128548050900e-002
6293	9.825021767840281e-003	1.000000000000000e-002
6423	9.706550663621694e-003	9.772372209558112e-003
7129	9.549162671940725e-003	9.549925860214359e-003
7520	9.128350692048426e-003	9.332543007969915e-003
7757	9.115074014098501e-003	9.120108393559097e-003
8533	8.770652192413797e-003	8.912509381337459e-003
9736	8.699147990213985e-003	8.709635899560805e-003
11498	8.504710385348946e-003	8.511380382023768e-003
12957	8.022287482147728e-003	8.128305161640995e-003
14016	7.933722248331776e-003	7.943282347242814e-003
20430	7.616961129034983e-003	7.762471166286920e-003
22759	7.584500301000774e-003	7.585775750291836e-003
25569	7.409144439942894e-003	7.413102413009177e-003
27430	5.225585974939828e-003	5.248074602497728e-003
30056	5.075506319079604e-003	5.128613839913648e-003
35457	4.711600694236151e-003	4.786300923226385e-003
38191	4.677160272782310e-003	4.677351412871981e-003
39614	3.633783112913291e-003	3.715352290971724e-003
40581	3.630369028313596e-003	3.630780547701014e-003
44391	3.432443743748848e-003	3.467368504525317e-003
47810	3.388181243677013e-003	3.388441561392024e-003
50727	3.204641235084349e-003	3.235936569296281e-003
54042	3.122381048526801e-003	3.162277660168379e-003
55199	3.070023310841497e-003	3.090295432513592e-003
61008	2.975857760450396e-003	3.019951720402016e-003
61585	2.906002582087730e-003	2.951209226666387e-003
63402	2.868535028231811e-003	2.884031503126606e-003
68009	2.578643033921746e-003	2.630267991895381e-003
69098	2.570038944451070e-003	2.570395782768865e-003
70073	2.499804292674712e-003	2.511886431509579e-003
74010	2.442766309111999e-003	2.454708915685031e-003
82264	2.228352836320058e-003	2.238721138568340e-003
83153	2.177854063384110e-003	2.187761623949552e-003
85507	2.132209038198552e-003	2.137962089502233e-003
88186	2.060335518801804e-003	2.089296130854039e-003
88707	1.875775449135309e-003	1.905460717963246e-003
92741	1.861947117683838e-003	1.862087136662868e-003
93787	1.794510244580438e-003	1.819700858609983e-003
96690	1.777777632366417e-003	1.778279410038923e-003
98648	1.730426395587736e-003	1.737800828749376e-003
114910	1.672649450262576e-003	1.698243652461744e-003
116503	1.653539453806419e-003	1.659586907437561e-003
126465	1.592882962082487e-003	1.621810097358930e-003
131303	1.566093905519539e-003	1.584893192461114e-003
131942	1.537706692362639e-003	1.548816618912481e-003
137065	1.512706302658873e-003	1.513561248436209e-003
159899	1.196961557332621e-003	1.202264434617413e-003
163658	1.173962730605993e-003	1.174897554939529e-003
169337	1.122639867856989e-003	1.148153621496883e-003
171035	1.121692362176630e-003	1.122018454301963e-003
178555	1.071157196932848e-003	1.071519305237606e-003
186644	1.047009542523347e-003	1.047128548050900e-003
200037	1.012798106315604e-003	1.023292992280754e-003
202742	9.774909516507835e-004	1.000000000000000e-003
203550	9.772323469938726e-004	9.772372209558111e-004
230713	9.549917033693234e-004	9.549925860214359e-004
300001	9.340286971251111e-004	9.549925860214359e-004
%
% index = 968, name = bbob_f014_i19_d03__bbob_f015_i21_d03
% instance = 9, reference value = 9.652535881826180e-001
% function evaluation | indicator value | target hit
1	6.798777417382543e+013	6.918309709189363e+013
2	9.418507187851494e+004	9.549925860214369e+004
3	1.135333745557754e+002	1.148153621496883e+002
22	4.754246927598229e+001	4.786300923226383e+001
122	2.820918538732391e+001	2.884031503126606e+001
123	2.166989449413998e+001	2.187761623949553e+001
203	2.811144147550618e+000	2.818382931264454e+000
453	2.661879729170579e+000	2.691534803926916e+000
475	4.472738112842050e-001	4.570881896148750e-001
782	4.048260849863932e-001	4.073802778041127e-001
981	3.797608881960063e-001	3.801893963205612e-001
1049	3.668463325364483e-001	3.715352290971726e-001
1083	3.519907508767234e-001	3.548133892335755e-001
1090	3.364116183322513e-001	3.388441561392026e-001
1117	3.153801771669733e-001	3.162277660168379e-001
1127	2.653764475370652e-001	2.691534803926916e-001
1152	2.340850228236763e-001	2.344228815319922e-001
1173	1.962651164494229e-001	1.995262314968880e-001
1206	1.382573672708111e-001	1.412537544622755e-001
1218	1.280467174323858e-001	1.288249551693134e-001
1321	1.162308524613837e-001	1.174897554939529e-001
1353	9.324181005957299e-002	9.332543007969910e-002
1428	9.068689207809000e-002	9.120108393559097e-002
1444	8.562123520939780e-002	8.709635899560805e-002
1458	7.820547210438600e-002	7.943282347242814e-002
1483	7.738220334052293e-002	7.762471166286916e-002
1533	7.370519877425541e-002	7.413102413009177e-002
1579	6.880434657994927e-002	6.918309709189366e-002
1590	6.674661988935826e-002	6.760829753919818e-002
1593	6.574602758762904e-002	6.606934480075961e-002
1608	6.431964795313572e-002	6.456542290346556e-002
1633	6.212584097263840e-002	6.309573444801933e-002
1654	6.163532946525374e-002	6.165950018614822e-002
1665	5.494405782748180e-002	5.495408738576246e-002
1705	4.033701913101673e-002	4.073802778041128e-002
1714	3.754134931052011e-002	3.801893963205612e-002
1769	3.614200353193076e-002	3.630780547701014e-002
1865	2.950239303963131e-002	2.951209226666385e-002
1974	2.883535971337881e-002	2.884031503126606e-002
2083	2.817258797341427e-002	2.818382931264454e-002
2263	2.751013526123824e-002	2.754228703338166e-002
2352	2.654200392892769e-002	2.691534803926915e-002
2393	2.620839296247157e-002	2.630267991895382e-002
2439	2.449371299770142e-002	2.454708915685030e-002
2444	2.316624221189001e-002	2.344228815319923e-002
2514	2.265762401611182e-002	2.290867652767774e-002
2623	2.236688886081295e-002	2.238721138568340e-002
2912	2.182493288294363e-002	2.187761623949553e-002
3034	2.091767817300216e-002	2.137962089502233e-002
3056	2.078457533766898e-002	2.089296130854040e-002
3355	2.007272979009944e-002	2.041737944669530e-002
3379	1.992949310658965e-002	1.995262314968880e-002
3447	1.889341534279021e-002	1.905460717963247e-002
3943	1.861763694442886e-002	1.862087136662868e-002
4264	1.793598890434478e-002	1.819700858609984e-002
4345	1.673386500765328e-002	1.698243652461744e-002
4384	1.642770682731154e-002	1.659586907437561e-002
4684	1.611219427938881e-002	1.621810097358930e-002
4842	1.560093426200526e-002	1.584893192461113e-002
4898	1.514922365825722e-002	1.548816618912481e-002
4970	1.513548745806215e-002	1.513561248436208e-002
5211	1.459042617750783e-002	1.479108388168207e-002
5536	1.445161165758124e-002	1.445439770745927e-002
5775	1.409714805037321e-002	1.412537544622754e-002
7136	1.371133974608385e-002	1.380384264602885e-002
7597	1.321095833673136e-002	1.348962882591653e-002
7656	1.312076415075481e-002	1.318256738556408e-002
9481	1.253516667930033e-002	1.258925411794168e-002
9727	1.224536795660480e-002	1.230268770812382e-002
10300	1.182042738565881e-002	1.202264434617413e-002
10502	1.173259479540700e-002	1.174897554939530e-002
12799	1.140525209492249e-002	1.148153621496883e-002
14379	8.878202372313404e-003	8.912509381337459e-003
16681	8.686512298013094e-003	8.709635899560805e-003
19476	8.511127139777086e-003	8.511380382023768e-003
22118	6.684045679750117e-003	6.760829753919818e-003
23455	6.571548190863918e-003	6.606934480075957e-003
25745	6.397119322764322e-003	6.456542290346556e-003
26550	6.283059300451477e-003	6.309573444801930e-003
27488	6.142195934450312e-003	6.165950018614822e-003
28595	6.015824987386842e-003	6.025595860743574e-003
33818	5.720252252780056e-003	5.754399373371567e-003
36973	5.469683479199516e-003	5.495408738576248e-003
38216	5.337359118082197e-003	5.370317963702527e-003
39705	5.243297709335626e-003	5.248074602497728e-003
40158	5.049493185097620e-003	5.128613839913648e-003
42261	5.006645997508219e-003	5.011872336272725e-003
47463	4.896578174153343e-003	4.897788193684461e-003
49337	3.958363464388159e-003	3.981071705534973e-003
51998	3.890179944074812e-003	3.890451449942805e-003
54306	3.786291380072138e-003	3.801893963205613e-003
57450	3.693080181356834e-003	3.715352290971724e-003
65229	3.629587841049609e-003	3.630780547701014e-003
73780	3.546542176112388e-003	3.548133892335753e-003
76732	3.057423050777164e-003	3.090295432513592e-003
83664	3.019816211137338e-003	3.019951720402016e-003
86604	2.700971257017182e-003	2.754228703338166e-003
87274	2.691517849203629e-003	2.691534803926917e-003
88675	2.607808487609331e-003	2.630267991895381e-003
91394	2.569510955993781e-003	2.570395782768865e-003
98712	2.310226428554274e-003	2.344228815319923e-003
100613	2.290356964769091e-003	2.290867652767772e-003
101532	2.178363600812583e-003	2.187761623949552e-003
105252	2.137571610588140e-003	2.137962089502233e-003
105397	1.837804244420149e-003	1.862087136662868e-003
105884	1.810126903850295e-003	1.819700858609983e-003
106123	1.720932984187518e-003	1.737800828749376e-003
107162	1.574315749921729e-003	1.584893192461114e-003
107880	1.430820838988156e-003	1.445439770745928e-003
108380	1.411922828385870e-003	1.412537544622754e-003
111036	1.351707071593711e-003	1.380384264602885e-003
112468	1.342407911523735e-003	1.348962882591653e-003
112757	1.108302866201560e-003	1.122018454301963e-003
113127	1.093366230922377e-003	1.096478196143185e-003
113689	1.063531035874310e-003	1.071519305237606e-003
115635	1.009535701817943e-003	1.023292992280754e-003
116275	9.953701383955682e-004	1.000000000000000e-003
117627	9.413693306066229e-004	9.549925860214359e-004
118028	8.940670700133824e-004	9.120108393559096e-004
118140	8.904964787112002e-004	8.912509381337459e-004
120103	8.709510129994991e-004	8.709635899560805e-004
120187	7.678589574563466e-004	7.762471166286919e-004
120540	7.541045549587233e-004	7.585775750291835e-004
123489	7.411211447791999e-004	7.413102413009177e-004
124557	7.225645255869440e-004	7.244359600749898e-004
126719	6.998953370505046e-004	7.079457843841380e-004
127781	6.915589541295342e-004	6.918309709189362e-004
128838	6.755562168516693e-004	6.760829753919819e-004
132618	6.585959153416754e-004	6.606934480075958e-004
133288	6.443231234074531e-004	6.456542290346556e-004
135340	6.195825160962842e-004	6.309573444801930e-004
136727	6.161053857859367e-004	6.165950018614822e-004
139928	5.962673459082302e-004	6.025595860743575e-004
141336	5.865736742481920e-004	5.888436553555889e-004
142450	5.132186549121620e-004	5.248074602497728e-004
142487	5.127420023455231e-004	5.128613839913648e-004
142980	4.988473555842532e-004	5.011872336272725e-004
145981	4.877447028349691e-004	4.897788193684461e-004
146476	4.768862083243119e-004	4.786300923226385e-004
148833	4.672574511032090e-004	4.677351412871981e-004
150152	4.537669318279702e-004	4.570881896148752e-004
150948	4.458995892592244e-004	4.466835921509631e-004
152651	4.356627755367493e-004	4.365158322401661e-004
153576	4.244087330306234e-004	4.265795188015926e-004
155521	4.157634171366720e-004	4.168693834703355e-004
158075	4.073783304463507e-004	4.073802778041126e-004
160913	3.979430296084940e-004	3.981071705534974e-004
167716	3.869006618258952e-004	3.890451449942804e-004
171965	3.799904436382340e-004	3.801893963205612e-004
174332	3.714424247492909e-004	3.715352290971724e-004
179859	3.622201455864005e-004	3.630780547701014e-004
185090	3.546769978932662e-004	3.548133892335753e-004
193511	3.458233187793036e-004	3.467368504525317e-004
198984	3.379095004126809e-004	3.388441561392024e-004
204945	3.302341394834096e-004	3.311311214825911e-004
213362	3.235336499881614e-004	3.235936569296281e-004
216742	3.134187338901251e-004	3.162277660168379e-004
217182	3.014555273989084e-004	3.019951720402016e-004
217532	2.930736171858905e-004	2.951209226666387e-004
217974	2.785080008312901e-004	2.818382931264455e-004
221954	2.747268423216598e-004	2.754228703338166e-004
227450	2.680500051130963e-004	2.691534803926917e-004
232285	2.575682076360053e-004	2.630267991895381e-004
232948	2.561058448520281e-004	2.570395782768865e-004
238532	2.511813078982517e-004	2.511886431509580e-004
240841	2.449596943245869e-004	2.454708915685031e-004
242739	2.393197856550566e-004	2.398832919019490e-004
248110	2.267977819297995e-004	2.290867652767772e-004
251685	2.234923403903188e-004	2.238721138568340e-004
254421	2.183848246698483e-004	2.187761623949552e-004
263206	2.137607340614300e-004	2.137962089502232e-004
266336	2.089286757082087e-004	2.089296130854039e-004
269928	2.041692524878958e-004	2.041737944669530e-004
270390	1.995002720921457e-004	1.995262314968879e-004
274462	1.911017843595486e-004	1.949844599758046e-004
276251	1.903468240447293e-004	1.905460717963246e-004
282049	1.850650181618452e-004	1.862087136662868e-004
285606	1.734523254399711e-004	1.737800828749376e-004
297374	1.696194504100523e-004	1.698243652461744e-004
300001	1.672201799731710e-004	1.698243652461744e-004
%
% index = 969, name = bbob_f014_i21_d03__bbob_f015_i22_d03
% instance = 10, reference value = 9.584134042263141e-001
% function evaluation | indicator value | target hit
1	9.122849413763154e+011	9.332543007969924e+011
2	6.177196488473436e+002	6.309573444801930e+002
5	1.747649467132778e+002	1.778279410038923e+002
22	3.152105903156630e+001	3.162277660168379e+001
174	1.300032699404595e+001	1.318256738556407e+001
221	4.670522044162651e+000	4.677351412871983e+000
402	2.258575721486314e+000	2.290867652767773e+000
472	1.731232618329314e+000	1.737800828749375e+000
627	1.693591704907314e+000	1.698243652461744e+000
660	1.640941732395604e+000	1.659586907437561e+000
736	3.211486280877456e-001	3.235936569296283e-001
861	2.574571043476821e-001	2.630267991895382e-001
884	2.145216304342485e-001	2.187761623949552e-001
1183	2.131095388801491e-001	2.137962089502232e-001
1265	2.070431789622250e-001	2.089296130854039e-001
1294	2.041228006470877e-001	2.041737944669530e-001
1298	1.992780312251048e-001	1.995262314968880e-001
1372	1.643242360595694e-001	1.659586907437561e-001
1419	1.403896478156147e-001	1.412537544622755e-001
1482	1.374053173350875e-001	1.380384264602885e-001
1518	1.336832144363382e-001	1.348962882591654e-001
1543	1.247296800707166e-001	1.258925411794167e-001
1572	1.227197322819990e-001	1.230268770812382e-001
1759	1.197301653798677e-001	1.202264434617413e-001
1775	9.892120280704719e-002	1.000000000000000e-001
1800	9.346925395579830e-002	9.549925860214359e-002
1803	9.097448563246469e-002	9.120108393559097e-002
1954	8.067301225277690e-002	8.128305161640990e-002
2085	7.205369818243457e-002	7.244359600749903e-002
2145	7.026951964497730e-002	7.079457843841380e-002
2263	6.884120621649781e-002	6.918309709189366e-002
2394	5.677829957244907e-002	5.754399373371569e-002
2462	5.071305013581939e-002	5.128613839913648e-002
2537	4.957085224929814e-002	5.011872336272722e-002
2547	4.789554205477009e-002	4.897788193684461e-002
2563	4.766500102651183e-002	4.786300923226383e-002
2580	4.598917050654150e-002	4.677351412871982e-002
2655	4.559378208541087e-002	4.570881896148749e-002
2927	4.462754799700164e-002	4.466835921509630e-002
3044	4.304899325629197e-002	4.365158322401658e-002
3245	4.262105122803583e-002	4.265795188015926e-002
3460	4.165940246459299e-002	4.168693834703355e-002
3495	3.554146427181737e-002	3.630780547701014e-002
3572	3.546854266773225e-002	3.548133892335755e-002
3770	3.365654788106032e-002	3.388441561392026e-002
4195	3.109934803629211e-002	3.162277660168379e-002
4347	3.051775965518222e-002	3.090295432513590e-002
4810	3.010191009252028e-002	3.019951720402016e-002
5036	2.716179414392772e-002	2.754228703338166e-002
5101	2.679186709212489e-002	2.691534803926915e-002
5285	2.626074270820300e-002	2.630267991895382e-002
5478	2.541619279107199e-002	2.570395782768863e-002
5572	2.440559799401310e-002	2.454708915685030e-002
6035	2.302732298813071e-002	2.344228815319923e-002
6132	2.283326850416523e-002	2.290867652767774e-002
6918	2.235767547675405e-002	2.238721138568340e-002
7026	2.087827795436470e-002	2.089296130854040e-002
7750	2.002779736529647e-002	2.041737944669530e-002
7826	1.939842579873108e-002	1.949844599758046e-002
8416	1.896218747721989e-002	1.905460717963247e-002
9059	1.840638923279159e-002	1.862087136662868e-002
10470	1.813430678845551e-002	1.819700858609984e-002
11716	1.713762602009550e-002	1.737800828749376e-002
12783	1.693233466555144e-002	1.698243652461744e-002
15565	1.650892339716403e-002	1.659586907437561e-002
15878	1.573949610805769e-002	1.584893192461113e-002
16892	1.535008537052385e-002	1.548816618912481e-002
17139	1.493849002873138e-002	1.513561248436208e-002
18713	1.478382383929799e-002	1.479108388168207e-002
20190	1.297891039152110e-002	1.318256738556408e-002
20497	1.272859204839016e-002	1.288249551693134e-002
20933	1.255655621133034e-002	1.258925411794168e-002
21257	1.217814344778534e-002	1.230268770812382e-002
22065	1.180097439296779e-002	1.202264434617413e-002
22565	1.166728265362216e-002	1.174897554939530e-002
22708	1.045790078487408e-002	1.047128548050900e-002
23513	1.006566893902361e-002	1.023292992280754e-002
23791	9.947053837980668e-003	1.000000000000000e-002
24214	9.268654534174914e-003	9.332543007969915e-003
24804	9.108022507381741e-003	9.120108393559097e-003
24835	8.298632768769743e-003	8.317637711026709e-003
25696	8.109184674359282e-003	8.128305161640995e-003
26463	7.589026691990020e-003	7.762471166286920e-003
26588	7.576070282357517e-003	7.585775750291836e-003
29256	7.152072048615454e-003	7.244359600749898e-003
30713	6.061673560044611e-003	6.165950018614822e-003
30893	5.957374239964675e-003	6.025595860743574e-003
31909	5.881345351533285e-003	5.888436553555890e-003
34737	5.714600554567295e-003	5.754399373371567e-003
36229	5.620838483658686e-003	5.623413251903491e-003
38179	5.495311320024454e-003	5.495408738576248e-003
38251	5.265226879672791e-003	5.370317963702527e-003
38335	5.243170866240487e-003	5.248074602497728e-003
40838	5.100309266204417e-003	5.128613839913648e-003
42671	5.003862173987517e-003	5.011872336272725e-003
45229	4.385778299896059e-003	4.466835921509631e-003
45443	4.177348786163382e-003	4.265795188015926e-003
45632	3.811431132435650e-003	3.890451449942805e-003
45709	3.776290094198109e-003	3.801893963205613e-003
48710	3.684226231047805e-003	3.715352290971724e-003
51737	3.615999450599428e-003	3.630780547701014e-003
53127	3.341684764472275e-003	3.388441561392024e-003
53786	3.224283709941322e-003	3.235936569296281e-003
60501	3.162249483614321e-003	3.162277660168379e-003
64891	2.966481999383652e-003	3.019951720402016e-003
65878	2.939398791249381e-003	2.951209226666387e-003
67493	2.773856801734920e-003	2.818382931264455e-003
68323	2.687696277601126e-003	2.691534803926917e-003
69005	2.200737616070647e-003	2.238721138568340e-003
70624	2.187660641093547e-003	2.187761623949552e-003
72240	2.136050508290355e-003	2.137962089502233e-003
73284	1.997078586830070e-003	2.041737944669530e-003
73406	1.989771180260003e-003	1.995262314968879e-003
73675	1.917050989807434e-003	1.949844599758046e-003
74414	1.903172683034082e-003	1.905460717963246e-003
77123	1.859515916769694e-003	1.862087136662868e-003
81221	1.777603758147062e-003	1.778279410038923e-003
82957	1.734476677093255e-003	1.737800828749376e-003
87480	1.698102719612238e-003	1.698243652461744e-003
94296	1.658345722544086e-003	1.659586907437561e-003
103587	1.618620696177020e-003	1.621810097358930e-003
113078	1.571049527105739e-003	1.584893192461114e-003
119770	1.515241533709744e-003	1.548816618912481e-003
119827	1.511294748300807e-003	1.513561248436209e-003
130590	1.397102460401145e-003	1.412537544622754e-003
136682	1.352656864173629e-003	1.380384264602885e-003
139118	1.343024167015150e-003	1.348962882591653e-003
141519	1.268865144032794e-003	1.288249551693134e-003
146586	1.258830891287088e-003	1.258925411794168e-003
156021	1.227524328521024e-003	1.230268770812381e-003
159838	1.195207988682889e-003	1.202264434617413e-003
173585	1.174842982887836e-003	1.174897554939529e-003
214453	1.146772305950505e-003	1.148153621496883e-003
239987	9.283342343090473e-004	9.332543007969915e-004
252203	8.952511453976797e-004	9.120108393559096e-004
258102	8.708154525498557e-004	8.709635899560805e-004
268050	8.481993104222374e-004	8.511380382023768e-004
272158	8.174103780610453e-004	8.317637711026709e-004
272828	8.124720640458882e-004	8.128305161640995e-004
275546	7.929006748282896e-004	7.943282347242813e-004
277525	6.791307098418242e-004	6.918309709189362e-004
278701	6.742173361663495e-004	6.760829753919819e-004
293916	4.682524920220921e-004	4.786300923226385e-004
294461	4.669666693000174e-004	4.677351412871981e-004
296663	4.366669375921450e-004	4.466835921509631e-004
297201	4.364671230397965e-004	4.365158322401661e-004
299481	4.159993324854838e-004	4.168693834703355e-004
300001	4.159893189968900e-004	4.168693834703355e-004
