%
% index = 920, name = bbob_f013_i02_d03__bbob_f017_i04_d03
% instance = 1, reference value = 8.666607502376960e-001
% function evaluation | indicator value | target hit
1	1.331432808290283e+004	1.348962882591653e+004
6	1.930551637732574e+001	1.949844599758045e+001
356	8.274559716781637e+000	8.317637711026711e+000
583	5.010365864374402e+000	5.011872336272722e+000
631	3.957243143976555e+000	3.981071705534972e+000
632	2.841007792567138e+000	2.884031503126606e+000
663	8.080719360001797e-001	8.128305161640993e-001
924	5.707969446992217e-001	5.754399373371569e-001
1076	3.917964795074254e-001	3.981071705534973e-001
1176	3.822412717594722e-001	3.890451449942806e-001
1246	3.787717153397010e-001	3.801893963205612e-001
1264	3.660760614675327e-001	3.715352290971726e-001
1303	3.500498325529466e-001	3.548133892335755e-001
1309	3.458876110286304e-001	3.467368504525316e-001
1316	3.278850903876410e-001	3.311311214825911e-001
1323	3.194216554463092e-001	3.235936569296283e-001
1328	3.092249688765083e-001	3.162277660168379e-001
1355	3.085988276210891e-001	3.090295432513591e-001
1360	2.816340676123559e-001	2.818382931264454e-001
1371	2.507521927720801e-001	2.511886431509580e-001
1430	2.449176333397399e-001	2.454708915685031e-001
1433	2.303789964567582e-001	2.344228815319922e-001
1467	2.257022979422299e-001	2.290867652767773e-001
1479	2.153015064767002e-001	2.187761623949552e-001
1510	2.033091312983675e-001	2.041737944669530e-001
1511	1.992365106310506e-001	1.995262314968880e-001
1525	1.941638310794018e-001	1.949844599758046e-001
1560	1.800757621335170e-001	1.819700858609984e-001
1593	1.767104354855293e-001	1.778279410038923e-001
1604	1.652993069521702e-001	1.659586907437561e-001
1605	1.543836920789643e-001	1.548816618912481e-001
1638	1.484493631767833e-001	1.513561248436208e-001
1646	1.475093784516152e-001	1.479108388168208e-001
1711	1.412402612982660e-001	1.412537544622755e-001
1713	1.371005151206812e-001	1.380384264602885e-001
1747	8.819725150360158e-002	8.912509381337455e-002
1793	8.655701816843719e-002	8.709635899560805e-002
1813	8.177563797574561e-002	8.317637711026708e-002
1856	8.076172874863263e-002	8.128305161640990e-002
1885	7.058745062820770e-002	7.079457843841380e-002
1895	6.711503299010446e-002	6.760829753919818e-002
2050	6.404783006069192e-002	6.456542290346556e-002
2101	6.145498778266856e-002	6.165950018614822e-002
2134	5.863812369135457e-002	5.888436553555890e-002
2311	5.754389131451443e-002	5.754399373371569e-002
2363	5.434776966353883e-002	5.495408738576246e-002
2372	4.997205268546701e-002	5.011872336272722e-002
2771	4.859841679566401e-002	4.897788193684461e-002
2840	4.583062485441281e-002	4.677351412871982e-002
2874	4.545374373549826e-002	4.570881896148749e-002
2925	4.445574354863413e-002	4.466835921509630e-002
3033	4.201957609835605e-002	4.265795188015926e-002
3046	3.755813953649534e-002	3.801893963205612e-002
3065	3.709950191415790e-002	3.715352290971726e-002
3085	3.492260128025804e-002	3.548133892335755e-002
3095	3.398498879873191e-002	3.467368504525317e-002
3156	3.379546556182456e-002	3.388441561392026e-002
3353	3.290875982761599e-002	3.311311214825911e-002
3529	3.229466554797733e-002	3.235936569296283e-002
3605	3.127576796623643e-002	3.162277660168379e-002
3607	3.089696033895961e-002	3.090295432513590e-002
3701	3.019770722864246e-002	3.019951720402016e-002
3799	2.898332640533730e-002	2.951209226666385e-002
3822	2.880352419815313e-002	2.884031503126606e-002
3956	2.781770914309889e-002	2.818382931264454e-002
4094	2.696291615033497e-002	2.754228703338166e-002
4283	2.588484712637129e-002	2.630267991895382e-002
4311	2.534023080775938e-002	2.570395782768863e-002
4371	2.490198594787196e-002	2.511886431509579e-002
4678	2.441004232679578e-002	2.454708915685030e-002
4694	2.332050565785604e-002	2.344228815319923e-002
4743	2.150847441550774e-002	2.187761623949553e-002
4829	2.132776604274567e-002	2.137962089502233e-002
5033	1.977945017501503e-002	1.995262314968880e-002
5049	1.948516870638217e-002	1.949844599758046e-002
5581	1.898192508265362e-002	1.905460717963247e-002
6110	1.850203690087737e-002	1.862087136662868e-002
6232	1.818381814921644e-002	1.819700858609984e-002
6493	1.674331856039912e-002	1.698243652461744e-002
6555	1.652876171415740e-002	1.659586907437561e-002
7017	1.617545907990092e-002	1.621810097358930e-002
7900	1.544236009923938e-002	1.548816618912481e-002
8048	1.469068649661687e-002	1.479108388168207e-002
8174	1.442051458300375e-002	1.445439770745927e-002
8864	1.405146056537110e-002	1.412537544622754e-002
9393	1.376830968972009e-002	1.380384264602885e-002
9679	1.340066011455299e-002	1.348962882591653e-002
10096	1.314560505853368e-002	1.318256738556408e-002
10966	1.287269381616940e-002	1.288249551693134e-002
12116	1.258701292153819e-002	1.258925411794168e-002
12975	1.230204522124812e-002	1.230268770812382e-002
13938	1.202109597816259e-002	1.202264434617413e-002
14516	1.147606902742593e-002	1.148153621496883e-002
15519	1.120125120817572e-002	1.122018454301964e-002
16565	1.093385933931823e-002	1.096478196143185e-002
18516	1.054146834649761e-002	1.071519305237607e-002
19914	1.041720321257822e-002	1.047128548050900e-002
20839	1.020743083376341e-002	1.023292992280754e-002
21764	9.410759519324241e-003	9.549925860214359e-003
23104	9.329560018432215e-003	9.332543007969915e-003
23775	8.211606972384211e-003	8.317637711026709e-003
24775	8.099527208856427e-003	8.128305161640995e-003
25021	7.924697570633521e-003	7.943282347242814e-003
25083	7.235451901108747e-003	7.244359600749898e-003
26081	6.501531424489393e-003	6.606934480075957e-003
26204	6.395312822628618e-003	6.456542290346556e-003
26226	6.100658407386050e-003	6.165950018614822e-003
27067	5.998458565112719e-003	6.025595860743574e-003
27130	5.713840412875593e-003	5.754399373371567e-003
27271	5.447468260815325e-003	5.495408738576248e-003
27861	5.255234864476988e-003	5.370317963702527e-003
28062	5.246907250928468e-003	5.248074602497728e-003
28495	5.065918687141013e-003	5.128613839913648e-003
28947	4.830944071676613e-003	4.897788193684461e-003
29731	4.779151439023410e-003	4.786300923226385e-003
30926	4.134115551270301e-003	4.168693834703355e-003
31243	4.068247552017290e-003	4.073802778041126e-003
31797	3.965021403336211e-003	3.981071705534973e-003
33493	3.833066613799008e-003	3.890451449942805e-003
34197	3.678803749183612e-003	3.715352290971724e-003
36289	3.562690569998583e-003	3.630780547701014e-003
36665	3.542433634553088e-003	3.548133892335753e-003
38052	3.428358308353641e-003	3.467368504525317e-003
38982	3.379191446379215e-003	3.388441561392024e-003
41938	3.309475693468289e-003	3.311311214825911e-003
42561	3.193885898553073e-003	3.235936569296281e-003
42563	3.077334463172154e-003	3.090295432513592e-003
44105	2.948289055306752e-003	2.951209226666387e-003
45173	2.880352385091101e-003	2.884031503126606e-003
46839	2.816828659263471e-003	2.818382931264455e-003
47838	2.747973588021924e-003	2.754228703338166e-003
48017	2.686136378553639e-003	2.691534803926917e-003
51327	2.624002175930840e-003	2.630267991895381e-003
52078	2.563584751905323e-003	2.570395782768865e-003
52464	2.473436252411587e-003	2.511886431509579e-003
52956	2.451614458269802e-003	2.454708915685031e-003
54551	2.397460482572167e-003	2.398832919019490e-003
54840	2.343318190763721e-003	2.344228815319923e-003
56744	2.290859343417995e-003	2.290867652767772e-003
58071	2.198931585870034e-003	2.238721138568340e-003
58398	2.094287063063915e-003	2.137962089502233e-003
59037	2.089228109222852e-003	2.089296130854039e-003
60136	1.995260661728504e-003	1.995262314968879e-003
61644	1.938786434510731e-003	1.949844599758046e-003
62110	1.902189603087190e-003	1.905460717963246e-003
62935	1.861120884681933e-003	1.862087136662868e-003
65402	1.799197659572260e-003	1.819700858609983e-003
66833	1.778179834606042e-003	1.778279410038923e-003
68151	1.737648512595058e-003	1.737800828749376e-003
71234	1.688008089047788e-003	1.698243652461744e-003
71323	1.635456845530903e-003	1.659586907437561e-003
71836	1.621335543600444e-003	1.621810097358930e-003
73969	1.569943618016767e-003	1.584893192461114e-003
76192	1.546091158000973e-003	1.548816618912481e-003
79154	1.513376686496648e-003	1.513561248436209e-003
79834	1.467367984574586e-003	1.479108388168207e-003
82892	1.391858496244458e-003	1.412537544622754e-003
84767	1.327371273504796e-003	1.348962882591653e-003
85046	1.303205102445304e-003	1.318256738556408e-003
87398	1.288204240556090e-003	1.288249551693134e-003
90835	1.258796960668773e-003	1.258925411794168e-003
93840	1.229334140174232e-003	1.230268770812381e-003
97013	1.201041414401249e-003	1.202264434617413e-003
98180	1.170403030657741e-003	1.174897554939529e-003
102400	1.142206756939546e-003	1.148153621496883e-003
103330	1.121545879357422e-003	1.122018454301963e-003
110328	1.095968719549978e-003	1.096478196143185e-003
117414	1.048003873936110e-003	1.071519305237606e-003
117917	1.047042002350618e-003	1.047128548050900e-003
120380	9.632020348253612e-004	9.772372209558111e-004
122214	9.549852804821013e-004	9.549925860214359e-004
130733	9.332431039528188e-004	9.332543007969915e-004
140763	9.119282349124847e-004	9.120108393559096e-004
152132	8.848748134786533e-004	8.912509381337459e-004
160971	8.683875032893251e-004	8.709635899560805e-004
177024	8.509375262634178e-004	8.511380382023768e-004
201629	8.273876282006709e-004	8.317637711026709e-004
225241	8.127521941073690e-004	8.128305161640995e-004
263194	7.937176380379274e-004	7.943282347242813e-004
300001	7.775288456782770e-004	7.943282347242813e-004
%
% index = 921, name = bbob_f013_i03_d03__bbob_f017_i05_d03
% instance = 2, reference value = 7.930527243680690e-001
% function evaluation | indicator value | target hit
1	1.016972915284794e+006	1.023292992280754e+006
2	1.338675644616214e+004	1.348962882591653e+004
3	1.122508784082527e+004	1.148153621496882e+004
6	7.497626719417009e+001	7.585775750291836e+001
209	6.121214255503271e+001	6.165950018614822e+001
284	1.023505136381368e+001	1.047128548050900e+001
390	7.298482580821815e+000	7.413102413009175e+000
397	6.008359037679519e+000	6.025595860743578e+000
409	2.359417913840940e+000	2.398832919019490e+000
486	1.591229644653417e+000	1.621810097358930e+000
567	9.156104564180689e-001	9.332543007969910e-001
666	8.901040104150690e-001	8.912509381337456e-001
702	8.242751685885690e-001	8.317637711026710e-001
719	7.900806304193994e-001	7.943282347242815e-001
783	7.512738961886604e-001	7.585775750291838e-001
820	7.408562157745386e-001	7.413102413009175e-001
828	6.657299165013850e-001	6.760829753919818e-001
872	5.536559388253826e-001	5.623413251903491e-001
885	5.358670144389517e-001	5.370317963702527e-001
902	5.192054803302014e-001	5.248074602497725e-001
949	4.884349374347166e-001	4.897788193684462e-001
1026	4.670645349827866e-001	4.677351412871982e-001
1097	4.540886222335832e-001	4.570881896148750e-001
1159	4.334667682710930e-001	4.365158322401660e-001
1167	4.149634686271221e-001	4.168693834703354e-001
1168	3.612382185996849e-001	3.630780547701014e-001
1200	3.516857226588149e-001	3.548133892335755e-001
1225	3.139467376739896e-001	3.162277660168379e-001
1277	3.050636356003524e-001	3.090295432513591e-001
1282	3.006647265794040e-001	3.019951720402016e-001
1324	2.931136468435168e-001	2.951209226666385e-001
1336	2.535847040311227e-001	2.570395782768864e-001
1356	2.485445001447243e-001	2.511886431509580e-001
1371	2.308310044080050e-001	2.344228815319922e-001
1406	2.290347359348353e-001	2.290867652767773e-001
1423	2.027899924244259e-001	2.041737944669530e-001
1543	1.966484167889668e-001	1.995262314968880e-001
1592	1.827000002782755e-001	1.862087136662868e-001
1597	1.818675661698327e-001	1.819700858609984e-001
1611	1.624165725302780e-001	1.659586907437561e-001
1642	1.607769683405370e-001	1.621810097358930e-001
1728	1.577727319037701e-001	1.584893192461113e-001
1921	1.493120465416498e-001	1.513561248436208e-001
1975	1.402759517898140e-001	1.412537544622755e-001
2096	1.347368577211080e-001	1.348962882591654e-001
2347	1.251267145899176e-001	1.258925411794167e-001
2415	1.223746274528786e-001	1.230268770812382e-001
2419	1.191396286488133e-001	1.202264434617413e-001
2487	1.160016038140577e-001	1.174897554939529e-001
2490	1.108027246854372e-001	1.122018454301964e-001
2706	1.082540242536849e-001	1.096478196143185e-001
2824	1.042294598920228e-001	1.047128548050900e-001
2880	1.013626169305223e-001	1.023292992280754e-001
2938	9.911400924453195e-002	1.000000000000000e-001
2992	9.659026378658331e-002	9.772372209558107e-002
3042	9.257534477324381e-002	9.332543007969910e-002
3205	9.012813955271670e-002	9.120108393559097e-002
3216	8.825398401652007e-002	8.912509381337455e-002
3236	8.556616370600545e-002	8.709635899560805e-002
3260	8.250650114556724e-002	8.317637711026708e-002
3368	8.119702152593722e-002	8.128305161640990e-002
3565	7.914447959804305e-002	7.943282347242814e-002
3913	7.668436921828958e-002	7.762471166286916e-002
4049	7.561913836497980e-002	7.585775750291836e-002
4138	7.344627450992969e-002	7.413102413009177e-002
4256	7.218367685846117e-002	7.244359600749903e-002
4556	6.747965754045460e-002	6.760829753919818e-002
4937	6.605037799593350e-002	6.606934480075961e-002
4975	6.285507406484814e-002	6.309573444801933e-002
5233	6.162124760162757e-002	6.165950018614822e-002
5577	5.644004312344153e-002	5.754399373371569e-002
5688	5.604490143369745e-002	5.623413251903491e-002
5872	5.475936161294981e-002	5.495408738576246e-002
6214	5.364853280440529e-002	5.370317963702527e-002
6339	5.241672562791466e-002	5.248074602497726e-002
6487	5.083971502794915e-002	5.128613839913648e-002
6677	4.997825459478578e-002	5.011872336272722e-002
6984	4.892526240402206e-002	4.897788193684461e-002
7072	4.760930181648670e-002	4.786300923226383e-002
7510	4.653545447273588e-002	4.677351412871982e-002
7724	4.508132639759144e-002	4.570881896148749e-002
7855	4.330238465668890e-002	4.365158322401658e-002
8002	4.231100620898542e-002	4.265795188015926e-002
8525	4.138964506312404e-002	4.168693834703355e-002
9219	4.048060601042058e-002	4.073802778041128e-002
9487	3.975172634566304e-002	3.981071705534973e-002
9716	3.766469268214201e-002	3.801893963205612e-002
10171	3.700928257382807e-002	3.715352290971726e-002
10726	3.537636653713172e-002	3.548133892335755e-002
11629	3.433878785417766e-002	3.467368504525317e-002
12011	3.351303890967705e-002	3.388441561392026e-002
12696	3.305130964986025e-002	3.311311214825911e-002
13035	3.227135442963269e-002	3.235936569296283e-002
13872	2.966420082800547e-002	3.019951720402016e-002
13985	2.924624487708982e-002	2.951209226666385e-002
14404	2.819092807387646e-002	2.884031503126606e-002
14549	2.818325581067327e-002	2.818382931264454e-002
15647	2.682064962695385e-002	2.691534803926915e-002
15847	2.370752236162799e-002	2.398832919019490e-002
16012	2.282266669764788e-002	2.290867652767774e-002
17315	2.226014315008607e-002	2.238721138568340e-002
17866	2.076804071259009e-002	2.089296130854040e-002
18064	1.991925854708110e-002	1.995262314968880e-002
18278	1.937976347785320e-002	1.949844599758046e-002
18681	1.871666481821188e-002	1.905460717963247e-002
19085	1.860537834861820e-002	1.862087136662868e-002
19713	1.800308215187685e-002	1.819700858609984e-002
21254	1.758723880247926e-002	1.778279410038923e-002
22545	1.732940536299532e-002	1.737800828749376e-002
24807	1.698216088710347e-002	1.698243652461744e-002
25136	1.627135092884280e-002	1.659586907437561e-002
25530	1.618423058702012e-002	1.621810097358930e-002
27121	1.559891550239634e-002	1.584893192461113e-002
29381	1.548710951343646e-002	1.548816618912481e-002
33151	1.499619083495596e-002	1.513561248436208e-002
33775	1.459580597672106e-002	1.479108388168207e-002
34052	1.444807506677925e-002	1.445439770745927e-002
35419	1.386936895991442e-002	1.412537544622754e-002
35951	1.352037996558031e-002	1.380384264602885e-002
36640	1.348825291383482e-002	1.348962882591653e-002
40872	1.315770264743998e-002	1.318256738556408e-002
41148	1.269347607606641e-002	1.288249551693134e-002
41349	1.254268149663385e-002	1.258925411794168e-002
42967	1.227365284112980e-002	1.230268770812382e-002
43146	1.146025414471619e-002	1.148153621496883e-002
43649	1.116544001952413e-002	1.122018454301964e-002
45003	1.070886538845717e-002	1.071519305237607e-002
48213	1.046071992087871e-002	1.047128548050900e-002
49043	1.023288107472031e-002	1.023292992280754e-002
53027	9.905640543737881e-003	1.000000000000000e-002
54547	9.477276214188923e-003	9.549925860214359e-003
56094	9.180855894248663e-003	9.332543007969915e-003
56500	9.049857807097439e-003	9.120108393559097e-003
56702	8.862296917925838e-003	8.912509381337459e-003
57438	8.631322345747483e-003	8.709635899560805e-003
57921	8.391785620340486e-003	8.511380382023768e-003
58352	8.316741358649127e-003	8.317637711026709e-003
61425	8.128067812348094e-003	8.128305161640995e-003
63141	7.856828316910702e-003	7.943282347242814e-003
66270	7.719058275262425e-003	7.762471166286920e-003
69296	7.486297918392948e-003	7.585775750291836e-003
69589	6.918166820307770e-003	6.918309709189363e-003
74521	6.722803631683316e-003	6.760829753919818e-003
74609	6.166622225343033e-003	6.309573444801930e-003
74676	6.163900399419497e-003	6.165950018614822e-003
78735	5.803246465552858e-003	5.888436553555890e-003
78978	5.754296315832463e-003	5.754399373371567e-003
79456	5.616982982361463e-003	5.623413251903491e-003
82781	5.479550292295743e-003	5.495408738576248e-003
90610	5.324280680762294e-003	5.370317963702527e-003
94194	4.922839542436330e-003	5.011872336272725e-003
96176	4.718009150934122e-003	4.786300923226385e-003
96669	4.447269307020330e-003	4.466835921509631e-003
101088	4.209724049225816e-003	4.265795188015926e-003
102773	3.963182162296519e-003	3.981071705534973e-003
104028	3.881529326288824e-003	3.890451449942805e-003
106079	3.532914922828034e-003	3.548133892335753e-003
110730	3.397434539453403e-003	3.467368504525317e-003
111361	3.294757801386328e-003	3.311311214825911e-003
113994	3.202364923870160e-003	3.235936569296281e-003
116343	3.118294022295798e-003	3.162277660168379e-003
116369	3.024963540414372e-003	3.090295432513592e-003
117562	3.019054284795208e-003	3.019951720402016e-003
120584	2.948770697423164e-003	2.951209226666387e-003
121921	2.877594810790307e-003	2.884031503126606e-003
122239	2.807664191971870e-003	2.818382931264455e-003
124330	2.683638602346439e-003	2.691534803926917e-003
124732	2.605033048922123e-003	2.630267991895381e-003
128450	2.570359791313481e-003	2.570395782768865e-003
128956	2.398106111502485e-003	2.398832919019490e-003
133681	2.256612545268655e-003	2.290867652767772e-003
135820	2.238349216164837e-003	2.238721138568340e-003
141821	2.187755913811262e-003	2.187761623949552e-003
144384	2.107695476659899e-003	2.137962089502233e-003
144692	2.056077300187531e-003	2.089296130854039e-003
147570	1.925646413934112e-003	1.949844599758046e-003
150264	1.700048848085500e-003	1.737800828749376e-003
152141	1.697794234823080e-003	1.698243652461744e-003
154858	1.613615187776252e-003	1.621810097358930e-003
155752	1.545579199090708e-003	1.548816618912481e-003
160273	1.508274809191135e-003	1.513561248436209e-003
163125	1.455921159948193e-003	1.479108388168207e-003
164131	1.444593957550922e-003	1.445439770745928e-003
164486	1.371182973483709e-003	1.380384264602885e-003
165835	1.333834125340716e-003	1.348962882591653e-003
168476	1.317183762226781e-003	1.318256738556408e-003
172438	1.238471825926069e-003	1.258925411794168e-003
172800	1.228179245242766e-003	1.230268770812381e-003
176204	1.199090958322269e-003	1.202264434617413e-003
177135	1.171007468994012e-003	1.174897554939529e-003
179740	1.108690990661798e-003	1.122018454301963e-003
182067	1.096091697477042e-003	1.096478196143185e-003
184873	1.066007842404404e-003	1.071519305237606e-003
188102	1.019368240948060e-003	1.023292992280754e-003
189215	9.822056143227176e-004	1.000000000000000e-003
189950	9.730048433452820e-004	9.772372209558111e-004
191627	8.554513848813006e-004	8.709635899560805e-004
193995	8.505597732219039e-004	8.511380382023768e-004
195544	8.314036565160166e-004	8.317637711026709e-004
200920	8.124205034506504e-004	8.128305161640995e-004
206604	7.816307774821674e-004	7.943282347242813e-004
209052	7.734685352985826e-004	7.762471166286919e-004
210152	7.585620528882675e-004	7.585775750291835e-004
215199	7.328357017267750e-004	7.413102413009177e-004
217229	7.039411831137876e-004	7.079457843841380e-004
219109	6.809799316285226e-004	6.918309709189362e-004
221512	6.746796630281438e-004	6.760829753919819e-004
227690	6.606671387938690e-004	6.606934480075958e-004
231562	6.394827561728711e-004	6.456542290346556e-004
235926	6.308374167182107e-004	6.309573444801930e-004
236694	5.651612813338813e-004	5.754399373371566e-004
237655	5.612695609582552e-004	5.623413251903491e-004
249772	5.495397739929686e-004	5.495408738576249e-004
259521	5.311274190971105e-004	5.370317963702527e-004
266620	5.247696232323351e-004	5.248074602497728e-004
284070	5.092830546924443e-004	5.128613839913648e-004
284101	4.766468708705673e-004	4.786300923226385e-004
291209	4.677236660453055e-004	4.677351412871981e-004
291630	4.344464467107567e-004	4.365158322401661e-004
300001	4.310568689814831e-004	4.365158322401661e-004
%
% index = 922, name = bbob_f013_i07_d03__bbob_f017_i08_d03
% instance = 3, reference value = 7.533167092105810e-001
% function evaluation | indicator value | target hit
1	8.667295307151043e+011	8.709635899560797e+011
2	1.786407600694903e+007	1.819700858609983e+007
5	7.877169661464712e+004	7.943282347242822e+004
6	4.937342373088243e+001	5.011872336272722e+001
364	3.056612808752428e+001	3.090295432513591e+001
372	8.177016114540809e-001	8.317637711026710e-001
670	6.248631236125010e-001	6.309573444801933e-001
854	5.922406496301719e-001	6.025595860743578e-001
907	5.143627675826035e-001	5.248074602497725e-001
929	4.642644423873129e-001	4.677351412871982e-001
1037	4.478754672671781e-001	4.570881896148750e-001
1077	4.465674356399250e-001	4.466835921509632e-001
1083	4.161564096487340e-001	4.168693834703354e-001
1204	3.323139025190093e-001	3.388441561392026e-001
1220	3.285236378867822e-001	3.311311214825911e-001
1258	3.060503248472178e-001	3.090295432513591e-001
1275	2.993895744561124e-001	3.019951720402016e-001
1282	2.940869099215913e-001	2.951209226666385e-001
1301	2.583091178250919e-001	2.630267991895382e-001
1314	2.559536145498728e-001	2.570395782768864e-001
1317	2.504514807345190e-001	2.511886431509580e-001
1356	2.440631252350228e-001	2.454708915685031e-001
1375	2.270739778372584e-001	2.290867652767773e-001
1419	2.232252416210152e-001	2.238721138568340e-001
1488	2.184038090304479e-001	2.187761623949552e-001
1509	2.081910935811293e-001	2.089296130854039e-001
1561	2.010692370437943e-001	2.041737944669530e-001
1565	1.960579276664314e-001	1.995262314968880e-001
1575	1.948261303306076e-001	1.949844599758046e-001
1576	1.879423749132094e-001	1.905460717963247e-001
1585	1.820284342117730e-001	1.862087136662868e-001
1586	1.789426594845859e-001	1.819700858609984e-001
1597	1.759488599425667e-001	1.778279410038923e-001
1608	1.684671833420629e-001	1.698243652461744e-001
1620	1.589107884621472e-001	1.621810097358930e-001
1622	1.553266820077262e-001	1.584893192461113e-001
1628	1.547439461440949e-001	1.548816618912481e-001
1666	1.504643091768620e-001	1.513561248436208e-001
1683	1.470989267034512e-001	1.479108388168208e-001
1686	1.444317524944992e-001	1.445439770745928e-001
1715	1.409058046922376e-001	1.412537544622755e-001
1782	1.357318138290512e-001	1.380384264602885e-001
1801	1.301933341083327e-001	1.318256738556407e-001
1823	1.244047064199628e-001	1.258925411794167e-001
1864	1.229416960566666e-001	1.230268770812382e-001
1975	1.181299158054672e-001	1.202264434617413e-001
1978	1.174545894522519e-001	1.174897554939529e-001
2133	1.144562831035743e-001	1.148153621496883e-001
2187	1.099647780037749e-001	1.122018454301964e-001
2303	1.069796701816476e-001	1.071519305237607e-001
2549	1.022254904855704e-001	1.023292992280754e-001
2634	9.845604253765272e-002	1.000000000000000e-001
2663	8.379733228539077e-002	8.511380382023763e-002
2707	8.317581589258694e-002	8.317637711026708e-002
2750	7.964551343772208e-002	8.128305161640990e-002
2797	7.902467941275471e-002	7.943282347242814e-002
2866	7.654580853423409e-002	7.762471166286916e-002
2955	7.387971619716149e-002	7.413102413009177e-002
3030	7.187182133702574e-002	7.244359600749903e-002
3084	7.004294345671691e-002	7.079457843841380e-002
3288	6.851570661197504e-002	6.918309709189366e-002
3456	6.711337516805205e-002	6.760829753919818e-002
3677	6.429916463883312e-002	6.456542290346556e-002
3722	6.295517681039697e-002	6.309573444801933e-002
3896	6.143166986881032e-002	6.165950018614822e-002
3996	6.024205970932550e-002	6.025595860743578e-002
4075	5.879672060427921e-002	5.888436553555890e-002
4345	5.708560160565113e-002	5.754399373371569e-002
4437	5.605138070820281e-002	5.623413251903491e-002
4530	5.421285919698460e-002	5.495408738576246e-002
4667	5.355911095847321e-002	5.370317963702527e-002
5124	5.213542426996742e-002	5.248074602497726e-002
5474	4.975451146683352e-002	5.011872336272722e-002
5746	4.831041644054068e-002	4.897788193684461e-002
6089	4.760444060160973e-002	4.786300923226383e-002
6646	4.638514220838186e-002	4.677351412871982e-002
6780	4.565217858625381e-002	4.570881896148749e-002
6893	4.457874964504438e-002	4.466835921509630e-002
7349	4.277998813965855e-002	4.365158322401658e-002
7648	4.195576429014225e-002	4.265795188015926e-002
7744	4.117056250292572e-002	4.168693834703355e-002
8042	4.058761070208750e-002	4.073802778041128e-002
8740	3.916571582308059e-002	3.981071705534973e-002
8958	3.883617438148357e-002	3.890451449942807e-002
9355	3.766318562745719e-002	3.801893963205612e-002
9740	3.714340691857287e-002	3.715352290971726e-002
10660	3.629853929721083e-002	3.630780547701014e-002
11370	3.501312213254770e-002	3.548133892335755e-002
11802	3.459618502603290e-002	3.467368504525317e-002
13089	3.381368053374356e-002	3.388441561392026e-002
14489	3.310421749475945e-002	3.311311214825911e-002
15682	3.235629771515514e-002	3.235936569296283e-002
15926	3.097221986593990e-002	3.162277660168379e-002
15943	3.081092690060572e-002	3.090295432513590e-002
16554	3.013548148836909e-002	3.019951720402016e-002
17029	2.837801802454554e-002	2.884031503126606e-002
17159	2.808248239141742e-002	2.818382931264454e-002
18414	2.753458112223672e-002	2.754228703338166e-002
19981	2.689092586496622e-002	2.691534803926915e-002
21452	2.628346023217532e-002	2.630267991895382e-002
22516	2.567015931783967e-002	2.570395782768863e-002
22800	2.498614576289804e-002	2.511886431509579e-002
23292	2.393377838760713e-002	2.398832919019490e-002
23779	2.331966483054304e-002	2.344228815319923e-002
24474	2.282020668731177e-002	2.290867652767774e-002
25482	2.236143961020065e-002	2.238721138568340e-002
27382	2.150363567533453e-002	2.187761623949553e-002
28287	2.137863599202428e-002	2.137962089502233e-002
31097	2.088219350676568e-002	2.089296130854040e-002
31528	2.041489804763130e-002	2.041737944669530e-002
32634	1.927173015012429e-002	1.949844599758046e-002
33571	1.901483919956004e-002	1.905460717963247e-002
35458	1.856054213309666e-002	1.862087136662868e-002
37851	1.819690961299481e-002	1.819700858609984e-002
39346	1.705633946552154e-002	1.737800828749376e-002
39367	1.687049411751507e-002	1.698243652461744e-002
40913	1.648818114352935e-002	1.659586907437561e-002
42349	1.604389948897977e-002	1.621810097358930e-002
44593	1.572505599976981e-002	1.584893192461113e-002
45518	1.542181102785745e-002	1.548816618912481e-002
46025	1.419844586818897e-002	1.445439770745927e-002
47327	1.409192290239669e-002	1.412537544622754e-002
49215	1.380030938854804e-002	1.380384264602885e-002
49220	1.333440738080427e-002	1.348962882591653e-002
49275	1.315856727818443e-002	1.318256738556408e-002
49601	1.280529900924199e-002	1.288249551693134e-002
50949	1.258759276479704e-002	1.258925411794168e-002
53732	1.230069351665220e-002	1.230268770812382e-002
57159	1.151946085513245e-002	1.174897554939530e-002
58418	1.148096047399372e-002	1.148153621496883e-002
62455	1.115822073994721e-002	1.122018454301964e-002
63325	1.095368332485180e-002	1.096478196143185e-002
65588	1.064209994267817e-002	1.071519305237607e-002
69777	1.046560908827343e-002	1.047128548050900e-002
72607	1.022815476850991e-002	1.023292992280754e-002
73360	9.832371803237372e-003	1.000000000000000e-002
74923	9.701350869814829e-003	9.772372209558112e-003
76954	9.503881792524926e-003	9.549925860214359e-003
81289	9.263819033796472e-003	9.332543007969915e-003
85942	9.010567161601535e-003	9.120108393559097e-003
86855	8.887995499445744e-003	8.912509381337459e-003
96323	8.615397091601862e-003	8.709635899560805e-003
97957	8.307427841776960e-003	8.317637711026709e-003
105210	8.090134110476321e-003	8.128305161640995e-003
106121	7.940471774129709e-003	7.943282347242814e-003
111193	7.595936040135864e-003	7.762471166286920e-003
111311	7.553525022355401e-003	7.585775750291836e-003
115904	7.314503262038419e-003	7.413102413009177e-003
118101	7.212076882919360e-003	7.244359600749898e-003
121043	7.036834009742976e-003	7.079457843841380e-003
122043	6.338700751631898e-003	6.456542290346556e-003
123113	6.146462346736104e-003	6.165950018614822e-003
127820	5.977781792798731e-003	6.025595860743574e-003
133571	5.847915582504859e-003	5.888436553555890e-003
137682	5.753793979584421e-003	5.754399373371567e-003
140325	5.618080610135134e-003	5.623413251903491e-003
149172	5.483667553282445e-003	5.495408738576248e-003
153554	5.298865361640592e-003	5.370317963702527e-003
154252	5.233176766297087e-003	5.248074602497728e-003
171710	5.096102094756749e-003	5.128613839913648e-003
179467	4.879300364917127e-003	4.897788193684461e-003
179624	4.738273545508820e-003	4.786300923226385e-003
200602	4.675593822503821e-003	4.677351412871981e-003
207490	4.559376819063266e-003	4.570881896148752e-003
214727	4.463053266585026e-003	4.466835921509631e-003
226015	4.329962746788318e-003	4.365158322401661e-003
236416	4.125893281085147e-003	4.168693834703355e-003
251888	4.073548995351506e-003	4.073802778041126e-003
284393	3.980124948017028e-003	3.981071705534973e-003
300001	3.940969804238192e-003	3.981071705534973e-003
%
% index = 923, name = bbob_f013_i09_d03__bbob_f017_i10_d03
% instance = 4, reference value = 8.868565799883150e-001
% function evaluation | indicator value | target hit
1	7.387238712335345e+003	7.413102413009177e+003
5	1.503150824340157e+003	1.513561248436209e+003
6	2.711046032022841e+001	2.754228703338166e+001
263	1.920575591171918e+001	1.949844599758045e+001
281	8.103379870126757e+000	8.128305161640993e+000
525	6.841745517523815e+000	6.918309709189365e+000
534	6.666199255408315e+000	6.760829753919817e+000
605	1.404290459324815e+000	1.412537544622754e+000
613	1.314320330220815e+000	1.318256738556407e+000
623	1.038733962063315e+000	1.047128548050900e+000
719	4.988879260430376e-001	5.011872336272722e-001
874	3.416624212186630e-001	3.467368504525316e-001
967	2.918906998723840e-001	2.951209226666385e-001
1107	2.853692588314573e-001	2.884031503126606e-001
1135	2.651531351123539e-001	2.691534803926916e-001
1217	2.295849360029032e-001	2.344228815319922e-001
1259	2.202788516969727e-001	2.238721138568340e-001
1282	2.079895936089826e-001	2.089296130854039e-001
1327	2.031663214122101e-001	2.041737944669530e-001
1376	1.918055488686455e-001	1.949844599758046e-001
1441	1.815437959565551e-001	1.819700858609984e-001
1460	1.690648029500335e-001	1.698243652461744e-001
1488	1.366206168598930e-001	1.380384264602885e-001
1502	1.347359850385860e-001	1.348962882591654e-001
1560	1.297455766773353e-001	1.318256738556407e-001
1568	1.116183150440945e-001	1.122018454301964e-001
1592	1.080254783239835e-001	1.096478196143185e-001
1597	1.020222260539603e-001	1.023292992280754e-001
1600	9.958600874901302e-002	1.000000000000000e-001
1604	8.517188535760234e-002	8.709635899560805e-002
1627	8.057092288262147e-002	8.128305161640990e-002
1667	7.922435567390118e-002	7.943282347242814e-002
1684	7.508973882301340e-002	7.585775750291836e-002
1719	7.372820374540057e-002	7.413102413009177e-002
1736	7.166977421832033e-002	7.244359600749903e-002
1780	7.048211685116956e-002	7.079457843841380e-002
1783	5.876327076083521e-002	5.888436553555890e-002
1846	5.727901304701100e-002	5.754399373371569e-002
2033	5.496439511833873e-002	5.623413251903491e-002
2059	5.248633217344578e-002	5.370317963702527e-002
2204	5.236094500255872e-002	5.248074602497726e-002
2243	5.032232814689674e-002	5.128613839913648e-002
2272	4.899213690370941e-002	5.011872336272722e-002
2323	4.853711855824960e-002	4.897788193684461e-002
2347	4.757033527364107e-002	4.786300923226383e-002
2588	4.640175899314480e-002	4.677351412871982e-002
2617	4.506520780548218e-002	4.570881896148749e-002
2622	4.425495526788437e-002	4.466835921509630e-002
2767	4.352786610912152e-002	4.365158322401658e-002
3001	4.103499741154648e-002	4.168693834703355e-002
3011	4.063111862951374e-002	4.073802778041128e-002
3174	3.961752118958439e-002	3.981071705534973e-002
3302	3.838112571627239e-002	3.890451449942807e-002
3341	3.765418051099867e-002	3.801893963205612e-002
3530	3.673629509488641e-002	3.715352290971726e-002
3557	3.613457566844691e-002	3.630780547701014e-002
3561	3.482156248595625e-002	3.548133892335755e-002
3582	3.439117456228436e-002	3.467368504525317e-002
3656	3.304734966207157e-002	3.311311214825911e-002
3706	2.882166857998514e-002	2.884031503126606e-002
3860	2.803003578822261e-002	2.818382931264454e-002
4104	2.610369673707669e-002	2.630267991895382e-002
4185	2.519764911377376e-002	2.570395782768863e-002
4241	2.495015952684399e-002	2.511886431509579e-002
4263	2.448421632618780e-002	2.454708915685030e-002
4469	2.393192351435369e-002	2.398832919019490e-002
4598	2.334548394721536e-002	2.344228815319923e-002
4896	2.290546757836354e-002	2.290867652767774e-002
4952	2.218510964277387e-002	2.238721138568340e-002
5148	2.177579362605997e-002	2.187761623949553e-002
5446	2.137537051486094e-002	2.137962089502233e-002
5726	2.085701540506779e-002	2.089296130854040e-002
5831	2.005523774165252e-002	2.041737944669530e-002
5976	1.994232802241747e-002	1.995262314968880e-002
6117	1.930980665318627e-002	1.949844599758046e-002
6277	1.862841205493448e-002	1.905460717963247e-002
6282	1.861450764885453e-002	1.862087136662868e-002
6497	1.784187580055152e-002	1.819700858609984e-002
6621	1.768145979991276e-002	1.778279410038923e-002
6739	1.736586539536511e-002	1.737800828749376e-002
6998	1.696264761168020e-002	1.698243652461744e-002
7148	1.642112092927994e-002	1.659586907437561e-002
7363	1.614556196373207e-002	1.621810097358930e-002
7600	1.582435935101334e-002	1.584893192461113e-002
7855	1.484756580197510e-002	1.513561248436208e-002
7935	1.478779751834003e-002	1.479108388168207e-002
8115	1.444667845164549e-002	1.445439770745927e-002
8733	1.411447553313749e-002	1.412537544622754e-002
9153	1.367167315118745e-002	1.380384264602885e-002
9405	1.348118726788239e-002	1.348962882591653e-002
10216	1.292317946559929e-002	1.318256738556408e-002
10449	1.288219228965681e-002	1.288249551693134e-002
11158	1.257827523607924e-002	1.258925411794168e-002
11588	1.224287341188624e-002	1.230268770812382e-002
11850	1.199650056729684e-002	1.202264434617413e-002
11924	1.154550047725633e-002	1.174897554939530e-002
12221	1.145838054266668e-002	1.148153621496883e-002
13130	1.120555125226441e-002	1.122018454301964e-002
14301	1.039451665499780e-002	1.047128548050900e-002
14423	1.020991912182390e-002	1.023292992280754e-002
15691	9.895805381949896e-003	1.000000000000000e-002
15885	9.770286930742000e-003	9.772372209558112e-003
16256	9.473893500514752e-003	9.549925860214359e-003
17400	8.974556754491769e-003	9.120108393559097e-003
17577	8.608861890289088e-003	8.709635899560805e-003
18741	8.506320474582774e-003	8.511380382023768e-003
18865	8.264069132059237e-003	8.317637711026709e-003
18971	7.979889342366708e-003	8.128305161640995e-003
19112	7.603458738496105e-003	7.762471166286920e-003
19262	7.472558858761635e-003	7.585775750291836e-003
19431	7.332736260854400e-003	7.413102413009177e-003
19759	7.006816181813869e-003	7.079457843841380e-003
20512	6.907110903413449e-003	6.918309709189363e-003
20973	6.055826706970802e-003	6.165950018614822e-003
20978	5.696189264699281e-003	5.754399373371567e-003
21356	5.604900422765402e-003	5.623413251903491e-003
21667	5.481584939179940e-003	5.495408738576248e-003
21775	5.366671373156162e-003	5.370317963702527e-003
22953	4.956776791285145e-003	5.011872336272725e-003
23197	4.790930060461496e-003	4.897788193684461e-003
23294	4.753851556633881e-003	4.786300923226385e-003
23529	4.651063726142213e-003	4.677351412871981e-003
23589	4.548366289931161e-003	4.570881896148752e-003
23757	4.446043647921449e-003	4.466835921509631e-003
24715	4.334262138145362e-003	4.365158322401661e-003
25524	4.187195904116647e-003	4.265795188015926e-003
25685	4.162271743811230e-003	4.168693834703355e-003
26530	4.023821792582094e-003	4.073802778041126e-003
26959	3.979700236160233e-003	3.981071705534973e-003
27863	3.812622851014469e-003	3.890451449942805e-003
28297	3.795906442967789e-003	3.801893963205613e-003
29346	3.634904652650484e-003	3.715352290971724e-003
29710	3.630576260008178e-003	3.630780547701014e-003
31373	3.543909904133114e-003	3.548133892335753e-003
32812	3.457194208358994e-003	3.467368504525317e-003
35101	3.378745529949656e-003	3.388441561392024e-003
35125	3.296000873860838e-003	3.311311214825911e-003
35858	3.231328880603845e-003	3.235936569296281e-003
36231	3.141131422036536e-003	3.162277660168379e-003
37738	3.083819296711976e-003	3.090295432513592e-003
38877	3.001455523484076e-003	3.019951720402016e-003
39039	2.864818302334649e-003	2.884031503126606e-003
39729	2.816369196041779e-003	2.818382931264455e-003
41923	2.743905315675144e-003	2.754228703338166e-003
43223	2.680272738068701e-003	2.691534803926917e-003
44327	2.624842249103421e-003	2.630267991895381e-003
46325	2.568473567412632e-003	2.570395782768865e-003
48489	2.506371040496669e-003	2.511886431509579e-003
49548	2.387182703822099e-003	2.398832919019490e-003
51668	2.336039757558250e-003	2.344228815319923e-003
53228	2.290865776389817e-003	2.290867652767772e-003
58513	2.235303856582882e-003	2.238721138568340e-003
62138	2.187724398557300e-003	2.187761623949552e-003
65423	2.127089185991027e-003	2.137962089502233e-003
68655	2.085659394092665e-003	2.089296130854039e-003
70506	2.038589530586332e-003	2.041737944669530e-003
75851	1.995242493880167e-003	1.995262314968879e-003
82930	1.949388255912177e-003	1.949844599758046e-003
87552	1.896429055205817e-003	1.905460717963246e-003
93698	1.862082633699802e-003	1.862087136662868e-003
106624	1.793310862829745e-003	1.819700858609983e-003
106790	1.772114414118620e-003	1.778279410038923e-003
117279	1.737319589966813e-003	1.737800828749376e-003
129342	1.698238134200003e-003	1.698243652461744e-003
146617	1.656743396546423e-003	1.659586907437561e-003
173033	1.620206907888222e-003	1.621810097358930e-003
202636	1.579293727064335e-003	1.584893192461114e-003
226426	1.548793825974837e-003	1.548816618912481e-003
300001	1.534138674507801e-003	1.548816618912481e-003
%
% index = 924, name = bbob_f013_i11_d03__bbob_f017_i12_d03
% instance = 5, reference value = 9.305590833958300e-001
% function evaluation | indicator value | target hit
1	2.763775942203667e+003	2.818382931264455e+003
6	9.967504606362494e+000	1.000000000000000e+001
200	1.590178421030344e+000	1.621810097358930e+000
438	9.304023364420849e-001	9.332543007969910e-001
460	8.186740409098142e-001	8.317637711026710e-001
466	5.179013352700594e-001	5.248074602497725e-001
678	5.105851538949666e-001	5.128613839913648e-001
729	3.336236086599799e-001	3.388441561392026e-001
795	3.233092180608140e-001	3.235936569296283e-001
807	2.667700521109927e-001	2.691534803926916e-001
818	2.499372274619108e-001	2.511886431509580e-001
890	2.448598551518301e-001	2.454708915685031e-001
898	2.139469647483823e-001	2.187761623949552e-001
906	2.123790948389658e-001	2.137962089502232e-001
914	1.889464671754472e-001	1.905460717963247e-001
931	1.811356638609583e-001	1.819700858609984e-001
972	1.773858961597016e-001	1.778279410038923e-001
980	1.709076182947424e-001	1.737800828749375e-001
983	1.636340201592358e-001	1.659586907437561e-001
1025	1.606228660551402e-001	1.621810097358930e-001
1092	1.577599152684448e-001	1.584893192461113e-001
1112	1.232543037486730e-001	1.258925411794167e-001
1113	1.204868291462337e-001	1.230268770812382e-001
1114	1.191714110436328e-001	1.202264434617413e-001
1146	1.174163983302764e-001	1.174897554939529e-001
1193	8.945919430138127e-002	9.120108393559097e-002
1197	8.409395019240884e-002	8.511380382023763e-002
1262	8.219184255069467e-002	8.317637711026708e-002
1263	8.051466868995816e-002	8.128305161640990e-002
1264	7.583663099229121e-002	7.585775750291836e-002
1299	7.282612862091531e-002	7.413102413009177e-002
1362	7.080990856267000e-002	7.244359600749903e-002
1391	7.063708721044482e-002	7.079457843841380e-002
1404	6.907387352414574e-002	6.918309709189366e-002
1456	6.740680971695134e-002	6.760829753919818e-002
1457	6.002560813901126e-002	6.025595860743578e-002
1480	5.849501934806733e-002	5.888436553555890e-002
1494	5.699762638419414e-002	5.754399373371569e-002
1523	5.455544127828604e-002	5.495408738576246e-002
1583	5.317518188381476e-002	5.370317963702527e-002
1653	5.085701873115733e-002	5.128613839913648e-002
1676	4.958911809964406e-002	5.011872336272722e-002
1704	4.725675904671811e-002	4.786300923226383e-002
1759	4.551569840734493e-002	4.570881896148749e-002
1875	4.157865206198352e-002	4.168693834703355e-002
1990	3.945180848692553e-002	3.981071705534973e-002
2007	3.868009694154351e-002	3.890451449942807e-002
2072	3.798468843197644e-002	3.801893963205612e-002
2131	3.701641966780356e-002	3.715352290971726e-002
2151	3.435650403748680e-002	3.467368504525317e-002
2181	3.291532177864431e-002	3.311311214825911e-002
2330	3.235821680398188e-002	3.235936569296283e-002
2381	3.099474990869700e-002	3.162277660168379e-002
2397	3.061657658546313e-002	3.090295432513590e-002
2448	2.969801066685218e-002	3.019951720402016e-002
2494	2.842114336890422e-002	2.884031503126606e-002
2561	2.281540298520213e-002	2.290867652767774e-002
2581	2.216495346048952e-002	2.238721138568340e-002
2773	2.164214578241963e-002	2.187761623949553e-002
2900	2.116500560017554e-002	2.137962089502233e-002
3038	2.084025625647745e-002	2.089296130854040e-002
3054	2.029522515252180e-002	2.041737944669530e-002
3080	1.900821371348604e-002	1.905460717963247e-002
3160	1.764774670390956e-002	1.778279410038923e-002
3340	1.729812502600259e-002	1.737800828749376e-002
3682	1.681577907665999e-002	1.698243652461744e-002
3756	1.655653854066319e-002	1.659586907437561e-002
3845	1.617312244710067e-002	1.621810097358930e-002
3908	1.557945766305280e-002	1.584893192461113e-002
3917	1.540334932710263e-002	1.548816618912481e-002
4298	1.506655180350114e-002	1.513561248436208e-002
4567	1.466591853541066e-002	1.479108388168207e-002
4620	1.443207594658758e-002	1.445439770745927e-002
5049	1.397404673637281e-002	1.412537544622754e-002
5415	1.375825548862031e-002	1.380384264602885e-002
6254	1.348762875865761e-002	1.348962882591653e-002
6723	1.293758620834862e-002	1.318256738556408e-002
6910	1.285783548158492e-002	1.288249551693134e-002
7841	1.257597440714975e-002	1.258925411794168e-002
8057	1.192238285661706e-002	1.202264434617413e-002
8466	1.174028081137957e-002	1.174897554939530e-002
8586	1.146293681125321e-002	1.148153621496883e-002
9776	8.899251562241584e-003	8.912509381337459e-003
11305	8.662933595133815e-003	8.709635899560805e-003
11862	8.508318156480899e-003	8.511380382023768e-003
13939	8.286106689943895e-003	8.317637711026709e-003
14901	8.127559385842198e-003	8.128305161640995e-003
15494	7.165044375224250e-003	7.244359600749898e-003
16136	7.077592196667593e-003	7.079457843841380e-003
17451	6.917499136811278e-003	6.918309709189363e-003
20243	6.683924679891429e-003	6.760829753919818e-003
20439	6.283608196214874e-003	6.309573444801930e-003
22210	6.127986511816452e-003	6.165950018614822e-003
26851	6.025388506684326e-003	6.025595860743574e-003
33821	5.886351427405345e-003	5.888436553555890e-003
36109	5.347360653157218e-003	5.370317963702527e-003
51193	5.222335855650795e-003	5.248074602497728e-003
58961	5.116746425069096e-003	5.128613839913648e-003
81552	5.005579206598609e-003	5.011872336272725e-003
156945	4.713874337512802e-003	4.786300923226385e-003
172917	4.456885231624130e-003	4.466835921509631e-003
173257	4.180731179267205e-003	4.265795188015926e-003
180901	4.164151597884858e-003	4.168693834703355e-003
188566	4.046456163179668e-003	4.073802778041126e-003
196322	3.968979679609741e-003	3.981071705534973e-003
200094	3.860070259679937e-003	3.890451449942805e-003
203720	3.117593198956659e-003	3.162277660168379e-003
205285	2.824182480814175e-003	2.884031503126606e-003
207372	2.687714082378556e-003	2.691534803926917e-003
209029	2.304179792548711e-003	2.344228815319923e-003
214476	2.288094092923076e-003	2.290867652767772e-003
217059	2.217773025232073e-003	2.238721138568340e-003
217823	2.179082716505798e-003	2.187761623949552e-003
218294	1.699230213474179e-003	1.737800828749376e-003
219115	1.346073747826471e-003	1.348962882591653e-003
223443	1.170444689087558e-003	1.174897554939529e-003
231231	1.121968348236413e-003	1.122018454301963e-003
233348	1.079877569618248e-003	1.096478196143185e-003
235602	1.069830516367110e-003	1.071519305237606e-003
239929	1.028760072446344e-003	1.047128548050900e-003
244077	1.008757567681928e-003	1.023292992280754e-003
252765	9.874132281004755e-004	1.000000000000000e-003
253941	8.207089824106006e-004	8.317637711026709e-004
254574	8.110205609815901e-004	8.128305161640995e-004
276017	5.889108249487185e-004	6.025595860743575e-004
276820	5.886153557771445e-004	5.888436553555889e-004
285875	5.738570184027347e-004	5.754399373371566e-004
300001	5.698938992464431e-004	5.754399373371566e-004
%
% index = 925, name = bbob_f013_i13_d03__bbob_f017_i14_d03
% instance = 6, reference value = 9.046057290772860e-001
% function evaluation | indicator value | target hit
1	6.382277886564370e+003	6.456542290346556e+003
4	5.455501687004887e+003	5.495408738576249e+003
6	2.395698988476749e+001	2.398832919019490e+001
200	1.724292587039563e+001	1.737800828749375e+001
262	1.042200260984712e+001	1.047128548050900e+001
440	1.364163518153286e+000	1.380384264602885e+000
467	7.284419196000846e-001	7.413102413009175e-001
890	6.934224360243082e-001	7.079457843841379e-001
895	6.537177849974103e-001	6.606934480075960e-001
947	6.331121720807619e-001	6.456542290346555e-001
950	6.250606318522776e-001	6.309573444801933e-001
969	3.716951656092595e-001	3.801893963205612e-001
979	3.605936795007108e-001	3.630780547701014e-001
1019	3.385854717276271e-001	3.388441561392026e-001
1054	3.251342453463552e-001	3.311311214825911e-001
1077	3.129297950008457e-001	3.162277660168379e-001
1082	2.726496034656736e-001	2.754228703338166e-001
1100	2.674604682940623e-001	2.691534803926916e-001
1108	2.589274467834587e-001	2.630267991895382e-001
1131	2.473283868336793e-001	2.511886431509580e-001
1136	2.354908584633377e-001	2.398832919019490e-001
1150	2.242309654834725e-001	2.290867652767773e-001
1174	2.237864136405972e-001	2.238721138568340e-001
1194	2.058785404125001e-001	2.089296130854039e-001
1240	1.997225000981862e-001	2.041737944669530e-001
1271	1.994598317571302e-001	1.995262314968880e-001
1299	1.419267340132400e-001	1.445439770745928e-001
1301	1.406141541899683e-001	1.412537544622755e-001
1321	1.375455542399211e-001	1.380384264602885e-001
1381	1.332214149816255e-001	1.348962882591654e-001
1387	1.301421246045107e-001	1.318256738556407e-001
1388	1.155056664595725e-001	1.174897554939529e-001
1392	1.105061372466223e-001	1.122018454301964e-001
1417	1.091902322248159e-001	1.096478196143185e-001
1466	1.067489632457714e-001	1.071519305237607e-001
1490	1.043281368424773e-001	1.047128548050900e-001
1552	1.010554119090076e-001	1.023292992280754e-001
1581	9.967554544642854e-002	1.000000000000000e-001
1610	9.690765026682735e-002	9.772372209558107e-002
1630	9.526493320249363e-002	9.549925860214359e-002
1646	9.255282214111171e-002	9.332543007969910e-002
1665	8.915207561065508e-002	9.120108393559097e-002
1669	8.908355061425211e-002	8.912509381337455e-002
1777	6.723020255123013e-002	6.760829753919818e-002
1806	6.410612817683414e-002	6.456542290346556e-002
1872	6.237568823412143e-002	6.309573444801933e-002
1911	6.128838626493982e-002	6.165950018614822e-002
1930	5.989421621420976e-002	6.025595860743578e-002
1966	5.756891338168013e-002	5.888436553555890e-002
2051	5.612297717933390e-002	5.623413251903491e-002
2067	4.863070437995820e-002	4.897788193684461e-002
2105	4.517742616853859e-002	4.570881896148749e-002
2149	4.449262599478088e-002	4.466835921509630e-002
2192	4.347053645596910e-002	4.365158322401658e-002
2511	4.218895832295910e-002	4.265795188015926e-002
2518	4.053130771464564e-002	4.073802778041128e-002
2529	3.933506966456724e-002	3.981071705534973e-002
2728	3.794111283543444e-002	3.801893963205612e-002
2853	3.710647076662510e-002	3.715352290971726e-002
2900	3.497918475286987e-002	3.548133892335755e-002
2933	3.337965330123516e-002	3.388441561392026e-002
3089	3.214150481783018e-002	3.235936569296283e-002
3116	3.088767953623561e-002	3.090295432513590e-002
3172	2.964035911330376e-002	3.019951720402016e-002
3259	2.939918420222065e-002	2.951209226666385e-002
3343	2.868654178963459e-002	2.884031503126606e-002
3396	2.804544303191237e-002	2.818382931264454e-002
3682	2.747237633426758e-002	2.754228703338166e-002
4020	2.677189211255815e-002	2.691534803926915e-002
4344	2.609058888589977e-002	2.630267991895382e-002
4445	2.415258956167310e-002	2.454708915685030e-002
4540	2.196220744593047e-002	2.238721138568340e-002
4765	2.152857053093815e-002	2.187761623949553e-002
4868	2.116305871496049e-002	2.137962089502233e-002
4936	2.077256334919342e-002	2.089296130854040e-002
5764	1.975259350721592e-002	1.995262314968880e-002
5902	1.898606853128715e-002	1.905460717963247e-002
6234	1.845148789439444e-002	1.862087136662868e-002
6461	1.816236846251040e-002	1.819700858609984e-002
6992	1.773568236733747e-002	1.778279410038923e-002
7045	1.719450169080039e-002	1.737800828749376e-002
7758	1.692612765831969e-002	1.698243652461744e-002
8692	1.648745169128407e-002	1.659586907437561e-002
8924	1.576462533351308e-002	1.584893192461113e-002
8945	1.490105090607863e-002	1.513561248436208e-002
9023	1.472891632329110e-002	1.479108388168207e-002
9137	1.444739951678964e-002	1.445439770745927e-002
9413	1.404779621654573e-002	1.412537544622754e-002
9514	1.366800354267161e-002	1.380384264602885e-002
10049	1.347384470688895e-002	1.348962882591653e-002
10580	1.311895101904026e-002	1.318256738556408e-002
11268	1.287641298964937e-002	1.288249551693134e-002
12071	1.253475687920125e-002	1.258925411794168e-002
12860	1.226437201680442e-002	1.230268770812382e-002
13139	1.200931528519500e-002	1.202264434617413e-002
13225	1.172708533777533e-002	1.174897554939530e-002
13523	1.147741543453795e-002	1.148153621496883e-002
13983	1.121534580069172e-002	1.122018454301964e-002
14689	1.089959101561155e-002	1.096478196143185e-002
15057	1.050333096844247e-002	1.071519305237607e-002
15176	1.033609811791358e-002	1.047128548050900e-002
15559	1.020131687385861e-002	1.023292992280754e-002
15679	9.994862767117807e-003	1.000000000000000e-002
16358	9.734826286706411e-003	9.772372209558112e-003
16475	9.530747794023298e-003	9.549925860214359e-003
17743	9.180332158681526e-003	9.332543007969915e-003
18024	9.109682805518271e-003	9.120108393559097e-003
18446	8.565478607993726e-003	8.709635899560805e-003
18462	8.464336301979514e-003	8.511380382023768e-003
19371	8.313462573217967e-003	8.317637711026709e-003
19611	7.727958100327781e-003	7.762471166286920e-003
20964	7.457860959870333e-003	7.585775750291836e-003
22051	7.160329144773381e-003	7.244359600749898e-003
22700	7.051488786479099e-003	7.079457843841380e-003
23726	6.877921567420398e-003	6.918309709189363e-003
25610	6.759908434445960e-003	6.760829753919818e-003
26505	6.602624113557054e-003	6.606934480075957e-003
28261	6.451019642778944e-003	6.456542290346556e-003
29844	6.308183127671452e-003	6.309573444801930e-003
29987	6.136200232662703e-003	6.165950018614822e-003
30993	5.990419742325170e-003	6.025595860743574e-003
31904	5.718777018509758e-003	5.754399373371567e-003
33269	5.601866716079096e-003	5.623413251903491e-003
34002	5.495190563508001e-003	5.495408738576248e-003
34541	5.364666954290609e-003	5.370317963702527e-003
35002	5.226977735812932e-003	5.248074602497728e-003
36481	5.063413351206747e-003	5.128613839913648e-003
36823	4.973150767805690e-003	5.011872336272725e-003
37595	4.876763759962488e-003	4.897788193684461e-003
38505	4.786142692228101e-003	4.786300923226385e-003
40287	4.677307566832267e-003	4.677351412871981e-003
41220	4.563630044491562e-003	4.570881896148752e-003
42416	4.421987901292335e-003	4.466835921509631e-003
43599	4.365023948455504e-003	4.365158322401661e-003
44739	4.092515289902621e-003	4.168693834703355e-003
44767	4.027530151796133e-003	4.073802778041126e-003
45658	3.978983885612908e-003	3.981071705534973e-003
46830	3.875616774064672e-003	3.890451449942805e-003
47317	3.771275120444950e-003	3.801893963205613e-003
47434	3.701252688420476e-003	3.715352290971724e-003
48377	3.629480849149491e-003	3.630780547701014e-003
49772	3.508030777343185e-003	3.548133892335753e-003
50249	3.465800404368280e-003	3.467368504525317e-003
51767	3.388296409239544e-003	3.388441561392024e-003
53787	3.295386239319131e-003	3.311311214825911e-003
55015	3.230700633680805e-003	3.235936569296281e-003
56581	3.123843086053513e-003	3.162277660168379e-003
56820	3.084640595363619e-003	3.090295432513592e-003
57896	3.019071159238607e-003	3.019951720402016e-003
59763	2.906362122113149e-003	2.951209226666387e-003
60538	2.883585600933047e-003	2.884031503126606e-003
62416	2.816672456049219e-003	2.818382931264455e-003
64317	2.743993174337933e-003	2.754228703338166e-003
65679	2.689577759056760e-003	2.691534803926917e-003
66952	2.621463374278488e-003	2.630267991895381e-003
70297	2.568271512040976e-003	2.570395782768865e-003
73022	2.498861244041861e-003	2.511886431509579e-003
74579	2.454627850573043e-003	2.454708915685031e-003
75863	2.319250607596413e-003	2.344228815319923e-003
77861	2.288710766815139e-003	2.290867652767772e-003
82621	2.238646985188053e-003	2.238721138568340e-003
84641	2.072063406828528e-003	2.089296130854039e-003
89538	2.041576662444755e-003	2.041737944669530e-003
97472	1.986148685509837e-003	1.995262314968879e-003
101719	1.944338192700457e-003	1.949844599758046e-003
107926	1.905441999369373e-003	1.905460717963246e-003
116105	1.861952080226659e-003	1.862087136662868e-003
125693	1.816991913663024e-003	1.819700858609983e-003
140596	1.778244125637429e-003	1.778279410038923e-003
158063	1.737656325667469e-003	1.737800828749376e-003
166540	1.698048322853252e-003	1.698243652461744e-003
171030	1.654889749017618e-003	1.659586907437561e-003
176827	1.613375007026074e-003	1.621810097358930e-003
205237	1.584815098912284e-003	1.584893192461114e-003
228853	1.548809739336687e-003	1.548816618912481e-003
246477	1.511722209908251e-003	1.513561248436209e-003
298614	1.479103917465752e-003	1.479108388168207e-003
300001	1.478577444266604e-003	1.479108388168207e-003
%
% index = 926, name = bbob_f013_i15_d03__bbob_f017_i16_d03
% instance = 7, reference value = 9.506780570696291e-001
% function evaluation | indicator value | target hit
1	6.816028002513728e+003	6.918309709189362e+003
2	3.354363274034949e+003	3.388441561392024e+003
6	1.969547776195995e+001	1.995262314968880e+001
368	8.504422289186566e+000	8.511380382023766e+000
422	2.469743841256768e+000	2.511886431509580e+000
584	1.285735916260629e+000	1.288249551693134e+000
684	5.438545207320278e-001	5.495408738576245e-001
884	4.921991153617809e-001	5.011872336272722e-001
915	4.730780068672787e-001	4.786300923226383e-001
1013	4.538751605260023e-001	4.570881896148750e-001
1085	3.640438562563687e-001	3.715352290971726e-001
1178	3.238431838794043e-001	3.311311214825911e-001
1199	3.168837289528499e-001	3.235936569296283e-001
1208	3.093156285622140e-001	3.162277660168379e-001
1225	2.162615097379991e-001	2.187761623949552e-001
1237	2.088189013307505e-001	2.089296130854039e-001
1258	1.995634773990479e-001	2.041737944669530e-001
1281	1.957015213372381e-001	1.995262314968880e-001
1295	1.879054250821755e-001	1.905460717963247e-001
1375	1.750296164161461e-001	1.778279410038923e-001
1379	1.733491896111320e-001	1.737800828749375e-001
1393	1.535102987491611e-001	1.548816618912481e-001
1407	1.443132812550244e-001	1.445439770745928e-001
1432	1.333057679763628e-001	1.348962882591654e-001
1438	1.263231282790249e-001	1.288249551693134e-001
1460	1.245711258554910e-001	1.258925411794167e-001
1483	1.224151550441668e-001	1.230268770812382e-001
1486	1.145492929636924e-001	1.148153621496883e-001
1503	1.091545238058109e-001	1.096478196143185e-001
1510	1.063706713401519e-001	1.071519305237607e-001
1544	1.035245259819733e-001	1.047128548050900e-001
1561	1.000777920277244e-001	1.023292992280754e-001
1578	9.858664231026226e-002	1.000000000000000e-001
1587	9.163256499251860e-002	9.332543007969910e-002
1639	8.224110156333186e-002	8.317637711026708e-002
1653	8.046612673427100e-002	8.128305161640990e-002
1657	6.913892455646298e-002	6.918309709189366e-002
1683	6.304115140307043e-002	6.309573444801933e-002
1697	6.116291110766725e-002	6.165950018614822e-002
1738	5.991853065729580e-002	6.025595860743578e-002
1757	5.041607152007932e-002	5.128613839913648e-002
1807	4.814944886344219e-002	4.897788193684461e-002
1854	4.764330634082181e-002	4.786300923226383e-002
1965	4.523587027601739e-002	4.570881896148749e-002
1969	4.412679555877941e-002	4.466835921509630e-002
2144	4.298563375914410e-002	4.365158322401658e-002
2188	4.120599519590829e-002	4.168693834703355e-002
2282	4.072166372640029e-002	4.073802778041128e-002
2302	3.945865439623086e-002	3.981071705534973e-002
2378	3.879491949109859e-002	3.890451449942807e-002
2431	3.743399114785551e-002	3.801893963205612e-002
2454	3.644356608401467e-002	3.715352290971726e-002
2486	3.542418377381529e-002	3.548133892335755e-002
2566	3.415402943193846e-002	3.467368504525317e-002
2682	3.387846019664154e-002	3.388441561392026e-002
2837	3.246356142905771e-002	3.311311214825911e-002
2873	3.226312041313517e-002	3.235936569296283e-002
2959	3.149480028965890e-002	3.162277660168379e-002
3016	2.889656496646542e-002	2.951209226666385e-002
3032	2.880978592384087e-002	2.884031503126606e-002
3177	2.814110132528946e-002	2.818382931264454e-002
3244	2.748219894094817e-002	2.754228703338166e-002
3279	2.590665984391105e-002	2.630267991895382e-002
3282	2.500955729678045e-002	2.511886431509579e-002
3451	2.448584377433427e-002	2.454708915685030e-002
3505	2.257767956735923e-002	2.290867652767774e-002
3529	2.176297612935407e-002	2.187761623949553e-002
3635	2.073911029426856e-002	2.089296130854040e-002
3681	2.038299468414606e-002	2.041737944669530e-002
3762	1.986856638143530e-002	1.995262314968880e-002
3900	1.935840288580371e-002	1.949844599758046e-002
4165	1.896896074975618e-002	1.905460717963247e-002
4386	1.838203375516567e-002	1.862087136662868e-002
4478	1.751006902836461e-002	1.778279410038923e-002
4611	1.712396340288269e-002	1.737800828749376e-002
4687	1.638725123607998e-002	1.659586907437561e-002
4835	1.618935044408110e-002	1.621810097358930e-002
5059	1.576570634354879e-002	1.584893192461113e-002
5156	1.542765778435973e-002	1.548816618912481e-002
5246	1.504794841465384e-002	1.513561248436208e-002
5457	1.435555178592063e-002	1.445439770745927e-002
5540	1.398321405313241e-002	1.412537544622754e-002
5819	1.378419317784174e-002	1.380384264602885e-002
5935	1.331421353239948e-002	1.348962882591653e-002
6124	1.307589936730003e-002	1.318256738556408e-002
6464	1.282455535173310e-002	1.288249551693134e-002
6486	1.223610249390772e-002	1.230268770812382e-002
6603	1.200716672651070e-002	1.202264434617413e-002
6882	1.167217610930671e-002	1.174897554939530e-002
7044	1.143844809279027e-002	1.148153621496883e-002
7234	1.104842388945393e-002	1.122018454301964e-002
7645	1.095904473126041e-002	1.096478196143185e-002
7769	1.068825833724818e-002	1.071519305237607e-002
8177	9.975983069823946e-003	1.000000000000000e-002
8548	9.633608132095017e-003	9.772372209558112e-003
8673	9.023927033548373e-003	9.120108393559097e-003
8813	8.871996102778446e-003	8.912509381337459e-003
9245	8.567517752288478e-003	8.709635899560805e-003
9383	8.407684217945910e-003	8.511380382023768e-003
9425	8.257248875919054e-003	8.317637711026709e-003
9694	8.124135412700961e-003	8.128305161640995e-003
10312	7.841403671960179e-003	7.943282347242814e-003
10780	7.750138485833058e-003	7.762471166286920e-003
11752	7.523855145116443e-003	7.585775750291836e-003
12055	7.405178196983719e-003	7.413102413009177e-003
12147	6.853986304902748e-003	6.918309709189363e-003
12635	6.705476823361978e-003	6.760829753919818e-003
12828	6.569680482258811e-003	6.606934480075957e-003
13367	6.439045585285963e-003	6.456542290346556e-003
13995	6.265640789867466e-003	6.309573444801930e-003
14178	6.150838682069337e-003	6.165950018614822e-003
15445	5.960228265043388e-003	6.025595860743574e-003
16391	5.884483540982921e-003	5.888436553555890e-003
17612	5.735657511665826e-003	5.754399373371567e-003
18517	5.621618914373405e-003	5.623413251903491e-003
20526	5.451778132857355e-003	5.495408738576248e-003
21557	5.253092981521434e-003	5.370317963702527e-003
21861	5.246245085359202e-003	5.248074602497728e-003
23972	4.963235413347200e-003	5.011872336272725e-003
24894	4.657246857134756e-003	4.677351412871981e-003
26828	4.564805649735271e-003	4.570881896148752e-003
27855	4.438282846948805e-003	4.466835921509631e-003
27961	4.311785857229133e-003	4.365158322401661e-003
28012	4.216990950175914e-003	4.265795188015926e-003
29533	4.164328128700046e-003	4.168693834703355e-003
31242	3.951441933215727e-003	3.981071705534973e-003
31595	3.883896794530384e-003	3.890451449942805e-003
32751	3.782314815560239e-003	3.801893963205613e-003
32840	3.636576716743667e-003	3.715352290971724e-003
33271	3.611216822660301e-003	3.630780547701014e-003
34300	3.536643158416397e-003	3.548133892335753e-003
34699	3.404014608064276e-003	3.467368504525317e-003
35432	3.377588886388838e-003	3.388441561392024e-003
36429	3.292069427929367e-003	3.311311214825911e-003
36824	3.184293751258283e-003	3.235936569296281e-003
37078	3.107384450083628e-003	3.162277660168379e-003
37667	2.924270084540215e-003	2.951209226666387e-003
39603	2.856769272735038e-003	2.884031503126606e-003
41241	2.816042122854912e-003	2.818382931264455e-003
41542	2.671098792225823e-003	2.691534803926917e-003
43210	2.628832504981804e-003	2.630267991895381e-003
46307	2.536159921647352e-003	2.570395782768865e-003
47433	2.070609745367769e-003	2.089296130854039e-003
49233	2.041710080796233e-003	2.041737944669530e-003
51822	1.993398150807124e-003	1.995262314968879e-003
52011	1.886163331002888e-003	1.905460717963246e-003
55436	1.860345090498039e-003	1.862087136662868e-003
56361	1.784860767339858e-003	1.819700858609983e-003
56850	1.775733081888276e-003	1.778279410038923e-003
58775	1.733873931467511e-003	1.737800828749376e-003
61691	1.683601256426193e-003	1.698243652461744e-003
65103	1.656654248646028e-003	1.659586907437561e-003
68739	1.621128687470552e-003	1.621810097358930e-003
70266	1.582698299708030e-003	1.584893192461114e-003
74134	1.543592203736788e-003	1.548816618912481e-003
75421	1.503813574225910e-003	1.513561248436209e-003
75713	1.468483257108910e-003	1.479108388168207e-003
81614	1.441979675820493e-003	1.445439770745928e-003
86582	1.412359380134509e-003	1.412537544622754e-003
91423	1.352176222024770e-003	1.380384264602885e-003
91552	1.347160570944306e-003	1.348962882591653e-003
94384	1.254202265135729e-003	1.258925411794168e-003
97507	1.171807251408530e-003	1.174897554939529e-003
100798	1.137843565639618e-003	1.148153621496883e-003
102656	1.106865961101877e-003	1.122018454301963e-003
107455	1.095564259726900e-003	1.096478196143185e-003
109083	1.071481892522708e-003	1.071519305237606e-003
110660	1.046254933870228e-003	1.047128548050900e-003
112317	1.006743852673742e-003	1.023292992280754e-003
112961	9.953623076470741e-004	1.000000000000000e-003
116302	9.754512767923274e-004	9.772372209558111e-004
120631	9.394662725140668e-004	9.549925860214359e-004
121918	9.329274507233754e-004	9.332543007969915e-004
128017	8.919230613360085e-004	9.120108393559096e-004
128334	8.897129256290048e-004	8.912509381337459e-004
130511	8.636827531846025e-004	8.709635899560805e-004
137523	8.508877998347764e-004	8.511380382023768e-004
140770	8.192149507957325e-004	8.317637711026709e-004
142666	8.120939502186397e-004	8.128305161640995e-004
147959	7.941999875337169e-004	7.943282347242813e-004
154109	7.740709673424995e-004	7.762471166286919e-004
163574	7.548062688376156e-004	7.585775750291835e-004
168706	7.409491988334960e-004	7.413102413009177e-004
172405	7.208046656613787e-004	7.244359600749898e-004
175615	7.051683603145342e-004	7.079457843841380e-004
186668	6.887897190314130e-004	6.918309709189362e-004
192975	6.380305211058923e-004	6.456542290346556e-004
197347	6.309273858270403e-004	6.309573444801930e-004
198469	6.129743925291642e-004	6.165950018614822e-004
206728	6.004875482716887e-004	6.025595860743575e-004
208786	5.764198473670046e-004	5.888436553555889e-004
209751	5.748762695099163e-004	5.754399373371566e-004
213021	5.586082478707954e-004	5.623413251903491e-004
215058	5.270895892163230e-004	5.370317963702527e-004
219012	5.248069473298145e-004	5.248074602497728e-004
228858	5.128485504944935e-004	5.128613839913648e-004
256122	5.010513531930050e-004	5.011872336272725e-004
258257	4.894819595517852e-004	4.897788193684461e-004
267293	4.776186665109705e-004	4.786300923226385e-004
278323	4.665724702792584e-004	4.677351412871981e-004
284811	4.566237733362177e-004	4.570881896148752e-004
300001	4.476783181128763e-004	4.570881896148752e-004
%
% index = 927, name = bbob_f013_i17_d03__bbob_f017_i18_d03
% instance = 8, reference value = 8.432363316883890e-001
% function evaluation | indicator value | target hit
1	6.164685606242031e+014	6.165950018614810e+014
2	7.569218587034792e+005	7.585775750291835e+005
5	8.561653918537118e+003	8.709635899560806e+003
6	1.572315967509838e+003	1.584893192461114e+003
37	1.407326854801380e+003	1.412537544622754e+003
41	1.094832685333983e+003	1.096478196143185e+003
141	1.056222434815921e+003	1.071519305237606e+003
150	2.429674653867523e+002	2.454708915685031e+002
343	1.849394197347392e+002	1.862087136662867e+002
437	1.519260445001789e+002	1.548816618912481e+002
440	9.289371785341695e+001	9.332543007969910e+001
456	1.494690722053305e+001	1.513561248436208e+001
475	1.364631588888269e+000	1.380384264602885e+000
881	9.693253879868889e-001	9.772372209558107e-001
1041	7.902826886106792e-001	7.943282347242815e-001
1176	7.627488218565983e-001	7.762471166286917e-001
1206	7.571071933346955e-001	7.585775750291838e-001
1221	6.882774798988071e-001	6.918309709189364e-001
1309	6.707089501904270e-001	6.760829753919818e-001
1341	6.570414399874404e-001	6.606934480075960e-001
1344	4.838885662960104e-001	4.897788193684462e-001
1357	4.427391212226910e-001	4.466835921509632e-001
1484	4.253388811503365e-001	4.265795188015927e-001
1498	4.081162591627306e-001	4.168693834703354e-001
1539	3.792798228943201e-001	3.801893963205612e-001
1604	3.598701822184905e-001	3.630780547701014e-001
1628	3.523509153056489e-001	3.548133892335755e-001
1633	3.151434402986031e-001	3.162277660168379e-001
1634	3.067366809344709e-001	3.090295432513591e-001
1651	2.997289153199009e-001	3.019951720402016e-001
1704	2.939703042686298e-001	2.951209226666385e-001
1753	2.718877216257870e-001	2.754228703338166e-001
1758	2.677269324966444e-001	2.691534803926916e-001
1826	2.505528796228853e-001	2.511886431509580e-001
1897	2.409939423483948e-001	2.454708915685031e-001
1899	2.350084615497339e-001	2.398832919019490e-001
1909	2.148847392439436e-001	2.187761623949552e-001
1916	1.978992805126016e-001	1.995262314968880e-001
1921	1.947057915208721e-001	1.949844599758046e-001
1929	1.649479849574029e-001	1.659586907437561e-001
1933	1.594044030257894e-001	1.621810097358930e-001
1946	1.506158519507973e-001	1.513561248436208e-001
2099	1.465703799833886e-001	1.479108388168208e-001
2109	1.434900615395331e-001	1.445439770745928e-001
2337	1.405526331840311e-001	1.412537544622755e-001
2485	1.335983377367268e-001	1.348962882591654e-001
2564	1.310298428591857e-001	1.318256738556407e-001
2749	1.272280700407275e-001	1.288249551693134e-001
2957	1.258517416827621e-001	1.258925411794167e-001
3012	1.199852022958715e-001	1.202264434617413e-001
3033	1.114248667170121e-001	1.122018454301964e-001
3062	1.079832179715494e-001	1.096478196143185e-001
3066	1.066591984288577e-001	1.071519305237607e-001
3228	1.032937987405759e-001	1.047128548050900e-001
3350	1.011955070350634e-001	1.023292992280754e-001
3358	9.792186829507621e-002	1.000000000000000e-001
3435	9.515710596562277e-002	9.549925860214359e-002
3488	9.220418497462601e-002	9.332543007969910e-002
3566	9.066942737106676e-002	9.120108393559097e-002
3629	8.837153598930314e-002	8.912509381337455e-002
3649	8.689029855192887e-002	8.709635899560805e-002
3934	8.493853920787287e-002	8.511380382023763e-002
4263	8.145894580256430e-002	8.317637711026708e-002
4269	7.950625398663713e-002	8.128305161640990e-002
4287	7.875069186973049e-002	7.943282347242814e-002
4471	7.751558092755595e-002	7.762471166286916e-002
4488	7.539307808612861e-002	7.585775750291836e-002
4692	7.407715935928794e-002	7.413102413009177e-002
4825	7.055678923927278e-002	7.079457843841380e-002
4910	6.876155835035225e-002	6.918309709189366e-002
5215	6.226192742335412e-002	6.309573444801933e-002
5424	6.022785646755424e-002	6.025595860743578e-002
5577	5.885767656923147e-002	5.888436553555890e-002
5618	5.543459252272942e-002	5.623413251903491e-002
5796	5.491654298210957e-002	5.495408738576246e-002
6029	5.353243474920633e-002	5.370317963702527e-002
6066	4.933137721776437e-002	5.011872336272722e-002
6147	4.504766722158371e-002	4.570881896148749e-002
6175	4.464401901107196e-002	4.466835921509630e-002
6515	4.341318557234286e-002	4.365158322401658e-002
6569	4.257778916407284e-002	4.265795188015926e-002
6944	4.165489498224972e-002	4.168693834703355e-002
7090	4.049602526764895e-002	4.073802778041128e-002
7166	3.963295631706709e-002	3.981071705534973e-002
7195	3.888570079708165e-002	3.890451449942807e-002
7453	3.681334849114470e-002	3.715352290971726e-002
7587	3.624652897216296e-002	3.630780547701014e-002
8123	3.522551455794587e-002	3.548133892335755e-002
8574	3.456163566881176e-002	3.467368504525317e-002
10107	3.382812756448284e-002	3.388441561392026e-002
10118	3.272034965893800e-002	3.311311214825911e-002
10292	3.232128086614527e-002	3.235936569296283e-002
10424	3.162259345780971e-002	3.162277660168379e-002
10498	3.053981498861891e-002	3.090295432513590e-002
10831	2.928832102429491e-002	2.951209226666385e-002
11294	2.883870734510463e-002	2.884031503126606e-002
12430	2.817416097543479e-002	2.818382931264454e-002
13441	2.700292403506222e-002	2.754228703338166e-002
13499	2.685697249572938e-002	2.691534803926915e-002
14748	2.629418859943922e-002	2.630267991895382e-002
15874	2.525420461345729e-002	2.570395782768863e-002
16000	2.507164986456256e-002	2.511886431509579e-002
16559	2.453725387505523e-002	2.454708915685030e-002
16842	2.359964975645790e-002	2.398832919019490e-002
17466	2.343494903258914e-002	2.344228815319923e-002
18091	2.289351657252914e-002	2.290867652767774e-002
19126	2.188818383401969e-002	2.238721138568340e-002
19187	2.187393964920847e-002	2.187761623949553e-002
19329	2.042803777477820e-002	2.089296130854040e-002
19354	1.951662359872819e-002	1.995262314968880e-002
19421	1.948856960696899e-002	1.949844599758046e-002
20087	1.895132038571290e-002	1.905460717963247e-002
21009	1.856677194061185e-002	1.862087136662868e-002
21895	1.763480468188572e-002	1.778279410038923e-002
22654	1.715596797159913e-002	1.737800828749376e-002
23235	1.663569595398518e-002	1.698243652461744e-002
23328	1.658804996810481e-002	1.659586907437561e-002
23681	1.589585985629916e-002	1.621810097358930e-002
24540	1.480293567222879e-002	1.513561248436208e-002
24893	1.479067352391394e-002	1.479108388168207e-002
25970	1.440171265343970e-002	1.445439770745927e-002
27970	1.385802042695916e-002	1.412537544622754e-002
29031	1.235708313139061e-002	1.258925411794168e-002
29661	1.230266548929304e-002	1.230268770812382e-002
32262	1.162389678959375e-002	1.174897554939530e-002
34138	1.147289427424503e-002	1.148153621496883e-002
36075	9.937668644200648e-003	1.000000000000000e-002
38682	9.771849413187539e-003	9.772372209558112e-003
43887	9.549767771568685e-003	9.549925860214359e-003
50163	9.328544927567406e-003	9.332543007969915e-003
54847	9.115983748718803e-003	9.120108393559097e-003
59009	8.397517735147964e-003	8.511380382023768e-003
59392	8.283521188125809e-003	8.317637711026709e-003
60173	8.004748955270147e-003	8.128305161640995e-003
62073	7.836910950204667e-003	7.943282347242814e-003
64621	7.757936927396902e-003	7.762471166286920e-003
72808	7.454191413138189e-003	7.585775750291836e-003
79426	7.404648856142559e-003	7.413102413009177e-003
83791	6.780232222706406e-003	6.918309709189363e-003
84275	6.550530440844415e-003	6.606934480075957e-003
89200	6.301735622919247e-003	6.309573444801930e-003
95608	6.156163162463701e-003	6.165950018614822e-003
111261	5.984739948413198e-003	6.025595860743574e-003
120176	5.680362367693093e-003	5.754399373371567e-003
125903	5.610648756469328e-003	5.623413251903491e-003
127626	5.455834016933503e-003	5.495408738576248e-003
138576	5.077721535095447e-003	5.128613839913648e-003
160335	5.008529219808211e-003	5.011872336272725e-003
166449	4.895287054381914e-003	4.897788193684461e-003
186691	4.785453640531734e-003	4.786300923226385e-003
198638	4.300482852013454e-003	4.365158322401661e-003
204849	4.172399013342765e-003	4.265795188015926e-003
205097	4.168153108102923e-003	4.168693834703355e-003
222168	4.072362184064260e-003	4.073802778041126e-003
252875	3.609300562928075e-003	3.630780547701014e-003
254009	3.532105747842573e-003	3.548133892335753e-003
272149	3.426316605832924e-003	3.467368504525317e-003
300001	3.409318886902546e-003	3.467368504525317e-003
%
% index = 928, name = bbob_f013_i19_d03__bbob_f017_i21_d03
% instance = 9, reference value = 9.451759533843470e-001
% function evaluation | indicator value | target hit
1	5.938412339556666e+003	6.025595860743575e+003
2	3.836372323443753e+003	3.890451449942805e+003
3	2.950807551092981e+003	2.951209226666387e+003
6	2.222513481098233e+001	2.238721138568340e+001
272	1.115304887919555e+001	1.122018454301964e+001
359	3.979639304029454e+000	3.981071705534972e+000
400	3.075504990285221e+000	3.090295432513591e+000
596	6.949523843451086e-001	7.079457843841379e-001
978	6.010878845419860e-001	6.025595860743578e-001
1007	5.127860108620707e-001	5.128613839913648e-001
1012	4.805105497719941e-001	4.897788193684462e-001
1090	4.187799063245092e-001	4.265795188015927e-001
1102	4.116418637966965e-001	4.168693834703354e-001
1226	2.528048739936885e-001	2.570395782768864e-001
1304	2.068584618947829e-001	2.089296130854039e-001
1312	2.034457139698683e-001	2.041737944669530e-001
1332	1.876496917346826e-001	1.905460717963247e-001
1422	1.761964316194787e-001	1.778279410038923e-001
1462	1.287123954783952e-001	1.288249551693134e-001
1493	1.117403276348992e-001	1.122018454301964e-001
1582	8.734245283818098e-002	8.912509381337455e-002
1595	8.328122600149002e-002	8.511380382023763e-002
1605	7.960510518586494e-002	8.128305161640990e-002
1606	7.333354483031640e-002	7.413102413009177e-002
1614	7.158740891115589e-002	7.244359600749903e-002
1671	7.051764769716162e-002	7.079457843841380e-002
1729	6.390811634028049e-002	6.456542290346556e-002
1780	6.164896013621624e-002	6.165950018614822e-002
1785	5.694504129711231e-002	5.754399373371569e-002
1839	5.618150979079029e-002	5.623413251903491e-002
1845	5.303340725408268e-002	5.370317963702527e-002
1891	5.183033255836078e-002	5.248074602497726e-002
1899	4.935564951865934e-002	5.011872336272722e-002
1971	4.801831800076795e-002	4.897788193684461e-002
2058	4.725431368946620e-002	4.786300923226383e-002
2128	4.609885029497240e-002	4.677351412871982e-002
2132	4.495576915760269e-002	4.570881896148749e-002
2173	4.443006096490476e-002	4.466835921509630e-002
2365	4.300950238597157e-002	4.365158322401658e-002
2375	4.225170232540432e-002	4.265795188015926e-002
2385	3.903190088708630e-002	3.981071705534973e-002
2474	2.986571052993936e-002	3.019951720402016e-002
2487	2.883501133870059e-002	2.884031503126606e-002
2503	2.817693649844788e-002	2.818382931264454e-002
2517	2.738736640802086e-002	2.754228703338166e-002
2599	2.675041085743246e-002	2.691534803926915e-002
2913	2.574124739925709e-002	2.630267991895382e-002
2947	2.547973251221503e-002	2.570395782768863e-002
3015	2.479889558048221e-002	2.511886431509579e-002
3080	2.449369951076397e-002	2.454708915685030e-002
3121	2.386312520533418e-002	2.398832919019490e-002
3217	2.341918049283509e-002	2.344228815319923e-002
3236	2.280636835462413e-002	2.290867652767774e-002
3291	2.213018359344243e-002	2.238721138568340e-002
3295	2.186114353386681e-002	2.187761623949553e-002
3483	2.107716224738288e-002	2.137962089502233e-002
3497	2.086441125624317e-002	2.089296130854040e-002
3826	2.037017255341267e-002	2.041737944669530e-002
4257	1.995050682873667e-002	1.995262314968880e-002
4592	1.941832061694671e-002	1.949844599758046e-002
4979	1.904211112473586e-002	1.905460717963247e-002
4980	1.843044625066426e-002	1.862087136662868e-002
5462	1.809659258408891e-002	1.819700858609984e-002
5822	1.748805636655715e-002	1.778279410038923e-002
6114	1.731411484568735e-002	1.737800828749376e-002
6897	1.675013815904813e-002	1.698243652461744e-002
7431	1.658939491008904e-002	1.659586907437561e-002
7994	1.617741676076967e-002	1.621810097358930e-002
8480	1.566234092988195e-002	1.584893192461113e-002
8825	1.545988290636147e-002	1.548816618912481e-002
9441	1.498598185244515e-002	1.513561248436208e-002
10369	1.475274401365045e-002	1.479108388168207e-002
10409	1.295717865371360e-002	1.318256738556408e-002
10773	1.287856573085433e-002	1.288249551693134e-002
12205	1.255071832478427e-002	1.258925411794168e-002
12412	1.230077522624729e-002	1.230268770812382e-002
13249	1.194782810978912e-002	1.202264434617413e-002
14080	1.169499339522617e-002	1.174897554939530e-002
14096	9.778863899012724e-003	1.000000000000000e-002
14122	9.771651557574645e-003	9.772372209558112e-003
14363	9.407647877703318e-003	9.549925860214359e-003
14658	9.323454874827331e-003	9.332543007969915e-003
15039	9.111781551973341e-003	9.120108393559097e-003
15048	8.177488291354229e-003	8.317637711026709e-003
15096	7.979712804848105e-003	8.128305161640995e-003
15228	7.875305276289990e-003	7.943282347242814e-003
15758	7.760595903383072e-003	7.762471166286920e-003
16286	7.577229646434258e-003	7.585775750291836e-003
17506	7.412499546332496e-003	7.413102413009177e-003
19748	7.232297020106193e-003	7.244359600749898e-003
20756	7.074618532336929e-003	7.079457843841380e-003
20957	6.912542569900926e-003	6.918309709189363e-003
21605	6.747737947488175e-003	6.760829753919818e-003
22152	6.546822026021193e-003	6.606934480075957e-003
23225	5.946782111391991e-003	6.025595860743574e-003
23525	5.840696185873795e-003	5.888436553555890e-003
24154	5.748871593723393e-003	5.754399373371567e-003
26568	5.622759702794689e-003	5.623413251903491e-003
28229	5.129292084435910e-003	5.248074602497728e-003
28234	5.128248267698310e-003	5.128613839913648e-003
31331	5.000225199596420e-003	5.011872336272725e-003
33103	4.869626620268575e-003	4.897788193684461e-003
35113	4.785863460614048e-003	4.786300923226385e-003
35943	4.569240170710476e-003	4.570881896148752e-003
39950	4.432149496341409e-003	4.466835921509631e-003
40609	4.362554202411495e-003	4.365158322401661e-003
43821	4.262323268068968e-003	4.265795188015926e-003
48018	4.166608502833902e-003	4.168693834703355e-003
49113	3.955414120876855e-003	3.981071705534973e-003
49975	3.879294069824235e-003	3.890451449942805e-003
52549	3.801065271982318e-003	3.801893963205613e-003
53166	3.662208977112891e-003	3.715352290971724e-003
54031	3.593860754052880e-003	3.630780547701014e-003
54496	3.540479709674638e-003	3.548133892335753e-003
57854	3.452533617645082e-003	3.467368504525317e-003
58423	3.255602336117325e-003	3.311311214825911e-003
58818	3.235084577643765e-003	3.235936569296281e-003
61344	3.160340714371213e-003	3.162277660168379e-003
65392	3.082495692338427e-003	3.090295432513592e-003
66834	2.951328070076698e-003	3.019951720402016e-003
67005	2.950358693703636e-003	2.951209226666387e-003
71650	2.884029423593337e-003	2.884031503126606e-003
79186	2.814460204114688e-003	2.818382931264455e-003
80033	2.743871786021201e-003	2.754228703338166e-003
80418	2.647707798887899e-003	2.691534803926917e-003
85694	2.630226138994440e-003	2.630267991895381e-003
89462	2.562466318837053e-003	2.570395782768865e-003
104716	2.511320963734520e-003	2.511886431509579e-003
109196	2.452148146907085e-003	2.454708915685031e-003
125943	2.389728209095332e-003	2.398832919019490e-003
138605	2.335839609582280e-003	2.344228815319923e-003
149475	2.260840577447798e-003	2.290867652767772e-003
167716	2.222077475077078e-003	2.238721138568340e-003
171525	2.173331287630087e-003	2.187761623949552e-003
198059	2.134749794114210e-003	2.137962089502233e-003
220175	2.087209482615426e-003	2.089296130854039e-003
227744	2.036480440524513e-003	2.041737944669530e-003
253212	1.982240922449363e-003	1.995262314968879e-003
266375	1.946145433771140e-003	1.949844599758046e-003
296884	1.881408619233804e-003	1.905460717963246e-003
299576	1.859718531908694e-003	1.862087136662868e-003
300001	1.859712370364974e-003	1.862087136662868e-003
%
% index = 929, name = bbob_f013_i21_d03__bbob_f017_i22_d03
% instance = 10, reference value = 9.084464407954650e-001
% function evaluation | indicator value | target hit
1	2.864657487386678e+003	2.884031503126606e+003
4	2.141194888657736e+003	2.187761623949552e+003
6	1.100888246465324e+001	1.122018454301964e+001
171	9.159134461565579e+000	9.332543007969910e+000
289	5.889483017643117e+000	6.025595860743578e+000
292	2.837097720716995e+000	2.884031503126606e+000
369	2.622716528075375e+000	2.630267991895382e+000
479	1.865548360197965e+000	1.905460717963247e+000
610	9.716185881394649e-001	9.772372209558107e-001
638	8.162985913896095e-001	8.317637711026710e-001
703	7.453884944208604e-001	7.585775750291838e-001
723	7.308971167437880e-001	7.413102413009175e-001
742	7.186897287814751e-001	7.244359600749900e-001
827	4.915284496895800e-001	5.011872336272722e-001
863	4.362833768748163e-001	4.365158322401660e-001
883	4.107580669147648e-001	4.168693834703354e-001
887	4.043525106848628e-001	4.073802778041127e-001
962	3.735398300657172e-001	3.801893963205612e-001
964	3.472371963285755e-001	3.548133892335755e-001
975	2.265972285994394e-001	2.290867652767773e-001
1016	2.101738920032654e-001	2.137962089502232e-001
1023	2.081793610780487e-001	2.089296130854039e-001
1033	1.842230401289303e-001	1.862087136662868e-001
1066	1.774837264097462e-001	1.778279410038923e-001
1101	1.675557749409400e-001	1.698243652461744e-001
1111	1.634517767871955e-001	1.659586907437561e-001
1137	1.614335753035586e-001	1.621810097358930e-001
1159	1.582521589762376e-001	1.584893192461113e-001
1221	1.473666239753037e-001	1.479108388168208e-001
1228	1.394287924628207e-001	1.412537544622755e-001
1235	1.379228436945725e-001	1.380384264602885e-001
1266	1.345046632610544e-001	1.348962882591654e-001
1282	1.307623421291349e-001	1.318256738556407e-001
1307	1.191618540664919e-001	1.202264434617413e-001
1308	1.165506293011988e-001	1.174897554939529e-001
1316	1.102694107371247e-001	1.122018454301964e-001
1318	1.093022828851261e-001	1.096478196143185e-001
1358	1.071519072744172e-001	1.071519305237607e-001
1375	1.027997996262392e-001	1.047128548050900e-001
1382	8.967063749617199e-002	9.120108393559097e-002
1384	8.749729605416412e-002	8.912509381337455e-002
1442	8.492811878475148e-002	8.511380382023763e-002
1446	8.166379968108228e-002	8.317637711026708e-002
1463	8.074584066508161e-002	8.128305161640990e-002
1469	7.622548898693904e-002	7.762471166286916e-002
1481	7.555332055305375e-002	7.585775750291836e-002
1493	7.326925677341634e-002	7.413102413009177e-002
1510	5.791590008864755e-002	5.888436553555890e-002
1552	5.738694327184779e-002	5.754399373371569e-002
1583	5.412683883066138e-002	5.495408738576246e-002
1604	5.350978923607452e-002	5.370317963702527e-002
1677	5.232927139143750e-002	5.248074602497726e-002
1680	4.855030772152957e-002	4.897788193684461e-002
1740	4.784440173767168e-002	4.786300923226383e-002
1775	4.664920592052557e-002	4.677351412871982e-002
1780	4.558575838333312e-002	4.570881896148749e-002
1786	4.427113478179756e-002	4.466835921509630e-002
1808	4.311291872713519e-002	4.365158322401658e-002
1846	4.176206968098339e-002	4.265795188015926e-002
1865	3.641628129496832e-002	3.715352290971726e-002
1884	3.623068605426549e-002	3.630780547701014e-002
1925	3.308931187895370e-002	3.311311214825911e-002
1985	3.216906173580392e-002	3.235936569296283e-002
2111	3.161967124233212e-002	3.162277660168379e-002
2196	3.028592629941185e-002	3.090295432513590e-002
2246	3.016786316437481e-002	3.019951720402016e-002
2292	2.925731814031196e-002	2.951209226666385e-002
2472	2.883014934160322e-002	2.884031503126606e-002
2581	2.789325192189496e-002	2.818382931264454e-002
2611	2.694472738787668e-002	2.754228703338166e-002
2648	2.681454687249441e-002	2.691534803926915e-002
2710	2.607101639263532e-002	2.630267991895382e-002
2991	2.565283523746098e-002	2.570395782768863e-002
3266	2.510060018393456e-002	2.511886431509579e-002
3464	2.061073441035388e-002	2.089296130854040e-002
3681	2.039131791255200e-002	2.041737944669530e-002
3962	1.961004236657205e-002	1.995262314968880e-002
3988	1.944819684097388e-002	1.949844599758046e-002
4267	1.903146904601161e-002	1.905460717963247e-002
4340	1.836517855978370e-002	1.862087136662868e-002
4430	1.506373934204108e-002	1.513561248436208e-002
4605	1.476290337821118e-002	1.479108388168207e-002
4759	1.419044000640046e-002	1.445439770745927e-002
4800	1.405050818773590e-002	1.412537544622754e-002
4853	1.372151205647221e-002	1.380384264602885e-002
5059	1.054982497038071e-002	1.071519305237607e-002
5259	1.045168044622857e-002	1.047128548050900e-002
5575	1.012681623738365e-002	1.023292992280754e-002
5607	9.858601279782109e-003	1.000000000000000e-002
5631	9.759586502164241e-003	9.772372209558112e-003
5791	9.477829910944258e-003	9.549925860214359e-003
6008	9.304559005122726e-003	9.332543007969915e-003
6578	8.952608661615624e-003	9.120108393559097e-003
6974	8.912285448419044e-003	8.912509381337459e-003
7235	7.809713176469835e-003	7.943282347242814e-003
7342	7.653433605537829e-003	7.762471166286920e-003
7449	7.578039122368652e-003	7.585775750291836e-003
7615	7.328146088593668e-003	7.413102413009177e-003
7779	7.235906358419864e-003	7.244359600749898e-003
8268	7.075481226748281e-003	7.079457843841380e-003
8471	6.869594559204884e-003	6.918309709189363e-003
9042	6.752067315504040e-003	6.760829753919818e-003
9579	6.564187321909887e-003	6.606934480075957e-003
10307	6.454192618789656e-003	6.456542290346556e-003
10394	6.238597824013703e-003	6.309573444801930e-003
10672	6.142341161940235e-003	6.165950018614822e-003
11014	5.891090057472126e-003	6.025595860743574e-003
11038	5.874659215835187e-003	5.888436553555890e-003
11254	5.728217802802194e-003	5.754399373371567e-003
11305	5.526210472172388e-003	5.623413251903491e-003
11434	5.481442757106825e-003	5.495408738576248e-003
11608	5.367323038000471e-003	5.370317963702527e-003
12100	5.241660615020183e-003	5.248074602497728e-003
12562	5.127808507589760e-003	5.128613839913648e-003
12730	4.992398477217330e-003	5.011872336272725e-003
13427	4.885922755734851e-003	4.897788193684461e-003
13995	4.619521061248744e-003	4.677351412871981e-003
14682	4.560346692476180e-003	4.570881896148752e-003
14974	4.382980794349956e-003	4.466835921509631e-003
15017	4.335213188183640e-003	4.365158322401661e-003
15824	4.263737985067961e-003	4.265795188015926e-003
15845	4.165921877099632e-003	4.168693834703355e-003
16075	4.041961752635270e-003	4.073802778041126e-003
16449	3.967679252815048e-003	3.981071705534973e-003
17213	3.879847831652961e-003	3.890451449942805e-003
18082	3.800009360060641e-003	3.801893963205613e-003
18946	3.690296101897750e-003	3.715352290971724e-003
19596	3.622495692982564e-003	3.630780547701014e-003
20862	3.540034510987500e-003	3.548133892335753e-003
21944	3.465306639640731e-003	3.467368504525317e-003
23072	3.386563601005199e-003	3.388441561392024e-003
24108	3.305859461328220e-003	3.311311214825911e-003
24705	3.214574395921876e-003	3.235936569296281e-003
25335	3.149841517465224e-003	3.162277660168379e-003
26204	3.089799078905053e-003	3.090295432513592e-003
26425	2.946240086208807e-003	2.951209226666387e-003
26551	2.860237761960094e-003	2.884031503126606e-003
26862	2.793851979243311e-003	2.818382931264455e-003
27501	2.717425645271110e-003	2.754228703338166e-003
28162	2.688260245088836e-003	2.691534803926917e-003
29601	2.423223637538885e-003	2.454708915685031e-003
30120	2.385654019302463e-003	2.398832919019490e-003
30495	2.343730567152647e-003	2.344228815319923e-003
30688	2.075609273268442e-003	2.089296130854039e-003
31610	2.040457119520500e-003	2.041737944669530e-003
32380	1.983763377224501e-003	1.995262314968879e-003
32565	1.928927860341712e-003	1.949844599758046e-003
33233	1.902099565787574e-003	1.905460717963246e-003
34661	1.861687082271413e-003	1.862087136662868e-003
35265	1.805188643226874e-003	1.819700858609983e-003
35327	1.768059584780990e-003	1.778279410038923e-003
35564	1.728311242867209e-003	1.737800828749376e-003
36267	1.697708643906060e-003	1.698243652461744e-003
38047	1.659204731857655e-003	1.659586907437561e-003
38966	1.613816587376360e-003	1.621810097358930e-003
39934	1.584370847859229e-003	1.584893192461114e-003
41900	1.547922787791367e-003	1.548816618912481e-003
42853	1.461024690346591e-003	1.479108388168207e-003
44135	1.445348292484439e-003	1.445439770745928e-003
44280	1.391971431237371e-003	1.412537544622754e-003
45714	1.379137525242880e-003	1.380384264602885e-003
47420	1.346010194261060e-003	1.348962882591653e-003
48563	1.316030901799881e-003	1.318256738556408e-003
50167	1.281066377769702e-003	1.288249551693134e-003
52701	1.240754414132184e-003	1.258925411794168e-003
53088	1.227037244645235e-003	1.230268770812381e-003
55426	1.190546104491430e-003	1.202264434617413e-003
57594	1.174539638875594e-003	1.174897554939529e-003
60835	1.147113777931308e-003	1.148153621496883e-003
63479	1.117998828977673e-003	1.122018454301963e-003
67759	1.090383952100149e-003	1.096478196143185e-003
68386	1.067478405947120e-003	1.071519305237606e-003
69090	1.045037725656783e-003	1.047128548050900e-003
69238	1.023105974274130e-003	1.023292992280754e-003
70977	9.998895618305026e-004	1.000000000000000e-003
73112	9.772293401049126e-004	9.772372209558111e-004
76991	9.548820185117934e-004	9.549925860214359e-004
80926	9.331606052371821e-004	9.332543007969915e-004
84697	9.098426164287909e-004	9.120108393559096e-004
88411	8.902535484004437e-004	8.912509381337459e-004
91916	8.705227634616675e-004	8.709635899560805e-004
96545	8.503208579724308e-004	8.511380382023768e-004
100607	8.317267366750869e-004	8.317637711026709e-004
104201	8.125623318151476e-004	8.128305161640995e-004
109621	7.939200860181961e-004	7.943282347242813e-004
116534	7.750065509936066e-004	7.762471166286919e-004
120270	7.584875807226110e-004	7.585775750291835e-004
125794	7.392033509502349e-004	7.413102413009177e-004
128187	7.232977500152282e-004	7.244359600749898e-004
132423	7.072915305438299e-004	7.079457843841380e-004
138595	6.915202097064199e-004	6.918309709189362e-004
146266	6.760357351398572e-004	6.760829753919819e-004
160215	6.606684876239166e-004	6.606934480075958e-004
170454	6.455944524106361e-004	6.456542290346556e-004
184555	6.307212560390241e-004	6.309573444801930e-004
202935	6.165499894528193e-004	6.165950018614822e-004
225151	6.025544591474752e-004	6.025595860743575e-004
239217	5.868280407139714e-004	5.888436553555889e-004
266736	5.754393981680650e-004	5.754399373371566e-004
298894	5.621824022781219e-004	5.623413251903491e-004
300001	5.617395146028104e-004	5.623413251903491e-004
