%
% index = 1300, name = bbob_f006_i02_d05__bbob_f008_i04_d05
% instance = 1, reference value = 9.125455922839401e-001
% function evaluation | indicator value | target hit
1	1.385528940897962e+005	1.412537544622755e+005
2	9.869593618360638e+004	1.000000000000000e+005
6	8.993972185756294e+004	9.120108393559097e+004
9	5.325707969940455e+004	5.370317963702533e+004
10	4.464504875070301e+004	4.466835921509635e+004
27	2.363316980117415e+004	2.398832919019490e+004
39	9.543015622199091e+003	9.549925860214360e+003
148	5.345622367718008e+003	5.370317963702527e+003
172	3.400726946839660e+003	3.467368504525316e+003
221	2.862010058824091e+002	2.884031503126606e+002
634	1.704198219069829e+002	1.737800828749376e+002
703	5.842274809430852e+001	5.888436553555890e+001
741	2.134457773377861e+001	2.137962089502232e+001
785	1.196415945196688e+001	1.202264434617413e+001
927	6.816597113565418e+000	6.918309709189365e+000
953	5.686116581624304e+000	5.754399373371570e+000
1076	4.454134203583902e+000	4.466835921509632e+000
1159	3.413096053044940e+000	3.467368504525317e+000
1173	2.681552687997653e+000	2.691534803926916e+000
1184	2.208184596249440e+000	2.238721138568339e+000
1441	1.243766960618940e+000	1.258925411794167e+000
1501	1.160985988572440e+000	1.174897554939530e+000
1503	1.003028576734940e+000	1.023292992280754e+000
1575	8.020318692584137e-001	8.128305161640993e-001
1579	7.838924138024876e-001	7.943282347242815e-001
1788	6.572868161025820e-001	6.606934480075960e-001
1840	4.827833120278752e-001	4.897788193684462e-001
1922	4.749646914483486e-001	4.786300923226383e-001
2157	3.681336587620184e-001	3.715352290971726e-001
2342	3.324654358866063e-001	3.388441561392026e-001
2394	3.310103909390171e-001	3.311311214825911e-001
2465	2.967407362330982e-001	3.019951720402016e-001
2549	1.964877942507466e-001	1.995262314968880e-001
2624	1.933731266980167e-001	1.949844599758046e-001
2642	1.032889401947285e-001	1.047128548050900e-001
2661	9.562964221847836e-002	9.772372209558107e-002
2678	9.545453687891925e-002	9.549925860214359e-002
2771	9.325260119421885e-002	9.332543007969910e-002
2965	8.716797141554544e-002	8.912509381337455e-002
2984	8.691946556139152e-002	8.709635899560805e-002
3055	8.333456162322828e-002	8.511380382023763e-002
3080	8.315513097717153e-002	8.317637711026708e-002
3109	5.534452889089536e-002	5.623413251903491e-002
3111	5.444516216391671e-002	5.495408738576246e-002
3156	5.348391039294675e-002	5.370317963702527e-002
3181	4.974360802175692e-002	5.011872336272722e-002
3206	4.876173728879463e-002	4.897788193684461e-002
3303	4.767562861951258e-002	4.786300923226383e-002
3308	4.589357380091363e-002	4.677351412871982e-002
3352	4.537335455996228e-002	4.570881896148749e-002
3368	4.424202396996813e-002	4.466835921509630e-002
3418	4.363584099549411e-002	4.365158322401658e-002
3482	4.263888419821971e-002	4.265795188015926e-002
3520	4.075864146813346e-002	4.168693834703355e-002
3533	4.064136064258672e-002	4.073802778041128e-002
3576	3.961541634158272e-002	3.981071705534973e-002
3796	3.887565216406663e-002	3.890451449942807e-002
500001	3.849385519824600e-002	3.890451449942807e-002
%
% index = 1301, name = bbob_f006_i03_d05__bbob_f008_i05_d05
% instance = 2, reference value = 9.981606470684930e-001
% function evaluation | indicator value | target hit
1	2.529617970591164e+005	2.570395782768865e+005
2	1.212536107494060e+005	1.230268770812381e+005
3	1.087517243850593e+005	1.096478196143185e+005
4	3.525619050511626e+004	3.548133892335753e+004
5	2.504131803505316e+004	2.511886431509582e+004
6	1.511364546009615e+003	1.513561248436209e+003
10	1.279414162637572e+003	1.288249551693134e+003
37	1.151383768618639e+003	1.174897554939529e+003
41	3.179842659180719e+002	3.235936569296281e+002
246	2.104154947537274e+002	2.137962089502233e+002
342	3.658819616557742e+001	3.715352290971726e+001
620	3.112134900482076e+001	3.162277660168379e+001
796	1.935008853464765e+001	1.949844599758045e+001
972	1.565828165795683e+001	1.584893192461113e+001
1068	1.395702408709726e+001	1.412537544622754e+001
1199	1.145959889055362e+001	1.148153621496883e+001
1249	9.603004310728466e+000	9.772372209558107e+000
1271	9.460218598420024e+000	9.549925860214358e+000
1275	9.097866845661763e+000	9.120108393559097e+000
1282	3.896207903641334e+000	3.981071705534972e+000
1308	3.277517542943493e+000	3.311311214825911e+000
1456	2.028173627661577e+000	2.041737944669529e+000
1468	1.975273614187493e+000	1.995262314968880e+000
1587	1.814895056435107e+000	1.819700858609983e+000
1664	8.020636395771669e-001	8.128305161640993e-001
1770	6.845124452530038e-001	6.918309709189364e-001
1780	6.756454123107381e-001	6.760829753919818e-001
1797	6.568956899129421e-001	6.606934480075960e-001
1933	4.878046374985807e-001	4.897788193684462e-001
1936	4.558347961752751e-001	4.570881896148750e-001
2016	4.141415597848055e-001	4.168693834703354e-001
2029	3.994007727689568e-001	4.073802778041127e-001
2051	3.830430010758191e-001	3.890451449942806e-001
2077	3.739782722030709e-001	3.801893963205612e-001
2100	3.360479140331419e-001	3.388441561392026e-001
2110	3.308934897601221e-001	3.311311214825911e-001
2114	1.783201294243932e-001	1.819700858609984e-001
2141	1.723943304282656e-001	1.737800828749375e-001
2160	1.652261653817094e-001	1.659586907437561e-001
2239	1.133069306203410e-001	1.148153621496883e-001
2240	9.909668584425058e-002	1.000000000000000e-001
2319	9.701035668763303e-002	9.772372209558107e-002
2331	9.544639520782727e-002	9.549925860214359e-002
2379	9.251873429972868e-002	9.332543007969910e-002
2382	8.178729242185856e-002	8.317637711026708e-002
2406	8.108780993064657e-002	8.128305161640990e-002
2408	4.981382987480454e-002	5.011872336272722e-002
2417	4.299777777534075e-002	4.365158322401658e-002
2424	2.239646209549573e-002	2.290867652767774e-002
2429	1.933244203769857e-002	1.949844599758046e-002
2453	1.892159708027452e-002	1.905460717963247e-002
2463	1.816276312173837e-002	1.819700858609984e-002
2496	1.734804548119651e-002	1.737800828749376e-002
2535	1.694944712357571e-002	1.698243652461744e-002
2564	1.649086186783810e-002	1.659586907437561e-002
2601	1.583243877392604e-002	1.584893192461113e-002
2626	1.353410788328624e-002	1.380384264602885e-002
2632	1.326642766560082e-002	1.348962882591653e-002
2644	1.268591117705886e-002	1.288249551693134e-002
2658	1.255550465004418e-002	1.258925411794168e-002
2758	1.203020163434232e-002	1.230268770812382e-002
2782	1.143554025827742e-002	1.148153621496883e-002
2786	1.006379255774204e-002	1.023292992280754e-002
2791	9.557405622285242e-003	9.772372209558112e-003
2793	9.152883696025738e-003	9.332543007969915e-003
2814	8.939141493333525e-003	9.120108393559097e-003
2821	8.163153044069005e-003	8.317637711026709e-003
2840	7.981831569254472e-003	8.128305161640995e-003
2852	7.868238296851349e-003	7.943282347242814e-003
2886	7.465805245692181e-003	7.585775750291836e-003
2888	7.194724283470011e-003	7.244359600749898e-003
2972	6.706626171560925e-003	6.760829753919818e-003
3023	6.527908132310301e-003	6.606934480075957e-003
3035	5.492063271118841e-003	5.495408738576248e-003
3084	5.003486186561212e-003	5.011872336272725e-003
3108	4.809185890935486e-003	4.897788193684461e-003
3112	4.413415737905879e-003	4.466835921509631e-003
3117	4.049293133508325e-003	4.073802778041126e-003
3133	3.855776423261847e-003	3.890451449942805e-003
3156	3.789964614565822e-003	3.801893963205613e-003
3161	3.685698100112100e-003	3.715352290971724e-003
3179	3.532830853602120e-003	3.548133892335753e-003
3223	3.328473300341472e-003	3.388441561392024e-003
3238	2.910512266625309e-003	2.951209226666387e-003
3244	2.881390950744800e-003	2.884031503126606e-003
3246	2.778715291567036e-003	2.818382931264455e-003
3293	2.523326183553665e-003	2.570395782768865e-003
3358	2.509254732673938e-003	2.511886431509579e-003
3400	2.438384016718476e-003	2.454708915685031e-003
3409	2.389079333731892e-003	2.398832919019490e-003
3438	2.284866300013233e-003	2.290867652767772e-003
3462	2.223752605087559e-003	2.238721138568340e-003
3488	2.121061250884626e-003	2.137962089502233e-003
3512	2.071910296313373e-003	2.089296130854039e-003
3534	2.018837025138942e-003	2.041737944669530e-003
3535	1.953490461882645e-003	1.995262314968879e-003
3537	1.901824573719790e-003	1.905460717963246e-003
3553	1.830420899536556e-003	1.862087136662868e-003
3561	1.779643036423861e-003	1.819700858609983e-003
3584	1.777256810657324e-003	1.778279410038923e-003
3632	1.664034771364009e-003	1.698243652461744e-003
3661	1.658146317256026e-003	1.659586907437561e-003
3680	1.514698905018874e-003	1.548816618912481e-003
3694	1.493061279086327e-003	1.513561248436209e-003
3718	1.469418449022486e-003	1.479108388168207e-003
3760	1.427711019543865e-003	1.445439770745928e-003
3763	1.378535054850971e-003	1.380384264602885e-003
3769	1.346599227266765e-003	1.348962882591653e-003
3817	1.317642107167782e-003	1.318256738556408e-003
3886	1.268860627195445e-003	1.288249551693134e-003
3889	1.238846220290801e-003	1.258925411794168e-003
3896	1.230256583467093e-003	1.230268770812381e-003
3914	1.197392811815856e-003	1.202264434617413e-003
3936	1.174468511907056e-003	1.174897554939529e-003
3979	1.145399604858821e-003	1.148153621496883e-003
4008	1.118282469820153e-003	1.122018454301963e-003
4026	1.095665878965590e-003	1.096478196143185e-003
4068	1.052051877192928e-003	1.071519305237606e-003
4078	1.045677917108523e-003	1.047128548050900e-003
4101	9.989009779999281e-004	1.000000000000000e-003
4146	9.691838510826889e-004	9.772372209558111e-004
4180	9.467405943243135e-004	9.549925860214359e-004
4185	9.261077629433290e-004	9.332543007969915e-004
4231	9.014550249616393e-004	9.120108393559096e-004
4265	8.906505732021453e-004	8.912509381337459e-004
4303	5.986690581414322e-004	6.025595860743575e-004
4337	5.780003669514366e-004	5.888436553555889e-004
4338	5.709698035185618e-004	5.754399373371566e-004
4360	5.618155846146555e-004	5.623413251903491e-004
4403	5.470723808285172e-004	5.495408738576249e-004
4428	5.358341097835284e-004	5.370317963702527e-004
4511	5.082034222749776e-004	5.128613839913648e-004
4536	5.004392336682706e-004	5.011872336272725e-004
4581	4.894915430555535e-004	4.897788193684461e-004
4596	4.745823691290063e-004	4.786300923226385e-004
4658	4.669235440695196e-004	4.677351412871981e-004
4665	4.439153846595989e-004	4.466835921509631e-004
4681	4.363971159314639e-004	4.365158322401661e-004
4720	4.263065410250455e-004	4.265795188015926e-004
4747	4.158065069006511e-004	4.168693834703355e-004
4755	2.985273341895578e-004	3.019951720402016e-004
4784	2.934766796004462e-004	2.951209226666387e-004
4835	2.877412562694026e-004	2.884031503126606e-004
4854	2.809688347740202e-004	2.818382931264455e-004
4877	2.745454850959783e-004	2.754228703338166e-004
4939	2.686261264893686e-004	2.691534803926917e-004
4982	2.628723708387737e-004	2.630267991895381e-004
4991	2.541008140224399e-004	2.570395782768865e-004
5016	2.495895025964590e-004	2.511886431509580e-004
5043	2.450556275677140e-004	2.454708915685031e-004
5065	2.396178572946495e-004	2.398832919019490e-004
5073	2.331881205217545e-004	2.344228815319923e-004
5093	2.289292195726267e-004	2.290867652767772e-004
5138	2.233066905342751e-004	2.238721138568340e-004
5176	2.182253864670969e-004	2.187761623949552e-004
5203	2.126979714316413e-004	2.137962089502232e-004
5229	2.082413895889701e-004	2.089296130854039e-004
5261	2.040884682408262e-004	2.041737944669530e-004
5298	1.992319945782750e-004	1.995262314968879e-004
5324	1.947277698975958e-004	1.949844599758046e-004
5367	1.903864196844962e-004	1.905460717963246e-004
5445	1.860825688703161e-004	1.862087136662868e-004
5495	1.819650595017430e-004	1.819700858609983e-004
5564	1.776523331743496e-004	1.778279410038923e-004
5680	1.737459515019912e-004	1.737800828749376e-004
5839	1.698166056887107e-004	1.698243652461744e-004
5992	1.658795624728260e-004	1.659586907437562e-004
6448	1.621493394280416e-004	1.621810097358930e-004
7319	1.584884126848429e-004	1.584893192461114e-004
10494	1.548780157315521e-004	1.548816618912481e-004
25429	1.513479886533498e-004	1.513561248436209e-004
64097	1.478350057571021e-004	1.479108388168207e-004
287407	1.444628083572264e-004	1.445439770745928e-004
500001	1.429604601134171e-004	1.445439770745928e-004
%
% index = 1302, name = bbob_f006_i07_d05__bbob_f008_i08_d05
% instance = 3, reference value = 9.299080209022740e-001
% function evaluation | indicator value | target hit
1	6.583849428871948e+005	6.606934480075964e+005
2	3.676513881809353e+005	3.715352290971728e+005
3	3.046714746803177e+005	3.090295432513592e+005
4	9.189901658456861e+004	9.332543007969904e+004
5	6.867252602731154e+004	6.918309709189362e+004
6	3.615646216630837e+003	3.630780547701014e+003
10	1.931680651242491e+003	1.949844599758045e+003
41	1.706015651528703e+003	1.737800828749376e+003
48	1.454130247025426e+003	1.479108388168207e+003
151	1.023026117789432e+003	1.023292992280754e+003
220	6.779011684393139e+002	6.918309709189363e+002
298	2.186047327739722e+002	2.187761623949552e+002
413	5.619858393737241e+001	5.623413251903491e+001
581	3.127115640191633e+001	3.162277660168379e+001
851	2.342513797961425e+001	2.344228815319923e+001
1080	6.940949636201774e+000	7.079457843841379e+000
1129	6.852387476744933e+000	6.918309709189365e+000
1261	5.403362381149576e+000	5.495408738576245e+000
1278	1.928376594443774e+000	1.949844599758045e+000
1429	1.862122688751774e+000	1.905460717963247e+000
1431	1.753426832644274e+000	1.778279410038923e+000
1495	1.626252657061218e+000	1.659586907437561e+000
1654	1.370440306332774e+000	1.380384264602885e+000
1668	6.737605927151842e-001	6.760829753919818e-001
1715	5.634845432279969e-001	5.754399373371569e-001
1785	5.161465445415345e-001	5.248074602497725e-001
1818	4.999731627259017e-001	5.011872336272722e-001
1841	4.037513938543086e-001	4.073802778041127e-001
1879	3.439564507361871e-001	3.467368504525316e-001
2026	2.568292627927529e-001	2.570395782768864e-001
2083	1.969687861921995e-001	1.995262314968880e-001
2120	1.847584545156032e-001	1.862087136662868e-001
2204	1.739552154251676e-001	1.778279410038923e-001
2210	1.668863123345984e-001	1.698243652461744e-001
2269	1.633201806397966e-001	1.659586907437561e-001
2272	1.443941546810542e-001	1.445439770745928e-001
2288	1.152470428455655e-001	1.174897554939529e-001
2310	1.076504187513525e-001	1.096478196143185e-001
2371	1.057922995847449e-001	1.071519305237607e-001
2383	1.010868705478420e-001	1.023292992280754e-001
2417	9.846680506473560e-002	1.000000000000000e-001
2423	9.162140654024997e-002	9.332543007969910e-002
2479	8.955568168620387e-002	9.120108393559097e-002
2488	7.208287125108048e-002	7.244359600749903e-002
2509	6.567972691634205e-002	6.606934480075961e-002
2517	5.875583483702174e-002	5.888436553555890e-002
2579	5.410158833367174e-002	5.495408738576246e-002
2616	5.296676769737974e-002	5.370317963702527e-002
2626	4.954926249826375e-002	5.011872336272722e-002
2657	4.896177228807619e-002	4.897788193684461e-002
2715	4.706237748706765e-002	4.786300923226383e-002
2718	4.596999148007086e-002	4.677351412871982e-002
2731	4.541212272879625e-002	4.570881896148749e-002
2757	4.428289219486248e-002	4.466835921509630e-002
2764	4.221879941134410e-002	4.265795188015926e-002
2777	4.154550420183156e-002	4.168693834703355e-002
2781	4.017818106720650e-002	4.073802778041128e-002
2806	3.937315978098699e-002	3.981071705534973e-002
2823	3.867378694483303e-002	3.890451449942807e-002
2825	3.777753957386121e-002	3.801893963205612e-002
2846	3.587414117693677e-002	3.630780547701014e-002
2853	3.545732750444475e-002	3.548133892335755e-002
2884	3.045936502103774e-002	3.090295432513590e-002
2889	3.011479764600999e-002	3.019951720402016e-002
2914	2.947382990480540e-002	2.951209226666385e-002
2937	2.799076299632131e-002	2.818382931264454e-002
2955	2.712965381836874e-002	2.754228703338166e-002
3001	2.666880680041428e-002	2.691534803926915e-002
3026	2.620058772398226e-002	2.630267991895382e-002
3051	2.406831041606472e-002	2.454708915685030e-002
3052	2.356446685030933e-002	2.398832919019490e-002
3062	2.335339001420067e-002	2.344228815319923e-002
3069	2.282012681633683e-002	2.290867652767774e-002
3071	2.238292733735647e-002	2.238721138568340e-002
3075	2.172559793583784e-002	2.187761623949553e-002
3098	2.108128677478716e-002	2.137962089502233e-002
3117	2.041485692426404e-002	2.041737944669530e-002
3126	1.979888862457702e-002	1.995262314968880e-002
3136	1.931070458972684e-002	1.949844599758046e-002
3152	1.902679344954239e-002	1.905460717963247e-002
3154	1.826273443449500e-002	1.862087136662868e-002
3159	1.812087614288471e-002	1.819700858609984e-002
3166	1.764053568577995e-002	1.778279410038923e-002
3171	1.736678555292970e-002	1.737800828749376e-002
3183	1.684542512637210e-002	1.698243652461744e-002
3221	1.654912185947977e-002	1.659586907437561e-002
3239	1.611032270545132e-002	1.621810097358930e-002
3278	1.581390033644514e-002	1.584893192461113e-002
3286	1.540525818710858e-002	1.548816618912481e-002
3299	1.509276825869377e-002	1.513561248436208e-002
3318	1.476964688307125e-002	1.479108388168207e-002
3324	1.426929709093305e-002	1.445439770745927e-002
3329	1.369990410427580e-002	1.380384264602885e-002
3352	1.312890378773113e-002	1.318256738556408e-002
3371	1.288026354336125e-002	1.288249551693134e-002
3392	1.255715379755995e-002	1.258925411794168e-002
3418	1.228244720038441e-002	1.230268770812382e-002
3425	1.198189584968457e-002	1.202264434617413e-002
3448	1.173756988410202e-002	1.174897554939530e-002
3453	1.129426909447384e-002	1.148153621496883e-002
3462	1.111800021951404e-002	1.122018454301964e-002
3477	1.093695282564933e-002	1.096478196143185e-002
3510	1.045821716462592e-002	1.047128548050900e-002
3523	1.020503892948355e-002	1.023292992280754e-002
3544	9.930622882138307e-003	1.000000000000000e-002
3568	9.769169900392005e-003	9.772372209558112e-003
3601	9.357138841840862e-003	9.549925860214359e-003
3613	9.328816984876309e-003	9.332543007969915e-003
3627	9.072521953177537e-003	9.120108393559097e-003
3644	8.740201235164613e-003	8.912509381337459e-003
3649	8.702294055459414e-003	8.709635899560805e-003
3702	8.487417030645150e-003	8.511380382023768e-003
3720	8.312826405110330e-003	8.317637711026709e-003
3737	8.104974868413106e-003	8.128305161640995e-003
3761	7.935164474084711e-003	7.943282347242814e-003
3777	7.741290876714269e-003	7.762471166286920e-003
3790	7.557578325631198e-003	7.585775750291836e-003
3805	7.411826721776760e-003	7.413102413009177e-003
3812	7.169124663115478e-003	7.244359600749898e-003
3829	7.064855775533396e-003	7.079457843841380e-003
3860	6.905107981820091e-003	6.918309709189363e-003
3878	6.514922100328446e-003	6.606934480075957e-003
3904	6.386353123106314e-003	6.456542290346556e-003
3919	6.306594178485891e-003	6.309573444801930e-003
3952	6.111321441152895e-003	6.165950018614822e-003
3957	5.990894256810209e-003	6.025595860743574e-003
3973	5.872980337703337e-003	5.888436553555890e-003
3985	5.678377211583263e-003	5.754399373371567e-003
3995	5.594727639238184e-003	5.623413251903491e-003
4009	5.462398886592945e-003	5.495408738576248e-003
4026	5.301839062015645e-003	5.370317963702527e-003
4038	5.246520444351810e-003	5.248074602497728e-003
4086	5.112259272017861e-003	5.128613839913648e-003
4095	5.010759514404217e-003	5.011872336272725e-003
4112	4.886827408839278e-003	4.897788193684461e-003
4143	4.779742997311098e-003	4.786300923226385e-003
4204	4.617898279499655e-003	4.677351412871981e-003
4231	4.557518174715280e-003	4.570881896148752e-003
4274	4.461532038304683e-003	4.466835921509631e-003
4334	4.362902690316806e-003	4.365158322401661e-003
4400	4.255413327144964e-003	4.265795188015926e-003
4446	4.167744799629003e-003	4.168693834703355e-003
4471	4.014832576528349e-003	4.073802778041126e-003
4504	3.980044826601858e-003	3.981071705534973e-003
4531	3.882018995395198e-003	3.890451449942805e-003
4592	3.801863736780264e-003	3.801893963205613e-003
4690	3.711941863342672e-003	3.715352290971724e-003
4766	3.619497351032619e-003	3.630780547701014e-003
4815	3.543611723032081e-003	3.548133892335753e-003
4996	3.465270656286212e-003	3.467368504525317e-003
5369	3.387511075326088e-003	3.388441561392024e-003
6069	3.311027280874068e-003	3.311311214825911e-003
27152	3.234561546532788e-003	3.235936569296281e-003
38867	3.162038461897776e-003	3.162277660168379e-003
83793	3.058722641922418e-003	3.090295432513592e-003
83823	3.005503409641452e-003	3.019951720402016e-003
497732	2.950963135366802e-003	2.951209226666387e-003
500001	2.943708075830998e-003	2.951209226666387e-003
%
% index = 1303, name = bbob_f006_i09_d05__bbob_f008_i10_d05
% instance = 4, reference value = 9.283061291736801e-001
% function evaluation | indicator value | target hit
1	3.207176538383686e+006	3.235936569296281e+006
2	1.459209233903293e+006	1.479108388168207e+006
3	1.191347154596614e+006	1.202264434617413e+006
4	3.557286335447128e+005	3.630780547701010e+005
5	2.647322933925802e+005	2.691534803926914e+005
6	1.284021278240840e+004	1.288249551693135e+004
41	5.923325142650787e+003	6.025595860743575e+003
340	1.385302324508504e+003	1.412537544622754e+003
510	9.483538051549405e+002	9.549925860214360e+002
538	3.145666119995417e+002	3.162277660168379e+002
890	3.009555679004689e+002	3.019951720402016e+002
893	4.780385587912931e+001	4.786300923226383e+001
992	2.593666876722270e+001	2.630267991895381e+001
1189	4.773720218264680e+000	4.786300923226384e+000
1711	2.230448800217680e+000	2.238721138568339e+000
1874	1.061552017955180e+000	1.071519305237606e+000
2049	9.177363321031173e-001	9.332543007969910e-001
2109	8.275652994738914e-001	8.317637711026710e-001
2115	5.948587086297992e-001	6.025595860743578e-001
2211	5.836464078256306e-001	5.888436553555889e-001
2287	5.482188205540617e-001	5.495408738576245e-001
2304	4.937975759213692e-001	5.011872336272722e-001
2346	4.855256782493566e-001	4.897788193684462e-001
2442	4.755587777827437e-001	4.786300923226383e-001
2455	4.673492509221700e-001	4.677351412871982e-001
2481	4.457521237691969e-001	4.466835921509632e-001
2487	4.248823816580976e-001	4.265795188015927e-001
2519	3.976374462136076e-001	3.981071705534973e-001
2558	2.745214885147347e-001	2.754228703338166e-001
2577	2.535813844731572e-001	2.570395782768864e-001
2622	2.505921168209211e-001	2.511886431509580e-001
2669	2.363145871642700e-001	2.398832919019490e-001
2670	2.286774282101673e-001	2.290867652767773e-001
2697	2.157202319122876e-001	2.187761623949552e-001
2715	2.127553325330656e-001	2.137962089502232e-001
2723	2.028392090577124e-001	2.041737944669530e-001
2725	1.896974622474501e-001	1.905460717963247e-001
2726	1.822210661233199e-001	1.862087136662868e-001
2729	1.613014764188251e-001	1.621810097358930e-001
2743	1.560154492674036e-001	1.584893192461113e-001
2784	1.544974584709353e-001	1.548816618912481e-001
2791	1.481458336690056e-001	1.513561248436208e-001
2803	1.476459331808844e-001	1.479108388168208e-001
2808	1.438542618463946e-001	1.445439770745928e-001
2861	1.353304766073618e-001	1.380384264602885e-001
2879	1.332943620474210e-001	1.348962882591654e-001
2890	1.301883711480190e-001	1.318256738556407e-001
2927	1.266302030960601e-001	1.288249551693134e-001
2935	1.139173221471224e-001	1.148153621496883e-001
2979	1.101668423360432e-001	1.122018454301964e-001
2985	1.031588600676291e-001	1.047128548050900e-001
3003	9.659721577557867e-002	9.772372209558107e-002
3040	9.222029874435478e-002	9.332543007969910e-002
3051	8.750901555262547e-002	8.912509381337455e-002
3066	8.670231248035631e-002	8.709635899560805e-002
3071	8.317484035838318e-002	8.317637711026708e-002
3093	7.910217232634120e-002	7.943282347242814e-002
3107	7.431974678037090e-002	7.585775750291836e-002
3130	7.376104633530045e-002	7.413102413009177e-002
3173	7.169353893771568e-002	7.244359600749903e-002
3188	7.072957097461108e-002	7.079457843841380e-002
3232	6.304452290128437e-002	6.309573444801933e-002
3237	5.906566314900452e-002	6.025595860743578e-002
3242	5.879417341942927e-002	5.888436553555890e-002
3253	5.686372452149258e-002	5.754399373371569e-002
3270	5.575987387609660e-002	5.623413251903491e-002
3293	5.487043493372856e-002	5.495408738576246e-002
3303	5.367076009049132e-002	5.370317963702527e-002
3329	4.909328244070499e-002	5.011872336272722e-002
3348	4.250529799071523e-002	4.265795188015926e-002
3353	4.163968641832871e-002	4.168693834703355e-002
3372	3.863729763766721e-002	3.890451449942807e-002
3391	3.722582755003989e-002	3.801893963205612e-002
3398	3.212067398898522e-002	3.235936569296283e-002
3446	3.028306317500362e-002	3.090295432513590e-002
3447	3.010030784967288e-002	3.019951720402016e-002
3453	2.938616119412463e-002	2.951209226666385e-002
3476	2.800958422166389e-002	2.818382931264454e-002
3493	2.721966066523407e-002	2.754228703338166e-002
3512	2.687172307178409e-002	2.691534803926915e-002
3541	2.623103851507536e-002	2.630267991895382e-002
3604	2.478506492642441e-002	2.511886431509579e-002
3612	2.429314125635163e-002	2.454708915685030e-002
3640	2.374582192134267e-002	2.398832919019490e-002
3645	2.339861878517813e-002	2.344228815319923e-002
3654	2.258157887171519e-002	2.290867652767774e-002
3661	2.219017125847111e-002	2.238721138568340e-002
3671	2.084112532683613e-002	2.089296130854040e-002
3672	2.031808042269834e-002	2.041737944669530e-002
3678	1.986634371219087e-002	1.995262314968880e-002
3683	1.938674238865867e-002	1.949844599758046e-002
3702	1.902560803252851e-002	1.905460717963247e-002
3737	1.853064123778181e-002	1.862087136662868e-002
3744	1.819528960038586e-002	1.819700858609984e-002
3759	1.759269285767873e-002	1.778279410038923e-002
3771	1.735635576464101e-002	1.737800828749376e-002
3792	1.690236773975473e-002	1.698243652461744e-002
3851	1.652418638040643e-002	1.659586907437561e-002
3855	1.611924494061756e-002	1.621810097358930e-002
3872	1.577901124942627e-002	1.584893192461113e-002
3905	1.536714194809086e-002	1.548816618912481e-002
3953	1.479858173997373e-002	1.513561248436208e-002
3959	1.479067436049242e-002	1.479108388168207e-002
3982	1.441206459652689e-002	1.445439770745927e-002
4001	1.412053861136842e-002	1.412537544622754e-002
4038	1.370379518840459e-002	1.380384264602885e-002
4049	1.323195290224011e-002	1.348962882591653e-002
4052	1.316289894401057e-002	1.318256738556408e-002
4065	1.262044823751407e-002	1.288249551693134e-002
4076	1.250495770173921e-002	1.258925411794168e-002
4087	1.212618418856848e-002	1.230268770812382e-002
4101	1.200795495616491e-002	1.202264434617413e-002
4111	1.135011304472444e-002	1.148153621496883e-002
4114	1.119831402573157e-002	1.122018454301964e-002
4130	1.084666033146797e-002	1.096478196143185e-002
4149	1.067856238812726e-002	1.071519305237607e-002
4166	9.533306312475176e-003	9.549925860214359e-003
4207	9.327043692985981e-003	9.332543007969915e-003
4235	9.115450376745438e-003	9.120108393559097e-003
4250	8.862716462124887e-003	8.912509381337459e-003
4265	8.665509166850827e-003	8.709635899560805e-003
4273	8.483813775592264e-003	8.511380382023768e-003
4295	8.290436483397667e-003	8.317637711026709e-003
4306	8.102005117674338e-003	8.128305161640995e-003
4337	7.854099383810209e-003	7.943282347242814e-003
4342	7.743289065036296e-003	7.762471166286920e-003
4404	7.560770052980725e-003	7.585775750291836e-003
4442	7.353677094452560e-003	7.413102413009177e-003
4464	7.209669475494840e-003	7.244359600749898e-003
4510	7.006372865530630e-003	7.079457843841380e-003
4539	6.911006836311850e-003	6.918309709189363e-003
4550	6.724589427443029e-003	6.760829753919818e-003
4567	6.591284353493765e-003	6.606934480075957e-003
4604	6.445024770157626e-003	6.456542290346556e-003
4648	6.285428355112921e-003	6.309573444801930e-003
4658	6.127297844308433e-003	6.165950018614822e-003
4671	6.021681714242444e-003	6.025595860743574e-003
4682	5.870420354559203e-003	5.888436553555890e-003
4725	5.660819691377883e-003	5.754399373371567e-003
4727	5.619821091513266e-003	5.623413251903491e-003
4747	5.491615801672456e-003	5.495408738576248e-003
4789	5.363110590767106e-003	5.370317963702527e-003
4829	5.247728356415737e-003	5.248074602497728e-003
4865	5.121795125477502e-003	5.128613839913648e-003
4893	5.010587934485167e-003	5.011872336272725e-003
4912	4.893361740472724e-003	4.897788193684461e-003
4941	4.773095526264148e-003	4.786300923226385e-003
4976	4.630917220432074e-003	4.677351412871981e-003
5005	4.566266985009837e-003	4.570881896148752e-003
5046	4.465833450938095e-003	4.466835921509631e-003
5106	4.356522242099592e-003	4.365158322401661e-003
5134	4.264368082969150e-003	4.265795188015926e-003
5204	4.167776062226625e-003	4.168693834703355e-003
5238	4.066715247713737e-003	4.073802778041126e-003
5290	3.969968090199894e-003	3.981071705534973e-003
5307	3.889638926324102e-003	3.890451449942805e-003
5364	3.794125517336267e-003	3.801893963205613e-003
5415	3.715079522584985e-003	3.715352290971724e-003
5531	3.630478555040728e-003	3.630780547701014e-003
5605	3.546075222257139e-003	3.548133892335753e-003
5728	3.467091557585622e-003	3.467368504525317e-003
5890	3.388006809388000e-003	3.388441561392024e-003
6113	3.309751927912719e-003	3.311311214825911e-003
6394	3.229371490162447e-003	3.235936569296281e-003
7069	3.161597723037146e-003	3.162277660168379e-003
7572	3.090286733404057e-003	3.090295432513592e-003
8092	3.019894430849490e-003	3.019951720402016e-003
8403	2.950963555186204e-003	2.951209226666387e-003
9341	2.883196021867929e-003	2.884031503126606e-003
9954	2.812580367613449e-003	2.818382931264455e-003
15132	2.754228641736911e-003	2.754228703338166e-003
500001	2.697463757363461e-003	2.754228703338166e-003
%
% index = 1304, name = bbob_f006_i11_d05__bbob_f008_i12_d05
% instance = 5, reference value = 9.978728817271440e-001
% function evaluation | indicator value | target hit
1	1.596225497891097e+007	1.621810097358930e+007
2	8.082684204773427e+006	8.128305161640995e+006
3	6.434619954763631e+006	6.456542290346549e+006
4	1.963614945494441e+006	1.995262314968879e+006
5	1.396251099665438e+006	1.412537544622755e+006
6	6.196593792890031e+004	6.309573444801930e+004
10	5.072362914746260e+004	5.128613839913648e+004
41	3.572609032263450e+004	3.630780547701010e+004
48	3.245253301252263e+004	3.311311214825908e+004
239	2.821060571359131e+004	2.884031503126606e+004
253	1.458321316281495e+003	1.479108388168207e+003
706	4.285656677936732e+002	4.365158322401661e+002
715	4.452076579133505e+001	4.466835921509630e+001
985	4.254913210504087e+001	4.265795188015925e+001
1079	4.130412650969314e+001	4.168693834703355e+001
1243	3.903807960595257e+001	3.981071705534973e+001
1370	3.132085614625465e+001	3.162277660168379e+001
1453	1.690827206392364e+001	1.698243652461744e+001
1469	1.604193901719263e+001	1.621810097358930e+001
1514	1.501061134890039e+001	1.513561248436208e+001
1542	1.325461715499311e+001	1.348962882591653e+001
1597	4.789642615961644e+000	4.897788193684462e+000
1626	3.704689285396412e+000	3.715352290971725e+000
1714	1.746427782739870e+000	1.778279410038923e+000
1900	1.446018680325144e+000	1.479108388168207e+000
2046	1.080159467923644e+000	1.096478196143185e+000
2142	9.499997721375605e-001	9.549925860214360e-001
2184	8.901758537935857e-001	8.912509381337456e-001
2240	8.383541431183614e-001	8.511380382023764e-001
2315	7.788850653826487e-001	7.943282347242815e-001
2428	6.887145990401189e-001	6.918309709189364e-001
2498	6.003454846338119e-001	6.025595860743578e-001
2542	5.845150095107147e-001	5.888436553555889e-001
2594	4.940566655150321e-001	5.011872336272722e-001
2603	3.228766878031475e-001	3.235936569296283e-001
2691	3.102278271100544e-001	3.162277660168379e-001
2777	2.801113318642527e-001	2.818382931264454e-001
2909	2.544508962854788e-001	2.570395782768864e-001
2975	2.136755167276561e-001	2.137962089502232e-001
3019	1.766991199450589e-001	1.778279410038923e-001
3255	7.894189347100133e-002	7.943282347242814e-002
3288	7.644287040102715e-002	7.762471166286916e-002
3434	7.291355926716259e-002	7.413102413009177e-002
3466	6.267619763915211e-002	6.309573444801933e-002
3481	6.099029490563701e-002	6.165950018614822e-002
3557	6.017331786140068e-002	6.025595860743578e-002
3587	5.336297722355354e-002	5.370317963702527e-002
3645	5.187835076055614e-002	5.248074602497726e-002
3680	4.842408916368590e-002	4.897788193684461e-002
3774	4.651378868510281e-002	4.677351412871982e-002
3910	4.568311351110899e-002	4.570881896148749e-002
3947	4.462007906005516e-002	4.466835921509630e-002
4033	4.226774924556953e-002	4.265795188015926e-002
4041	4.078680357944153e-002	4.168693834703355e-002
4143	3.989708976532358e-002	4.073802778041128e-002
4152	3.970550826348884e-002	3.981071705534973e-002
4200	3.811302417295126e-002	3.890451449942807e-002
4271	3.775357978466098e-002	3.801893963205612e-002
4294	3.690951036164158e-002	3.715352290971726e-002
4313	3.575408873212727e-002	3.630780547701014e-002
4330	3.544506885294507e-002	3.548133892335755e-002
4366	3.461251255066267e-002	3.467368504525317e-002
4381	3.388197367198431e-002	3.388441561392026e-002
4542	3.275272430758236e-002	3.311311214825911e-002
4724	3.184357412649452e-002	3.235936569296283e-002
4760	3.157227963032649e-002	3.162277660168379e-002
4862	3.088025810756856e-002	3.090295432513590e-002
5021	3.015979394441770e-002	3.019951720402016e-002
5207	2.949784140586020e-002	2.951209226666385e-002
5343	2.861191344472491e-002	2.884031503126606e-002
5412	2.815159232185172e-002	2.818382931264454e-002
5681	2.753325602432610e-002	2.754228703338166e-002
5849	2.690765388971317e-002	2.691534803926915e-002
6178	2.626980080753072e-002	2.630267991895382e-002
6796	2.568939753782262e-002	2.570395782768863e-002
7637	2.511816923509325e-002	2.511886431509579e-002
500001	2.490459782459675e-002	2.511886431509579e-002
%
% index = 1305, name = bbob_f006_i13_d05__bbob_f008_i14_d05
% instance = 6, reference value = 9.999229101439980e-001
% function evaluation | indicator value | target hit
1	2.826880187784772e+005	2.884031503126606e+005
2	1.426422217230813e+005	1.445439770745928e+005
3	1.159818385898801e+005	1.174897554939530e+005
4	3.593613413337799e+004	3.630780547701010e+004
5	2.789760777188300e+004	2.818382931264455e+004
6	1.221687490358374e+003	1.230268770812381e+003
10	9.617978943519455e+002	9.772372209558112e+002
41	6.164830097722457e+002	6.165950018614822e+002
48	5.370430235298168e+002	5.495408738576248e+002
140	3.362061967466490e+002	3.388441561392024e+002
237	2.769542857318627e+002	2.818382931264455e+002
253	9.428522968860089e+001	9.549925860214358e+001
346	4.640291921129098e+001	4.677351412871981e+001
462	2.451853563302950e+001	2.454708915685030e+001
596	2.000568114372562e+001	2.041737944669530e+001
749	1.479244683579150e+001	1.513561248436208e+001
860	1.871540514232237e+000	1.905460717963247e+000
1126	1.139818558408998e+000	1.148153621496883e+000
1448	1.065802551167498e+000	1.071519305237606e+000
1481	4.706092544339717e-001	4.786300923226383e-001
1530	4.523354826885839e-001	4.570881896148750e-001
1564	1.567925236984336e-001	1.584893192461113e-001
1585	8.888724688362826e-002	8.912509381337455e-002
1619	8.555663506720168e-002	8.709635899560805e-002
1639	8.442883563458936e-002	8.511380382023763e-002
1644	3.866987656522003e-002	3.890451449942807e-002
1645	2.612546266249327e-002	2.630267991895382e-002
1863	1.833341753742124e-002	1.862087136662868e-002
2044	1.638288707685076e-002	1.659586907437561e-002
2107	1.569370153117999e-002	1.584893192461113e-002
2134	1.025846306816958e-002	1.047128548050900e-002
2253	7.873761452046657e-003	7.943282347242814e-003
2457	7.702503558480123e-003	7.762471166286920e-003
2486	7.539084773777627e-003	7.585775750291836e-003
2512	4.860917779358154e-003	4.897788193684461e-003
2540	4.738497858828294e-003	4.786300923226385e-003
2577	4.590709143060812e-003	4.677351412871981e-003
2634	4.570243841983124e-003	4.570881896148752e-003
2709	3.598089630553303e-003	3.630780547701014e-003
2853	3.547092027415655e-003	3.548133892335753e-003
2902	2.405501302126356e-003	2.454708915685031e-003
2922	2.392838623470728e-003	2.398832919019490e-003
3102	1.534088693618596e-003	1.548816618912481e-003
3261	1.513454049883567e-003	1.513561248436209e-003
3310	6.065932858904111e-004	6.165950018614822e-004
3357	6.009484592524039e-004	6.025595860743575e-004
3575	5.767200684463347e-004	5.888436553555889e-004
3621	5.745702027751820e-004	5.754399373371566e-004
3770	4.809957504907647e-004	4.897788193684461e-004
3780	4.671398790584425e-004	4.677351412871981e-004
3847	4.549023869158120e-004	4.570881896148752e-004
3858	4.395146915048276e-004	4.466835921509631e-004
4138	4.356335156147084e-004	4.365158322401661e-004
4230	3.354651613020065e-004	3.388441561392024e-004
4357	3.309294142993524e-004	3.311311214825911e-004
4402	3.220805903771939e-004	3.235936569296281e-004
4606	3.146145886016027e-004	3.162277660168379e-004
4723	3.069708444580765e-004	3.090295432513592e-004
4811	3.019539389937931e-004	3.019951720402016e-004
4873	1.399476636444463e-004	1.412537544622754e-004
4914	1.365143883825803e-004	1.380384264602885e-004
4970	1.344981210702478e-004	1.348962882591653e-004
5011	1.307690818169727e-004	1.318256738556407e-004
5013	1.281104555211909e-004	1.288249551693134e-004
5249	1.258096202665371e-004	1.258925411794167e-004
5365	1.208733617129587e-004	1.230268770812381e-004
5435	1.200359160387077e-004	1.202264434617413e-004
5523	1.173808751371297e-004	1.174897554939529e-004
5642	1.143253416531209e-004	1.148153621496883e-004
5810	1.101211624054965e-004	1.122018454301963e-004
5956	1.094919702926411e-004	1.096478196143185e-004
6535	1.071515961869052e-004	1.071519305237606e-004
7119	1.045747897369109e-004	1.047128548050900e-004
7569	1.016262631461373e-004	1.023292992280754e-004
8322	8.923313854880544e-005	9.120108393559096e-005
8510	8.912342670586160e-005	8.912509381337459e-005
8666	6.574193533159800e-005	6.606934480075965e-005
11649	6.452074581775324e-005	6.456542290346549e-005
12459	6.285682696971495e-005	6.309573444801929e-005
500001	6.273970534376172e-005	6.309573444801929e-005
%
% index = 1306, name = bbob_f006_i15_d05__bbob_f008_i16_d05
% instance = 7, reference value = 9.998351821678430e-001
% function evaluation | indicator value | target hit
1	1.422420182089280e+005	1.445439770745928e+005
2	7.306298027591409e+004	7.413102413009177e+004
3	6.376102126411012e+004	6.456542290346549e+004
4	1.688236846570270e+004	1.698243652461746e+004
5	1.483876538012306e+004	1.513561248436207e+004
6	1.015240055057709e+003	1.023292992280754e+003
10	4.859482711812602e+002	4.897788193684461e+002
41	3.676661378278656e+002	3.715352290971724e+002
48	3.007565601509660e+002	3.019951720402016e+002
346	2.040576658890042e+002	2.041737944669530e+002
353	7.214644740617496e+001	7.244359600749903e+001
431	2.083379780146003e+001	2.089296130854040e+001
628	9.379442668327863e+000	9.549925860214358e+000
877	8.871528478957726e+000	8.912509381337454e+000
905	6.121402412332342e+000	6.165950018614822e+000
1003	5.451864094960011e-001	5.495408738576245e-001
1422	5.291111098256458e-001	5.370317963702527e-001
1587	3.364046378745910e-001	3.388441561392026e-001
1630	2.561444400749063e-001	2.570395782768864e-001
1657	2.237494698857726e-001	2.238721138568340e-001
1660	1.580805603707957e-001	1.584893192461113e-001
1765	1.155216758737842e-001	1.174897554939529e-001
1773	4.802973817007616e-002	4.897788193684461e-002
1847	3.812989637018560e-002	3.890451449942807e-002
1864	3.628408794117866e-002	3.630780547701014e-002
1948	3.391630208995811e-002	3.467368504525317e-002
1968	2.367019705778739e-002	2.398832919019490e-002
1980	1.264263733870863e-002	1.288249551693134e-002
1998	1.229801220617466e-002	1.230268770812382e-002
2016	1.100187176616219e-002	1.122018454301964e-002
2023	5.173765629090887e-003	5.248074602497728e-003
2092	5.116411080856476e-003	5.128613839913648e-003
2108	4.350721512602518e-003	4.365158322401661e-003
2348	3.500465097890371e-003	3.548133892335753e-003
2388	3.202301725624079e-003	3.235936569296281e-003
2423	3.147825205857102e-003	3.162277660168379e-003
2452	2.869844404297939e-003	2.884031503126606e-003
2562	2.466940494014192e-003	2.511886431509579e-003
2570	2.449151403825844e-003	2.454708915685031e-003
2610	2.397661089467595e-003	2.398832919019490e-003
2629	1.358260425661229e-003	1.380384264602885e-003
2666	1.295739670879703e-003	1.318256738556408e-003
2675	1.251901767791108e-003	1.258925411794168e-003
2692	1.173880192143706e-003	1.174897554939529e-003
2720	1.061133593627806e-003	1.071519305237606e-003
2752	9.811851754735201e-004	1.000000000000000e-003
2759	9.684871804607198e-004	9.772372209558111e-004
2814	9.384852340292849e-004	9.549925860214359e-004
2834	8.912287545655984e-004	8.912509381337459e-004
3014	8.580528838242341e-004	8.709635899560805e-004
3067	7.342913104833038e-004	7.413102413009177e-004
3117	7.223629309076607e-004	7.244359600749898e-004
3125	6.474476279287877e-004	6.606934480075958e-004
3166	6.455832791425475e-004	6.456542290346556e-004
3357	6.254540130272712e-004	6.309573444801930e-004
3392	6.124324344111143e-004	6.165950018614822e-004
3469	5.901481946636311e-004	6.025595860743575e-004
3520	5.888200624843964e-004	5.888436553555889e-004
3553	3.800474178998758e-004	3.801893963205612e-004
3589	3.588509956875541e-004	3.630780547701014e-004
3615	3.538008590980857e-004	3.548133892335753e-004
3750	3.070620275041902e-004	3.090295432513592e-004
3853	2.945290016042046e-004	2.951209226666387e-004
3866	2.855402372901050e-004	2.884031503126606e-004
3944	2.817147514817542e-004	2.818382931264455e-004
4138	2.752992929604403e-004	2.754228703338166e-004
4181	2.656912178954363e-004	2.691534803926917e-004
4324	2.630042258041643e-004	2.630267991895381e-004
4696	2.528781542879832e-004	2.570395782768865e-004
4722	1.650985944168237e-004	1.659586907437562e-004
5326	1.528040413886211e-004	1.548816618912481e-004
5424	1.176521492487481e-004	1.202264434617413e-004
5623	1.168329481722186e-004	1.174897554939529e-004
8172	1.148135852907517e-004	1.148153621496883e-004
8227	8.968838848422145e-005	9.120108393559096e-005
9460	8.453759500981484e-005	8.511380382023760e-005
10003	8.248393156962131e-005	8.317637711026709e-005
10254	7.395013565159037e-005	7.413102413009178e-005
10459	6.965782482004634e-005	7.079457843841373e-005
10493	5.948671355071600e-005	6.025595860743581e-005
11724	5.861514352101249e-005	5.888436553555884e-005
13509	5.688650718760346e-005	5.754399373371566e-005
14354	5.232885840122936e-005	5.248074602497723e-005
14510	3.948100391792941e-005	3.981071705534970e-005
14806	3.802632560301333e-005	3.890451449942805e-005
15090	3.801286769877788e-005	3.801893963205612e-005
17534	3.494303441053948e-005	3.548133892335753e-005
126369	3.456031286364070e-005	3.467368504525317e-005
500001	3.391832659760397e-005	3.467368504525317e-005
%
% index = 1307, name = bbob_f006_i17_d05__bbob_f008_i18_d05
% instance = 8, reference value = 9.423849278639320e-001
% function evaluation | indicator value | target hit
1	1.788890461507175e+006	1.819700858609983e+006
2	9.574491788702277e+005	9.772372209558112e+005
3	7.596082940049358e+005	7.762471166286912e+005
4	2.460666550423019e+005	2.511886431509582e+005
5	1.754748816555775e+005	1.778279410038923e+005
6	6.854496042356441e+003	6.918309709189362e+003
10	5.408050821969534e+003	5.495408738576249e+003
41	4.193139980339455e+003	4.265795188015925e+003
48	3.897745859012663e+003	3.981071705534973e+003
151	2.303954800895714e+003	2.344228815319923e+003
192	1.467504792808850e+003	1.479108388168207e+003
253	7.839593822182097e+002	7.943282347242813e+002
429	6.671114279838517e+002	6.760829753919819e+002
450	4.108651333335652e+002	4.168693834703355e+002
517	7.245082787656092e+001	7.413102413009177e+001
729	5.978191019665192e+001	6.025595860743578e+001
855	3.986761047586219e+001	4.073802778041128e+001
1162	9.910310230944814e+000	1.000000000000000e+001
1341	4.639633122419432e+000	4.677351412871983e+000
1410	3.532673359005496e+000	3.548133892335755e+000
1422	1.869291688894932e+000	1.905460717963247e+000
1486	1.605491232954932e+000	1.621810097358930e+000
1621	8.434404696069988e-001	8.511380382023764e-001
1699	7.836633289274662e-001	7.943282347242815e-001
1771	7.534180091045182e-001	7.585775750291838e-001
1819	6.133086236119514e-001	6.165950018614822e-001
1922	4.411105025074081e-001	4.466835921509632e-001
2196	4.274237865597550e-001	4.365158322401660e-001
2197	3.595404448167541e-001	3.630780547701014e-001
2251	3.452022670224111e-001	3.467368504525316e-001
2297	2.584745548974564e-001	2.630267991895382e-001
2303	2.499267777379437e-001	2.511886431509580e-001
2355	2.313483371823183e-001	2.344228815319922e-001
2406	2.150909951328646e-001	2.187761623949552e-001
2409	2.101867341619543e-001	2.137962089502232e-001
2471	2.027996808549432e-001	2.041737944669530e-001
2480	1.970286522480516e-001	1.995262314968880e-001
2489	1.833712273050862e-001	1.862087136662868e-001
2491	1.651701270886830e-001	1.659586907437561e-001
2523	1.437920874511131e-001	1.445439770745928e-001
2532	1.258734721877867e-001	1.258925411794167e-001
2550	1.074729397166672e-001	1.096478196143185e-001
2562	1.000030817588529e-001	1.023292992280754e-001
2565	9.857047323479851e-002	1.000000000000000e-001
2621	9.424417112684025e-002	9.549925860214359e-002
2627	8.430249522643818e-002	8.511380382023763e-002
2657	8.101896223343186e-002	8.128305161640990e-002
2674	7.467487532661399e-002	7.585775750291836e-002
2676	7.344020970901610e-002	7.413102413009177e-002
2684	6.958152790731165e-002	7.079457843841380e-002
2717	6.552058549745188e-002	6.606934480075961e-002
2719	6.360825488117694e-002	6.456542290346556e-002
2732	6.278315599880713e-002	6.309573444801933e-002
2739	6.021945358475989e-002	6.025595860743578e-002
2775	5.772005968387606e-002	5.888436553555890e-002
2816	4.891778819505177e-002	4.897788193684461e-002
2830	4.766167689446477e-002	4.786300923226383e-002
2845	4.387851146470390e-002	4.466835921509630e-002
2849	4.254168515432455e-002	4.265795188015926e-002
2862	4.002346056529993e-002	4.073802778041128e-002
2867	3.923836212800869e-002	3.981071705534973e-002
2932	3.738088524300331e-002	3.801893963205612e-002
2941	3.680877614714018e-002	3.715352290971726e-002
2990	3.605186423197693e-002	3.630780547701014e-002
3016	3.363304531143796e-002	3.388441561392026e-002
3033	3.256618617841389e-002	3.311311214825911e-002
3034	3.232507293810472e-002	3.235936569296283e-002
3062	2.996363318026662e-002	3.019951720402016e-002
3095	2.946661595547440e-002	2.951209226666385e-002
3096	2.861169173254519e-002	2.884031503126606e-002
3108	2.789743253208366e-002	2.818382931264454e-002
3115	2.734680443846571e-002	2.754228703338166e-002
3153	2.550485522433721e-002	2.570395782768863e-002
3163	2.458377699349068e-002	2.511886431509579e-002
3166	2.275320812261228e-002	2.290867652767774e-002
3182	2.216387392572194e-002	2.238721138568340e-002
3183	2.187030797631950e-002	2.187761623949553e-002
3200	2.091582690032634e-002	2.137962089502233e-002
3204	2.066249474472393e-002	2.089296130854040e-002
3211	2.040694225237105e-002	2.041737944669530e-002
3225	1.972327125658668e-002	1.995262314968880e-002
3241	1.946561402390457e-002	1.949844599758046e-002
3280	1.894830193621555e-002	1.905460717963247e-002
3284	1.835167950291250e-002	1.862087136662868e-002
3300	1.818085546059112e-002	1.819700858609984e-002
3329	1.775774614171222e-002	1.778279410038923e-002
3358	1.727570550386604e-002	1.737800828749376e-002
3372	1.644287221134633e-002	1.659586907437561e-002
3394	1.610216575215195e-002	1.621810097358930e-002
3423	1.568670788344606e-002	1.584893192461113e-002
3429	1.548607399973057e-002	1.548816618912481e-002
3437	1.415782739152594e-002	1.445439770745927e-002
3441	1.409116672355415e-002	1.412537544622754e-002
3457	1.354305592906013e-002	1.380384264602885e-002
3468	1.347196283883656e-002	1.348962882591653e-002
3486	1.318193752988495e-002	1.318256738556408e-002
3522	1.277439996504426e-002	1.288249551693134e-002
3548	1.232940415356987e-002	1.258925411794168e-002
3551	1.222465124149508e-002	1.230268770812382e-002
3578	1.190281881559252e-002	1.202264434617413e-002
3594	1.168000352076604e-002	1.174897554939530e-002
3612	1.145280243250002e-002	1.148153621496883e-002
3636	1.081987959819530e-002	1.096478196143185e-002
3646	1.068615570159015e-002	1.071519305237607e-002
3665	1.042238769155013e-002	1.047128548050900e-002
3683	1.016996073796805e-002	1.023292992280754e-002
3714	9.976851296765843e-003	1.000000000000000e-002
3720	9.770350831064256e-003	9.772372209558112e-003
3766	9.529387065905226e-003	9.549925860214359e-003
3772	9.194845621076753e-003	9.332543007969915e-003
3796	9.095474959078254e-003	9.120108393559097e-003
3813	8.717588818981770e-003	8.912509381337459e-003
3816	8.696974109019373e-003	8.709635899560805e-003
3839	8.496380220901711e-003	8.511380382023768e-003
3852	8.127284437069560e-003	8.128305161640995e-003
3868	7.885042908671647e-003	7.943282347242814e-003
3896	7.756133337343707e-003	7.762471166286920e-003
3909	7.545124765174882e-003	7.585775750291836e-003
3944	7.336688754794873e-003	7.413102413009177e-003
3956	7.223078980455044e-003	7.244359600749898e-003
3971	7.056645400383310e-003	7.079457843841380e-003
4001	6.910985354529275e-003	6.918309709189363e-003
4023	6.748384816855801e-003	6.760829753919818e-003
4053	6.606362328470783e-003	6.606934480075957e-003
4058	6.331650857900772e-003	6.456542290346556e-003
4062	6.305012094647844e-003	6.309573444801930e-003
4086	6.157047854696285e-003	6.165950018614822e-003
4118	6.019724447289043e-003	6.025595860743574e-003
4133	5.885254741147761e-003	5.888436553555890e-003
4179	5.724649039188900e-003	5.754399373371567e-003
4187	5.613769351308418e-003	5.623413251903491e-003
4223	5.486804584789118e-003	5.495408738576248e-003
4259	5.363871430149270e-003	5.370317963702527e-003
4266	5.228142495994126e-003	5.248074602497728e-003
4285	5.114234642975446e-003	5.128613839913648e-003
4301	5.006778945063406e-003	5.011872336272725e-003
4336	4.816029848143777e-003	4.897788193684461e-003
4347	4.782800500554574e-003	4.786300923226385e-003
4380	4.660554224228175e-003	4.677351412871981e-003
4394	4.552337463683220e-003	4.570881896148752e-003
4405	4.455936771626923e-003	4.466835921509631e-003
4431	4.223321584217121e-003	4.265795188015926e-003
4434	4.133248437770298e-003	4.168693834703355e-003
4457	4.030283372916999e-003	4.073802778041126e-003
4495	3.965921744761625e-003	3.981071705534973e-003
4518	3.886114986162759e-003	3.890451449942805e-003
4556	3.800107502877737e-003	3.801893963205613e-003
4596	3.708415047148361e-003	3.715352290971724e-003
4623	3.627591999847857e-003	3.630780547701014e-003
4679	3.546381104478691e-003	3.548133892335753e-003
4750	3.457623513573704e-003	3.467368504525317e-003
4773	3.387148456554079e-003	3.388441561392024e-003
4791	3.307857822661409e-003	3.311311214825911e-003
4811	3.123367341662742e-003	3.162277660168379e-003
4828	3.085783667871156e-003	3.090295432513592e-003
4832	3.005437806571809e-003	3.019951720402016e-003
4870	2.942418150246762e-003	2.951209226666387e-003
4910	2.879399508482816e-003	2.884031503126606e-003
4949	2.813150332208414e-003	2.818382931264455e-003
4994	2.747077164735434e-003	2.754228703338166e-003
5054	2.689525005597715e-003	2.691534803926917e-003
5100	2.626107004697453e-003	2.630267991895381e-003
5172	2.570262928673239e-003	2.570395782768865e-003
5239	2.484286206806630e-003	2.511886431509579e-003
5290	2.444394321775678e-003	2.454708915685031e-003
5339	2.398570223394736e-003	2.398832919019490e-003
5391	2.343249704579442e-003	2.344228815319923e-003
5505	2.290663513022317e-003	2.290867652767772e-003
5610	2.226439266757363e-003	2.238721138568340e-003
5669	2.187724830463811e-003	2.187761623949552e-003
5797	2.136639062844115e-003	2.137962089502233e-003
5989	2.088355653442231e-003	2.089296130854039e-003
6557	2.041711927521228e-003	2.041737944669530e-003
8358	1.995066935548073e-003	1.995262314968879e-003
8647	1.949150326385318e-003	1.949844599758046e-003
63282	1.890083111055874e-003	1.905460717963246e-003
63685	1.856803093994830e-003	1.862087136662868e-003
189871	1.810996849163193e-003	1.819700858609983e-003
220540	1.749344207569670e-003	1.778279410038923e-003
235201	1.699538909618714e-003	1.737800828749376e-003
235249	1.696996253190197e-003	1.698243652461744e-003
297687	1.658396927676109e-003	1.659586907437561e-003
297906	1.621800779306182e-003	1.621810097358930e-003
464332	1.572347443889566e-003	1.584893192461114e-003
500001	1.571692542944092e-003	1.584893192461114e-003
%
% index = 1308, name = bbob_f006_i19_d05__bbob_f008_i21_d05
% instance = 9, reference value = 9.989943827491170e-001
% function evaluation | indicator value | target hit
1	1.310027188948339e+006	1.318256738556407e+006
2	6.259390627521413e+005	6.309573444801930e+005
3	5.511502814093714e+005	5.623413251903491e+005
4	1.728240900475674e+005	1.737800828749376e+005
5	1.286175636780111e+005	1.288249551693135e+005
6	7.438739391541454e+003	7.585775750291836e+003
10	6.087812951946668e+003	6.165950018614823e+003
41	1.902263302508602e+003	1.905460717963246e+003
219	9.962953023356590e+002	1.000000000000000e+003
305	1.877359025191771e+002	1.905460717963246e+002
547	1.584854142357494e+002	1.584893192461114e+002
811	6.727783018844012e+001	6.760829753919819e+001
1043	3.858746414221700e+001	3.890451449942807e+001
1077	2.866747413235893e+001	2.884031503126606e+001
1137	1.455444567982788e+001	1.479108388168207e+001
1256	7.750240484505170e+000	7.762471166286917e+000
1297	1.832739443778330e+000	1.862087136662868e+000
1788	1.121956006327617e+000	1.122018454301963e+000
1972	6.513888398799249e-001	6.606934480075960e-001
1977	5.671730563293227e-001	5.754399373371569e-001
2098	4.486076156822791e-001	4.570881896148750e-001
2106	4.230733529279370e-001	4.265795188015927e-001
2245	4.120150761235306e-001	4.168693834703354e-001
2324	2.750545538653384e-001	2.754228703338166e-001
2336	1.698347912326492e-001	1.737800828749375e-001
2378	1.686824628551858e-001	1.698243652461744e-001
2383	1.439904612655103e-001	1.445439770745928e-001
2409	1.161557678186879e-001	1.174897554939529e-001
2418	1.121925845099603e-001	1.122018454301964e-001
2442	6.856122349402116e-002	6.918309709189366e-002
2473	5.106405306219541e-002	5.128613839913648e-002
2509	3.930814042337705e-002	3.981071705534973e-002
2514	3.832756286733408e-002	3.890451449942807e-002
2529	3.766647521718514e-002	3.801893963205612e-002
2533	3.328365678235046e-002	3.388441561392026e-002
2573	3.288846891691954e-002	3.311311214825911e-002
2618	2.573854340322779e-002	2.630267991895382e-002
2658	2.542038526681767e-002	2.570395782768863e-002
2668	2.503529205830324e-002	2.511886431509579e-002
2699	2.448378527946626e-002	2.454708915685030e-002
2703	2.020032622729917e-002	2.041737944669530e-002
2793	1.311485120586708e-002	1.318256738556408e-002
2830	1.154712144488779e-002	1.174897554939530e-002
2852	1.092562538180764e-002	1.096478196143185e-002
2973	1.062313402748871e-002	1.071519305237607e-002
2981	9.987235865077770e-003	1.000000000000000e-002
3018	8.086314396357097e-003	8.128305161640995e-003
3031	7.750050416257204e-003	7.762471166286920e-003
3065	6.640215752953038e-003	6.760829753919818e-003
3122	6.535502538095761e-003	6.606934480075957e-003
3165	4.932319258497908e-003	5.011872336272725e-003
3166	4.681393867828843e-003	4.786300923226385e-003
3170	4.639692053744593e-003	4.677351412871981e-003
3198	4.308509805952543e-003	4.365158322401661e-003
3202	3.713293218559732e-003	3.715352290971724e-003
3258	3.622726113004626e-003	3.630780547701014e-003
3343	3.498567318270140e-003	3.548133892335753e-003
3375	3.323804271730069e-003	3.388441561392024e-003
3392	3.305846771551990e-003	3.311311214825911e-003
3521	3.200295446408541e-003	3.235936569296281e-003
3632	3.080336641758552e-003	3.090295432513592e-003
3672	3.000364284132862e-003	3.019951720402016e-003
3681	2.896590101322039e-003	2.951209226666387e-003
3813	2.557633996553843e-003	2.570395782768865e-003
3910	2.354411559150726e-003	2.398832919019490e-003
3937	2.334647027718795e-003	2.344228815319923e-003
3982	2.276912346764526e-003	2.290867652767772e-003
4050	2.229340242464684e-003	2.238721138568340e-003
4064	2.112483692013556e-003	2.137962089502233e-003
4066	1.996836824634141e-003	2.041737944669530e-003
4087	1.984452599249509e-003	1.995262314968879e-003
4095	1.841886823019667e-003	1.862087136662868e-003
4202	1.819568606820199e-003	1.819700858609983e-003
4260	1.746156384386244e-003	1.778279410038923e-003
4265	1.729838233898828e-003	1.737800828749376e-003
4386	1.688662031719357e-003	1.698243652461744e-003
4415	1.656020027150706e-003	1.659586907437561e-003
4444	1.594549673409107e-003	1.621810097358930e-003
4503	1.581232663718235e-003	1.584893192461114e-003
4590	1.539911028892615e-003	1.548816618912481e-003
4607	1.502781717452884e-003	1.513561248436209e-003
4613	1.071838338721376e-003	1.096478196143185e-003
4615	1.036272333786337e-003	1.047128548050900e-003
4632	9.783806994123623e-004	1.000000000000000e-003
4656	9.763998959252396e-004	9.772372209558111e-004
4781	9.539170193262336e-004	9.549925860214359e-004
4965	9.206932709755478e-004	9.332543007969915e-004
5084	8.602238103654347e-004	8.709635899560805e-004
5107	8.371539947784612e-004	8.511380382023768e-004
5134	8.014111341755337e-004	8.128305161640995e-004
5169	7.923729246508415e-004	7.943282347242813e-004
5293	7.575290492524145e-004	7.585775750291835e-004
5403	7.336281636602937e-004	7.413102413009177e-004
5441	7.202400072064963e-004	7.244359600749898e-004
5542	7.074919325013029e-004	7.079457843841380e-004
5751	6.856870415419269e-004	6.918309709189362e-004
5975	6.728101547450738e-004	6.760829753919819e-004
6279	6.599870115174822e-004	6.606934480075958e-004
6520	6.439756496372517e-004	6.456542290346556e-004
6816	6.308523316048698e-004	6.309573444801930e-004
7106	6.096612633911258e-004	6.165950018614822e-004
7129	5.884105140534501e-004	5.888436553555889e-004
7132	5.325522320623888e-004	5.370317963702527e-004
7223	5.233743771374533e-004	5.248074602497728e-004
7500	5.073636137905568e-004	5.128613839913648e-004
7537	4.991329811951939e-004	5.011872336272725e-004
7629	4.880810616012532e-004	4.897788193684461e-004
7820	4.733016513859267e-004	4.786300923226385e-004
7839	4.521642772968848e-004	4.570881896148752e-004
7974	4.303510208112371e-004	4.365158322401661e-004
8149	4.225001547247809e-004	4.265795188015926e-004
8200	4.119587263156088e-004	4.168693834703355e-004
8480	4.072892541892026e-004	4.073802778041126e-004
8526	3.968985758964205e-004	3.981071705534974e-004
8582	3.765157169253186e-004	3.801893963205612e-004
8647	3.712132652574640e-004	3.715352290971724e-004
8762	3.520591744313739e-004	3.548133892335753e-004
8865	3.450253301006123e-004	3.467368504525317e-004
9092	3.195453956356120e-004	3.235936569296281e-004
9141	3.148562942559829e-004	3.162277660168379e-004
9445	3.090130036573768e-004	3.090295432513592e-004
500001	3.044589058652791e-004	3.090295432513592e-004
%
% index = 1309, name = bbob_f006_i21_d05__bbob_f008_i22_d05
% instance = 10, reference value = 9.796043464718670e-001
% function evaluation | indicator value | target hit
1	5.504860079877260e+006	5.623413251903491e+006
2	2.967416277620833e+006	3.019951720402019e+006
3	2.448093973265232e+006	2.454708915685029e+006
4	6.899239265224602e+005	6.918309709189363e+005
5	5.401042299353319e+005	5.495408738576248e+005
6	3.034223217529907e+004	3.090295432513592e+004
10	1.570666195297048e+004	1.584893192461114e+004
41	1.503213948710681e+004	1.513561248436207e+004
48	1.010149949181697e+004	1.023292992280754e+004
191	3.772917481365791e+003	3.801893963205613e+003
304	5.682408736094833e+002	5.754399373371566e+002
704	3.233009861274271e+002	3.235936569296281e+002
880	9.973015386674354e+001	1.000000000000000e+002
1207	4.778195648372336e+001	4.786300923226383e+001
1236	4.136302721655579e+001	4.168693834703355e+001
1460	1.885587313235037e+001	1.905460717963247e+001
1629	5.146832184577280e+000	5.248074602497725e+000
1746	2.995998394892867e+000	3.019951720402016e+000
1770	1.161485630300366e+000	1.174897554939530e+000
2037	9.434734618559542e-001	9.549925860214360e-001
2243	3.889908135335305e-001	3.890451449942806e-001
2342	3.591183971151616e-001	3.630780547701014e-001
2351	2.918515255136248e-001	2.951209226666385e-001
2411	2.871008678301298e-001	2.884031503126606e-001
2494	2.502072357363753e-001	2.511886431509580e-001
2501	2.159275802422022e-001	2.187761623949552e-001
2609	2.000430320130664e-001	2.041737944669530e-001
2614	1.993139227567730e-001	1.995262314968880e-001
2640	1.853382825852217e-001	1.862087136662868e-001
2718	1.554100012795608e-001	1.584893192461113e-001
2791	1.530542034768031e-001	1.548816618912481e-001
2814	1.229445613222628e-001	1.230268770812382e-001
2829	8.521330628987378e-002	8.709635899560805e-002
2847	8.361408909301726e-002	8.511380382023763e-002
2880	7.853104816047896e-002	7.943282347242814e-002
2894	6.893089896718885e-002	6.918309709189366e-002
2978	6.727999516246397e-002	6.760829753919818e-002
3038	6.494970628032626e-002	6.606934480075961e-002
3069	5.557689328865612e-002	5.623413251903491e-002
3114	5.353702323241882e-002	5.370317963702527e-002
3150	5.192824174101751e-002	5.248074602497726e-002
3162	5.071839331598915e-002	5.128613839913648e-002
3183	4.705093620385970e-002	4.786300923226383e-002
3205	4.618982503225266e-002	4.677351412871982e-002
3216	4.432530905596599e-002	4.466835921509630e-002
3222	4.237058563128060e-002	4.265795188015926e-002
3246	4.155528815930765e-002	4.168693834703355e-002
3261	4.052889008653648e-002	4.073802778041128e-002
3295	3.925847149973649e-002	3.981071705534973e-002
3317	3.652447396911851e-002	3.715352290971726e-002
3376	3.609338458719147e-002	3.630780547701014e-002
3381	3.506427206150520e-002	3.548133892335755e-002
3402	3.381453139937662e-002	3.388441561392026e-002
3439	3.286054927702209e-002	3.311311214825911e-002
3497	3.152609436067533e-002	3.162277660168379e-002
3517	2.995930256373691e-002	3.019951720402016e-002
3590	2.939349879758368e-002	2.951209226666385e-002
3619	2.883392026318399e-002	2.884031503126606e-002
3646	2.809456115241160e-002	2.818382931264454e-002
3685	2.746370203094461e-002	2.754228703338166e-002
3706	2.315210147096047e-002	2.344228815319923e-002
3729	1.966972416675439e-002	1.995262314968880e-002
3752	1.939049773820334e-002	1.949844599758046e-002
3813	1.873114074762616e-002	1.905460717963247e-002
3830	1.827839418587485e-002	1.862087136662868e-002
3845	1.819389270918048e-002	1.819700858609984e-002
3871	1.720634301326218e-002	1.737800828749376e-002
3901	1.581814697383088e-002	1.584893192461113e-002
3908	1.532302698930232e-002	1.548816618912481e-002
3965	1.508842890131634e-002	1.513561248436208e-002
3998	1.477888445816189e-002	1.479108388168207e-002
4004	1.428135148934095e-002	1.445439770745927e-002
4010	1.317199271370140e-002	1.318256738556408e-002
4053	1.285742421876179e-002	1.288249551693134e-002
4055	1.136768199119675e-002	1.148153621496883e-002
4075	1.116251087734399e-002	1.122018454301964e-002
4109	1.091378858438696e-002	1.096478196143185e-002
4143	1.069387443177738e-002	1.071519305237607e-002
4175	1.037135099284603e-002	1.047128548050900e-002
4201	1.022126291051695e-002	1.023292992280754e-002
4309	9.832760922071859e-003	1.000000000000000e-002
4311	9.495324004811345e-003	9.549925860214359e-003
4328	9.243018486924326e-003	9.332543007969915e-003
4356	9.101637538852070e-003	9.120108393559097e-003
4422	8.907325341223182e-003	8.912509381337459e-003
4430	8.616116422894837e-003	8.709635899560805e-003
4469	8.280907990005026e-003	8.317637711026709e-003
4555	7.968397614788292e-003	8.128305161640995e-003
4564	7.543660876515923e-003	7.585775750291836e-003
4608	7.412014599384897e-003	7.413102413009177e-003
4632	7.242419109192100e-003	7.244359600749898e-003
4666	7.072419713097577e-003	7.079457843841380e-003
4686	6.885174342749378e-003	6.918309709189363e-003
4705	6.195477862670051e-003	6.309573444801930e-003
4729	6.164442894905031e-003	6.165950018614822e-003
4736	6.012504936376617e-003	6.025595860743574e-003
4795	5.875331184734711e-003	5.888436553555890e-003
4847	5.628820627726072e-003	5.754399373371567e-003
4853	5.599522944835345e-003	5.623413251903491e-003
4899	5.454149308709244e-003	5.495408738576248e-003
4930	5.360288422452064e-003	5.370317963702527e-003
4957	5.206402504645435e-003	5.248074602497728e-003
4992	5.092843074911757e-003	5.128613839913648e-003
5026	5.006520180593443e-003	5.011872336272725e-003
5048	4.351050148385993e-003	4.365158322401661e-003
5063	4.247537170468108e-003	4.265795188015926e-003
5070	4.090071320301481e-003	4.168693834703355e-003
5072	4.061623407928594e-003	4.073802778041126e-003
5081	3.927666188266676e-003	3.981071705534973e-003
5096	3.874051242182763e-003	3.890451449942805e-003
5150	3.776315888288528e-003	3.801893963205613e-003
5182	3.696295490823509e-003	3.715352290971724e-003
5183	3.611764005943985e-003	3.630780547701014e-003
5256	3.504000266220553e-003	3.548133892335753e-003
5263	3.419907198698002e-003	3.467368504525317e-003
5281	3.386451461281914e-003	3.388441561392024e-003
5314	3.305568386739344e-003	3.311311214825911e-003
5325	3.222838100998660e-003	3.235936569296281e-003
5350	3.144977274443961e-003	3.162277660168379e-003
5417	3.073012985531087e-003	3.090295432513592e-003
5430	2.958361035992452e-003	3.019951720402016e-003
5452	2.930564633789268e-003	2.951209226666387e-003
5471	2.839266709431576e-003	2.884031503126606e-003
5478	2.798436272745120e-003	2.818382931264455e-003
5518	2.719266208215276e-003	2.754228703338166e-003
5527	2.686527356322688e-003	2.691534803926917e-003
5562	2.592905768473930e-003	2.630267991895381e-003
5587	2.556770392042718e-003	2.570395782768865e-003
5594	2.505138798150397e-003	2.511886431509579e-003
5630	2.454494284041764e-003	2.454708915685031e-003
5713	2.398128382315679e-003	2.398832919019490e-003
5736	2.342625856590397e-003	2.344228815319923e-003
5756	2.288458580300690e-003	2.290867652767772e-003
5788	2.217060211534450e-003	2.238721138568340e-003
5816	2.181778299123027e-003	2.187761623949552e-003
5833	2.132064912240050e-003	2.137962089502233e-003
5845	2.073146200539222e-003	2.089296130854039e-003
5867	2.041572066047159e-003	2.041737944669530e-003
5919	1.993143336018521e-003	1.995262314968879e-003
5936	1.948571449129521e-003	1.949844599758046e-003
5960	1.903349688631373e-003	1.905460717963246e-003
6005	1.849969567433774e-003	1.862087136662868e-003
6029	1.809639026276844e-003	1.819700858609983e-003
6094	1.778008814362186e-003	1.778279410038923e-003
6131	1.735606406903845e-003	1.737800828749376e-003
6180	1.686099854112722e-003	1.698243652461744e-003
6240	1.654537806507483e-003	1.659586907437561e-003
6268	1.616795451265363e-003	1.621810097358930e-003
6317	1.578683426350036e-003	1.584893192461114e-003
6360	1.547704050132381e-003	1.548816618912481e-003
6422	1.510912189130464e-003	1.513561248436209e-003
6529	1.478956607752102e-003	1.479108388168207e-003
6600	1.427970083685337e-003	1.445439770745928e-003
6661	1.405705633470200e-003	1.412537544622754e-003
6752	1.373227595064641e-003	1.380384264602885e-003
6839	1.343500107603757e-003	1.348962882591653e-003
6947	1.318193648245480e-003	1.318256738556408e-003
7048	1.287043601635340e-003	1.288249551693134e-003
7271	1.258764116684130e-003	1.258925411794168e-003
7577	1.230016082029217e-003	1.230268770812381e-003
7911	1.202239148269335e-003	1.202264434617413e-003
9278	1.174887809592295e-003	1.174897554939529e-003
500001	1.163385113380877e-003	1.174897554939529e-003
