%
% index = 1290, name = bbob_f006_i02_d05__bbob_f006_i04_d05
% instance = 1, reference value = 9.678710024323750e-001
% function evaluation | indicator value | target hit
1	1.987687522742328e+002	1.995262314968879e+002
9	1.281199377144798e+002	1.288249551693134e+002
10	1.039281550271266e+002	1.047128548050900e+002
39	2.295140052548915e+001	2.344228815319923e+001
301	2.047814072975394e+001	2.089296130854040e+001
406	9.731209112159874e+000	9.772372209558107e+000
776	7.621119411826375e+000	7.762471166286917e+000
782	4.399819269302375e+000	4.466835921509632e+000
1019	2.251890714660375e+000	2.290867652767773e+000
1189	1.767265623867375e+000	1.778279410038923e+000
1535	1.288434364165375e+000	1.318256738556407e+000
1666	9.240787436281065e-001	9.332543007969910e-001
1757	9.043547531494443e-001	9.120108393559098e-001
1805	7.640549220482054e-001	7.762471166286917e-001
1913	6.771810322915690e-001	6.918309709189364e-001
1992	4.721570346359988e-001	4.786300923226383e-001
2067	3.450681416109929e-001	3.467368504525316e-001
2154	2.785384195509500e-001	2.818382931264454e-001
2187	1.393101932857060e-001	1.412537544622755e-001
2415	1.351010299809905e-001	1.380384264602885e-001
2426	1.336846686332562e-001	1.348962882591654e-001
2506	1.298246548578990e-001	1.318256738556407e-001
2573	1.149236216044857e-001	1.174897554939529e-001
2601	1.038537124761400e-001	1.047128548050900e-001
2602	9.783098837459725e-002	1.000000000000000e-001
2722	9.232620242587208e-002	9.332543007969910e-002
2773	7.502359543392123e-002	7.585775750291836e-002
2806	7.099349672866828e-002	7.244359600749903e-002
2811	7.014407763885211e-002	7.079457843841380e-002
2832	6.845155147623672e-002	6.918309709189366e-002
2925	6.688523771889565e-002	6.760829753919818e-002
3035	6.602977207044569e-002	6.606934480075961e-002
3044	6.040345485493937e-002	6.165950018614822e-002
3068	5.944259275436548e-002	6.025595860743578e-002
3109	5.739969501070819e-002	5.754399373371569e-002
3169	5.435824263898381e-002	5.495408738576246e-002
3227	4.971704390161646e-002	5.011872336272722e-002
3231	4.823464294170377e-002	4.897788193684461e-002
3308	4.775749869930746e-002	4.786300923226383e-002
3317	4.396663393143652e-002	4.466835921509630e-002
3321	4.044986290524077e-002	4.073802778041128e-002
3326	3.941247942092208e-002	3.981071705534973e-002
3338	3.649285943987146e-002	3.715352290971726e-002
3344	3.582279127053789e-002	3.630780547701014e-002
3389	3.206579125219322e-002	3.235936569296283e-002
3392	3.097662922159650e-002	3.162277660168379e-002
3404	3.073613580480827e-002	3.090295432513590e-002
3417	2.820900920930314e-002	2.884031503126606e-002
3491	2.800613162958721e-002	2.818382931264454e-002
3522	2.731751609053290e-002	2.754228703338166e-002
3561	2.651642904665486e-002	2.691534803926915e-002
3586	2.600596545699552e-002	2.630267991895382e-002
3606	2.562697603234487e-002	2.570395782768863e-002
3617	2.377504848985490e-002	2.398832919019490e-002
3622	2.181408952908537e-002	2.187761623949553e-002
3658	2.133032922000322e-002	2.137962089502233e-002
3703	2.053011445792941e-002	2.089296130854040e-002
3706	2.023554678535411e-002	2.041737944669530e-002
3738	1.938007042897105e-002	1.949844599758046e-002
3775	1.896024295746113e-002	1.905460717963247e-002
3789	1.856846655402011e-002	1.862087136662868e-002
3807	1.715895584497051e-002	1.737800828749376e-002
3840	1.666797144547305e-002	1.698243652461744e-002
3851	1.629205992533833e-002	1.659586907437561e-002
3852	1.598997947154124e-002	1.621810097358930e-002
3853	1.583297595692224e-002	1.584893192461113e-002
3869	1.380506737183851e-002	1.412537544622754e-002
3879	1.377210346581204e-002	1.380384264602885e-002
3929	1.329893165258045e-002	1.348962882591653e-002
3997	1.268630571085083e-002	1.288249551693134e-002
4006	1.255128254391646e-002	1.258925411794168e-002
4069	1.221477797049575e-002	1.230268770812382e-002
4094	1.193317384319381e-002	1.202264434617413e-002
4101	1.147640040647779e-002	1.148153621496883e-002
4123	1.110569161985830e-002	1.122018454301964e-002
4157	1.079267754155500e-002	1.096478196143185e-002
4165	1.047181168717626e-002	1.071519305237607e-002
4166	1.043413722149877e-002	1.047128548050900e-002
4182	1.023020400345598e-002	1.023292992280754e-002
4201	9.989974603318075e-003	1.000000000000000e-002
4232	9.762835038414242e-003	9.772372209558112e-003
4250	9.448275717458987e-003	9.549925860214359e-003
4257	9.237870582385566e-003	9.332543007969915e-003
4311	9.053292356521303e-003	9.120108393559097e-003
4340	8.868466929546459e-003	8.912509381337459e-003
4351	8.680827661784796e-003	8.709635899560805e-003
4393	8.443176127830854e-003	8.511380382023768e-003
4400	8.261084517168671e-003	8.317637711026709e-003
4410	8.073527999518770e-003	8.128305161640995e-003
4417	7.905327632615089e-003	7.943282347242814e-003
4454	7.735040160845141e-003	7.762471166286920e-003
4527	7.581061828649927e-003	7.585775750291836e-003
4549	7.191518652578943e-003	7.244359600749898e-003
4561	7.063914510113345e-003	7.079457843841380e-003
4625	6.913500160918407e-003	6.918309709189363e-003
4672	6.733687667541455e-003	6.760829753919818e-003
4741	6.576885850209546e-003	6.606934480075957e-003
4761	6.435833554791715e-003	6.456542290346556e-003
4803	5.877249964129527e-003	5.888436553555890e-003
4811	5.665943838584209e-003	5.754399373371567e-003
4813	5.524797795423253e-003	5.623413251903491e-003
4822	5.469735129403963e-003	5.495408738576248e-003
4833	5.295409778582894e-003	5.370317963702527e-003
4837	5.228846263704567e-003	5.248074602497728e-003
4904	5.091559576083982e-003	5.128613839913648e-003
4922	4.951972496932133e-003	5.011872336272725e-003
4947	4.890404836541018e-003	4.897788193684461e-003
4983	4.786236160767343e-003	4.786300923226385e-003
5002	4.545496370754742e-003	4.570881896148752e-003
5036	4.463464518391080e-003	4.466835921509631e-003
5114	4.336018974280598e-003	4.365158322401661e-003
5121	4.219370823571822e-003	4.265795188015926e-003
5128	4.148392897181830e-003	4.168693834703355e-003
5139	4.018368559824403e-003	4.073802778041126e-003
5140	3.975202235367181e-003	3.981071705534973e-003
5185	3.843696553297638e-003	3.890451449942805e-003
5202	3.790861461864137e-003	3.801893963205613e-003
5230	3.714770874704731e-003	3.715352290971724e-003
5247	3.609550071167034e-003	3.630780547701014e-003
5283	3.522294697442363e-003	3.548133892335753e-003
5307	3.427422177763484e-003	3.467368504525317e-003
5324	3.382526560631094e-003	3.388441561392024e-003
5361	3.295106990874097e-003	3.311311214825911e-003
5376	3.234882207935108e-003	3.235936569296281e-003
5401	3.162112686646790e-003	3.162277660168379e-003
5427	3.072612694440258e-003	3.090295432513592e-003
5475	3.016755552054162e-003	3.019951720402016e-003
5521	2.925395266200170e-003	2.951209226666387e-003
5527	2.882398072375447e-003	2.884031503126606e-003
5557	2.814390473748984e-003	2.818382931264455e-003
5566	2.735559508550089e-003	2.754228703338166e-003
5569	2.687291154920057e-003	2.691534803926917e-003
5593	2.629101563592751e-003	2.630267991895381e-003
5622	2.566599676588455e-003	2.570395782768865e-003
5661	2.503051622346431e-003	2.511886431509579e-003
5708	2.446339174321910e-003	2.454708915685031e-003
5733	2.327845386361438e-003	2.344228815319923e-003
5780	2.282199929380946e-003	2.290867652767772e-003
5795	2.226447881059523e-003	2.238721138568340e-003
5810	2.185627051137895e-003	2.187761623949552e-003
5828	2.086649681121489e-003	2.089296130854039e-003
5837	2.017613792390183e-003	2.041737944669530e-003
5843	1.977193065189953e-003	1.995262314968879e-003
5850	1.947136823057472e-003	1.949844599758046e-003
5871	1.885186664755345e-003	1.905460717963246e-003
5884	1.844632790211742e-003	1.862087136662868e-003
5900	1.811613078394947e-003	1.819700858609983e-003
5918	1.773520092561598e-003	1.778279410038923e-003
5960	1.737502243823519e-003	1.737800828749376e-003
5998	1.694284175048244e-003	1.698243652461744e-003
6027	1.659553513817746e-003	1.659586907437561e-003
6049	1.616708304102765e-003	1.621810097358930e-003
6092	1.583134081885596e-003	1.584893192461114e-003
6136	1.547411901751672e-003	1.548816618912481e-003
6178	1.510699308335028e-003	1.513561248436209e-003
6226	1.478751878529749e-003	1.479108388168207e-003
6281	1.443009577840382e-003	1.445439770745928e-003
6357	1.411347645342564e-003	1.412537544622754e-003
6444	1.378985455692039e-003	1.380384264602885e-003
6536	1.348903894214826e-003	1.348962882591653e-003
6667	1.312784951388202e-003	1.318256738556408e-003
6757	1.287988395140882e-003	1.288249551693134e-003
7031	1.258810505352703e-003	1.258925411794168e-003
7681	1.230266921291467e-003	1.230268770812381e-003
8413	1.200813362601250e-003	1.202264434617413e-003
12012	1.174796462067973e-003	1.174897554939529e-003
71022	1.148105367395069e-003	1.148153621496883e-003
326835	1.122004378902530e-003	1.122018454301963e-003
500001	1.117612435965865e-003	1.122018454301963e-003
%
% index = 1291, name = bbob_f006_i03_d05__bbob_f006_i05_d05
% instance = 2, reference value = 8.140034617671200e-001
% function evaluation | indicator value | target hit
1	4.476731612935706e+002	4.570881896148752e+002
2	1.834446623005263e+002	1.862087136662867e+002
4	9.742259296155932e+001	9.772372209558107e+001
6	3.565599955629480e+001	3.630780547701014e+001
9	2.357107579556466e+001	2.398832919019490e+001
10	5.271652844749784e+000	5.370317963702528e+000
557	1.327390437753375e+000	1.348962882591654e+000
1243	1.090375589764120e+000	1.096478196143185e+000
1331	7.746465392910134e-001	7.762471166286917e-001
1669	7.284521434488044e-001	7.413102413009175e-001
1686	7.199295555281700e-001	7.244359600749900e-001
1697	4.200962804625144e-001	4.265795188015927e-001
1849	4.134995944709126e-001	4.168693834703354e-001
1890	3.984047180660625e-001	4.073802778041127e-001
1978	3.979293177834362e-001	3.981071705534973e-001
1999	3.601418744857083e-001	3.630780547701014e-001
2084	3.547935962693169e-001	3.548133892335755e-001
2169	3.433831247549113e-001	3.467368504525316e-001
2209	3.372303882681499e-001	3.388441561392026e-001
2217	3.278368901696755e-001	3.311311214825911e-001
2239	2.868667652713621e-001	2.884031503126606e-001
2260	2.667187384748887e-001	2.691534803926916e-001
2266	2.611265947057421e-001	2.630267991895382e-001
2329	2.550092497320601e-001	2.570395782768864e-001
2359	2.383567891589066e-001	2.398832919019490e-001
2380	2.334733114945147e-001	2.344228815319922e-001
2431	2.113291845575546e-001	2.137962089502232e-001
2451	2.043412757105629e-001	2.089296130854039e-001
2475	2.012565606494399e-001	2.041737944669530e-001
2538	1.947326788497961e-001	1.949844599758046e-001
2605	1.890193038636649e-001	1.905460717963247e-001
2610	1.835357158738896e-001	1.862087136662868e-001
2620	1.788410025907353e-001	1.819700858609984e-001
2631	1.765404226745259e-001	1.778279410038923e-001
2632	1.610715517857441e-001	1.621810097358930e-001
2648	1.569086471002280e-001	1.584893192461113e-001
2661	1.525936754205840e-001	1.548816618912481e-001
2666	1.499215241992898e-001	1.513561248436208e-001
2680	1.438703570509805e-001	1.445439770745928e-001
2702	1.320027348958832e-001	1.348962882591654e-001
2720	1.311121107715800e-001	1.318256738556407e-001
2742	1.266791444334763e-001	1.288249551693134e-001
2763	1.256116776512634e-001	1.258925411794167e-001
2772	1.212357607305526e-001	1.230268770812382e-001
2774	1.162279367987884e-001	1.174897554939529e-001
2793	1.084704250414255e-001	1.096478196143185e-001
2816	1.042094807032660e-001	1.047128548050900e-001
2846	1.006365266019084e-001	1.023292992280754e-001
2874	9.853566705934302e-002	1.000000000000000e-001
2881	9.354081602819153e-002	9.549925860214359e-002
2911	9.131984205681576e-002	9.332543007969910e-002
2912	8.953472800491702e-002	9.120108393559097e-002
2922	8.758800863787830e-002	8.912509381337455e-002
2946	8.683569156616666e-002	8.709635899560805e-002
2972	8.496796414217545e-002	8.511380382023763e-002
2976	8.316830425870447e-002	8.317637711026708e-002
3006	7.912675677417236e-002	7.943282347242814e-002
3017	7.750067435062669e-002	7.762471166286916e-002
3041	7.537080976420096e-002	7.585775750291836e-002
3072	7.402405076750462e-002	7.413102413009177e-002
3075	7.225229559640645e-002	7.244359600749903e-002
3107	7.025145819253031e-002	7.079457843841380e-002
3113	6.787758795359777e-002	6.918309709189366e-002
3114	6.737238557255232e-002	6.760829753919818e-002
3150	6.282826774217498e-002	6.309573444801933e-002
3173	5.941922826669632e-002	6.025595860743578e-002
3195	5.853815114015903e-002	5.888436553555890e-002
3273	5.742573792450390e-002	5.754399373371569e-002
3281	5.607674290487097e-002	5.623413251903491e-002
3291	5.494503495335346e-002	5.495408738576246e-002
3308	5.357732496342060e-002	5.370317963702527e-002
3321	5.237859658385802e-002	5.248074602497726e-002
3355	5.127833047821784e-002	5.128613839913648e-002
3370	5.002458526368292e-002	5.011872336272722e-002
3392	4.887307237706628e-002	4.897788193684461e-002
3397	4.760469926720057e-002	4.786300923226383e-002
3413	4.635911181614383e-002	4.677351412871982e-002
3414	4.248958136080350e-002	4.265795188015926e-002
3435	4.167774468550756e-002	4.168693834703355e-002
3447	4.070175394628550e-002	4.073802778041128e-002
3469	3.935208877569463e-002	3.981071705534973e-002
3470	3.873958712993098e-002	3.890451449942807e-002
3499	3.796847467037290e-002	3.801893963205612e-002
3518	3.713085276503403e-002	3.715352290971726e-002
3543	3.587011405440921e-002	3.630780547701014e-002
3544	3.531788629336174e-002	3.548133892335755e-002
3555	3.457178505683678e-002	3.467368504525317e-002
3557	3.360880530822596e-002	3.388441561392026e-002
3586	3.289603386898887e-002	3.311311214825911e-002
3615	3.220511774546830e-002	3.235936569296283e-002
3629	3.159675958811303e-002	3.162277660168379e-002
3635	3.079804369072703e-002	3.090295432513590e-002
3656	3.011699032372772e-002	3.019951720402016e-002
3674	2.925143810517317e-002	2.951209226666385e-002
3691	2.859158504085591e-002	2.884031503126606e-002
3694	2.774144639633092e-002	2.818382931264454e-002
3718	2.752749853572245e-002	2.754228703338166e-002
3731	2.684023152366422e-002	2.691534803926915e-002
3772	2.615792349495882e-002	2.630267991895382e-002
3823	2.557594522237383e-002	2.570395782768863e-002
3847	2.507866600726705e-002	2.511886431509579e-002
3871	2.442144975575999e-002	2.454708915685030e-002
3911	2.396120299924331e-002	2.398832919019490e-002
3928	2.330662714048959e-002	2.344228815319923e-002
3950	2.275592611266897e-002	2.290867652767774e-002
3953	2.230498153699356e-002	2.238721138568340e-002
3967	2.170033600453192e-002	2.187761623949553e-002
3979	2.137174718288104e-002	2.137962089502233e-002
4002	2.087189681035839e-002	2.089296130854040e-002
4024	2.040706295065164e-002	2.041737944669530e-002
4035	1.979475899417316e-002	1.995262314968880e-002
4046	1.939800877856923e-002	1.949844599758046e-002
4098	1.894885689920500e-002	1.905460717963247e-002
4122	1.858271933267019e-002	1.862087136662868e-002
4172	1.798242426225793e-002	1.819700858609984e-002
4181	1.777299038545133e-002	1.778279410038923e-002
4188	1.734326326465108e-002	1.737800828749376e-002
4206	1.696047742189111e-002	1.698243652461744e-002
4232	1.656374937899219e-002	1.659586907437561e-002
4246	1.610893438552219e-002	1.621810097358930e-002
4271	1.558936022808388e-002	1.584893192461113e-002
4276	1.545378090494864e-002	1.548816618912481e-002
4280	1.505163028482248e-002	1.513561248436208e-002
4303	1.470587431007497e-002	1.479108388168207e-002
4328	1.439205217333284e-002	1.445439770745927e-002
4347	1.410893484553866e-002	1.412537544622754e-002
4362	1.371161831723033e-002	1.380384264602885e-002
4386	1.344638416288801e-002	1.348962882591653e-002
4402	1.294174256381098e-002	1.318256738556408e-002
4404	1.287930734593545e-002	1.288249551693134e-002
4437	1.250196184080055e-002	1.258925411794168e-002
4450	1.227693429105636e-002	1.230268770812382e-002
4457	1.188004932408326e-002	1.202264434617413e-002
4468	1.172146382336248e-002	1.174897554939530e-002
4490	1.147273583815167e-002	1.148153621496883e-002
4506	1.114184814655017e-002	1.122018454301964e-002
4513	1.091909824739046e-002	1.096478196143185e-002
4554	1.067046101902369e-002	1.071519305237607e-002
4570	1.046438215646628e-002	1.047128548050900e-002
4595	1.018753049795762e-002	1.023292992280754e-002
4600	9.974329628479328e-003	1.000000000000000e-002
4611	9.765997563373485e-003	9.772372209558112e-003
4644	9.545736116866599e-003	9.549925860214359e-003
4662	9.295610298686197e-003	9.332543007969915e-003
4683	9.119159249911357e-003	9.120108393559097e-003
4696	8.896611595298198e-003	8.912509381337459e-003
4729	8.704994995224480e-003	8.709635899560805e-003
4746	8.442869977364542e-003	8.511380382023768e-003
4769	8.298256927065206e-003	8.317637711026709e-003
4810	8.116401911349658e-003	8.128305161640995e-003
4835	7.935142379282278e-003	7.943282347242814e-003
4845	7.744720267016447e-003	7.762471166286920e-003
4884	7.555595933897430e-003	7.585775750291836e-003
4915	7.407801219817878e-003	7.413102413009177e-003
4950	7.241002593914137e-003	7.244359600749898e-003
4984	7.068399466483188e-003	7.079457843841380e-003
5023	6.914401378951163e-003	6.918309709189363e-003
5082	6.755178707597564e-003	6.760829753919818e-003
5165	6.606862730184737e-003	6.606934480075957e-003
5267	6.456346901563270e-003	6.456542290346556e-003
5390	6.308517852944173e-003	6.309573444801930e-003
5564	6.165946017840707e-003	6.165950018614822e-003
5929	6.025292582993225e-003	6.025595860743574e-003
8387	5.888339258578568e-003	5.888436553555890e-003
500001	5.862695586041022e-003	5.888436553555890e-003
%
% index = 1292, name = bbob_f006_i07_d05__bbob_f006_i08_d05
% instance = 3, reference value = 8.924132975484700e-001
% function evaluation | indicator value | target hit
1	1.896009281753080e+005	1.905460717963248e+005
2	1.720136563829472e+002	1.737800828749376e+002
48	1.925615905657490e+001	1.949844599758045e+001
605	1.403293700867633e+001	1.412537544622754e+001
1027	1.093112379686728e+001	1.096478196143185e+001
1251	1.009478717972647e+001	1.023292992280754e+001
1387	6.236164822497040e+000	6.309573444801933e+000
1618	5.934829413574836e+000	6.025595860743578e+000
1649	5.866865127603204e+000	5.888436553555890e+000
1764	5.030835003226970e+000	5.128613839913649e+000
1842	4.593515322850470e+000	4.677351412871983e+000
1950	4.199430566599970e+000	4.265795188015927e+000
2080	3.906206722099583e+000	3.981071705534972e+000
2182	3.756735033448970e+000	3.801893963205612e+000
2268	3.566481076931470e+000	3.630780547701014e+000
2286	3.446934779603970e+000	3.467368504525317e+000
2304	2.717130502864970e+000	2.754228703338166e+000
2325	2.030088645648652e+000	2.041737944669529e+000
2557	1.927668587390895e+000	1.949844599758045e+000
2590	1.869280096923970e+000	1.905460717963247e+000
2609	1.840105748028014e+000	1.862087136662868e+000
2612	1.644816640351496e+000	1.659586907437561e+000
2683	1.545655567988208e+000	1.548816618912481e+000
2715	1.024077848058400e+000	1.047128548050900e+000
2821	9.899792361719699e-001	1.000000000000000e+000
2896	9.736322232989700e-001	9.772372209558107e-001
2955	9.409868065514699e-001	9.549925860214360e-001
3000	7.813574224671636e-001	7.943282347242815e-001
3040	6.866244419871317e-001	6.918309709189364e-001
3167	6.741490575791506e-001	6.760829753919818e-001
3217	6.065715410494055e-001	6.165950018614822e-001
3264	5.690172524319174e-001	5.754399373371569e-001
3268	3.852076052243759e-001	3.890451449942806e-001
3278	3.450632247784413e-001	3.467368504525316e-001
3304	3.301332913146573e-001	3.311311214825911e-001
3321	3.080347186761515e-001	3.090295432513591e-001
3322	2.860911097321065e-001	2.884031503126606e-001
3392	2.723758198390279e-001	2.754228703338166e-001
3400	2.678836735751841e-001	2.691534803926916e-001
3443	2.041076158601328e-001	2.041737944669530e-001
3470	1.885729800310471e-001	1.905460717963247e-001
3501	1.752149917189670e-001	1.778279410038923e-001
3535	1.680637458317023e-001	1.698243652461744e-001
3536	1.638281385959720e-001	1.659586907437561e-001
3571	1.571442795855316e-001	1.584893192461113e-001
3583	1.475766624193455e-001	1.479108388168208e-001
3592	1.381564196127736e-001	1.412537544622755e-001
3667	1.365573480814457e-001	1.380384264602885e-001
3707	1.336161977235204e-001	1.348962882591654e-001
3766	1.308676343367473e-001	1.318256738556407e-001
3767	1.257251430070917e-001	1.258925411794167e-001
3799	1.225652564620869e-001	1.230268770812382e-001
3817	1.192273100941731e-001	1.202264434617413e-001
3837	1.168701384014975e-001	1.174897554939529e-001
3839	1.002147316689342e-001	1.023292992280754e-001
3855	9.917659774193011e-002	1.000000000000000e-001
3882	7.108079966363867e-002	7.244359600749903e-002
3899	7.067300577856894e-002	7.079457843841380e-002
3998	6.747522518277138e-002	6.760829753919818e-002
4033	6.423933137298876e-002	6.456542290346556e-002
4072	6.186485308741274e-002	6.309573444801933e-002
4076	6.140609893782700e-002	6.165950018614822e-002
4096	5.983108313203012e-002	6.025595860743578e-002
4149	5.842234713914363e-002	5.888436553555890e-002
4152	5.723754265672543e-002	5.754399373371569e-002
4170	5.616771875705051e-002	5.623413251903491e-002
4172	5.468859191100872e-002	5.495408738576246e-002
4263	5.368517204359280e-002	5.370317963702527e-002
4307	5.245416457352570e-002	5.248074602497726e-002
4316	4.875069924643016e-002	4.897788193684461e-002
4357	4.778793423582961e-002	4.786300923226383e-002
4422	4.608443583127375e-002	4.677351412871982e-002
4436	4.359163465605687e-002	4.365158322401658e-002
4457	4.260656692530740e-002	4.265795188015926e-002
4482	4.163986396948038e-002	4.168693834703355e-002
4542	4.037730993999777e-002	4.073802778041128e-002
4565	3.975053054879618e-002	3.981071705534973e-002
4631	3.879450187069922e-002	3.890451449942807e-002
4696	3.775852805840840e-002	3.801893963205612e-002
4779	3.599647055077404e-002	3.630780547701014e-002
4836	3.507532416197157e-002	3.548133892335755e-002
4897	3.465534460901842e-002	3.467368504525317e-002
4953	3.364105448937838e-002	3.388441561392026e-002
5022	3.296122973452431e-002	3.311311214825911e-002
5109	3.173224740460301e-002	3.235936569296283e-002
5131	3.161569129711894e-002	3.162277660168379e-002
5419	3.088869214678003e-002	3.090295432513590e-002
500001	3.020508867970628e-002	3.090295432513590e-002
%
% index = 1293, name = bbob_f006_i09_d05__bbob_f006_i10_d05
% instance = 4, reference value = 9.991115645164060e-001
% function evaluation | indicator value | target hit
1	8.891067444163506e+004	8.912509381337460e+004
2	4.908037425175283e+004	5.011872336272725e+004
3	1.431918354347140e+004	1.445439770745928e+004
6	9.453050597102305e+003	9.549925860214360e+003
9	5.386133920233044e+003	5.495408738576249e+003
10	3.169169921453884e+003	3.235936569296281e+003
12	1.501793702383433e+003	1.513561248436209e+003
13	9.768484599398836e+002	9.772372209558112e+002
24	6.119680350018050e+002	6.165950018614822e+002
67	3.357798639053675e+002	3.388441561392024e+002
114	2.830340483795217e+002	2.884031503126606e+002
191	2.710008045418206e+002	2.754228703338166e+002
276	2.023746848461075e+002	2.041737944669530e+002
438	1.872687362462359e+002	1.905460717963246e+002
449	9.133689412957295e+001	9.332543007969910e+001
754	9.014586772340263e+001	9.120108393559097e+001
956	5.064374991909461e+001	5.128613839913648e+001
976	4.711066245873190e+001	4.786300923226383e+001
1066	3.862238589384690e+001	3.890451449942807e+001
1206	3.167546844984862e+001	3.235936569296283e+001
1276	2.868886210517890e+001	2.884031503126606e+001
1281	1.777766638795790e+001	1.778279410038923e+001
1363	1.365996115443591e+001	1.380384264602885e+001
1450	8.692557704539459e+000	8.709635899560805e+000
1928	5.249743149978406e+000	5.370317963702528e+000
2022	3.034935961385905e+000	3.090295432513591e+000
2161	2.917881828011906e+000	2.951209226666386e+000
2166	2.670670738339906e+000	2.691534803926916e+000
2175	8.358447956346581e-001	8.511380382023764e-001
2507	1.883587385762037e-001	1.905460717963247e-001
2909	1.510973224152403e-001	1.513561248436208e-001
2921	1.284950741061042e-001	1.288249551693134e-001
2977	6.689807347332688e-002	6.760829753919818e-002
3015	9.999168581713791e-003	1.000000000000000e-002
3108	4.031220903471078e-003	4.073802778041126e-003
3173	3.979238878799141e-003	3.981071705534973e-003
3353	3.556248023326325e-003	3.630780547701014e-003
3356	3.254702837831469e-003	3.311311214825911e-003
3457	3.209078622729789e-003	3.235936569296281e-003
3485	3.142927934364326e-003	3.162277660168379e-003
3510	2.665620390216339e-003	2.691534803926917e-003
3530	2.126377741579866e-003	2.137962089502233e-003
3533	1.702778698832286e-003	1.737800828749376e-003
3556	1.696445296680449e-003	1.698243652461744e-003
3565	1.655731298096597e-003	1.659586907437561e-003
3593	1.601149667361690e-003	1.621810097358930e-003
3605	1.553344998869055e-003	1.584893192461114e-003
3629	1.539643689277614e-003	1.548816618912481e-003
3692	1.505244435795250e-003	1.513561248436209e-003
3993	1.410524555126358e-003	1.412537544622754e-003
4020	1.379649601223387e-003	1.380384264602885e-003
4131	1.340639385257414e-003	1.348962882591653e-003
4183	7.721888340492811e-004	7.762471166286919e-004
4246	7.496048902616570e-004	7.585775750291835e-004
4287	7.290667186435895e-004	7.413102413009177e-004
4306	6.964210085426137e-004	7.079457843841380e-004
4351	6.917473077844294e-004	6.918309709189362e-004
4356	5.007877835870866e-004	5.011872336272725e-004
4363	4.883924949196095e-004	4.897788193684461e-004
4381	4.553029507406992e-004	4.570881896148752e-004
4402	4.455720655339723e-004	4.466835921509631e-004
4403	4.143095018365184e-004	4.168693834703355e-004
4450	4.025594624624818e-004	4.073802778041126e-004
4454	3.885110747835485e-004	3.890451449942804e-004
4475	3.801689587317192e-004	3.801893963205612e-004
4536	3.711272027964174e-004	3.715352290971724e-004
4594	3.526432876999053e-004	3.548133892335753e-004
4640	3.430687193285431e-004	3.467368504525317e-004
4651	3.376967402501929e-004	3.388441561392024e-004
4664	3.187472728466423e-004	3.235936569296281e-004
4672	3.160234337031831e-004	3.162277660168379e-004
4758	3.087971348894048e-004	3.090295432513592e-004
4824	3.007712461611245e-004	3.019951720402016e-004
4830	2.897265703809548e-004	2.951209226666387e-004
4874	2.878371665611113e-004	2.884031503126606e-004
4888	2.818366030520325e-004	2.818382931264455e-004
4971	2.752939976850000e-004	2.754228703338166e-004
5094	2.688125124055141e-004	2.691534803926917e-004
5124	2.601852504058311e-004	2.630267991895381e-004
5128	2.557108015568410e-004	2.570395782768865e-004
5181	2.511071746938987e-004	2.511886431509580e-004
5253	2.439994088144770e-004	2.454708915685031e-004
5270	2.292325959302177e-004	2.344228815319923e-004
5273	2.281367532309675e-004	2.290867652767772e-004
5299	2.236235443514589e-004	2.238721138568340e-004
5316	2.178233441636479e-004	2.187761623949552e-004
5363	2.120316227728347e-004	2.137962089502232e-004
5401	2.088250054090857e-004	2.089296130854039e-004
5451	2.033135610698400e-004	2.041737944669530e-004
5527	1.993001518574289e-004	1.995262314968879e-004
5557	1.949431787705569e-004	1.949844599758046e-004
5633	1.897682130221901e-004	1.905460717963246e-004
5682	1.848440604189650e-004	1.862087136662868e-004
5716	1.812288800538964e-004	1.819700858609983e-004
5725	1.260216212723986e-004	1.288249551693134e-004
5727	1.256541866360150e-004	1.258925411794167e-004
5765	1.229403196452150e-004	1.230268770812381e-004
5774	1.197378063505505e-004	1.202264434617413e-004
5830	1.170956760770947e-004	1.174897554939529e-004
5855	1.059897666705334e-004	1.071519305237606e-004
5906	1.043713604960139e-004	1.047128548050900e-004
5936	1.020908912384710e-004	1.023292992280754e-004
6082	9.996074665719057e-005	1.000000000000000e-004
6224	9.771896508870004e-005	9.772372209558112e-005
6366	9.539687251070017e-005	9.549925860214369e-005
6557	9.331829759484656e-005	9.332543007969905e-005
6896	9.118295767374107e-005	9.120108393559096e-005
7605	8.912385663761846e-005	8.912509381337459e-005
11895	8.627249888903954e-005	8.709635899560814e-005
18551	8.507626954168401e-005	8.511380382023760e-005
48774	8.316531631824553e-005	8.317637711026709e-005
59507	8.128014967145880e-005	8.128305161640995e-005
239464	7.943141742006166e-005	7.943282347242822e-005
500001	7.802871210149664e-005	7.943282347242822e-005
%
% index = 1294, name = bbob_f006_i11_d05__bbob_f006_i12_d05
% instance = 5, reference value = 9.469953004797620e-001
% function evaluation | indicator value | target hit
1	3.786044808257419e+002	3.801893963205613e+002
2	2.081751406641167e+002	2.089296130854039e+002
4	1.575416022937814e+002	1.584893192461114e+002
6	4.150633494894656e+001	4.168693834703355e+001
10	2.790516607692748e+001	2.818382931264453e+001
37	1.649949959345855e+001	1.659586907437561e+001
219	1.496688717338870e+001	1.513561248436208e+001
309	7.698160925864762e+000	7.762471166286917e+000
483	7.441520683262409e+000	7.585775750291838e+000
646	6.074629990054719e+000	6.165950018614822e+000
726	6.011923195515542e+000	6.025595860743578e+000
773	5.875579653186390e+000	5.888436553555890e+000
794	3.140565546156516e+000	3.162277660168379e+000
986	2.834608885437762e+000	2.884031503126606e+000
1051	2.123435107095672e+000	2.137962089502232e+000
1140	9.977624519922619e-001	1.000000000000000e+000
1208	9.235187165337480e-001	9.332543007969910e-001
1404	8.507095839416695e-001	8.511380382023764e-001
1518	7.966325310027861e-001	8.128305161640993e-001
1544	6.624667829512800e-001	6.760829753919818e-001
1642	6.592123778908985e-001	6.606934480075960e-001
1681	5.780305131621892e-001	5.888436553555889e-001
1764	5.136977265076748e-001	5.248074602497725e-001
1788	5.078349829546751e-001	5.128613839913648e-001
1809	4.888547925557448e-001	4.897788193684462e-001
1821	4.750757819546808e-001	4.786300923226383e-001
1834	4.639161413781768e-001	4.677351412871982e-001
1836	4.123251377307707e-001	4.168693834703354e-001
1911	3.523418968202361e-001	3.548133892335755e-001
1919	3.438984950339320e-001	3.467368504525316e-001
1961	3.212807012897301e-001	3.235936569296283e-001
2020	2.781315802383084e-001	2.818382931264454e-001
2035	2.353476476288997e-001	2.398832919019490e-001
2054	2.332016229851749e-001	2.344228815319922e-001
2084	2.030153708810165e-001	2.041737944669530e-001
2103	1.991892716080357e-001	1.995262314968880e-001
2163	1.908581674238588e-001	1.949844599758046e-001
2169	1.877005711913958e-001	1.905460717963247e-001
2188	1.539799269035644e-001	1.548816618912481e-001
2193	1.434040617951043e-001	1.445439770745928e-001
2201	1.296598820679599e-001	1.318256738556407e-001
2203	1.247295464320334e-001	1.258925411794167e-001
2227	1.213112692247523e-001	1.230268770812382e-001
2258	1.146005315877732e-001	1.148153621496883e-001
2275	1.118301367088699e-001	1.122018454301964e-001
2362	1.058271636735937e-001	1.071519305237607e-001
2365	1.043267036456331e-001	1.047128548050900e-001
2375	1.003530791897567e-001	1.023292992280754e-001
2380	9.792551092390078e-002	1.000000000000000e-001
2387	9.423242082991901e-002	9.549925860214359e-002
2402	8.431099812805676e-002	8.511380382023763e-002
2415	8.205047821023737e-002	8.317637711026708e-002
2445	7.728220671281605e-002	7.762471166286916e-002
2449	7.415791480976264e-002	7.585775750291836e-002
2469	7.372013475967132e-002	7.413102413009177e-002
2483	7.095406136225746e-002	7.244359600749903e-002
2495	7.015893208701141e-002	7.079457843841380e-002
2504	6.655611361970404e-002	6.760829753919818e-002
2505	6.497503977061536e-002	6.606934480075961e-002
2514	6.449987607195551e-002	6.456542290346556e-002
2542	6.285078446763903e-002	6.309573444801933e-002
2556	5.886439551590095e-002	5.888436553555890e-002
2572	5.329839953961912e-002	5.370317963702527e-002
2601	5.162847350741440e-002	5.248074602497726e-002
2602	5.003184533632477e-002	5.011872336272722e-002
2623	4.589646171852224e-002	4.677351412871982e-002
2632	4.544413233561229e-002	4.570881896148749e-002
2660	4.336365016333887e-002	4.365158322401658e-002
2710	4.061166486225054e-002	4.073802778041128e-002
2716	3.863733541009029e-002	3.890451449942807e-002
2720	3.772694541165322e-002	3.801893963205612e-002
2722	3.622201040300221e-002	3.630780547701014e-002
2727	3.503944773996937e-002	3.548133892335755e-002
2739	3.423141195111479e-002	3.467368504525317e-002
2749	3.286825784965786e-002	3.311311214825911e-002
2802	3.159601341197138e-002	3.162277660168379e-002
2812	3.065342104748992e-002	3.090295432513590e-002
2814	2.998900902714963e-002	3.019951720402016e-002
2820	2.907337866108106e-002	2.951209226666385e-002
2823	2.859874209361257e-002	2.884031503126606e-002
2825	2.768267264678870e-002	2.818382931264454e-002
2826	2.665064993368915e-002	2.691534803926915e-002
2846	2.595587298166402e-002	2.630267991895382e-002
2855	2.564731431388423e-002	2.570395782768863e-002
2859	2.455061883912191e-002	2.511886431509579e-002
2862	2.422406613291173e-002	2.454708915685030e-002
2880	2.314595103161010e-002	2.344228815319923e-002
2888	2.097603898358103e-002	2.137962089502233e-002
2892	2.078377121097175e-002	2.089296130854040e-002
2909	1.993315889106817e-002	1.995262314968880e-002
2953	1.879127609515885e-002	1.905460717963247e-002
2973	1.829086157519044e-002	1.862087136662868e-002
2996	1.811761974136694e-002	1.819700858609984e-002
3020	1.730532474343671e-002	1.737800828749376e-002
3025	1.650410082342546e-002	1.659586907437561e-002
3057	1.619877996971508e-002	1.621810097358930e-002
3108	1.518652921517327e-002	1.548816618912481e-002
3118	1.486753385726358e-002	1.513561248436208e-002
3122	1.473431265045122e-002	1.479108388168207e-002
3128	1.388677994591292e-002	1.412537544622754e-002
3136	1.372890690899487e-002	1.380384264602885e-002
3149	1.340345004130272e-002	1.348962882591653e-002
3183	1.316285460166455e-002	1.318256738556408e-002
3188	1.259674595153404e-002	1.288249551693134e-002
3196	1.210342486209415e-002	1.230268770812382e-002
3199	1.197473196920984e-002	1.202264434617413e-002
3216	1.172745199278391e-002	1.174897554939530e-002
3235	1.146856957293474e-002	1.148153621496883e-002
3249	1.098807308934857e-002	1.122018454301964e-002
3262	1.095063055092460e-002	1.096478196143185e-002
3313	1.065871667916907e-002	1.071519305237607e-002
3325	1.046634091101839e-002	1.047128548050900e-002
3329	1.014569021965606e-002	1.023292992280754e-002
3348	9.960178002257680e-003	1.000000000000000e-002
3367	9.513174625216059e-003	9.549925860214359e-003
3382	9.256942593227735e-003	9.332543007969915e-003
3399	9.102316419430268e-003	9.120108393559097e-003
3423	8.871528429948206e-003	8.912509381337459e-003
3441	8.682340336774619e-003	8.709635899560805e-003
3463	8.422575140879740e-003	8.511380382023768e-003
3482	8.312089939631062e-003	8.317637711026709e-003
3485	7.902992813041299e-003	7.943282347242814e-003
3500	7.750996501507679e-003	7.762471166286920e-003
3537	7.561637755033490e-003	7.585775750291836e-003
3540	7.370848350557235e-003	7.413102413009177e-003
3566	7.199886411737189e-003	7.244359600749898e-003
3583	7.036825318298523e-003	7.079457843841380e-003
3603	6.887971726203146e-003	6.918309709189363e-003
3631	6.712487448404247e-003	6.760829753919818e-003
3646	6.583848852232843e-003	6.606934480075957e-003
3661	6.242191142913467e-003	6.309573444801930e-003
3685	6.142110225382469e-003	6.165950018614822e-003
3703	5.943467376848255e-003	6.025595860743574e-003
3714	5.762818510930412e-003	5.888436553555890e-003
3715	5.740512647547602e-003	5.754399373371567e-003
3725	5.559772837450017e-003	5.623413251903491e-003
3742	5.408613593944844e-003	5.495408738576248e-003
3761	5.355164286704017e-003	5.370317963702527e-003
3783	5.209041766505607e-003	5.248074602497728e-003
3826	5.100909068877169e-003	5.128613839913648e-003
3847	4.987779160067651e-003	5.011872336272725e-003
3853	4.885863999897322e-003	4.897788193684461e-003
3872	4.753014754189100e-003	4.786300923226385e-003
3897	4.674315093998183e-003	4.677351412871981e-003
3915	4.548880777754505e-003	4.570881896148752e-003
3935	4.435980803155770e-003	4.466835921509631e-003
3967	4.331144452207947e-003	4.365158322401661e-003
3983	4.250281821459701e-003	4.265795188015926e-003
3992	4.168203176544427e-003	4.168693834703355e-003
4027	4.059550395026590e-003	4.073802778041126e-003
4049	3.930491847752071e-003	3.981071705534973e-003
4052	3.880029204835767e-003	3.890451449942805e-003
4081	3.784968058357041e-003	3.801893963205613e-003
4105	3.694665574381140e-003	3.715352290971724e-003
4138	3.611744827496488e-003	3.630780547701014e-003
4164	3.490818610874302e-003	3.548133892335753e-003
4172	3.454302582655999e-003	3.467368504525317e-003
4208	3.386901871927139e-003	3.388441561392024e-003
4255	3.301852083479773e-003	3.311311214825911e-003
4298	3.224929098511686e-003	3.235936569296281e-003
4307	3.145024170865041e-003	3.162277660168379e-003
4320	3.086968233247056e-003	3.090295432513592e-003
4366	3.016048670445470e-003	3.019951720402016e-003
4384	2.916714771598605e-003	2.951209226666387e-003
4387	2.876085825803676e-003	2.884031503126606e-003
4411	2.815973757522627e-003	2.818382931264455e-003
4430	2.752946940065781e-003	2.754228703338166e-003
4459	2.683937634911593e-003	2.691534803926917e-003
4517	2.630237673137303e-003	2.630267991895381e-003
4525	2.564389644267417e-003	2.570395782768865e-003
4574	2.501214456820611e-003	2.511886431509579e-003
4576	2.446004853436934e-003	2.454708915685031e-003
4606	2.391513892259889e-003	2.398832919019490e-003
4636	2.311253274172809e-003	2.344228815319923e-003
4660	2.285876198218850e-003	2.290867652767772e-003
4688	2.237382091466844e-003	2.238721138568340e-003
4723	2.186479647295903e-003	2.187761623949552e-003
4752	2.135801319076203e-003	2.137962089502233e-003
4780	2.088158021252728e-003	2.089296130854039e-003
4806	2.036684337598960e-003	2.041737944669530e-003
4827	1.994357916749734e-003	1.995262314968879e-003
4862	1.949629429753186e-003	1.949844599758046e-003
4961	1.903827580416406e-003	1.905460717963246e-003
5000	1.854456675570049e-003	1.862087136662868e-003
5061	1.819022589082842e-003	1.819700858609983e-003
5161	1.777937805329977e-003	1.778279410038923e-003
5208	1.737063953538232e-003	1.737800828749376e-003
5336	1.698179334303274e-003	1.698243652461744e-003
5532	1.659343989895978e-003	1.659586907437561e-003
5772	1.621766549738446e-003	1.621810097358930e-003
6140	1.584883782020041e-003	1.584893192461114e-003
7239	1.548804233072909e-003	1.548816618912481e-003
500001	1.537383808663972e-003	1.548816618912481e-003
%
% index = 1295, name = bbob_f006_i13_d05__bbob_f006_i14_d05
% instance = 6, reference value = 8.886685382145660e-001
% function evaluation | indicator value | target hit
1	2.090359048439654e+003	2.137962089502233e+003
2	1.475462213560865e+003	1.479108388168207e+003
3	6.317702842135890e+002	6.456542290346556e+002
4	4.133717572171179e+002	4.168693834703355e+002
6	8.266404480032500e+001	8.317637711026708e+001
122	5.970347822684617e+001	6.025595860743578e+001
350	5.432352620380778e+001	5.495408738576246e+001
424	5.352062456254085e+001	5.370317963702527e+001
464	2.475018876941811e+001	2.511886431509580e+001
631	1.249770718652314e+001	1.258925411794168e+001
1008	6.448444754346834e+000	6.456542290346556e+000
1411	5.258701483512572e+000	5.370317963702528e+000
1448	5.188602031643066e+000	5.248074602497725e+000
1481	3.607874356439144e+000	3.630780547701014e+000
1579	3.194435916316566e+000	3.235936569296283e+000
1729	2.125022170497358e+000	2.137962089502232e+000
1825	1.525008142581566e+000	1.548816618912481e+000
1890	9.444039805710660e-001	9.549925860214360e-001
2264	8.801200266535680e-001	8.912509381337456e-001
2282	8.520657339769073e-001	8.709635899560806e-001
2295	5.637151330913693e-001	5.754399373371569e-001
2404	5.606609035233672e-001	5.623413251903491e-001
2477	5.236261809988787e-001	5.248074602497725e-001
2571	4.692184789454403e-001	4.786300923226383e-001
2633	4.586768165055253e-001	4.677351412871982e-001
2638	4.532307901100013e-001	4.570881896148750e-001
2740	3.871208421949574e-001	3.890451449942806e-001
2781	3.223208995556985e-001	3.235936569296283e-001
2821	3.136265592517681e-001	3.162277660168379e-001
2897	2.955336111266708e-001	3.019951720402016e-001
2957	2.892589188765609e-001	2.951209226666385e-001
2965	2.859156432067099e-001	2.884031503126606e-001
2991	2.635172822478881e-001	2.691534803926916e-001
2994	2.627000806208503e-001	2.630267991895382e-001
3040	2.498060460721456e-001	2.511886431509580e-001
3087	2.444918539820927e-001	2.454708915685031e-001
3107	2.074300686098038e-001	2.089296130854039e-001
3108	1.889200623910565e-001	1.905460717963247e-001
3120	1.859017380191015e-001	1.862087136662868e-001
3148	1.664727518710708e-001	1.698243652461744e-001
3174	1.644730071859641e-001	1.659586907437561e-001
3238	1.621222076969379e-001	1.621810097358930e-001
3288	1.487171972501525e-001	1.513561248436208e-001
3290	1.475917358761445e-001	1.479108388168208e-001
3296	1.439231149148619e-001	1.445439770745928e-001
3313	1.348999373093758e-001	1.380384264602885e-001
3322	1.335337729136901e-001	1.348962882591654e-001
3323	1.317232375402729e-001	1.318256738556407e-001
3333	1.265039772187461e-001	1.288249551693134e-001
3335	1.257816289841883e-001	1.258925411794167e-001
3346	1.215160973700464e-001	1.230268770812382e-001
3437	1.153292422114817e-001	1.174897554939529e-001
3442	1.143802687504238e-001	1.148153621496883e-001
3444	1.116843387485498e-001	1.122018454301964e-001
3450	1.095698304451684e-001	1.096478196143185e-001
3463	1.009924468865450e-001	1.023292992280754e-001
3472	9.862474611035432e-002	1.000000000000000e-001
3485	9.669198309197169e-002	9.772372209558107e-002
3494	9.502045331657294e-002	9.549925860214359e-002
3512	8.576327892562841e-002	8.709635899560805e-002
3518	8.449866413654539e-002	8.511380382023763e-002
3572	8.105795198397825e-002	8.128305161640990e-002
3577	7.494092888582427e-002	7.585775750291836e-002
3580	7.157316795220592e-002	7.244359600749903e-002
3600	7.056635822385782e-002	7.079457843841380e-002
3631	6.875409772757146e-002	6.918309709189366e-002
3656	6.301869235599478e-002	6.309573444801933e-002
3658	6.136692491075435e-002	6.165950018614822e-002
3664	5.949256396684832e-002	6.025595860743578e-002
3675	5.734966755382154e-002	5.754399373371569e-002
3697	5.508736759370814e-002	5.623413251903491e-002
3698	5.463988643977802e-002	5.495408738576246e-002
3751	5.314258759505108e-002	5.370317963702527e-002
3776	5.202377422629068e-002	5.248074602497726e-002
3811	5.019623749149604e-002	5.128613839913648e-002
3832	4.998071695459905e-002	5.011872336272722e-002
3869	4.857019619014391e-002	4.897788193684461e-002
3881	4.748369553247012e-002	4.786300923226383e-002
3884	4.647491970384865e-002	4.677351412871982e-002
3933	4.520380297120685e-002	4.570881896148749e-002
3973	4.413475818859947e-002	4.466835921509630e-002
3989	4.335213903319268e-002	4.365158322401658e-002
4002	4.249391614839848e-002	4.265795188015926e-002
4020	4.160670196279348e-002	4.168693834703355e-002
4046	4.055973060652984e-002	4.073802778041128e-002
4077	3.910077639179210e-002	3.981071705534973e-002
4093	3.886903094921601e-002	3.890451449942807e-002
4107	3.774301465404606e-002	3.801893963205612e-002
4141	3.688361224211811e-002	3.715352290971726e-002
4147	3.623124544323364e-002	3.630780547701014e-002
4157	3.539911128075957e-002	3.548133892335755e-002
4184	3.231333581038010e-002	3.235936569296283e-002
4210	3.089148544726561e-002	3.090295432513590e-002
4212	3.001598121204174e-002	3.019951720402016e-002
4234	2.913884894393659e-002	2.951209226666385e-002
4257	2.873739587234547e-002	2.884031503126606e-002
4271	2.793105191732148e-002	2.818382931264454e-002
4295	2.703866145940581e-002	2.754228703338166e-002
4309	2.677750624577546e-002	2.691534803926915e-002
4330	2.607274530352177e-002	2.630267991895382e-002
4346	2.561592631816301e-002	2.570395782768863e-002
4365	2.494771235828075e-002	2.511886431509579e-002
4377	2.443809206643932e-002	2.454708915685030e-002
4427	2.391747813350231e-002	2.398832919019490e-002
4489	2.344044218781971e-002	2.344228815319923e-002
4497	2.245337067768982e-002	2.290867652767774e-002
4503	2.209596850519957e-002	2.238721138568340e-002
4535	2.183751097899711e-002	2.187761623949553e-002
4543	2.112869325009048e-002	2.137962089502233e-002
4563	2.082209698611981e-002	2.089296130854040e-002
4579	1.889037182481390e-002	1.905460717963247e-002
4609	1.796686156061611e-002	1.819700858609984e-002
4629	1.764736075539564e-002	1.778279410038923e-002
4653	1.707736483576738e-002	1.737800828749376e-002
4665	1.692825411394494e-002	1.698243652461744e-002
4680	1.643857694730710e-002	1.659586907437561e-002
4691	1.603193575610606e-002	1.621810097358930e-002
4706	1.579950403516872e-002	1.584893192461113e-002
4734	1.476998908241878e-002	1.479108388168207e-002
4768	1.439034422037477e-002	1.445439770745927e-002
4783	1.411195816787725e-002	1.412537544622754e-002
4826	1.376618325381795e-002	1.380384264602885e-002
4857	1.333714076296133e-002	1.348962882591653e-002
4870	1.314114791164323e-002	1.318256738556408e-002
4875	1.287846853982433e-002	1.288249551693134e-002
4921	1.254611287162744e-002	1.258925411794168e-002
4928	1.197931467317259e-002	1.202264434617413e-002
4983	1.170828606838892e-002	1.174897554939530e-002
5019	1.136138734870562e-002	1.148153621496883e-002
5050	1.117175559347661e-002	1.122018454301964e-002
5056	1.093331224700578e-002	1.096478196143185e-002
5076	1.070727156873863e-002	1.071519305237607e-002
5137	1.035886046999379e-002	1.047128548050900e-002
5142	1.022901528627795e-002	1.023292992280754e-002
5196	9.983458961207892e-003	1.000000000000000e-002
5206	9.756843277173299e-003	9.772372209558112e-003
5238	9.244224431712245e-003	9.332543007969915e-003
5240	9.077894440653322e-003	9.120108393559097e-003
5244	8.907266298994965e-003	8.912509381337459e-003
5263	8.688968539467434e-003	8.709635899560805e-003
5287	8.508334230055481e-003	8.511380382023768e-003
5294	8.224935959795898e-003	8.317637711026709e-003
5321	8.124513280186596e-003	8.128305161640995e-003
5347	7.918418172908504e-003	7.943282347242814e-003
5368	7.731886326068582e-003	7.762471166286920e-003
5409	7.534157789365392e-003	7.585775750291836e-003
5456	7.357846235936716e-003	7.413102413009177e-003
5465	7.196950510488631e-003	7.244359600749898e-003
5469	7.069338342951648e-003	7.079457843841380e-003
5502	6.880641945849697e-003	6.918309709189363e-003
5523	6.714625818938558e-003	6.760829753919818e-003
5550	6.590855068610457e-003	6.606934480075957e-003
5584	6.453270431911795e-003	6.456542290346556e-003
5604	6.259966502991765e-003	6.309573444801930e-003
5630	6.155875391973487e-003	6.165950018614822e-003
5677	6.020090755883278e-003	6.025595860743574e-003
5718	5.886214903992992e-003	5.888436553555890e-003
5788	5.751741414988687e-003	5.754399373371567e-003
5801	5.602215425937085e-003	5.623413251903491e-003
5858	5.492131356948038e-003	5.495408738576248e-003
5946	5.362525182434519e-003	5.370317963702527e-003
6068	5.248074478480969e-003	5.248074602497728e-003
6158	5.124873733061142e-003	5.128613839913648e-003
6270	5.010572399525404e-003	5.011872336272725e-003
6386	4.896133565123084e-003	4.897788193684461e-003
6633	4.786211755975267e-003	4.786300923226385e-003
7035	4.677139917813600e-003	4.677351412871981e-003
12078	4.570269323675436e-003	4.570881896148752e-003
66062	4.466526163200424e-003	4.466835921509631e-003
500001	4.443861647273062e-003	4.466835921509631e-003
%
% index = 1296, name = bbob_f006_i15_d05__bbob_f006_i16_d05
% instance = 7, reference value = 9.996325725242010e-001
% function evaluation | indicator value | target hit
1	8.231337778674806e+003	8.317637711026709e+003
2	4.295124113238920e+001	4.365158322401658e+001
76	4.033461676356701e+000	4.073802778041127e+000
168	2.457580024243201e+000	2.511886431509580e+000
359	7.071094616376724e-001	7.079457843841379e-001
446	6.811202606856764e-001	6.918309709189364e-001
582	6.729171497915576e-001	6.760829753919818e-001
627	4.609884730411276e-001	4.677351412871982e-001
729	3.530046662266357e-001	3.548133892335755e-001
734	2.215889991122566e-001	2.238721138568340e-001
1082	2.077764160679119e-001	2.089296130854039e-001
1085	1.401338598981669e-001	1.412537544622755e-001
1157	1.343571439017690e-001	1.348962882591654e-001
1174	1.199002172819820e-001	1.202264434617413e-001
1372	1.106646695042716e-001	1.122018454301964e-001
1380	8.729537728907544e-002	8.912509381337455e-002
1394	4.995531576634238e-002	5.011872336272722e-002
1424	4.876812233750216e-002	4.897788193684461e-002
1564	4.138766685772222e-002	4.168693834703355e-002
1688	4.056695528988041e-002	4.073802778041128e-002
1763	3.765072618093523e-002	3.801893963205612e-002
1878	3.248774683183808e-002	3.311311214825911e-002
1926	2.426273873471785e-002	2.454708915685030e-002
2079	2.392187742434238e-002	2.398832919019490e-002
2080	2.291089631962329e-002	2.344228815319923e-002
2173	2.290578693339285e-002	2.290867652767774e-002
2180	2.220342982697554e-002	2.238721138568340e-002
2197	2.105213843668696e-002	2.137962089502233e-002
2225	1.682041661220246e-002	1.698243652461744e-002
2258	1.655116415888291e-002	1.659586907437561e-002
2302	1.608088989051570e-002	1.621810097358930e-002
2304	1.206680202065413e-002	1.230268770812382e-002
2391	1.179670865479010e-002	1.202264434617413e-002
2437	1.156053921912625e-002	1.174897554939530e-002
2461	1.138184983583557e-002	1.148153621496883e-002
2475	1.095604500394554e-002	1.096478196143185e-002
2479	9.600958610115007e-003	9.772372209558112e-003
2518	9.235053894099066e-003	9.332543007969915e-003
2541	8.952657027675226e-003	9.120108393559097e-003
2672	8.888620337188069e-003	8.912509381337459e-003
2712	8.257863022251288e-003	8.317637711026709e-003
2729	8.119459000628160e-003	8.128305161640995e-003
2845	5.818714964543448e-003	5.888436553555890e-003
2926	5.569844000302027e-003	5.623413251903491e-003
3095	5.152043723000488e-003	5.248074602497728e-003
3185	5.086117580640037e-003	5.128613839913648e-003
3230	4.093964133597194e-003	4.168693834703355e-003
3237	3.962047477055308e-003	3.981071705534973e-003
3282	3.766603081238773e-003	3.801893963205613e-003
3307	2.259798221757703e-003	2.290867652767772e-003
3313	2.195871159378138e-003	2.238721138568340e-003
3323	2.176675617370005e-003	2.187761623949552e-003
3366	2.092066017739036e-003	2.137962089502233e-003
3379	2.047967373305593e-003	2.089296130854039e-003
3418	2.005831596334051e-003	2.041737944669530e-003
3427	1.994393773680714e-003	1.995262314968879e-003
3428	1.905035267155020e-003	1.905460717963246e-003
3493	1.795790139558107e-003	1.819700858609983e-003
3523	1.758105274096256e-003	1.778279410038923e-003
3528	1.514596805247903e-003	1.548816618912481e-003
3597	1.498206384149881e-003	1.513561248436209e-003
3665	1.473457306329751e-003	1.479108388168207e-003
3667	1.303564112020261e-003	1.318256738556408e-003
3716	1.228578570829142e-003	1.230268770812381e-003
3795	1.197800635555524e-003	1.202264434617413e-003
3823	1.037689949887954e-003	1.047128548050900e-003
3841	1.016877760841028e-003	1.023292992280754e-003
3855	9.473103583467202e-004	9.549925860214359e-004
3964	9.197219645127319e-004	9.332543007969915e-004
3975	9.002063550433981e-004	9.120108393559096e-004
3979	8.862491847863030e-004	8.912509381337459e-004
3997	8.111030958259935e-004	8.128305161640995e-004
4059	7.920141675782366e-004	7.943282347242813e-004
4071	7.574678575456018e-004	7.585775750291835e-004
4115	7.004418885780961e-004	7.079457843841380e-004
4134	6.911853294963022e-004	6.918309709189362e-004
4165	6.693487672394527e-004	6.760829753919819e-004
4216	6.533881145853737e-004	6.606934480075958e-004
4261	6.444152963708261e-004	6.456542290346556e-004
4326	6.279446716979109e-004	6.309573444801930e-004
4336	6.137793730210950e-004	6.165950018614822e-004
4345	5.993774739306845e-004	6.025595860743575e-004
4435	5.864088387852462e-004	5.888436553555889e-004
4477	5.735482293069971e-004	5.754399373371566e-004
4482	5.474432216484582e-004	5.495408738576249e-004
4536	5.369784407698308e-004	5.370317963702527e-004
4606	4.412552128792990e-004	4.466835921509631e-004
4656	4.334699363635064e-004	4.365158322401661e-004
4723	4.246733244669398e-004	4.265795188015926e-004
4767	4.036071600278524e-004	4.073802778041126e-004
4812	3.958935724782675e-004	3.981071705534974e-004
4825	3.710342672880174e-004	3.715352290971724e-004
4834	3.526319251447863e-004	3.548133892335753e-004
4885	3.420957382157530e-004	3.467368504525317e-004
4975	3.361577858730369e-004	3.388441561392024e-004
4977	3.268864816111661e-004	3.311311214825911e-004
5047	3.233640310998931e-004	3.235936569296281e-004
5142	3.039379121445585e-004	3.090295432513592e-004
5155	2.953275215690221e-004	3.019951720402016e-004
5165	2.947207290041609e-004	2.951209226666387e-004
5222	2.857829163177561e-004	2.884031503126606e-004
5245	2.619494330794447e-004	2.630267991895381e-004
5265	2.530816385635237e-004	2.570395782768865e-004
5272	2.172429076474636e-004	2.187761623949552e-004
5354	2.119433845264584e-004	2.137962089502232e-004
5456	2.045617757617801e-004	2.089296130854039e-004
5461	2.035931688872950e-004	2.041737944669530e-004
5475	1.861430228903283e-004	1.862087136662868e-004
5479	1.810484958882919e-004	1.819700858609983e-004
5524	1.776850746186831e-004	1.778279410038923e-004
5531	1.725429557281055e-004	1.737800828749376e-004
5573	1.669168760399797e-004	1.698243652461744e-004
5577	1.657138118834611e-004	1.659586907437562e-004
5600	1.573146796554070e-004	1.584893192461114e-004
5633	1.522407209059162e-004	1.548816618912481e-004
5646	1.481995358667554e-004	1.513561248436209e-004
5656	1.477964301247470e-004	1.479108388168207e-004
5693	1.421500633556061e-004	1.445439770745928e-004
5707	1.409520432009703e-004	1.412537544622754e-004
5710	1.379684522258007e-004	1.380384264602885e-004
5725	1.348361272787146e-004	1.348962882591653e-004
5810	1.318122123876719e-004	1.318256738556407e-004
5825	1.287887430884149e-004	1.288249551693134e-004
5839	1.249966009756465e-004	1.258925411794167e-004
5882	1.228206350832872e-004	1.230268770812381e-004
5971	1.201676815951736e-004	1.202264434617413e-004
6014	1.131428029615966e-004	1.148153621496883e-004
6036	1.104325577567789e-004	1.122018454301963e-004
6056	1.091187608269761e-004	1.096478196143185e-004
6115	1.064490510347405e-004	1.071519305237606e-004
6135	1.046894583613955e-004	1.047128548050900e-004
6186	1.021284012374668e-004	1.023292992280754e-004
6253	9.983048769723890e-005	1.000000000000000e-004
6346	9.758674673598922e-005	9.772372209558112e-005
6358	9.495626930389189e-005	9.549925860214369e-005
6382	9.265826970206170e-005	9.332543007969905e-005
6388	9.103224765905082e-005	9.120108393559096e-005
6476	8.910563787323245e-005	8.912509381337459e-005
6557	8.638115681824932e-005	8.709635899560814e-005
6649	8.498002301304819e-005	8.511380382023760e-005
6711	7.850637011974637e-005	7.943282347242822e-005
6772	7.657299717289678e-005	7.762471166286911e-005
6836	7.585766494155877e-005	7.585775750291836e-005
6941	7.386323335745182e-005	7.413102413009178e-005
7016	7.241165162041874e-005	7.244359600749906e-005
7134	7.067766980761725e-005	7.079457843841373e-005
7314	6.908826715812388e-005	6.918309709189363e-005
7419	6.759829534974671e-005	6.760829753919819e-005
7562	6.604296003298593e-005	6.606934480075965e-005
7792	6.448492756128132e-005	6.456542290346549e-005
8020	6.305333942591140e-005	6.309573444801929e-005
8363	6.164369935457437e-005	6.165950018614822e-005
8816	6.025304533330278e-005	6.025595860743581e-005
9654	5.888395252162670e-005	5.888436553555884e-005
12022	5.754298068461061e-005	5.754399373371566e-005
61431	5.615008509662900e-005	5.623413251903491e-005
500001	5.506746571837251e-005	5.623413251903491e-005
%
% index = 1297, name = bbob_f006_i17_d05__bbob_f006_i18_d05
% instance = 8, reference value = 9.945438461301310e-001
% function evaluation | indicator value | target hit
1	1.930121254364517e+003	1.949844599758045e+003
3	1.759317654196291e+003	1.778279410038923e+003
5	1.205362544671167e+003	1.230268770812381e+003
6	2.534971553991158e+002	2.570395782768865e+002
10	5.541733977573038e+001	5.623413251903491e+001
32	3.563727187337568e+001	3.630780547701014e+001
794	2.094942666877113e+001	2.137962089502232e+001
1097	1.002663764787696e+001	1.023292992280754e+001
1221	7.247465657801362e+000	7.413102413009175e+000
1377	5.613754069434048e+000	5.623413251903491e+000
1674	4.894907290106327e+000	4.897788193684462e+000
1770	2.356471838008631e+000	2.398832919019490e+000
2045	2.162149754275787e+000	2.187761623949553e+000
2090	1.700136545457641e+000	1.737800828749375e+000
2099	1.146932111893131e+000	1.148153621496883e+000
2524	7.151697398864993e-001	7.244359600749900e-001
2619	6.723970325577457e-001	6.760829753919818e-001
2720	5.751258024782203e-001	5.754399373371569e-001
2940	4.756636284408260e-001	4.786300923226383e-001
2951	4.141691724105889e-001	4.168693834703354e-001
2969	3.367154672407322e-001	3.388441561392026e-001
3056	2.847119517017595e-001	2.884031503126606e-001
3193	2.687425052858644e-001	2.691534803926916e-001
3252	2.609487941588538e-001	2.630267991895382e-001
3278	1.771985348080707e-001	1.778279410038923e-001
3348	1.481945191417304e-001	1.513561248436208e-001
3351	1.449480152501809e-001	1.479108388168208e-001
3395	1.414721736068619e-001	1.445439770745928e-001
3404	1.363460743901315e-001	1.380384264602885e-001
3452	1.108487968597649e-001	1.122018454301964e-001
3469	1.067227603908340e-001	1.071519305237607e-001
3555	1.022161835089585e-001	1.023292992280754e-001
3607	8.804122589316654e-002	8.912509381337455e-002
3649	8.638229797561614e-002	8.709635899560805e-002
3728	8.439470381977210e-002	8.511380382023763e-002
3740	8.088150834373076e-002	8.128305161640990e-002
3748	7.692258918189132e-002	7.762471166286916e-002
3754	7.469803790086027e-002	7.585775750291836e-002
3766	7.306674667185942e-002	7.413102413009177e-002
3793	7.222965906930046e-002	7.244359600749903e-002
3804	6.718986271822447e-002	6.760829753919818e-002
3820	6.389386769114713e-002	6.456542290346556e-002
3837	5.768745059312852e-002	5.888436553555890e-002
3850	4.371163312489790e-002	4.466835921509630e-002
3899	4.360544805778499e-002	4.365158322401658e-002
3942	3.150024916199745e-002	3.162277660168379e-002
4074	3.059373677678545e-002	3.090295432513590e-002
4101	2.880202396825649e-002	2.884031503126606e-002
4133	2.664937146294921e-002	2.691534803926915e-002
4190	2.451259751484491e-002	2.454708915685030e-002
4201	2.296363160146520e-002	2.344228815319923e-002
4210	2.196045269743219e-002	2.238721138568340e-002
4239	2.173117028997484e-002	2.187761623949553e-002
4245	1.942487375849344e-002	1.949844599758046e-002
4292	1.651827002535422e-002	1.659586907437561e-002
4347	1.528841901558709e-002	1.548816618912481e-002
4394	1.462795396615135e-002	1.479108388168207e-002
4412	1.438033744931277e-002	1.445439770745927e-002
4438	1.410613477752576e-002	1.412537544622754e-002
4563	1.354249914561723e-002	1.380384264602885e-002
4565	1.188004674450782e-002	1.202264434617413e-002
4595	1.164493152747215e-002	1.174897554939530e-002
4672	1.142197443287452e-002	1.148153621496883e-002
4708	9.458949850294718e-003	9.549925860214359e-003
4732	8.931882713543726e-003	9.120108393559097e-003
4761	8.903217932193286e-003	8.912509381337459e-003
4763	8.354964841992718e-003	8.511380382023768e-003
4784	8.173996938810713e-003	8.317637711026709e-003
4812	8.116881373014473e-003	8.128305161640995e-003
4854	7.155439741524883e-003	7.244359600749898e-003
4877	7.073214047028209e-003	7.079457843841380e-003
4983	6.745398083506826e-003	6.760829753919818e-003
5017	6.566191998976012e-003	6.606934480075957e-003
5027	6.009515322169867e-003	6.025595860743574e-003
5083	5.522347421283103e-003	5.623413251903491e-003
5093	5.377638950701869e-003	5.495408738576248e-003
5102	5.340252238530518e-003	5.370317963702527e-003
5178	5.198916436860768e-003	5.248074602497728e-003
5227	5.029394303547985e-003	5.128613839913648e-003
5281	4.999498967003579e-003	5.011872336272725e-003
5282	4.867443911406699e-003	4.897788193684461e-003
5307	4.712773882463051e-003	4.786300923226385e-003
5362	4.671198343937588e-003	4.677351412871981e-003
5369	4.484599250187293e-003	4.570881896148752e-003
5370	4.462338474128358e-003	4.466835921509631e-003
5409	4.310348359021776e-003	4.365158322401661e-003
5505	4.235355356586479e-003	4.265795188015926e-003
5522	4.007209623129615e-003	4.073802778041126e-003
5574	3.979831112856158e-003	3.981071705534973e-003
5578	3.850363312582372e-003	3.890451449942805e-003
5650	3.771559995121798e-003	3.801893963205613e-003
5713	3.323611666717463e-003	3.388441561392024e-003
5735	3.304006345505539e-003	3.311311214825911e-003
5759	3.210164908323820e-003	3.235936569296281e-003
5785	3.097133019982157e-003	3.162277660168379e-003
5799	3.007071709629439e-003	3.019951720402016e-003
5861	2.945448675565898e-003	2.951209226666387e-003
5886	2.874621145662504e-003	2.884031503126606e-003
5918	2.767945251507142e-003	2.818382931264455e-003
5933	2.746088354520393e-003	2.754228703338166e-003
6039	2.666608934106085e-003	2.691534803926917e-003
6052	2.608725855684502e-003	2.630267991895381e-003
6097	2.547463261015959e-003	2.570395782768865e-003
6102	2.478202720593514e-003	2.511886431509579e-003
6159	2.454129670359850e-003	2.454708915685031e-003
6238	2.384272354677197e-003	2.398832919019490e-003
6283	2.286777803813700e-003	2.290867652767772e-003
6388	2.203141158335420e-003	2.238721138568340e-003
6466	2.170452429446024e-003	2.187761623949552e-003
6483	2.096310921768319e-003	2.137962089502233e-003
6503	2.022046631814156e-003	2.041737944669530e-003
6516	1.939539986767325e-003	1.949844599758046e-003
6553	1.890988780436809e-003	1.905460717963246e-003
6582	1.850848186356169e-003	1.862087136662868e-003
6589	1.774382802530061e-003	1.778279410038923e-003
6629	1.733861961589533e-003	1.737800828749376e-003
6658	1.648379473375372e-003	1.659586907437561e-003
6698	1.599141330839937e-003	1.621810097358930e-003
6713	1.576599527101763e-003	1.584893192461114e-003
6741	1.548094471964356e-003	1.548816618912481e-003
6783	1.512051867927133e-003	1.513561248436209e-003
6850	1.476436466263609e-003	1.479108388168207e-003
6935	1.426095031560548e-003	1.445439770745928e-003
6963	1.406975991874004e-003	1.412537544622754e-003
6971	1.352639359667784e-003	1.380384264602885e-003
7007	1.284515543949039e-003	1.288249551693134e-003
7058	1.255288342538630e-003	1.258925411794168e-003
7127	1.223821496230348e-003	1.230268770812381e-003
7147	1.196658694709196e-003	1.202264434617413e-003
7185	1.171452649596505e-003	1.174897554939529e-003
7216	1.128453834673082e-003	1.148153621496883e-003
7281	1.121205110140910e-003	1.122018454301963e-003
7333	1.083691584809920e-003	1.096478196143185e-003
7351	1.064761170265327e-003	1.071519305237606e-003
7444	1.046708273133579e-003	1.047128548050900e-003
7511	1.021966035426147e-003	1.023292992280754e-003
7604	9.946590339681150e-004	1.000000000000000e-003
7697	9.761380215982385e-004	9.772372209558111e-004
7782	9.488623803011187e-004	9.549925860214359e-004
7856	9.074405172235789e-004	9.120108393559096e-004
7918	8.870298862431181e-004	8.912509381337459e-004
7975	8.706268646732074e-004	8.709635899560805e-004
8000	8.335906301216722e-004	8.511380382023768e-004
8014	8.317423823747117e-004	8.317637711026709e-004
8066	8.126250376309097e-004	8.128305161640995e-004
8117	7.942369270683702e-004	7.943282347242813e-004
8143	7.761569818927061e-004	7.762471166286919e-004
8242	7.508758896496159e-004	7.585775750291835e-004
8268	7.410951364877905e-004	7.413102413009177e-004
8326	7.218903165446822e-004	7.244359600749898e-004
8371	7.058518869716979e-004	7.079457843841380e-004
8415	6.884409388474566e-004	6.918309709189362e-004
8443	6.744982633118957e-004	6.760829753919819e-004
8482	6.606780418553226e-004	6.606934480075958e-004
8528	6.451000363205672e-004	6.456542290346556e-004
8575	6.305362206630027e-004	6.309573444801930e-004
8604	6.145117928075816e-004	6.165950018614822e-004
8640	6.010811828215390e-004	6.025595860743575e-004
8668	5.868517259615125e-004	5.888436553555889e-004
8712	5.748413933474028e-004	5.754399373371566e-004
8728	5.610683620578261e-004	5.623413251903491e-004
8755	5.489514579459787e-004	5.495408738576249e-004
8787	5.369681570158713e-004	5.370317963702527e-004
8861	5.218663144671565e-004	5.248074602497728e-004
8909	5.126330232299026e-004	5.128613839913648e-004
8988	5.006259989616124e-004	5.011872336272725e-004
9046	4.892259376648722e-004	4.897788193684461e-004
9086	4.785262034517901e-004	4.786300923226385e-004
9175	4.666162374021843e-004	4.677351412871981e-004
9258	4.567261574649484e-004	4.570881896148752e-004
9370	4.464835356198238e-004	4.466835921509631e-004
9486	4.364302353433436e-004	4.365158322401661e-004
9632	4.261853910400015e-004	4.265795188015926e-004
9863	4.167347853166747e-004	4.168693834703355e-004
10093	4.072400129886411e-004	4.073802778041126e-004
10356	3.979560263588367e-004	3.981071705534974e-004
10834	3.888115860377628e-004	3.890451449942804e-004
11772	3.801830927909755e-004	3.801893963205612e-004
13284	3.715341469258116e-004	3.715352290971724e-004
15365	3.616923491787105e-004	3.630780547701014e-004
17574	3.548050809567549e-004	3.548133892335753e-004
23417	3.463628234228189e-004	3.467368504525317e-004
40656	3.388333441087799e-004	3.388441561392024e-004
274967	3.311267959068553e-004	3.311311214825911e-004
500001	3.302623959222650e-004	3.311311214825911e-004
%
% index = 1298, name = bbob_f006_i19_d05__bbob_f006_i21_d05
% instance = 9, reference value = 9.635800725885581e-001
% function evaluation | indicator value | target hit
1	3.478608240653504e+002	3.548133892335753e+002
2	1.083482013791171e+002	1.096478196143185e+002
10	5.214710978715112e+001	5.248074602497726e+001
39	4.912172221726755e+001	5.011872336272722e+001
55	4.664041307552296e+001	4.677351412871981e+001
140	2.739735548519110e+001	2.754228703338166e+001
316	2.189206032703273e+001	2.238721138568340e+001
372	1.485821514344893e+001	1.513561248436208e+001
532	1.441519563216616e+001	1.445439770745927e+001
626	1.153487401681182e+001	1.174897554939530e+001
634	8.966487286170445e+000	9.120108393559097e+000
958	5.677177629552750e+000	5.754399373371570e+000
1137	2.731147894237558e+000	2.754228703338166e+000
1289	2.526406893351558e+000	2.570395782768864e+000
1391	9.027290392611854e-001	9.120108393559098e-001
1720	8.483245805822740e-001	8.511380382023764e-001
1771	8.195134779088160e-001	8.317637711026710e-001
1816	7.544828258992917e-001	7.585775750291838e-001
1921	2.893242298379936e-001	2.951209226666385e-001
1940	2.349701444751797e-001	2.398832919019490e-001
2038	2.319887293728412e-001	2.344228815319922e-001
2094	1.914557119200998e-001	1.949844599758046e-001
2095	1.732103503895921e-001	1.737800828749375e-001
2149	1.691606726726536e-001	1.698243652461744e-001
2307	1.551290383019875e-001	1.584893192461113e-001
2356	1.529748723942958e-001	1.548816618912481e-001
2385	1.360808646285840e-001	1.380384264602885e-001
2401	1.313740614832382e-001	1.318256738556407e-001
2499	1.247842981764624e-001	1.258925411794167e-001
2520	1.229290372232692e-001	1.230268770812382e-001
2528	1.158662105465176e-001	1.174897554939529e-001
2538	1.144606763751916e-001	1.148153621496883e-001
2546	1.065890551341897e-001	1.071519305237607e-001
2615	1.043218634843286e-001	1.047128548050900e-001
2630	9.922521639241178e-002	1.000000000000000e-001
2663	9.483075905952532e-002	9.549925860214359e-002
2684	9.219196068806790e-002	9.332543007969910e-002
2707	8.810358795438356e-002	8.912509381337455e-002
2737	7.579830857983982e-002	7.585775750291836e-002
2767	7.301472143337506e-002	7.413102413009177e-002
2774	6.825763400472540e-002	6.918309709189366e-002
2784	6.522959574706966e-002	6.606934480075961e-002
2790	5.753361442714200e-002	5.754399373371569e-002
2800	4.644021021813394e-002	4.677351412871982e-002
2807	4.517349763808098e-002	4.570881896148749e-002
2828	4.370385029311708e-002	4.466835921509630e-002
2860	4.360199785533503e-002	4.365158322401658e-002
2898	4.197921881344657e-002	4.265795188015926e-002
2918	3.895177414000417e-002	3.981071705534973e-002
2919	3.796428957819664e-002	3.801893963205612e-002
2920	3.101214349638459e-002	3.162277660168379e-002
2932	3.068345204388168e-002	3.090295432513590e-002
2944	2.992498252498466e-002	3.019951720402016e-002
2963	2.594538910800537e-002	2.630267991895382e-002
2995	2.556519402824009e-002	2.570395782768863e-002
3037	2.388519645856591e-002	2.398832919019490e-002
3094	2.329242567807932e-002	2.344228815319923e-002
3129	2.290549058790148e-002	2.290867652767774e-002
3146	2.159367412105073e-002	2.187761623949553e-002
3160	2.105451663583113e-002	2.137962089502233e-002
3175	2.024124575343045e-002	2.041737944669530e-002
3188	1.966736701956984e-002	1.995262314968880e-002
3203	1.927030630075188e-002	1.949844599758046e-002
3207	1.893739030420150e-002	1.905460717963247e-002
3216	1.850511537837518e-002	1.862087136662868e-002
3229	1.819281179420929e-002	1.819700858609984e-002
3289	1.754219353260544e-002	1.778279410038923e-002
3316	1.735407259408428e-002	1.737800828749376e-002
3345	1.661054788607252e-002	1.698243652461744e-002
3351	1.651201369195177e-002	1.659586907437561e-002
3370	1.613196296018471e-002	1.621810097358930e-002
3422	1.575614329571629e-002	1.584893192461113e-002
3462	1.533037095127210e-002	1.548816618912481e-002
3483	1.509625779373636e-002	1.513561248436208e-002
3526	1.443526953467089e-002	1.445439770745927e-002
3531	1.411862941208508e-002	1.412537544622754e-002
3550	1.354664549345908e-002	1.380384264602885e-002
3559	1.321134125985746e-002	1.348962882591653e-002
3571	1.303606293835846e-002	1.318256738556408e-002
3589	1.260442563444408e-002	1.288249551693134e-002
3604	1.232903924494799e-002	1.258925411794168e-002
3608	1.216309842573748e-002	1.230268770812382e-002
3610	1.186242249807024e-002	1.202264434617413e-002
3662	1.171822325452943e-002	1.174897554939530e-002
3690	1.146533234629488e-002	1.148153621496883e-002
3723	1.112281382243174e-002	1.122018454301964e-002
3724	1.043209380972443e-002	1.047128548050900e-002
3750	9.943205289549950e-003	1.000000000000000e-002
3771	9.754167005640024e-003	9.772372209558112e-003
3870	9.183183074681578e-003	9.332543007969915e-003
3889	9.066136486143961e-003	9.120108393559097e-003
3943	8.911932567444936e-003	8.912509381337459e-003
3995	8.704955490109190e-003	8.709635899560805e-003
4018	8.413080785886429e-003	8.511380382023768e-003
4025	8.316342046871261e-003	8.317637711026709e-003
4048	8.022502846721125e-003	8.128305161640995e-003
4103	7.657059341983574e-003	7.762471166286920e-003
4126	7.572962325167909e-003	7.585775750291836e-003
4151	7.307877945202823e-003	7.413102413009177e-003
4179	7.243399182177424e-003	7.244359600749898e-003
4239	6.966703874226377e-003	7.079457843841380e-003
4258	6.906465882604018e-003	6.918309709189363e-003
4289	6.759458338458257e-003	6.760829753919818e-003
4319	6.589955080531951e-003	6.606934480075957e-003
4367	6.455353921257734e-003	6.456542290346556e-003
4408	6.254763079011183e-003	6.309573444801930e-003
4410	6.025353240515341e-003	6.025595860743574e-003
4456	5.875663933319064e-003	5.888436553555890e-003
4482	5.656079529841485e-003	5.754399373371567e-003
4491	5.612994523884862e-003	5.623413251903491e-003
4509	5.465455758249527e-003	5.495408738576248e-003
4521	5.368529230178609e-003	5.370317963702527e-003
4566	5.228156962818420e-003	5.248074602497728e-003
4623	5.126689722108724e-003	5.128613839913648e-003
4661	4.950149097699197e-003	5.011872336272725e-003
4692	4.862533399731972e-003	4.897788193684461e-003
4694	4.755215870396623e-003	4.786300923226385e-003
4772	4.655986916131671e-003	4.677351412871981e-003
4780	4.570525339265275e-003	4.570881896148752e-003
4816	4.451320910393464e-003	4.466835921509631e-003
4821	4.314189961210468e-003	4.365158322401661e-003
4825	4.015356454637242e-003	4.073802778041126e-003
4841	3.969765785575952e-003	3.981071705534973e-003
4885	3.860143047688558e-003	3.890451449942805e-003
4899	3.799486314803757e-003	3.801893963205613e-003
4953	3.713437060216762e-003	3.715352290971724e-003
4975	3.614719847801817e-003	3.630780547701014e-003
5020	3.537859710552094e-003	3.548133892335753e-003
5045	3.436381447133319e-003	3.467368504525317e-003
5051	3.357964849526440e-003	3.388441561392024e-003
5080	3.283742298905046e-003	3.311311214825911e-003
5088	3.234903915458554e-003	3.235936569296281e-003
5096	3.124638634386057e-003	3.162277660168379e-003
5119	3.089125938355197e-003	3.090295432513592e-003
5149	3.006380460884528e-003	3.019951720402016e-003
5164	2.909852891259113e-003	2.951209226666387e-003
5173	2.881510528009335e-003	2.884031503126606e-003
5174	2.775184544851039e-003	2.818382931264455e-003
5192	2.750349490693860e-003	2.754228703338166e-003
5220	2.690319491377879e-003	2.691534803926917e-003
5240	2.613749272544319e-003	2.630267991895381e-003
5260	2.559226712359308e-003	2.570395782768865e-003
5273	2.507894478481321e-003	2.511886431509579e-003
5287	2.445695543684234e-003	2.454708915685031e-003
5303	2.397854092622165e-003	2.398832919019490e-003
5315	2.334703075873690e-003	2.344228815319923e-003
5323	2.289438654707210e-003	2.290867652767772e-003
5365	2.238172803145644e-003	2.238721138568340e-003
5374	2.176545064460078e-003	2.187761623949552e-003
5400	2.135624996935759e-003	2.137962089502233e-003
5426	2.088828477350480e-003	2.089296130854039e-003
5439	2.040871535666677e-003	2.041737944669530e-003
5452	1.994410276067060e-003	1.995262314968879e-003
5478	1.909770010618983e-003	1.949844599758046e-003
5481	1.902110028753734e-003	1.905460717963246e-003
5496	1.859314941345169e-003	1.862087136662868e-003
5509	1.814232494496748e-003	1.819700858609983e-003
5519	1.773864763958133e-003	1.778279410038923e-003
5550	1.734620221389926e-003	1.737800828749376e-003
5583	1.696593416296466e-003	1.698243652461744e-003
5616	1.656214818395285e-003	1.659586907437561e-003
5633	1.618813701803945e-003	1.621810097358930e-003
5665	1.583863913687478e-003	1.584893192461114e-003
5700	1.548200464207450e-003	1.548816618912481e-003
5736	1.508594135783747e-003	1.513561248436209e-003
5766	1.476954514355255e-003	1.479108388168207e-003
5794	1.444798111168488e-003	1.445439770745928e-003
5836	1.412481096235485e-003	1.412537544622754e-003
5862	1.380178175355740e-003	1.380384264602885e-003
5895	1.341216833873338e-003	1.348962882591653e-003
5936	1.317825476150225e-003	1.318256738556408e-003
5994	1.286293206009481e-003	1.288249551693134e-003
6075	1.258182031218635e-003	1.258925411794168e-003
6152	1.230177696803558e-003	1.230268770812381e-003
6234	1.193618729603552e-003	1.202264434617413e-003
6391	1.173890177372128e-003	1.174897554939529e-003
6655	1.147973977253747e-003	1.148153621496883e-003
7268	1.121983299995910e-003	1.122018454301963e-003
500001	1.097229695912638e-003	1.122018454301963e-003
%
% index = 1299, name = bbob_f006_i21_d05__bbob_f006_i22_d05
% instance = 10, reference value = 8.598706693425590e-001
% function evaluation | indicator value | target hit
1	1.230291791501518e+003	1.258925411794168e+003
2	2.319081987589145e+002	2.344228815319923e+002
4	1.251762506097157e+002	1.258925411794168e+002
6	7.022492853454679e+001	7.079457843841381e+001
10	2.157010930495249e+001	2.187761623949553e+001
219	1.712265516258720e+001	1.737800828749375e+001
478	1.216029494702118e+001	1.230268770812382e+001
677	9.350520531615562e+000	9.549925860214358e+000
694	5.183379468991803e+000	5.248074602497725e+000
839	4.891214113078059e+000	4.897788193684462e+000
1186	2.423907838895715e+000	2.454708915685031e+000
1307	2.233506609183409e+000	2.238721138568339e+000
1560	2.156686692652965e+000	2.187761623949553e+000
1570	1.598093895201977e+000	1.621810097358930e+000
1641	1.560965809421559e+000	1.584893192461114e+000
1709	1.242876066518559e+000	1.258925411794167e+000
1810	1.077730996247059e+000	1.096478196143185e+000
1954	8.164736136705741e-001	8.317637711026710e-001
2011	7.015180675135453e-001	7.079457843841379e-001
2017	6.844032868508141e-001	6.918309709189364e-001
2045	5.499989022743200e-001	5.623413251903491e-001
2064	5.456866699751959e-001	5.495408738576245e-001
2113	5.368004453554143e-001	5.370317963702527e-001
2120	4.440462387030654e-001	4.466835921509632e-001
2224	4.293326456227162e-001	4.365158322401660e-001
2273	4.251689771320247e-001	4.265795188015927e-001
2283	4.150125948188747e-001	4.168693834703354e-001
2307	3.784197306847473e-001	3.801893963205612e-001
2316	3.625330382870028e-001	3.630780547701014e-001
2461	3.467206690267992e-001	3.467368504525316e-001
2528	3.375124014364231e-001	3.388441561392026e-001
2565	3.273534177746235e-001	3.311311214825911e-001
2570	3.037445419401021e-001	3.090295432513591e-001
2580	3.002317292782409e-001	3.019951720402016e-001
2592	2.907944129370942e-001	2.951209226666385e-001
2623	2.866890696839313e-001	2.884031503126606e-001
2661	2.550127875136975e-001	2.570395782768864e-001
2663	2.505464515989745e-001	2.511886431509580e-001
2677	2.410149765223923e-001	2.454708915685031e-001
2681	2.176359709880656e-001	2.187761623949552e-001
2719	2.070772206043048e-001	2.089296130854039e-001
2725	2.039605148972431e-001	2.041737944669530e-001
2744	1.871602998179934e-001	1.905460717963247e-001
2755	1.857243921367580e-001	1.862087136662868e-001
2792	1.618745744071838e-001	1.621810097358930e-001
2827	1.584298223378359e-001	1.584893192461113e-001
2854	1.467974147418730e-001	1.479108388168208e-001
2861	1.315094830382273e-001	1.318256738556407e-001
2916	1.226015869412939e-001	1.230268770812382e-001
2925	1.199923532403558e-001	1.202264434617413e-001
2996	1.147178849502654e-001	1.148153621496883e-001
3001	1.088110265906782e-001	1.096478196143185e-001
3033	1.070609149969326e-001	1.071519305237607e-001
3050	1.041046929872137e-001	1.047128548050900e-001
3081	1.013998223474962e-001	1.023292992280754e-001
3151	9.604842534923275e-002	9.772372209558107e-002
3177	9.294047851021758e-002	9.332543007969910e-002
3181	9.067318904631316e-002	9.120108393559097e-002
3193	8.148356005158930e-002	8.317637711026708e-002
3199	8.098383634920892e-002	8.128305161640990e-002
3224	7.935842599956200e-002	7.943282347242814e-002
3255	7.746555055371462e-002	7.762471166286916e-002
3301	7.493252617775048e-002	7.585775750291836e-002
3307	7.407027221153162e-002	7.413102413009177e-002
3343	7.106170059283945e-002	7.244359600749903e-002
3345	7.063756118653652e-002	7.079457843841380e-002
3412	6.911548755940467e-002	6.918309709189366e-002
3459	6.588394894864846e-002	6.606934480075961e-002
3460	6.318647790469523e-002	6.456542290346556e-002
3473	6.298140911206296e-002	6.309573444801933e-002
3499	5.883820483100732e-002	5.888436553555890e-002
3561	5.690315196827644e-002	5.754399373371569e-002
3576	5.469070433545120e-002	5.495408738576246e-002
3596	5.332538083901683e-002	5.370317963702527e-002
3605	5.228285278323652e-002	5.248074602497726e-002
3631	5.114146272007569e-002	5.128613839913648e-002
3633	4.924753283165184e-002	5.011872336272722e-002
3634	4.887456638095156e-002	4.897788193684461e-002
3639	4.762646151292638e-002	4.786300923226383e-002
3662	4.388789212924105e-002	4.466835921509630e-002
3685	4.115390458919277e-002	4.168693834703355e-002
3689	3.821691375746117e-002	3.890451449942807e-002
3698	3.706227835149523e-002	3.715352290971726e-002
3702	3.629272663638761e-002	3.630780547701014e-002
3721	3.543499109065196e-002	3.548133892335755e-002
3779	3.432578230287720e-002	3.467368504525317e-002
3783	3.293916542097564e-002	3.311311214825911e-002
3832	3.201672636344866e-002	3.235936569296283e-002
3870	3.138252736471525e-002	3.162277660168379e-002
3917	3.045098693198312e-002	3.090295432513590e-002
3925	2.825296264815669e-002	2.884031503126606e-002
3926	2.818252753013950e-002	2.818382931264454e-002
3948	2.726431899442161e-002	2.754228703338166e-002
3963	2.689561578736033e-002	2.691534803926915e-002
4054	2.615597191108621e-002	2.630267991895382e-002
4074	2.567676097378802e-002	2.570395782768863e-002
4110	2.508566115375799e-002	2.511886431509579e-002
4112	2.428348192077079e-002	2.454708915685030e-002
4115	2.385138623996841e-002	2.398832919019490e-002
4124	2.339232291619564e-002	2.344228815319923e-002
4136	2.099839113354951e-002	2.137962089502233e-002
4139	2.078025911143466e-002	2.089296130854040e-002
4276	2.038541877550537e-002	2.041737944669530e-002
4298	1.995184586178433e-002	1.995262314968880e-002
4318	1.890937445310581e-002	1.905460717963247e-002
4323	1.861381569411502e-002	1.862087136662868e-002
4388	1.803827138005221e-002	1.819700858609984e-002
4404	1.773570870136343e-002	1.778279410038923e-002
4425	1.734494652007190e-002	1.737800828749376e-002
4456	1.693442162576975e-002	1.698243652461744e-002
4460	1.645290794825294e-002	1.659586907437561e-002
4537	1.614366430704017e-002	1.621810097358930e-002
4553	1.582590977896248e-002	1.584893192461113e-002
4556	1.507200402933584e-002	1.513561248436208e-002
4605	1.428092014367199e-002	1.445439770745927e-002
4606	1.407916894010330e-002	1.412537544622754e-002
4611	1.375123195672501e-002	1.380384264602885e-002
4627	1.326901850883488e-002	1.348962882591653e-002
4637	1.303917218095529e-002	1.318256738556408e-002
4640	1.284722043860620e-002	1.288249551693134e-002
4647	1.244415043857861e-002	1.258925411794168e-002
4652	1.205617908584877e-002	1.230268770812382e-002
4688	1.193986564550220e-002	1.202264434617413e-002
4706	1.173140583999144e-002	1.174897554939530e-002
4726	1.147669086216296e-002	1.148153621496883e-002
4734	1.101512951254191e-002	1.122018454301964e-002
4746	1.095783540448980e-002	1.096478196143185e-002
4783	1.071152997462799e-002	1.071519305237607e-002
4806	1.045847084988305e-002	1.047128548050900e-002
4826	1.011280291481354e-002	1.023292992280754e-002
4845	9.976900384682241e-003	1.000000000000000e-002
4892	9.676347314502953e-003	9.772372209558112e-003
4907	9.445344991331206e-003	9.549925860214359e-003
4927	9.183579176403001e-003	9.332543007969915e-003
4943	9.084064356373989e-003	9.120108393559097e-003
4949	8.891512651959088e-003	8.912509381337459e-003
4953	8.704973355594725e-003	8.709635899560805e-003
4976	8.343116392827810e-003	8.511380382023768e-003
4992	8.263798546119472e-003	8.317637711026709e-003
5032	8.123703382209579e-003	8.128305161640995e-003
5062	7.906215803851313e-003	7.943282347242814e-003
5072	7.758146744972549e-003	7.762471166286920e-003
5092	7.479634214542563e-003	7.585775750291836e-003
5097	7.396145080052485e-003	7.413102413009177e-003
5118	7.199771207164085e-003	7.244359600749898e-003
5144	7.022552288843076e-003	7.079457843841380e-003
5165	6.914515761515139e-003	6.918309709189363e-003
5207	6.745885994881240e-003	6.760829753919818e-003
5230	6.604663837268654e-003	6.606934480075957e-003
5253	6.432153777785055e-003	6.456542290346556e-003
5267	6.307209426407390e-003	6.309573444801930e-003
5323	6.149401424691114e-003	6.165950018614822e-003
5370	5.988490445330230e-003	6.025595860743574e-003
5395	5.887555771199038e-003	5.888436553555890e-003
5449	5.753266182223826e-003	5.754399373371567e-003
5547	5.617372067690862e-003	5.623413251903491e-003
5604	5.492332103503861e-003	5.495408738576248e-003
5674	5.361451053522481e-003	5.370317963702527e-003
5741	5.235384142251887e-003	5.248074602497728e-003
5839	5.128594396219710e-003	5.128613839913648e-003
6105	5.011171968903105e-003	5.011872336272725e-003
6719	4.896697603630762e-003	4.897788193684461e-003
7889	4.786136431436661e-003	4.786300923226385e-003
500001	4.754380499440325e-003	4.786300923226385e-003
