%
% index = 2090, name = bbob_f014_i02_d10__bbob_f021_i04_d10
% instance = 1, reference value = 9.624696339039380e-001
% function evaluation | indicator value | target hit
1	1.388945352706316e+005	1.412537544622755e+005
2	2.805007931122630e+003	2.818382931264455e+003
3	5.784941133291724e+002	5.888436553555890e+002
7	2.698094809233312e+002	2.754228703338166e+002
29	1.929447190516533e+002	1.949844599758046e+002
224	1.004295725781246e+002	1.023292992280754e+002
226	7.561954398572784e+001	7.585775750291836e+001
593	7.073008974916131e+001	7.079457843841381e+001
647	5.800132062695487e+001	5.888436553555890e+001
718	5.551732006927593e+001	5.623413251903491e+001
771	5.236929196516424e+001	5.248074602497726e+001
838	3.661660659354536e+001	3.715352290971726e+001
895	3.045803229559224e+001	3.090295432513591e+001
967	2.683932123130119e+001	2.691534803926916e+001
1312	2.504281149223169e+001	2.511886431509580e+001
1389	7.124142925180371e+000	7.244359600749901e+000
2140	6.227768578415659e+000	6.309573444801933e+000
2179	5.792970959166984e+000	5.888436553555890e+000
2200	3.527420036304330e+000	3.548133892335755e+000
2273	2.754455786022258e+000	2.818382931264454e+000
2382	2.465778024309236e+000	2.511886431509580e+000
2528	2.144925536799275e+000	2.187761623949553e+000
2745	1.691545834379958e+000	1.698243652461744e+000
2937	1.520694215940438e+000	1.548816618912481e+000
3079	1.303199446492438e+000	1.318256738556407e+000
3165	1.166661533289938e+000	1.174897554939530e+000
3385	1.118456751036438e+000	1.122018454301963e+000
3598	1.069811154048938e+000	1.071519305237606e+000
3731	1.022928948673938e+000	1.023292992280754e+000
3789	9.767772215974380e-001	9.772372209558107e-001
4082	9.495512326239997e-001	9.549925860214360e-001
4092	9.266655564180992e-001	9.332543007969910e-001
4130	9.050735838638565e-001	9.120108393559098e-001
4153	8.829093147646333e-001	8.912509381337456e-001
4190	8.582813420746571e-001	8.709635899560806e-001
4192	7.887541131886484e-001	7.943282347242815e-001
4293	7.669014573834391e-001	7.762471166286917e-001
4601	7.252515316769290e-001	7.413102413009175e-001
4611	7.184551355282042e-001	7.244359600749900e-001
4643	5.881997730617471e-001	5.888436553555889e-001
4907	5.014233030873803e-001	5.128613839913648e-001
4943	5.008822882594710e-001	5.011872336272722e-001
5003	4.520754944421366e-001	4.570881896148750e-001
5046	4.404325789753875e-001	4.466835921509632e-001
5069	3.615792393659915e-001	3.630780547701014e-001
5122	3.540355601596362e-001	3.548133892335755e-001
5170	3.416443393544436e-001	3.467368504525316e-001
5290	3.382327680122138e-001	3.388441561392026e-001
5317	2.927910180343674e-001	2.951209226666385e-001
5446	2.805670639942375e-001	2.818382931264454e-001
5468	2.360163756461422e-001	2.398832919019490e-001
5478	2.270807914579333e-001	2.290867652767773e-001
5631	2.230903216033159e-001	2.238721138568340e-001
5745	1.944526147131932e-001	1.949844599758046e-001
5796	1.874595757621141e-001	1.905460717963247e-001
5798	1.576820654934386e-001	1.584893192461113e-001
5809	1.545382239076675e-001	1.548816618912481e-001
5862	1.275389173886714e-001	1.288249551693134e-001
5921	1.256454012572231e-001	1.258925411794167e-001
5966	1.222133649545208e-001	1.230268770812382e-001
6086	1.187728015127916e-001	1.202264434617413e-001
6145	9.340796013896080e-002	9.549925860214359e-002
6173	9.261211613107856e-002	9.332543007969910e-002
6248	9.085738453843650e-002	9.120108393559097e-002
6347	8.571822900598525e-002	8.709635899560805e-002
6353	6.534510089229051e-002	6.606934480075961e-002
6370	6.444319942138754e-002	6.456542290346556e-002
6460	6.262332371274892e-002	6.309573444801933e-002
6496	6.152080910718261e-002	6.165950018614822e-002
6648	6.021218207242596e-002	6.025595860743578e-002
6695	4.989327531441923e-002	5.011872336272722e-002
6796	4.897605194969168e-002	4.897788193684461e-002
7016	4.786001858239353e-002	4.786300923226383e-002
7134	4.255046209765478e-002	4.265795188015926e-002
7363	3.390982254705544e-002	3.467368504525317e-002
7386	3.388179672728331e-002	3.388441561392026e-002
7428	3.029994435612671e-002	3.090295432513590e-002
7485	2.993491901003575e-002	3.019951720402016e-002
7741	2.951032647131147e-002	2.951209226666385e-002
7992	2.677484097295235e-002	2.691534803926915e-002
8042	2.528005249375309e-002	2.570395782768863e-002
8137	2.214346391797528e-002	2.238721138568340e-002
8416	2.187701620636595e-002	2.187761623949553e-002
8699	2.083431350477349e-002	2.089296130854040e-002
9303	1.928621675219278e-002	1.949844599758046e-002
9599	1.905056565423480e-002	1.905460717963247e-002
11157	1.862066743132429e-002	1.862087136662868e-002
15848	1.809414680452792e-002	1.819700858609984e-002
64747	1.768461254652587e-002	1.778279410038923e-002
149213	1.727208293091875e-002	1.737800828749376e-002
1000001	1.717172561480296e-002	1.737800828749376e-002
%
% index = 2091, name = bbob_f014_i03_d10__bbob_f021_i05_d10
% instance = 2, reference value = 9.375817791014280e-001
% function evaluation | indicator value | target hit
1	3.173475834588134e+004	3.235936569296281e+004
2	1.851066300116187e+003	1.862087136662868e+003
6	1.728669253800242e+002	1.737800828749376e+002
160	1.536777202394396e+002	1.548816618912481e+002
440	1.080066209579265e+002	1.096478196143185e+002
648	7.951358129198682e+001	8.128305161640991e+001
891	7.864154178001184e+001	7.943282347242814e+001
953	7.087168374621190e+001	7.244359600749903e+001
1036	5.360871904372638e+001	5.370317963702527e+001
1184	2.530339287420581e+001	2.570395782768863e+001
1539	2.148700829050607e+001	2.187761623949553e+001
1778	1.871664453519779e+001	1.905460717963247e+001
1803	1.772647915640119e+001	1.778279410038923e+001
1813	1.661814456784463e+001	1.698243652461744e+001
1922	1.001808868543380e+001	1.023292992280754e+001
2201	8.233425629644705e+000	8.317637711026711e+000
2281	3.933260230383697e+000	3.981071705534972e+000
2329	2.678256509826103e+000	2.691534803926916e+000
2411	2.059210561844928e+000	2.089296130854040e+000
2538	1.589496187737071e+000	1.621810097358930e+000
2858	1.191260489009928e+000	1.202264434617413e+000
3209	1.162357711399928e+000	1.174897554939530e+000
3250	1.018742191215428e+000	1.023292992280754e+000
3450	9.371866977123488e-001	9.549925860214360e-001
3898	9.129348248090056e-001	9.332543007969910e-001
3940	9.024080518597740e-001	9.120108393559098e-001
4015	8.760983712178170e-001	8.912509381337456e-001
4072	8.704748677784456e-001	8.709635899560806e-001
4113	8.058906884964996e-001	8.128305161640993e-001
4231	7.884110465965002e-001	7.943282347242815e-001
4505	5.664688155605815e-001	5.754399373371569e-001
4514	5.585050096259994e-001	5.623413251903491e-001
4533	5.491197982469993e-001	5.495408738576245e-001
4548	3.298838617965310e-001	3.311311214825911e-001
4627	3.029833687564727e-001	3.090295432513591e-001
4671	3.009853851454661e-001	3.019951720402016e-001
4795	2.920233032353095e-001	2.951209226666385e-001
4871	2.823947581133254e-001	2.884031503126606e-001
4973	2.818305731126356e-001	2.818382931264454e-001
5194	2.606023880809779e-001	2.630267991895382e-001
5279	2.557082367992172e-001	2.570395782768864e-001
5284	2.506718830235827e-001	2.511886431509580e-001
5335	2.238986762070296e-001	2.290867652767773e-001
5384	2.227926249384883e-001	2.238721138568340e-001
5456	2.186229033568615e-001	2.187761623949552e-001
5470	1.375155768871035e-001	1.380384264602885e-001
5581	1.277316459200781e-001	1.288249551693134e-001
5761	1.255812719631765e-001	1.258925411794167e-001
5792	1.230077227377919e-001	1.230268770812382e-001
5817	9.522951246565470e-002	9.549925860214359e-002
5879	9.312739090031974e-002	9.332543007969910e-002
5971	9.020793505179403e-002	9.120108393559097e-002
6039	8.900739925008383e-002	8.912509381337455e-002
6073	8.530959108443081e-002	8.709635899560805e-002
6088	8.511316502702504e-002	8.511380382023763e-002
6138	6.444533397566599e-002	6.456542290346556e-002
6188	6.244843309141834e-002	6.309573444801933e-002
6211	6.153965355028812e-002	6.165950018614822e-002
6282	5.999153220455800e-002	6.025595860743578e-002
6342	5.865540116297474e-002	5.888436553555890e-002
6418	5.740490585861957e-002	5.754399373371569e-002
6449	5.488415813743353e-002	5.495408738576246e-002
6457	5.366449198403844e-002	5.370317963702527e-002
6525	5.148296442278388e-002	5.248074602497726e-002
6582	5.082364660752059e-002	5.128613839913648e-002
6660	4.986022343842889e-002	5.011872336272722e-002
6771	4.826749372974337e-002	4.897788193684461e-002
6798	4.780991549530167e-002	4.786300923226383e-002
6873	4.634020626383972e-002	4.677351412871982e-002
7018	4.563452931113632e-002	4.570881896148749e-002
7134	4.460636958706343e-002	4.466835921509630e-002
7300	4.356829218026226e-002	4.365158322401658e-002
7365	3.957331243845919e-002	3.981071705534973e-002
7416	3.861501884614960e-002	3.890451449942807e-002
7492	3.588561613246066e-002	3.630780547701014e-002
7567	3.546118099357931e-002	3.548133892335755e-002
7611	3.444119208884644e-002	3.467368504525317e-002
7664	3.375460202012781e-002	3.388441561392026e-002
7849	3.304614744623224e-002	3.311311214825911e-002
7869	3.235538975702945e-002	3.235936569296283e-002
8049	3.141318593740061e-002	3.162277660168379e-002
8087	3.070340149628881e-002	3.090295432513590e-002
8299	2.988379471752034e-002	3.019951720402016e-002
8386	2.943995945208089e-002	2.951209226666385e-002
8485	2.860788214637433e-002	2.884031503126606e-002
8597	2.811812619967924e-002	2.818382931264454e-002
8760	2.730941846983392e-002	2.754228703338166e-002
8971	2.691481990194466e-002	2.691534803926915e-002
9352	2.626573596136994e-002	2.630267991895382e-002
9482	2.569254661437026e-002	2.570395782768863e-002
9759	2.509676956715923e-002	2.511886431509579e-002
9964	2.454050037151145e-002	2.454708915685030e-002
10251	2.383641431002925e-002	2.398832919019490e-002
10515	2.344209911215778e-002	2.344228815319923e-002
10956	2.290260739026329e-002	2.290867652767774e-002
11162	2.234422550841642e-002	2.238721138568340e-002
11352	2.182683167213873e-002	2.187761623949553e-002
11559	2.127338208272167e-002	2.137962089502233e-002
11816	2.087930701753582e-002	2.089296130854040e-002
12233	2.032911872569276e-002	2.041737944669530e-002
12540	1.992213520809305e-002	1.995262314968880e-002
12914	1.949599329779550e-002	1.949844599758046e-002
13008	1.869854730948350e-002	1.905460717963247e-002
13050	1.859675804201344e-002	1.862087136662868e-002
13181	1.809037320782503e-002	1.819700858609984e-002
13599	1.767538081985165e-002	1.778279410038923e-002
13660	1.712155184287001e-002	1.737800828749376e-002
13897	1.696585074171586e-002	1.698243652461744e-002
14485	1.657956424668627e-002	1.659586907437561e-002
14973	1.620092256053973e-002	1.621810097358930e-002
15439	1.557631302087104e-002	1.584893192461113e-002
15698	1.548249442406791e-002	1.548816618912481e-002
16157	1.512869479411549e-002	1.513561248436208e-002
16748	1.478679923375059e-002	1.479108388168207e-002
17779	1.443157733805123e-002	1.445439770745927e-002
18667	1.411900855543158e-002	1.412537544622754e-002
19471	1.372627041480290e-002	1.380384264602885e-002
20686	1.348262491305829e-002	1.348962882591653e-002
22645	1.303531539574221e-002	1.318256738556408e-002
22909	1.242864186124026e-002	1.258925411794168e-002
23686	1.230224563047822e-002	1.230268770812382e-002
24228	1.173688289971619e-002	1.174897554939530e-002
26427	1.148146389354066e-002	1.148153621496883e-002
30189	1.121893606564461e-002	1.122018454301964e-002
32298	1.091489347321839e-002	1.096478196143185e-002
32723	1.060315621398711e-002	1.071519305237607e-002
35274	1.047126820399003e-002	1.047128548050900e-002
42985	1.023255441657778e-002	1.023292992280754e-002
55897	9.988072155879824e-003	1.000000000000000e-002
74141	9.772329168947325e-003	9.772372209558112e-003
108495	9.496844369182966e-003	9.549925860214359e-003
154738	9.267452175175328e-003	9.332543007969915e-003
250778	9.120071975804334e-003	9.120108393559097e-003
1000001	8.953541776938856e-003	9.120108393559097e-003
%
% index = 2092, name = bbob_f014_i07_d10__bbob_f021_i08_d10
% instance = 3, reference value = 9.390366464315620e-001
% function evaluation | indicator value | target hit
1	7.560757290712776e+003	7.585775750291836e+003
2	6.548562555150445e+003	6.606934480075958e+003
4	3.654492819002621e+003	3.715352290971724e+003
5	3.123247623055305e+003	3.162277660168380e+003
6	2.479758684359423e+002	2.511886431509580e+002
160	1.642113137047336e+002	1.659586907437561e+002
253	1.164260407873573e+002	1.174897554939529e+002
709	9.730187272232237e+001	9.772372209558107e+001
776	8.923556472538337e+001	9.120108393559097e+001
779	8.746248974118528e+001	8.912509381337455e+001
805	7.892474488290506e+001	7.943282347242814e+001
938	1.895787887303420e+001	1.905460717963247e+001
1740	1.153408018451353e+001	1.174897554939530e+001
1809	1.133662323728205e+001	1.148153621496883e+001
1908	8.804546927890774e+000	8.912509381337454e+000
2115	3.487127977731065e+000	3.548133892335755e+000
2207	2.040019908144111e+000	2.041737944669529e+000
2528	1.947553641414792e+000	1.949844599758045e+000
2538	1.431842385022502e+000	1.445439770745927e+000
3000	1.350068097789446e+000	1.380384264602885e+000
3007	1.325210757311581e+000	1.348962882591654e+000
3013	1.277180081421062e+000	1.288249551693134e+000
3089	1.190773697347062e+000	1.202264434617413e+000
3116	1.069752533355562e+000	1.071519305237606e+000
3416	9.815982590130621e-001	1.000000000000000e+000
3556	9.756121300190621e-001	9.772372209558107e-001
3594	9.355478024722171e-001	9.549925860214360e-001
3625	8.610367277898164e-001	8.709635899560806e-001
3872	7.978371173008839e-001	8.128305161640993e-001
3973	7.747371181843127e-001	7.762471166286917e-001
4002	7.411844528624165e-001	7.413102413009175e-001
4161	7.073188321745754e-001	7.079457843841379e-001
4168	6.173549259443442e-001	6.309573444801933e-001
4170	5.664300697650093e-001	5.754399373371569e-001
4295	5.466461911099076e-001	5.495408738576245e-001
4380	5.313714250279370e-001	5.370317963702527e-001
4427	4.759688019762247e-001	4.786300923226383e-001
4470	3.994669688630844e-001	4.073802778041127e-001
4556	3.959887559130660e-001	3.981071705534973e-001
4652	3.836203397604637e-001	3.890451449942806e-001
4657	3.423856640140925e-001	3.467368504525316e-001
4795	3.140124766847665e-001	3.162277660168379e-001
4985	2.954693550857974e-001	3.019951720402016e-001
5129	2.944978131621839e-001	2.951209226666385e-001
5335	2.768760074913323e-001	2.818382931264454e-001
5410	2.717859961303084e-001	2.754228703338166e-001
5466	2.686543857264910e-001	2.691534803926916e-001
5491	2.612603385820129e-001	2.630267991895382e-001
5505	2.556832674805624e-001	2.570395782768864e-001
5565	2.459922111343882e-001	2.511886431509580e-001
5590	2.442127441039088e-001	2.454708915685031e-001
5662	2.348063632580045e-001	2.398832919019490e-001
5690	2.028560070794370e-001	2.041737944669530e-001
5733	1.936201470589662e-001	1.949844599758046e-001
5763	1.904721266357281e-001	1.905460717963247e-001
5839	1.797406072954290e-001	1.819700858609984e-001
5880	1.751851331116288e-001	1.778279410038923e-001
5948	1.620557924279196e-001	1.621810097358930e-001
6137	1.573755943843965e-001	1.584893192461113e-001
6219	1.507352505716482e-001	1.513561248436208e-001
6408	1.445490728911000e-001	1.479108388168208e-001
6440	1.423819735721104e-001	1.445439770745928e-001
6515	1.343193966322909e-001	1.348962882591654e-001
6517	1.257836738340660e-001	1.258925411794167e-001
6574	1.228314338803757e-001	1.230268770812382e-001
6686	1.189506779879685e-001	1.202264434617413e-001
6745	1.173546300632032e-001	1.174897554939529e-001
6871	1.130553251446431e-001	1.148153621496883e-001
6888	1.120650168880143e-001	1.122018454301964e-001
6931	1.082842039821579e-001	1.096478196143185e-001
6986	1.070717727247912e-001	1.071519305237607e-001
6995	8.598031167032794e-002	8.709635899560805e-002
7003	8.485494192142229e-002	8.511380382023763e-002
7103	8.247737430501834e-002	8.317637711026708e-002
7132	8.014988460078221e-002	8.128305161640990e-002
7188	7.897588406844680e-002	7.943282347242814e-002
7319	7.761588619477255e-002	7.762471166286916e-002
7363	7.548705296941427e-002	7.585775750291836e-002
7411	7.381114280027790e-002	7.413102413009177e-002
7470	7.028664240951033e-002	7.079457843841380e-002
7505	6.914588576048120e-002	6.918309709189366e-002
7540	6.750542588326025e-002	6.760829753919818e-002
7575	6.586704405769162e-002	6.606934480075961e-002
7634	5.123486124218757e-002	5.128613839913648e-002
7656	5.002860298483214e-002	5.011872336272722e-002
7710	4.762717892393276e-002	4.786300923226383e-002
7830	4.674372631139456e-002	4.677351412871982e-002
7850	4.483075274732584e-002	4.570881896148749e-002
7859	4.466127290684785e-002	4.466835921509630e-002
7884	4.343804512526106e-002	4.365158322401658e-002
7911	4.137542242472292e-002	4.168693834703355e-002
7929	4.004144853148173e-002	4.073802778041128e-002
7954	3.980618524323010e-002	3.981071705534973e-002
7993	3.890024557118155e-002	3.890451449942807e-002
8087	3.773587298234582e-002	3.801893963205612e-002
8128	3.707614520633540e-002	3.715352290971726e-002
8156	3.623052426948459e-002	3.630780547701014e-002
8203	3.544132781833520e-002	3.548133892335755e-002
8299	3.465923201321908e-002	3.467368504525317e-002
8360	3.369911145912496e-002	3.388441561392026e-002
8413	3.308786676048681e-002	3.311311214825911e-002
8519	3.235705013400581e-002	3.235936569296283e-002
8640	3.160491100458152e-002	3.162277660168379e-002
8717	3.070945358024768e-002	3.090295432513590e-002
8758	3.010622915457495e-002	3.019951720402016e-002
8833	2.948531035256363e-002	2.951209226666385e-002
8924	2.875991815789936e-002	2.884031503126606e-002
9036	2.816679797563249e-002	2.818382931264454e-002
9167	2.749451241054512e-002	2.754228703338166e-002
9302	2.690723958103014e-002	2.691534803926915e-002
9461	2.623145084740275e-002	2.630267991895382e-002
9669	2.564499788623131e-002	2.570395782768863e-002
9761	2.509745018703924e-002	2.511886431509579e-002
9913	2.454046630056717e-002	2.454708915685030e-002
10054	2.397207847810878e-002	2.398832919019490e-002
10256	2.344000598058760e-002	2.344228815319923e-002
10426	2.290776538454920e-002	2.290867652767774e-002
10653	2.236672975259579e-002	2.238721138568340e-002
10872	2.187743969716416e-002	2.187761623949553e-002
11198	2.137945215534887e-002	2.137962089502233e-002
11262	2.030399840177022e-002	2.041737944669530e-002
11395	1.969807527480438e-002	1.995262314968880e-002
11565	1.949752490761214e-002	1.949844599758046e-002
11938	1.903807713951866e-002	1.905460717963247e-002
12198	1.857549832810002e-002	1.862087136662868e-002
12455	1.811859080849221e-002	1.819700858609984e-002
12793	1.778229548000687e-002	1.778279410038923e-002
13550	1.737723045755546e-002	1.737800828749376e-002
13850	1.674221993347358e-002	1.698243652461744e-002
14100	1.431896788180720e-002	1.445439770745927e-002
14280	1.412440746526300e-002	1.412537544622754e-002
14845	1.380339385880969e-002	1.380384264602885e-002
16208	1.348874875962391e-002	1.348962882591653e-002
16431	1.318225718669175e-002	1.318256738556408e-002
16728	1.259115999374283e-002	1.288249551693134e-002
16739	1.258913458085986e-002	1.258925411794168e-002
18146	1.213718525036911e-002	1.230268770812382e-002
18490	1.178316858524864e-002	1.202264434617413e-002
18757	1.173388037073353e-002	1.174897554939530e-002
20185	1.148096353887318e-002	1.148153621496883e-002
21459	1.119574737826545e-002	1.122018454301964e-002
24167	1.082406565338312e-002	1.096478196143185e-002
25793	1.069225961195652e-002	1.071519305237607e-002
28672	1.036334955945684e-002	1.047128548050900e-002
33992	1.023288134540501e-002	1.023292992280754e-002
46476	9.999987400851396e-003	1.000000000000000e-002
81750	9.756960143754601e-003	9.772372209558112e-003
201647	9.549925121369318e-003	9.549925860214359e-003
1000001	9.420671043678275e-003	9.549925860214359e-003
%
% index = 2093, name = bbob_f014_i09_d10__bbob_f021_i10_d10
% instance = 4, reference value = 9.325744034523050e-001
% function evaluation | indicator value | target hit
1	1.781146215982473e+004	1.819700858609983e+004
2	8.877524470996916e+003	8.912509381337459e+003
4	7.042736350326017e+003	7.079457843841380e+003
5	6.165729753403888e+003	6.165950018614823e+003
6	5.348229414923485e+002	5.370317963702527e+002
22	2.457868691950989e+002	2.511886431509580e+002
37	1.520202425862812e+002	1.548816618912481e+002
146	1.043079712604947e+002	1.047128548050900e+002
237	7.138770593181225e+001	7.244359600749903e+001
412	6.678314282969926e+001	6.760829753919819e+001
483	5.651501267498819e+001	5.754399373371570e+001
679	3.169414847702194e+001	3.235936569296283e+001
770	3.002516586390344e+001	3.019951720402016e+001
1025	2.398148025456497e+001	2.398832919019490e+001
1072	2.050651642893849e+001	2.089296130854040e+001
1177	1.037613801981281e+001	1.047128548050900e+001
1415	9.176163473021623e+000	9.332543007969910e+000
1484	6.573725403315080e+000	6.606934480075959e+000
1502	6.099893046313968e+000	6.165950018614822e+000
1734	4.224554399557689e+000	4.265795188015927e+000
1745	3.656616301110963e+000	3.715352290971725e+000
2043	3.414532022098569e+000	3.467368504525317e+000
2044	3.092179148792476e+000	3.162277660168379e+000
2249	2.675705818665943e+000	2.691534803926916e+000
2263	2.038351708713694e+000	2.041737944669529e+000
2380	1.832507928096027e+000	1.862087136662868e+000
2471	1.814963161889687e+000	1.819700858609983e+000
2569	1.156122191675305e+000	1.174897554939530e+000
2782	1.112969346277305e+000	1.122018454301963e+000
2901	1.050195970863305e+000	1.071519305237606e+000
3143	1.044225548452805e+000	1.047128548050900e+000
3215	9.869396363138051e-001	1.000000000000000e+000
3312	9.574457353353051e-001	9.772372209558107e-001
3337	9.076132711523619e-001	9.120108393559098e-001
3514	8.750398511698680e-001	8.912509381337456e-001
3574	7.514318501994750e-001	7.585775750291838e-001
3779	7.094607737946426e-001	7.244359600749900e-001
3895	7.064648763766924e-001	7.079457843841379e-001
4040	6.860349376227585e-001	6.918309709189364e-001
4080	5.661828261228379e-001	5.754399373371569e-001
4127	5.331939147934832e-001	5.370317963702527e-001
4151	5.159135823282589e-001	5.248074602497725e-001
4391	5.086811747111253e-001	5.128613839913648e-001
4409	4.852969821433973e-001	4.897788193684462e-001
4424	4.710353355010823e-001	4.786300923226383e-001
4544	4.630848014165367e-001	4.677351412871982e-001
4587	4.411838907208386e-001	4.466835921509632e-001
4708	4.341307473062876e-001	4.365158322401660e-001
4822	4.227238769843015e-001	4.265795188015927e-001
5018	4.109169407778891e-001	4.168693834703354e-001
5037	3.336287529721479e-001	3.388441561392026e-001
5039	3.191740424927920e-001	3.235936569296283e-001
5060	2.725457659769347e-001	2.754228703338166e-001
5086	2.627044103398131e-001	2.630267991895382e-001
5285	2.541790451143231e-001	2.570395782768864e-001
5448	2.511733949409618e-001	2.511886431509580e-001
5532	2.376183582954334e-001	2.398832919019490e-001
5572	2.303743946270443e-001	2.344228815319922e-001
5624	2.288949173135341e-001	2.290867652767773e-001
5885	2.236226054513308e-001	2.238721138568340e-001
5900	2.151532655347571e-001	2.187761623949552e-001
5907	2.136740194907606e-001	2.137962089502232e-001
6015	2.019332228701684e-001	2.041737944669530e-001
6145	1.683805371874768e-001	1.698243652461744e-001
6233	1.659468832543740e-001	1.659586907437561e-001
6272	1.616089191043639e-001	1.621810097358930e-001
6460	1.562381398692164e-001	1.584893192461113e-001
6672	1.546630301372957e-001	1.548816618912481e-001
6823	1.479711851474065e-001	1.513561248436208e-001
6870	1.477962054256488e-001	1.479108388168208e-001
7214	1.426538545941848e-001	1.445439770745928e-001
7287	1.406617611774172e-001	1.412537544622755e-001
7424	1.354248491623441e-001	1.380384264602885e-001
7537	1.348942027162852e-001	1.348962882591654e-001
7711	1.317008428429650e-001	1.318256738556407e-001
8053	1.284032085755188e-001	1.288249551693134e-001
8266	1.249059569289815e-001	1.258925411794167e-001
8466	1.191450279571856e-001	1.202264434617413e-001
9031	1.174691709511440e-001	1.174897554939529e-001
9551	1.148074601146615e-001	1.148153621496883e-001
9699	1.120890845826172e-001	1.122018454301964e-001
9977	1.090179322136283e-001	1.096478196143185e-001
10113	1.064956253141679e-001	1.071519305237607e-001
10546	1.045222968234368e-001	1.047128548050900e-001
10834	1.001736023640339e-001	1.023292992280754e-001
11064	9.999011880397912e-002	1.000000000000000e-001
11231	9.696806627732779e-002	9.772372209558107e-002
12025	9.249087481444929e-002	9.332543007969910e-002
12324	9.059253523099276e-002	9.120108393559097e-002
12408	8.912406955206464e-002	8.912509381337455e-002
12480	8.687757989546341e-002	8.709635899560805e-002
12811	8.497970364901775e-002	8.511380382023763e-002
13244	8.137068102306289e-002	8.317637711026708e-002
13271	8.127940079678797e-002	8.128305161640990e-002
13442	7.939042039595401e-002	7.943282347242814e-002
13801	7.762145101085649e-002	7.762471166286916e-002
13947	7.574534982835868e-002	7.585775750291836e-002
14488	7.144408913429767e-002	7.244359600749903e-002
14509	7.051215660701804e-002	7.079457843841380e-002
14963	6.900570392560645e-002	6.918309709189366e-002
15471	6.738826336015236e-002	6.760829753919818e-002
16184	6.583922444403167e-002	6.606934480075961e-002
16789	6.401773620909090e-002	6.456542290346556e-002
17184	6.301051589178575e-002	6.309573444801933e-002
17931	6.133184445449047e-002	6.165950018614822e-002
18174	5.960837825488652e-002	6.025595860743578e-002
18263	5.882036947744362e-002	5.888436553555890e-002
18685	5.752442938411639e-002	5.754399373371569e-002
19662	5.614856343167074e-002	5.623413251903491e-002
20036	5.495293328524786e-002	5.495408738576246e-002
20998	5.367932208372639e-002	5.370317963702527e-002
21348	4.884896541850614e-002	4.897788193684461e-002
21825	4.762334095862320e-002	4.786300923226383e-002
22013	4.352806947340648e-002	4.365158322401658e-002
22445	4.259152099842223e-002	4.265795188015926e-002
23584	4.019537467917445e-002	4.073802778041128e-002
24341	3.931117475045787e-002	3.981071705534973e-002
25030	3.881289726488602e-002	3.890451449942807e-002
25906	3.801893049513061e-002	3.801893963205612e-002
26958	3.711609684138340e-002	3.715352290971726e-002
29397	3.628823060950437e-002	3.630780547701014e-002
32951	3.548064718648913e-002	3.548133892335755e-002
36872	3.462263461743909e-002	3.467368504525317e-002
38451	3.387988185793955e-002	3.388441561392026e-002
39751	3.282309825891028e-002	3.311311214825911e-002
40813	3.228338235771167e-002	3.235936569296283e-002
42198	3.140164328547912e-002	3.162277660168379e-002
43211	3.089648618767971e-002	3.090295432513590e-002
44234	3.019556162896198e-002	3.019951720402016e-002
45228	2.941930521045355e-002	2.951209226666385e-002
46122	2.851825722997647e-002	2.884031503126606e-002
47165	2.815121770761653e-002	2.818382931264454e-002
48048	2.751875174084861e-002	2.754228703338166e-002
48592	2.690601047097452e-002	2.691534803926915e-002
50403	2.625298356278549e-002	2.630267991895382e-002
51338	2.567664479074949e-002	2.570395782768863e-002
53448	2.486766387992301e-002	2.511886431509579e-002
54330	2.435383685919512e-002	2.454708915685030e-002
55283	2.394876109663213e-002	2.398832919019490e-002
56294	2.344066324801875e-002	2.344228815319923e-002
58527	2.290525994865877e-002	2.290867652767774e-002
61251	2.238542524921849e-002	2.238721138568340e-002
66407	2.187753980864116e-002	2.187761623949553e-002
68481	2.120852145547925e-002	2.137962089502233e-002
70188	2.089272470138004e-002	2.089296130854040e-002
83188	2.041692522010197e-002	2.041737944669530e-002
105527	1.979935676791766e-002	1.995262314968880e-002
108399	1.907927314943225e-002	1.949844599758046e-002
110815	1.899000682646057e-002	1.905460717963247e-002
120139	1.851824570746896e-002	1.862087136662868e-002
121854	1.811733060828447e-002	1.819700858609984e-002
128729	1.769176868007061e-002	1.778279410038923e-002
131060	1.734725848553886e-002	1.737800828749376e-002
137069	1.698065104605795e-002	1.698243652461744e-002
159753	1.659017133660268e-002	1.659586907437561e-002
285619	1.621807116596585e-002	1.621810097358930e-002
1000001	1.604376198293678e-002	1.621810097358930e-002
%
% index = 2094, name = bbob_f014_i11_d10__bbob_f021_i12_d10
% instance = 5, reference value = 8.754831607788960e-001
% function evaluation | indicator value | target hit
1	6.069653227605724e+003	6.165950018614823e+003
5	1.432647139521826e+003	1.445439770745928e+003
6	2.018578580927621e+002	2.041737944669530e+002
474	1.816824733887745e+002	1.819700858609982e+002
497	1.257736461012031e+002	1.258925411794168e+002
700	1.195070332655703e+002	1.202264434617413e+002
739	1.163618746991050e+002	1.174897554939529e+002
807	8.452293566447663e+001	8.511380382023764e+001
908	6.864279203279104e+001	6.918309709189366e+001
958	3.803802002473274e+001	3.890451449942807e+001
1065	2.870098973453552e+001	2.884031503126606e+001
1485	2.217159209189594e+001	2.238721138568340e+001
1492	2.032526671749700e+001	2.041737944669530e+001
1565	1.874790979720457e+001	1.905460717963247e+001
1741	1.644841318638854e+001	1.659586907437561e+001
1784	1.315346669604843e+001	1.318256738556407e+001
1797	1.159726694110905e+001	1.174897554939530e+001
1883	1.026995264288541e+001	1.047128548050900e+001
1989	7.640356618980349e+000	7.762471166286917e+000
1997	6.349260996576358e+000	6.456542290346556e+000
2018	6.257636714614231e+000	6.309573444801933e+000
2135	6.041130375896427e+000	6.165950018614822e+000
2169	3.192676470417616e+000	3.235936569296283e+000
2333	2.856572961297305e+000	2.884031503126606e+000
2371	2.666563309313714e+000	2.691534803926916e+000
2481	2.435066997570247e+000	2.454708915685031e+000
2492	1.260068252234093e+000	1.288249551693134e+000
2521	1.004771343034896e+000	1.023292992280754e+000
3378	9.452306084313960e-001	9.549925860214360e-001
3379	8.822265194433960e-001	8.912509381337456e-001
3551	8.289520880939907e-001	8.317637711026710e-001
4103	8.119769234864478e-001	8.128305161640993e-001
4156	7.843103820863691e-001	7.943282347242815e-001
4189	7.756791957661378e-001	7.762471166286917e-001
4280	7.461099601302286e-001	7.585775750291838e-001
4285	7.236510873880598e-001	7.244359600749900e-001
4322	6.736698907114599e-001	6.760829753919818e-001
4422	6.053788670224097e-001	6.165950018614822e-001
4440	5.861617686091570e-001	5.888436553555889e-001
4467	5.741734649982266e-001	5.754399373371569e-001
4553	5.431793187952028e-001	5.495408738576245e-001
4700	5.348879367675149e-001	5.370317963702527e-001
4774	5.086412399717883e-001	5.128613839913648e-001
4951	4.995865393442816e-001	5.011872336272722e-001
5060	4.572671784761785e-001	4.677351412871982e-001
5068	4.570440375703447e-001	4.570881896148750e-001
5183	4.310981786822907e-001	4.365158322401660e-001
5234	4.263970932855398e-001	4.265795188015927e-001
5449	4.135265667547696e-001	4.168693834703354e-001
5495	4.064424530167412e-001	4.073802778041127e-001
5600	3.889757189383977e-001	3.890451449942806e-001
5643	3.777418746475093e-001	3.801893963205612e-001
5717	3.698251491560237e-001	3.715352290971726e-001
5765	3.601216881829209e-001	3.630780547701014e-001
5858	3.540151126317206e-001	3.548133892335755e-001
5909	3.446463464033193e-001	3.467368504525316e-001
5998	3.365883859423228e-001	3.388441561392026e-001
6015	3.106423448114891e-001	3.162277660168379e-001
6019	3.065957410961150e-001	3.090295432513591e-001
6098	3.004840508723377e-001	3.019951720402016e-001
6180	2.944376915282224e-001	2.951209226666385e-001
6264	2.843327992213627e-001	2.884031503126606e-001
6394	2.810237871064799e-001	2.818382931264454e-001
6490	2.748708342816832e-001	2.754228703338166e-001
6630	2.678252128117351e-001	2.691534803926916e-001
6642	2.544034989105165e-001	2.570395782768864e-001
6744	2.511565691722552e-001	2.511886431509580e-001
6812	2.358974587079525e-001	2.398832919019490e-001
6888	2.333607782305023e-001	2.344228815319922e-001
6891	2.230674887839979e-001	2.238721138568340e-001
7042	2.174347903575037e-001	2.187761623949552e-001
7080	2.135589235826910e-001	2.137962089502232e-001
7119	1.966409050016647e-001	1.995262314968880e-001
7154	1.948004135233026e-001	1.949844599758046e-001
7213	1.853729641058346e-001	1.862087136662868e-001
7280	1.819061993048921e-001	1.819700858609984e-001
7438	1.736153388025404e-001	1.737800828749375e-001
7573	1.647727052718093e-001	1.659586907437561e-001
7762	1.617872040165547e-001	1.621810097358930e-001
7863	1.580134892845918e-001	1.584893192461113e-001
8079	1.547934703004611e-001	1.548816618912481e-001
8146	1.512465321792302e-001	1.513561248436208e-001
8212	1.431710124969305e-001	1.445439770745928e-001
8280	1.408569669515735e-001	1.412537544622755e-001
8466	1.371997402261426e-001	1.380384264602885e-001
8563	1.336163556409675e-001	1.348962882591654e-001
8770	1.314900493451184e-001	1.318256738556407e-001
9027	1.282397599454974e-001	1.288249551693134e-001
9060	1.218695622975878e-001	1.230268770812382e-001
9185	1.201956778591475e-001	1.202264434617413e-001
9322	1.173803973891315e-001	1.174897554939529e-001
9723	1.147365753138411e-001	1.148153621496883e-001
9946	1.119920282602032e-001	1.122018454301964e-001
10183	1.070145647317440e-001	1.071519305237607e-001
10545	1.043071667691730e-001	1.047128548050900e-001
10619	1.000432539234168e-001	1.023292992280754e-001
10634	9.993079852557973e-002	1.000000000000000e-001
11093	9.771832634585342e-002	9.772372209558107e-002
11418	9.512956880831169e-002	9.549925860214359e-002
11816	9.287333218952942e-002	9.332543007969910e-002
11831	9.119486886080397e-002	9.120108393559097e-002
12224	8.910809498921812e-002	8.912509381337455e-002
12722	8.702801221048939e-002	8.709635899560805e-002
13718	8.510934962065375e-002	8.511380382023763e-002
14589	8.316730176010423e-002	8.317637711026708e-002
16122	8.125651764604358e-002	8.128305161640990e-002
17438	7.943274795649269e-002	7.943282347242814e-002
19457	7.762033217827569e-002	7.762471166286916e-002
21815	7.585651985793485e-002	7.585775750291836e-002
28025	7.412865121087475e-002	7.413102413009177e-002
44133	7.244208542117747e-002	7.244359600749903e-002
114090	7.079453643879652e-002	7.079457843841380e-002
1000001	7.017331986810982e-002	7.079457843841380e-002
%
% index = 2095, name = bbob_f014_i13_d10__bbob_f021_i14_d10
% instance = 6, reference value = 9.741094988079290e-001
% function evaluation | indicator value | target hit
1	1.138724237471139e+003	1.148153621496883e+003
2	5.205773894501427e+002	5.248074602497728e+002
6	7.998401969710713e+001	8.128305161640991e+001
373	7.513745054185694e+001	7.585775750291836e+001
568	6.532938251370776e+001	6.606934480075961e+001
616	4.463118572826147e+001	4.466835921509630e+001
661	2.437231691649329e+001	2.454708915685030e+001
792	1.786477429734056e+001	1.819700858609983e+001
971	1.502841003122078e+001	1.513561248436208e+001
1254	1.339321565970587e+001	1.348962882591653e+001
1304	9.312463477739586e+000	9.332543007969910e+000
1569	8.270102212717388e+000	8.317637711026711e+000
1652	5.879965294603954e+000	5.888436553555890e+000
1745	5.017785265070301e+000	5.128613839913649e+000
1773	4.939871870000754e+000	5.011872336272722e+000
1831	3.460653194154904e+000	3.467368504525317e+000
2074	2.853330067439241e+000	2.884031503126606e+000
2156	1.861430251147643e+000	1.862087136662868e+000
2472	1.804419200511306e+000	1.819700858609983e+000
2533	1.615853929488794e+000	1.621810097358930e+000
2669	1.573611386628929e+000	1.584893192461114e+000
2908	1.327806673240826e+000	1.348962882591654e+000
2947	1.249207610200028e+000	1.258925411794167e+000
2950	1.181152201110929e+000	1.202264434617413e+000
3093	1.134599542509595e+000	1.148153621496883e+000
3094	9.727187701686803e-001	9.772372209558107e-001
3604	9.523087030363521e-001	9.549925860214360e-001
3734	8.783808444461959e-001	8.912509381337456e-001
3746	8.581944098735744e-001	8.709635899560806e-001
3758	8.051910614975648e-001	8.128305161640993e-001
4088	7.938000376641983e-001	7.943282347242815e-001
4115	6.695791447047821e-001	6.760829753919818e-001
4388	5.087159049869409e-001	5.128613839913648e-001
4406	4.939800002146541e-001	5.011872336272722e-001
4712	4.031920999868821e-001	4.073802778041127e-001
4960	3.963155823245871e-001	3.981071705534973e-001
5082	3.848024244086656e-001	3.890451449942806e-001
5277	3.794283402082512e-001	3.801893963205612e-001
5365	3.519417078790108e-001	3.548133892335755e-001
5406	2.841816911674088e-001	2.884031503126606e-001
5610	2.693714267819968e-001	2.754228703338166e-001
5709	2.688393325694015e-001	2.691534803926916e-001
5817	2.156689058713937e-001	2.187761623949552e-001
5933	1.806120190891255e-001	1.819700858609984e-001
6060	1.778127989147705e-001	1.778279410038923e-001
6169	1.730647774877807e-001	1.737800828749375e-001
6220	1.622759323863685e-001	1.659586907437561e-001
6227	1.478385000637624e-001	1.479108388168208e-001
6356	1.341976091451798e-001	1.348962882591654e-001
6440	1.315652320658386e-001	1.318256738556407e-001
6473	1.211350740701811e-001	1.230268770812382e-001
6509	1.116782315824511e-001	1.122018454301964e-001
6616	9.141015330254898e-002	9.332543007969910e-002
6636	9.117921613553337e-002	9.120108393559097e-002
6914	8.911074607058833e-002	8.912509381337455e-002
7129	8.019953683733105e-002	8.128305161640990e-002
7267	7.916273429890819e-002	7.943282347242814e-002
7443	6.624144077359251e-002	6.760829753919818e-002
7499	6.598572218552989e-002	6.606934480075961e-002
7738	6.015711071439645e-002	6.025595860743578e-002
8106	4.855569157750506e-002	4.897788193684461e-002
8156	4.132005784522896e-002	4.168693834703355e-002
8354	4.073529644480745e-002	4.073802778041128e-002
8775	3.959359608723945e-002	3.981071705534973e-002
8974	2.994741623325836e-002	3.019951720402016e-002
9392	2.748656284303208e-002	2.754228703338166e-002
9691	2.280823645951757e-002	2.290867652767774e-002
10351	2.238274259173367e-002	2.238721138568340e-002
11531	2.187616685312999e-002	2.187761623949553e-002
13226	2.075371368368983e-002	2.089296130854040e-002
14234	2.020763650261759e-002	2.041737944669530e-002
18995	1.993348949731721e-002	1.995262314968880e-002
26826	1.939685288173165e-002	1.949844599758046e-002
204874	1.904192959427375e-002	1.905460717963247e-002
1000001	1.868285554270455e-002	1.905460717963247e-002
%
% index = 2096, name = bbob_f014_i15_d10__bbob_f021_i16_d10
% instance = 7, reference value = 9.605821999254760e-001
% function evaluation | indicator value | target hit
1	2.030690941628998e+004	2.041737944669528e+004
2	3.596764636207359e+002	3.630780547701014e+002
10	2.957415672696365e+002	3.019951720402016e+002
29	2.678912089599094e+002	2.691534803926917e+002
146	1.702241375758638e+002	1.737800828749376e+002
207	6.966379369171413e+001	7.079457843841381e+001
237	2.605262919370236e+001	2.630267991895381e+001
873	1.852395280680487e+001	1.862087136662868e+001
1072	1.604181990954307e+001	1.621810097358930e+001
1126	8.225915499552215e+000	8.317637711026711e+000
1455	6.984254151427575e+000	7.079457843841379e+000
1604	5.503307833797548e+000	5.623413251903491e+000
1824	3.273876245831230e+000	3.311311214825911e+000
2061	3.190888319211911e+000	3.235936569296283e+000
2114	2.094778027186341e+000	2.137962089502232e+000
2261	1.515338777862976e+000	1.548816618912481e+000
2267	1.497843836798581e+000	1.513561248436208e+000
2541	1.463646084448976e+000	1.479108388168207e+000
2572	1.247487368556976e+000	1.258925411794167e+000
2676	1.101200274022976e+000	1.122018454301963e+000
2767	1.003597577743387e+000	1.023292992280754e+000
2893	9.822331193384759e-001	1.000000000000000e+000
2902	9.440160969750664e-001	9.549925860214360e-001
2928	9.101355134929202e-001	9.120108393559098e-001
3083	8.713019943475147e-001	8.912509381337456e-001
3095	8.679725298052746e-001	8.709635899560806e-001
3323	8.045306113353052e-001	8.128305161640993e-001
3404	7.857249510185458e-001	7.943282347242815e-001
3449	7.699088061539273e-001	7.762471166286917e-001
3541	6.312022702915251e-001	6.456542290346555e-001
3542	6.304581709259662e-001	6.309573444801933e-001
3673	5.892892061376791e-001	6.025595860743578e-001
3677	5.886175847882184e-001	5.888436553555889e-001
4068	5.525711897082112e-001	5.623413251903491e-001
4170	5.236565005965700e-001	5.248074602497725e-001
4187	5.110400594235434e-001	5.128613839913648e-001
4219	4.418618160694421e-001	4.466835921509632e-001
4314	4.364575485871882e-001	4.365158322401660e-001
4367	4.104123405314741e-001	4.168693834703354e-001
4457	4.065456308743704e-001	4.073802778041127e-001
4520	3.561978645717456e-001	3.630780547701014e-001
4527	3.542588149961552e-001	3.548133892335755e-001
4566	3.443446889425373e-001	3.467368504525316e-001
4569	3.350272183846667e-001	3.388441561392026e-001
4597	2.967779118620570e-001	3.019951720402016e-001
4612	2.928908260593620e-001	2.951209226666385e-001
4859	2.878852805534784e-001	2.884031503126606e-001
4966	2.816945142407067e-001	2.818382931264454e-001
5157	2.577653792618834e-001	2.630267991895382e-001
5208	2.565554504036917e-001	2.570395782768864e-001
5211	2.473701967409833e-001	2.511886431509580e-001
5393	2.426205324206191e-001	2.454708915685031e-001
5480	2.392735302687655e-001	2.398832919019490e-001
5513	2.211778614616997e-001	2.238721138568340e-001
5619	2.186009893778820e-001	2.187761623949552e-001
5761	1.901868092858565e-001	1.905460717963247e-001
5899	1.851778256109647e-001	1.862087136662868e-001
6134	1.815577441488554e-001	1.819700858609984e-001
6199	1.748874638540566e-001	1.778279410038923e-001
6201	1.727260645280550e-001	1.737800828749375e-001
6361	1.668542785888066e-001	1.698243652461744e-001
6414	1.612584302403282e-001	1.621810097358930e-001
6507	1.583663157540054e-001	1.584893192461113e-001
6801	1.547596694211813e-001	1.548816618912481e-001
7002	1.505224318939388e-001	1.513561248436208e-001
7179	1.476897665662205e-001	1.479108388168208e-001
7414	1.378833062730538e-001	1.380384264602885e-001
7691	1.329208088108527e-001	1.348962882591654e-001
7821	1.284788992314816e-001	1.288249551693134e-001
7905	1.247692082079365e-001	1.258925411794167e-001
8093	1.208200477225236e-001	1.230268770812382e-001
8189	1.201505877488945e-001	1.202264434617413e-001
8423	1.158554433384229e-001	1.174897554939529e-001
8497	1.132259085587422e-001	1.148153621496883e-001
8683	1.119829578742457e-001	1.122018454301964e-001
8821	1.064097206741210e-001	1.071519305237607e-001
9042	1.043814217751385e-001	1.047128548050900e-001
9311	1.020849835200355e-001	1.023292992280754e-001
9711	9.968324296714148e-002	1.000000000000000e-001
9820	9.764342132093906e-002	9.772372209558107e-002
9905	9.030066935146541e-002	9.120108393559097e-002
10319	8.903623506060987e-002	8.912509381337455e-002
10332	7.659762248416746e-002	7.762471166286916e-002
10442	7.400472593545238e-002	7.413102413009177e-002
10586	7.124021458574004e-002	7.244359600749903e-002
10752	7.049595379208440e-002	7.079457843841380e-002
10965	6.904697386903935e-002	6.918309709189366e-002
11348	6.336263695597733e-002	6.456542290346556e-002
11392	5.975599458102110e-002	6.025595860743578e-002
12175	5.888282883107376e-002	5.888436553555890e-002
12225	5.750773422225897e-002	5.754399373371569e-002
12529	4.590146582750587e-002	4.677351412871982e-002
12659	4.526378864551450e-002	4.570881896148749e-002
13391	4.426149555564241e-002	4.466835921509630e-002
14175	3.794134290677920e-002	3.801893963205612e-002
14853	3.712207970907477e-002	3.715352290971726e-002
15479	3.612542283398412e-002	3.630780547701014e-002
17171	3.540935054027794e-002	3.548133892335755e-002
17975	3.453551020404122e-002	3.467368504525317e-002
18142	3.093254996494277e-002	3.162277660168379e-002
18170	3.085653216457895e-002	3.090295432513590e-002
18298	2.858333447401718e-002	2.884031503126606e-002
19408	2.525558868914113e-002	2.570395782768863e-002
19562	2.511316591167001e-002	2.511886431509579e-002
20134	2.443507339212536e-002	2.454708915685030e-002
20723	2.309815957723693e-002	2.344228815319923e-002
22355	2.290783305014665e-002	2.290867652767774e-002
23402	2.231846497924561e-002	2.238721138568340e-002
25551	2.187192911325475e-002	2.187761623949553e-002
25732	2.126893485319648e-002	2.137962089502233e-002
26619	2.020942129970205e-002	2.041737944669530e-002
27351	1.968937803296356e-002	1.995262314968880e-002
28073	1.842689250245377e-002	1.862087136662868e-002
28361	1.768410043670088e-002	1.778279410038923e-002
29502	1.734693498489492e-002	1.737800828749376e-002
34714	1.612434184065370e-002	1.621810097358930e-002
35813	1.583070203232806e-002	1.584893192461113e-002
40778	1.548455907121593e-002	1.548816618912481e-002
41961	1.513526460541947e-002	1.513561248436208e-002
42412	1.479063718827622e-002	1.479108388168207e-002
44229	1.445228932760967e-002	1.445439770745927e-002
46290	1.412235060156664e-002	1.412537544622754e-002
48810	1.377674801898121e-002	1.380384264602885e-002
54355	1.336713100254627e-002	1.348962882591653e-002
68274	1.310841856510769e-002	1.318256738556408e-002
73914	1.288242090750458e-002	1.288249551693134e-002
107200	1.258920188917145e-002	1.258925411794168e-002
222907	1.230267401573282e-002	1.230268770812382e-002
456580	1.201718864636625e-002	1.202264434617413e-002
1000001	1.194301185447688e-002	1.202264434617413e-002
%
% index = 2097, name = bbob_f014_i17_d10__bbob_f021_i18_d10
% instance = 8, reference value = 8.955076289233040e-001
% function evaluation | indicator value | target hit
1	4.505006000707199e+004	4.570881896148752e+004
2	6.210303797219323e+002	6.309573444801930e+002
23	5.776536302956704e+002	5.888436553555890e+002
47	4.483013668870458e+002	4.570881896148752e+002
89	4.123020115187482e+002	4.168693834703355e+002
217	3.544604965677385e+002	3.548133892335753e+002
229	3.187425369820796e+002	3.235936569296281e+002
281	2.116609361275314e+002	2.137962089502233e+002
318	1.746689248500815e+002	1.778279410038923e+002
388	6.171546802530496e+001	6.309573444801933e+001
678	3.279137566963287e+001	3.311311214825911e+001
976	3.156418865747751e+001	3.162277660168379e+001
1003	2.748611711239271e+001	2.754228703338166e+001
1227	2.345470494006015e+001	2.398832919019490e+001
1312	2.019934138479047e+001	2.041737944669530e+001
1373	1.977058710645793e+001	1.995262314968880e+001
1405	1.060693993608779e+001	1.071519305237607e+001
1526	9.090299150887045e+000	9.120108393559097e+000
1550	6.551312475606864e+000	6.606934480075959e+000
1835	5.351007544080743e+000	5.370317963702528e+000
1999	2.829176748339996e+000	2.884031503126606e+000
2381	1.343336875907141e+000	1.348962882591654e+000
2499	1.271987108040372e+000	1.288249551693134e+000
2684	1.237032678530804e+000	1.258925411794167e+000
2824	9.963658320183041e-001	1.000000000000000e+000
3001	9.406839122773040e-001	9.549925860214360e-001
3043	8.781616121782292e-001	8.912509381337456e-001
3278	8.655422189586034e-001	8.709635899560806e-001
3379	8.433876809968975e-001	8.511380382023764e-001
3417	7.981079002626305e-001	8.128305161640993e-001
3481	7.570070815812025e-001	7.585775750291838e-001
3824	7.369186799221519e-001	7.413102413009175e-001
3934	7.014289874982349e-001	7.079457843841379e-001
4104	6.897365057982892e-001	6.918309709189364e-001
4106	6.112478117016262e-001	6.165950018614822e-001
4110	5.985673326467823e-001	6.025595860743578e-001
4262	5.873328169062031e-001	5.888436553555889e-001
4603	5.711939602359926e-001	5.754399373371569e-001
4654	4.950530702103701e-001	5.011872336272722e-001
4790	4.858767199392423e-001	4.897788193684462e-001
4847	3.994262420556136e-001	4.073802778041127e-001
4848	3.960044255720989e-001	3.981071705534973e-001
5266	3.866115316348328e-001	3.890451449942806e-001
5322	3.726941799906774e-001	3.801893963205612e-001
5396	3.687870958046976e-001	3.715352290971726e-001
5436	3.607268517307671e-001	3.630780547701014e-001
5503	3.518950587624629e-001	3.548133892335755e-001
5539	3.443159280380034e-001	3.467368504525316e-001
5578	3.295109501379172e-001	3.311311214825911e-001
5686	3.233189474470261e-001	3.235936569296283e-001
6086	3.008277815684212e-001	3.019951720402016e-001
6219	2.910340439663086e-001	2.951209226666385e-001
6235	2.750178930014443e-001	2.754228703338166e-001
6739	2.668142380469818e-001	2.691534803926916e-001
6886	2.608327102371780e-001	2.630267991895382e-001
7012	2.500001966257340e-001	2.511886431509580e-001
7064	2.432237745919302e-001	2.454708915685031e-001
7071	2.393768475680415e-001	2.398832919019490e-001
7231	2.322126846532209e-001	2.344228815319922e-001
7379	2.289595281488018e-001	2.290867652767773e-001
7840	2.194636312403140e-001	2.238721138568340e-001
7906	2.171640816851000e-001	2.187761623949552e-001
7939	1.953304727757510e-001	1.995262314968880e-001
7978	1.949268603974341e-001	1.949844599758046e-001
8189	1.865260602688040e-001	1.905460717963247e-001
8213	1.817727696233201e-001	1.819700858609984e-001
8238	1.774609604926200e-001	1.778279410038923e-001
8289	1.707306965151493e-001	1.737800828749375e-001
8339	1.695656445375358e-001	1.698243652461744e-001
8461	1.654860858452090e-001	1.659586907437561e-001
8519	1.607715512781079e-001	1.621810097358930e-001
8647	1.584281644339888e-001	1.584893192461113e-001
8653	1.169837212406769e-001	1.174897554939529e-001
8989	1.147554037485404e-001	1.148153621496883e-001
9234	1.121103125212558e-001	1.122018454301964e-001
9698	1.092455829061915e-001	1.096478196143185e-001
9910	1.070924095314149e-001	1.071519305237607e-001
10095	9.241906366673014e-002	9.332543007969910e-002
10308	9.113786727595208e-002	9.120108393559097e-002
10658	8.909532437434820e-002	8.912509381337455e-002
10959	8.247391202252896e-002	8.317637711026708e-002
11359	7.441902262130729e-002	7.585775750291836e-002
11487	7.393832061568739e-002	7.413102413009177e-002
11655	7.238073090921526e-002	7.244359600749903e-002
12206	7.077423134181737e-002	7.079457843841380e-002
12340	6.661850780350631e-002	6.760829753919818e-002
12523	6.604873947277223e-002	6.606934480075961e-002
12799	6.452875914535583e-002	6.456542290346556e-002
13162	5.735180264648754e-002	5.754399373371569e-002
13862	5.621832669800808e-002	5.623413251903491e-002
14354	5.415679991518940e-002	5.495408738576246e-002
14782	5.369761919761029e-002	5.370317963702527e-002
15013	4.436731474720357e-002	4.466835921509630e-002
16103	4.365000248975537e-002	4.365158322401658e-002
16171	4.265118360128550e-002	4.265795188015926e-002
16650	4.168688757718109e-002	4.168693834703355e-002
18355	4.073786916963029e-002	4.073802778041128e-002
18866	3.924889859659708e-002	3.981071705534973e-002
19775	3.849799363214557e-002	3.890451449942807e-002
21145	3.623764756712666e-002	3.630780547701014e-002
23503	3.442356492452803e-002	3.467368504525317e-002
25648	3.371155584848229e-002	3.388441561392026e-002
31105	3.311206033370640e-002	3.311311214825911e-002
45197	3.233424018062980e-002	3.235936569296283e-002
69383	3.162276419033860e-002	3.162277660168379e-002
148457	3.090294889747003e-002	3.090295432513590e-002
1000001	3.043097340313361e-002	3.090295432513590e-002
%
% index = 2098, name = bbob_f014_i19_d10__bbob_f021_i21_d10
% instance = 9, reference value = 9.443166499544340e-001
% function evaluation | indicator value | target hit
1	1.311164099992090e+003	1.318256738556408e+003
2	6.365179448163336e+002	6.456542290346556e+002
5	6.217628867865207e+002	6.309573444801930e+002
6	1.062156808593266e+002	1.071519305237606e+002
37	9.062566367849875e+001	9.120108393559097e+001
237	6.843961017198285e+001	6.918309709189366e+001
260	3.697080021665892e+001	3.715352290971726e+001
765	3.045130530928957e+001	3.090295432513591e+001
952	2.777250434568153e+001	2.818382931264453e+001
1058	2.234700829587775e+001	2.238721138568340e+001
1063	1.932143197960077e+001	1.949844599758045e+001
1087	1.582216804148961e+001	1.584893192461113e+001
1106	1.234440461971028e+001	1.258925411794168e+001
1277	9.466450892635704e+000	9.549925860214358e+000
1309	9.130052837875500e+000	9.332543007969910e+000
1638	5.601972731896293e+000	5.623413251903491e+000
1858	4.330500185573207e+000	4.365158322401660e+000
2031	4.034160615204900e+000	4.073802778041127e+000
2132	2.959799491060342e+000	3.019951720402016e+000
2285	1.573570543821273e+000	1.584893192461114e+000
2410	1.123065330119434e+000	1.148153621496883e+000
2747	1.007311040252934e+000	1.023292992280754e+000
2960	9.316760879657812e-001	9.332543007969910e-001
3125	7.021229674275560e-001	7.079457843841379e-001
3499	6.744419132136637e-001	6.760829753919818e-001
3569	6.543967205421251e-001	6.606934480075960e-001
3631	6.426145441864611e-001	6.456542290346555e-001
3660	6.308940741662722e-001	6.309573444801933e-001
3735	6.005234461564246e-001	6.025595860743578e-001
3857	3.894303961314894e-001	3.981071705534973e-001
3997	3.881129888922947e-001	3.890451449942806e-001
4021	3.581036151110881e-001	3.630780547701014e-001
4105	3.516290938664167e-001	3.548133892335755e-001
4194	3.450475509839945e-001	3.467368504525316e-001
4195	3.219920444569796e-001	3.235936569296283e-001
4274	2.636141424492015e-001	2.691534803926916e-001
4328	2.629961243617932e-001	2.630267991895382e-001
4489	2.447592322325400e-001	2.454708915685031e-001
4537	2.391484632196238e-001	2.398832919019490e-001
4545	2.341640766679123e-001	2.344228815319922e-001
4664	2.189831230565805e-001	2.238721138568340e-001
4672	2.160122583409974e-001	2.187761623949552e-001
4677	2.131172325815981e-001	2.137962089502232e-001
4733	2.069010179495783e-001	2.089296130854039e-001
4745	2.025755061851933e-001	2.041737944669530e-001
4852	1.982527694263465e-001	1.995262314968880e-001
4880	1.524628506627929e-001	1.548816618912481e-001
4912	1.470479636392393e-001	1.479108388168208e-001
5012	1.364029601274533e-001	1.380384264602885e-001
5030	1.346239096030867e-001	1.348962882591654e-001
5038	1.302871582672800e-001	1.318256738556407e-001
5109	1.269358866876484e-001	1.288249551693134e-001
5137	1.201720210066597e-001	1.202264434617413e-001
5226	1.173705036557615e-001	1.174897554939529e-001
5296	1.147120740820600e-001	1.148153621496883e-001
5314	1.094328140947740e-001	1.096478196143185e-001
5350	1.052712487364282e-001	1.071519305237607e-001
5352	1.038056201812866e-001	1.047128548050900e-001
5447	8.125573143932952e-002	8.128305161640990e-002
5486	7.940047300837305e-002	7.943282347242814e-002
5530	7.664388503336195e-002	7.762471166286916e-002
5531	7.558831484401118e-002	7.585775750291836e-002
5589	7.412738759664594e-002	7.413102413009177e-002
5620	7.148409194748084e-002	7.244359600749903e-002
5683	7.035772341252744e-002	7.079457843841380e-002
5740	6.800368950741176e-002	6.918309709189366e-002
5770	6.740713932202380e-002	6.760829753919818e-002
5771	6.601032767339377e-002	6.606934480075961e-002
5896	6.428166951953218e-002	6.456542290346556e-002
5932	6.308521777231135e-002	6.309573444801933e-002
5952	6.159067982973709e-002	6.165950018614822e-002
6016	6.006082633002707e-002	6.025595860743578e-002
6071	5.228748352024759e-002	5.248074602497726e-002
6119	5.120737074424175e-002	5.128613839913648e-002
6178	4.992746685032290e-002	5.011872336272722e-002
6225	4.818201838357006e-002	4.897788193684461e-002
6240	4.776322018335100e-002	4.786300923226383e-002
6349	4.642092564352729e-002	4.677351412871982e-002
6440	4.570617106280739e-002	4.570881896148749e-002
6560	4.465250064685578e-002	4.466835921509630e-002
6581	3.254298933648259e-002	3.311311214825911e-002
6610	3.233128762616300e-002	3.235936569296283e-002
6774	3.160056570902525e-002	3.162277660168379e-002
6896	3.089301169772918e-002	3.090295432513590e-002
6991	3.017997042836440e-002	3.019951720402016e-002
7092	2.944841406136267e-002	2.951209226666385e-002
7145	2.400128896301068e-002	2.454708915685030e-002
7152	2.391837188856361e-002	2.398832919019490e-002
7240	2.337691516293627e-002	2.344228815319923e-002
7314	2.290021170495782e-002	2.290867652767774e-002
7486	2.235242429160433e-002	2.238721138568340e-002
7627	2.186296220803863e-002	2.187761623949553e-002
7721	2.137864565583592e-002	2.137962089502233e-002
7838	1.947933254650924e-002	1.949844599758046e-002
8146	1.905206723599806e-002	1.905460717963247e-002
8350	1.855798113028540e-002	1.862087136662868e-002
8595	1.819619332527767e-002	1.819700858609984e-002
8896	1.777927905391707e-002	1.778279410038923e-002
9172	1.702873259363980e-002	1.737800828749376e-002
9297	1.697948677627748e-002	1.698243652461744e-002
9750	1.659142982686335e-002	1.659586907437561e-002
10400	1.562917321784862e-002	1.584893192461113e-002
11067	1.548629392206957e-002	1.548816618912481e-002
12312	1.513419616912481e-002	1.513561248436208e-002
14390	1.479069499707120e-002	1.479108388168207e-002
18672	1.429132075818640e-002	1.445439770745927e-002
27857	1.412536618904381e-002	1.412537544622754e-002
80034	1.377962585765280e-002	1.380384264602885e-002
1000001	1.355722316148633e-002	1.380384264602885e-002
%
% index = 2099, name = bbob_f014_i21_d10__bbob_f021_i22_d10
% instance = 10, reference value = 9.211405342692310e-001
% function evaluation | indicator value | target hit
1	2.010428146299305e+004	2.041737944669528e+004
2	1.436621008372810e+003	1.445439770745928e+003
4	8.179981280378481e+002	8.317637711026708e+002
9	2.900124129227114e+002	2.951209226666387e+002
10	2.140934378916932e+002	2.187761623949552e+002
237	1.098798488883503e+002	1.122018454301963e+002
397	4.984270344136944e+001	5.011872336272722e+001
425	4.259187851891117e+001	4.265795188015925e+001
783	3.921906103126315e+001	3.981071705534973e+001
853	3.422949147958777e+001	3.467368504525317e+001
1068	2.914559936250489e+001	2.951209226666386e+001
1126	2.063457522369949e+001	2.089296130854040e+001
1133	1.229454025644381e+001	1.230268770812382e+001
1548	7.225042781078531e+000	7.244359600749901e+000
1762	6.716515004545407e+000	6.760829753919817e+000
1989	5.176390112836585e+000	5.248074602497725e+000
2040	4.304178581166955e+000	4.365158322401660e+000
2195	3.055458788409213e+000	3.090295432513591e+000
2216	2.796577894731523e+000	2.818382931264454e+000
2426	2.580706377236731e+000	2.630267991895382e+000
2522	2.219177340776636e+000	2.238721138568339e+000
2546	2.049663709690357e+000	2.089296130854040e+000
2589	1.889134501374892e+000	1.905460717963247e+000
2782	1.569746098475445e+000	1.584893192461114e+000
2858	1.469237475349217e+000	1.479108388168207e+000
2945	1.393368122935112e+000	1.412537544622754e+000
2947	1.276562437919731e+000	1.288249551693134e+000
3013	1.081473546592731e+000	1.096478196143185e+000
3175	1.010198177648231e+000	1.023292992280754e+000
3297	9.869966203537309e-001	1.000000000000000e+000
3675	9.595791296827311e-001	9.772372209558107e-001
3702	8.554549712890061e-001	8.709635899560806e-001
3832	8.313215444574343e-001	8.317637711026710e-001
3861	8.004405688296654e-001	8.128305161640993e-001
3984	7.925333123020262e-001	7.943282347242815e-001
3987	7.632426327892203e-001	7.762471166286917e-001
4056	7.203575255964039e-001	7.244359600749900e-001
4167	7.073281749827982e-001	7.079457843841379e-001
4175	4.422801038971882e-001	4.466835921509632e-001
4248	4.343540571476361e-001	4.365158322401660e-001
4568	4.261928399679940e-001	4.265795188015927e-001
4606	3.863515308648061e-001	3.890451449942806e-001
4866	3.519424855882635e-001	3.548133892335755e-001
4939	3.289011365457917e-001	3.311311214825911e-001
4954	3.235829830622130e-001	3.235936569296283e-001
5131	3.029373733030808e-001	3.090295432513591e-001
5157	3.007554644597524e-001	3.019951720402016e-001
5300	2.922356468465006e-001	2.951209226666385e-001
5330	2.875456381173106e-001	2.884031503126606e-001
5376	2.765357550037370e-001	2.818382931264454e-001
5417	2.688834051674440e-001	2.691534803926916e-001
5527	2.619911715947313e-001	2.630267991895382e-001
5665	2.567496743254923e-001	2.570395782768864e-001
5865	2.492597988051665e-001	2.511886431509580e-001
5868	1.913400517572215e-001	1.949844599758046e-001
5876	1.859392272803574e-001	1.862087136662868e-001
5966	1.798863128143288e-001	1.819700858609984e-001
6003	1.740882448762138e-001	1.778279410038923e-001
6025	1.735990138140384e-001	1.737800828749375e-001
6047	1.692529172511523e-001	1.698243652461744e-001
6092	1.655852959266128e-001	1.659586907437561e-001
6130	1.609447850382194e-001	1.621810097358930e-001
6150	1.582300445107949e-001	1.584893192461113e-001
6181	1.414377156195975e-001	1.445439770745928e-001
6184	1.406659397983591e-001	1.412537544622755e-001
6333	1.379740428023504e-001	1.380384264602885e-001
6396	1.261817499030672e-001	1.288249551693134e-001
6440	1.256940646031355e-001	1.258925411794167e-001
6445	1.226836673749038e-001	1.230268770812382e-001
6539	1.192571264392206e-001	1.202264434617413e-001
6638	1.174628797680517e-001	1.174897554939529e-001
6824	1.143593368060958e-001	1.148153621496883e-001
6978	1.121258542353129e-001	1.122018454301964e-001
7165	1.095055403848819e-001	1.096478196143185e-001
7307	1.068738239053430e-001	1.071519305237607e-001
7388	1.045278623126605e-001	1.047128548050900e-001
7474	1.020144062660998e-001	1.023292992280754e-001
7574	9.999684283289878e-002	1.000000000000000e-001
7587	9.558465680203365e-002	9.772372209558107e-002
7600	9.483120190445005e-002	9.549925860214359e-002
7820	9.328376431065710e-002	9.332543007969910e-002
7824	9.015187446708017e-002	9.120108393559097e-002
7902	8.905246822522239e-002	8.912509381337455e-002
8061	8.687245255584453e-002	8.709635899560805e-002
8110	8.476879930570380e-002	8.511380382023763e-002
8231	8.314695627677493e-002	8.317637711026708e-002
8457	8.126158656109506e-002	8.128305161640990e-002
8623	7.903522772852001e-002	7.943282347242814e-002
8813	7.677596506526585e-002	7.762471166286916e-002
8884	7.585018284042688e-002	7.585775750291836e-002
9156	7.407578242106461e-002	7.413102413009177e-002
9479	7.236321846316618e-002	7.244359600749903e-002
9740	7.078938167599447e-002	7.079457843841380e-002
9959	6.888006459864726e-002	6.918309709189366e-002
10132	6.742800054269393e-002	6.760829753919818e-002
10388	6.550707545753032e-002	6.606934480075961e-002
10558	6.454267741900333e-002	6.456542290346556e-002
10596	6.283144511435368e-002	6.309573444801933e-002
10774	6.113812771120208e-002	6.165950018614822e-002
10895	6.024589770947808e-002	6.025595860743578e-002
11232	5.888205701740856e-002	5.888436553555890e-002
11389	5.714188818427890e-002	5.754399373371569e-002
11584	5.598644879368286e-002	5.623413251903491e-002
11941	5.495394721700631e-002	5.495408738576246e-002
12351	5.369288875406231e-002	5.370317963702527e-002
12525	5.235883441356926e-002	5.248074602497726e-002
12903	5.091542537225091e-002	5.128613839913648e-002
13347	4.999595915854871e-002	5.011872336272722e-002
13642	4.879233297367747e-002	4.897788193684461e-002
13853	4.785898611148531e-002	4.786300923226383e-002
14103	4.676855991453444e-002	4.677351412871982e-002
14678	4.570526575680867e-002	4.570881896148749e-002
15214	4.464740284771551e-002	4.466835921509630e-002
15894	4.363784987878427e-002	4.365158322401658e-002
16475	4.265607491530477e-002	4.265795188015926e-002
17322	4.155955327589467e-002	4.168693834703355e-002
17868	4.070897179953337e-002	4.073802778041128e-002
18806	3.979582711889140e-002	3.981071705534973e-002
19697	3.889106515784024e-002	3.890451449942807e-002
21745	3.801561309701729e-002	3.801893963205612e-002
25284	3.713878700541418e-002	3.715352290971726e-002
31926	3.630757170004495e-002	3.630780547701014e-002
46446	3.548099836424967e-002	3.548133892335755e-002
1000001	3.478876659805130e-002	3.548133892335755e-002
