%
% index = 1050, name = bbob_f017_i02_d03__bbob_f020_i04_d03
% instance = 1, reference value = 8.681329374494470e-001
% function evaluation | indicator value | target hit
1	3.894795994529071e+004	3.981071705534969e+004
2	2.485727262860368e+004	2.511886431509582e+004
4	1.690793326802267e+004	1.698243652461746e+004
6	1.582373242962925e+002	1.584893192461114e+002
277	3.475659898380771e+001	3.548133892335755e+001
505	2.375489174125502e+001	2.398832919019490e+001
710	1.163709585582949e+001	1.174897554939530e+001
712	1.065865900188801e+001	1.071519305237607e+001
720	6.772008650301683e+000	6.918309709189365e+000
740	5.876115844500426e+000	5.888436553555890e+000
828	1.491052495519963e+000	1.513561248436208e+000
969	8.116251078853218e-001	8.128305161640993e-001
1087	7.683545760124446e-001	7.762471166286917e-001
1148	5.941318367831443e-001	6.025595860743578e-001
1154	5.538935848789752e-001	5.623413251903491e-001
1211	5.175346302536708e-001	5.248074602497725e-001
1257	4.690653702317713e-001	4.786300923226383e-001
1265	4.627140060726250e-001	4.677351412871982e-001
1350	4.531239468003276e-001	4.570881896148750e-001
1380	3.807795819298766e-001	3.890451449942806e-001
1397	3.570383828471603e-001	3.630780547701014e-001
1440	3.295624883641046e-001	3.311311214825911e-001
1475	3.183506565574727e-001	3.235936569296283e-001
1491	2.895291414265389e-001	2.951209226666385e-001
1492	1.844461336650346e-001	1.862087136662868e-001
1501	1.813219266176674e-001	1.819700858609984e-001
1540	1.761553852406673e-001	1.778279410038923e-001
1602	1.656747263713763e-001	1.659586907437561e-001
1696	1.567674889417258e-001	1.584893192461113e-001
1729	1.167522349529030e-001	1.174897554939529e-001
1735	1.029454795049890e-001	1.047128548050900e-001
1749	1.020022885356104e-001	1.023292992280754e-001
1790	9.081017698238603e-002	9.120108393559097e-002
1805	8.854763805811439e-002	8.912509381337455e-002
1809	8.425225098084865e-002	8.511380382023763e-002
1895	7.948544514959077e-002	8.128305161640990e-002
1919	7.391781481974802e-002	7.413102413009177e-002
1936	7.196097778494515e-002	7.244359600749903e-002
1940	7.070047242825084e-002	7.079457843841380e-002
2090	6.821132126852658e-002	6.918309709189366e-002
2109	6.679998138092524e-002	6.760829753919818e-002
2119	6.368587956009530e-002	6.456542290346556e-002
2212	6.099291960324615e-002	6.165950018614822e-002
2421	5.406899050238512e-002	5.495408738576246e-002
2456	5.243642518169311e-002	5.248074602497726e-002
2513	5.098505661372565e-002	5.128613839913648e-002
2542	4.979982794372939e-002	5.011872336272722e-002
2648	4.509254610229818e-002	4.570881896148749e-002
2706	4.316942045796468e-002	4.365158322401658e-002
2785	4.241179315395982e-002	4.265795188015926e-002
2794	4.164586772626000e-002	4.168693834703355e-002
2836	4.008012319380760e-002	4.073802778041128e-002
2889	3.914087294968616e-002	3.981071705534973e-002
2918	3.889857911274541e-002	3.890451449942807e-002
2936	3.651368945423450e-002	3.715352290971726e-002
2939	3.623579030448820e-002	3.630780547701014e-002
3035	3.447951846488029e-002	3.467368504525317e-002
3234	3.235268393949398e-002	3.235936569296283e-002
3329	2.890539000192727e-002	2.951209226666385e-002
3330	2.787365875779602e-002	2.818382931264454e-002
3346	2.729058620899294e-002	2.754228703338166e-002
3413	2.671736814897474e-002	2.691534803926915e-002
3617	2.586226244603540e-002	2.630267991895382e-002
3662	2.455914175913454e-002	2.511886431509579e-002
3757	2.425080031190430e-002	2.454708915685030e-002
3904	2.387149354533202e-002	2.398832919019490e-002
4063	2.329612566304584e-002	2.344228815319923e-002
4072	2.203563946029230e-002	2.238721138568340e-002
4091	2.167706694373406e-002	2.187761623949553e-002
4195	2.066976184502367e-002	2.089296130854040e-002
4332	2.039381405786489e-002	2.041737944669530e-002
4371	1.944266831420483e-002	1.949844599758046e-002
4520	1.888647226953244e-002	1.905460717963247e-002
4548	1.820339068411958e-002	1.862087136662868e-002
4584	1.804315072888474e-002	1.819700858609984e-002
4730	1.744757656506590e-002	1.778279410038923e-002
4734	1.734395200943428e-002	1.737800828749376e-002
4803	1.671498104295421e-002	1.698243652461744e-002
5081	1.647028126095573e-002	1.659586907437561e-002
5130	1.607894380172226e-002	1.621810097358930e-002
5158	1.581527055287624e-002	1.584893192461113e-002
5389	1.532304627684777e-002	1.548816618912481e-002
5585	1.462210604885106e-002	1.479108388168207e-002
5647	1.442403379691770e-002	1.445439770745927e-002
5874	1.377224588151937e-002	1.380384264602885e-002
5927	1.291364051242983e-002	1.318256738556408e-002
6019	1.286865002535342e-002	1.288249551693134e-002
6425	1.240954890514612e-002	1.258925411794168e-002
6855	1.219908915301526e-002	1.230268770812382e-002
6948	1.200286604310530e-002	1.202264434617413e-002
7061	1.017859658832654e-002	1.023292992280754e-002
7435	8.559999631242765e-003	8.709635899560805e-003
7516	8.430200643121721e-003	8.511380382023768e-003
7647	7.820664428099144e-003	7.943282347242814e-003
7806	7.747095790004432e-003	7.762471166286920e-003
7939	7.480571500561806e-003	7.585775750291836e-003
8072	7.329159247667416e-003	7.413102413009177e-003
8190	7.179524044707675e-003	7.244359600749898e-003
8302	7.064275451910240e-003	7.079457843841380e-003
9188	6.869052694076450e-003	6.918309709189363e-003
9550	6.702029994362868e-003	6.760829753919818e-003
9885	6.583682830069604e-003	6.606934480075957e-003
10047	6.399956998006440e-003	6.456542290346556e-003
10177	6.255372747370758e-003	6.309573444801930e-003
10342	6.143555761458308e-003	6.165950018614822e-003
10866	5.997999679363986e-003	6.025595860743574e-003
11063	5.853328040694161e-003	5.888436553555890e-003
11366	5.648383806165169e-003	5.754399373371567e-003
11433	5.609391451060097e-003	5.623413251903491e-003
11716	5.438504424223445e-003	5.495408738576248e-003
12065	5.349015637156729e-003	5.370317963702527e-003
12149	5.246131265743581e-003	5.248074602497728e-003
12236	5.090124200530566e-003	5.128613839913648e-003
12471	5.009401766311705e-003	5.011872336272725e-003
12859	4.895370435766377e-003	4.897788193684461e-003
13845	4.775467248425147e-003	4.786300923226385e-003
14512	4.638003303451432e-003	4.677351412871981e-003
14535	4.525747284670700e-003	4.570881896148752e-003
14727	4.394308799821056e-003	4.466835921509631e-003
14872	4.343080398671484e-003	4.365158322401661e-003
15293	4.173126523801196e-003	4.265795188015926e-003
15358	4.152849432061956e-003	4.168693834703355e-003
16090	4.056178368994412e-003	4.073802778041126e-003
16514	3.957143962525667e-003	3.981071705534973e-003
17343	3.886631859444267e-003	3.890451449942805e-003
17897	3.785191797486265e-003	3.801893963205613e-003
18378	3.712346836459490e-003	3.715352290971724e-003
19064	3.610954333393313e-003	3.630780547701014e-003
19805	3.523528728961889e-003	3.548133892335753e-003
20360	3.462090765309012e-003	3.467368504525317e-003
20413	3.273574431185811e-003	3.311311214825911e-003
20612	3.216560873220531e-003	3.235936569296281e-003
21237	3.084155148637247e-003	3.090295432513592e-003
21590	3.014826642366741e-003	3.019951720402016e-003
22026	2.940043318933161e-003	2.951209226666387e-003
22852	2.852592114228947e-003	2.884031503126606e-003
23105	2.789597500286845e-003	2.818382931264455e-003
23859	2.753903366088273e-003	2.754228703338166e-003
24789	2.623166331769844e-003	2.630267991895381e-003
25906	2.569990701056235e-003	2.570395782768865e-003
26742	2.507008885350492e-003	2.511886431509579e-003
28449	2.423393125635553e-003	2.454708915685031e-003
29902	2.397489195611668e-003	2.398832919019490e-003
31658	2.343758988681666e-003	2.344228815319923e-003
33583	2.276663966216508e-003	2.290867652767772e-003
34508	2.238655185662020e-003	2.238721138568340e-003
37389	2.186965805031638e-003	2.187761623949552e-003
39697	2.132969673011909e-003	2.137962089502233e-003
43033	2.087694103858007e-003	2.089296130854039e-003
45169	2.040949389343516e-003	2.041737944669530e-003
49556	1.988339170121090e-003	1.995262314968879e-003
53272	1.948809807146179e-003	1.949844599758046e-003
56338	1.878356655961144e-003	1.905460717963246e-003
60395	1.862059087851642e-003	1.862087136662868e-003
69529	1.814077241514944e-003	1.819700858609983e-003
76098	1.770760746575673e-003	1.778279410038923e-003
83591	1.724596113978127e-003	1.737800828749376e-003
102135	1.698213369563217e-003	1.698243652461744e-003
145401	1.637472439071752e-003	1.659586907437561e-003
175421	1.620678975370993e-003	1.621810097358930e-003
223666	1.584528343644087e-003	1.584893192461114e-003
235099	1.548815266058101e-003	1.548816618912481e-003
300001	1.527970015704705e-003	1.548816618912481e-003
%
% index = 1051, name = bbob_f017_i03_d03__bbob_f020_i05_d03
% instance = 2, reference value = 9.901904576398880e-001
% function evaluation | indicator value | target hit
1	6.713660201351400e+007	6.760829753919819e+007
4	8.776471842124457e+002	8.912509381337459e+002
5	6.472449418716061e+002	6.606934480075958e+002
6	2.282528069707214e+001	2.290867652767774e+001
141	1.134355485458351e+001	1.148153621496883e+001
406	1.012199000065746e+001	1.023292992280754e+001
436	9.821210924438039e-001	1.000000000000000e+000
717	8.487532897447525e-001	8.511380382023764e-001
727	4.907464018839822e-001	5.011872336272722e-001
754	3.687163879510085e-001	3.715352290971726e-001
785	2.306033247567925e-001	2.344228815319922e-001
811	1.785330714882863e-001	1.819700858609984e-001
963	1.757040742737205e-001	1.778279410038923e-001
983	1.721509957062908e-001	1.737800828749375e-001
988	1.455938973099153e-001	1.479108388168208e-001
995	1.405300669885687e-001	1.412537544622755e-001
1005	1.236938816947997e-001	1.258925411794167e-001
1017	9.084970239835133e-002	9.120108393559097e-002
1024	8.638509912975978e-002	8.709635899560805e-002
1098	7.492962822481530e-002	7.585775750291836e-002
1146	7.205243145348550e-002	7.244359600749903e-002
1183	6.509953161739390e-002	6.606934480075961e-002
1197	6.436129720897332e-002	6.456542290346556e-002
1207	6.072486321908521e-002	6.165950018614822e-002
1224	5.706176841662014e-002	5.754399373371569e-002
1266	5.051977942460617e-002	5.128613839913648e-002
1272	4.623012430151996e-002	4.677351412871982e-002
1274	4.351923680707337e-002	4.365158322401658e-002
1283	3.961502266485750e-002	3.981071705534973e-002
1331	3.468692935060680e-002	3.548133892335755e-002
1338	3.281108909566144e-002	3.311311214825911e-002
1367	2.868874468602489e-002	2.884031503126606e-002
1396	2.238982498065900e-002	2.290867652767774e-002
1397	2.110327554100222e-002	2.137962089502233e-002
1400	2.076931040171914e-002	2.089296130854040e-002
1423	2.037882423821358e-002	2.041737944669530e-002
1434	1.976942794587910e-002	1.995262314968880e-002
1444	1.624519897857857e-002	1.659586907437561e-002
1463	1.536629222733243e-002	1.548816618912481e-002
1473	1.463886271315495e-002	1.479108388168207e-002
1484	1.442496235639157e-002	1.445439770745927e-002
1509	1.346210836067063e-002	1.348962882591653e-002
1528	1.284574218702694e-002	1.288249551693134e-002
1591	1.219671075260387e-002	1.230268770812382e-002
1648	1.199822616488522e-002	1.202264434617413e-002
1686	1.173529626603709e-002	1.174897554939530e-002
1717	1.124636238098009e-002	1.148153621496883e-002
1789	1.120979759135121e-002	1.122018454301964e-002
1941	1.088343104012823e-002	1.096478196143185e-002
1958	9.874120949681209e-003	1.000000000000000e-002
1974	9.203926053653166e-003	9.332543007969915e-003
2103	9.115384077378330e-003	9.120108393559097e-003
2220	8.803478639403006e-003	8.912509381337459e-003
2245	7.658738511976182e-003	7.762471166286920e-003
2264	7.353579811275712e-003	7.413102413009177e-003
2380	7.240269928734944e-003	7.244359600749898e-003
2436	6.938693991443978e-003	7.079457843841380e-003
2547	6.914210696506440e-003	6.918309709189363e-003
2644	6.756753404681737e-003	6.760829753919818e-003
2806	6.554973111594920e-003	6.606934480075957e-003
2825	6.326103010582118e-003	6.456542290346556e-003
2830	6.297917885135118e-003	6.309573444801930e-003
2963	6.100941468605181e-003	6.165950018614822e-003
3194	5.987888513072082e-003	6.025595860743574e-003
3367	5.619029072911341e-003	5.623413251903491e-003
3466	5.458973582382565e-003	5.495408738576248e-003
3790	5.344594030250116e-003	5.370317963702527e-003
3807	5.247355256631670e-003	5.248074602497728e-003
3997	5.078471394066364e-003	5.128613839913648e-003
4140	4.955729533747011e-003	5.011872336272725e-003
4601	4.872586230917353e-003	4.897788193684461e-003
4684	4.751586189797763e-003	4.786300923226385e-003
4804	4.369001396059669e-003	4.466835921509631e-003
4993	3.997705338188440e-003	4.073802778041126e-003
5143	3.959932053448689e-003	3.981071705534973e-003
5293	3.884734574078008e-003	3.890451449942805e-003
5530	3.656423221671257e-003	3.715352290971724e-003
5585	3.520614161291791e-003	3.548133892335753e-003
5712	3.423976740748347e-003	3.467368504525317e-003
5802	3.381459810137155e-003	3.388441561392024e-003
6416	3.272235539901414e-003	3.311311214825911e-003
6556	3.193121036895064e-003	3.235936569296281e-003
6680	3.134616637609944e-003	3.162277660168379e-003
6730	3.087311859732878e-003	3.090295432513592e-003
7189	2.944688364614145e-003	2.951209226666387e-003
7627	2.873871645801773e-003	2.884031503126606e-003
8225	2.808964791346957e-003	2.818382931264455e-003
8362	2.740182839940819e-003	2.754228703338166e-003
8478	2.691199106341746e-003	2.691534803926917e-003
8984	2.623931872571816e-003	2.630267991895381e-003
9019	2.470712325689628e-003	2.511886431509579e-003
9333	2.412164409249185e-003	2.454708915685031e-003
9453	2.398051555038805e-003	2.398832919019490e-003
9696	2.342840377796973e-003	2.344228815319923e-003
10336	2.235617470671913e-003	2.238721138568340e-003
10502	2.122188383778978e-003	2.137962089502233e-003
11109	2.046552447957595e-003	2.089296130854039e-003
11280	2.039699408991957e-003	2.041737944669530e-003
11436	1.967942092035324e-003	1.995262314968879e-003
11793	1.949213716618936e-003	1.949844599758046e-003
12423	1.904444998901300e-003	1.905460717963246e-003
13222	1.861498314658316e-003	1.862087136662868e-003
13612	1.809563339471354e-003	1.819700858609983e-003
14052	1.775698489649313e-003	1.778279410038923e-003
14945	1.717965540826372e-003	1.737800828749376e-003
15286	1.692374334479330e-003	1.698243652461744e-003
16739	1.659498967542694e-003	1.659586907437561e-003
16743	1.618087304022020e-003	1.621810097358930e-003
17341	1.584835716483268e-003	1.584893192461114e-003
18574	1.529175558105722e-003	1.548816618912481e-003
19107	1.511550815137874e-003	1.513561248436209e-003
19466	1.431192179347729e-003	1.445439770745928e-003
20481	1.411341309801251e-003	1.412537544622754e-003
22738	1.380370555686294e-003	1.380384264602885e-003
29025	1.348681117273376e-003	1.348962882591653e-003
42994	1.318228899391927e-003	1.318256738556408e-003
300001	1.290522242374581e-003	1.318256738556408e-003
%
% index = 1052, name = bbob_f017_i07_d03__bbob_f020_i08_d03
% instance = 3, reference value = 9.332234604424750e-001
% function evaluation | indicator value | target hit
1	2.734992098887152e+010	2.754228703338163e+010
2	7.821772289900875e+004	7.943282347242822e+004
3	5.799945230450903e+004	5.888436553555884e+004
6	7.797636544026428e+002	7.943282347242813e+002
170	4.476978400895710e+002	4.570881896148752e+002
421	1.118173269034720e+002	1.122018454301963e+002
488	8.932432217555567e+001	9.120108393559097e+001
620	4.153304892380601e+001	4.168693834703355e+001
697	3.718578009961868e+001	3.801893963205612e+001
715	1.854484877890969e+000	1.862087136662868e+000
1097	1.628439707893975e+000	1.659586907437561e+000
1110	1.606566282375475e+000	1.621810097358930e+000
1121	1.015253462191975e+000	1.023292992280754e+000
1171	7.702218751093212e-001	7.762471166286917e-001
1368	7.536898936272160e-001	7.585775750291838e-001
1387	6.805399482204696e-001	6.918309709189364e-001
1456	5.016871684932326e-001	5.128613839913648e-001
1491	4.679482710963145e-001	4.786300923226383e-001
1493	4.372061319059056e-001	4.466835921509632e-001
1494	3.788730801669104e-001	3.801893963205612e-001
1511	3.413534735689218e-001	3.467368504525316e-001
1542	3.064901972672169e-001	3.090295432513591e-001
1633	2.063281860178629e-001	2.089296130854039e-001
1707	1.870390969888301e-001	1.905460717963247e-001
1769	1.844896511101022e-001	1.862087136662868e-001
1797	1.743706064318105e-001	1.778279410038923e-001
1803	1.575161834633991e-001	1.584893192461113e-001
1839	1.374563504831291e-001	1.380384264602885e-001
1885	1.317081894530561e-001	1.318256738556407e-001
1942	1.242222472133526e-001	1.258925411794167e-001
1962	1.171439027087504e-001	1.174897554939529e-001
2012	1.106014202058583e-001	1.122018454301964e-001
2119	1.090266753929264e-001	1.096478196143185e-001
2129	9.796796231219973e-002	1.000000000000000e-001
2167	7.844718656517602e-002	7.943282347242814e-002
2241	7.689759222573400e-002	7.762471166286916e-002
2279	7.459258061603136e-002	7.585775750291836e-002
2292	6.957577623251743e-002	7.079457843841380e-002
2318	5.427918916008445e-002	5.495408738576246e-002
2386	5.331416504879194e-002	5.370317963702527e-002
2390	3.889456797003110e-002	3.890451449942807e-002
2408	3.681791315407168e-002	3.715352290971726e-002
2461	3.576481738707116e-002	3.630780547701014e-002
2517	3.397968084870595e-002	3.467368504525317e-002
2533	3.116011438182587e-002	3.162277660168379e-002
2648	3.047012043359199e-002	3.090295432513590e-002
2664	2.870030216144903e-002	2.884031503126606e-002
2813	2.808977509358945e-002	2.818382931264454e-002
2818	2.637614947524181e-002	2.691534803926915e-002
2879	2.496399049193143e-002	2.511886431509579e-002
2929	2.322085532227192e-002	2.344228815319923e-002
2938	2.281609048010191e-002	2.290867652767774e-002
3091	2.137391610608330e-002	2.137962089502233e-002
3112	2.030440185463023e-002	2.041737944669530e-002
3124	1.906709138623397e-002	1.949844599758046e-002
3142	1.899069403870168e-002	1.905460717963247e-002
3174	1.710777943780595e-002	1.737800828749376e-002
3231	1.670464193502697e-002	1.698243652461744e-002
3232	1.645275219165421e-002	1.659586907437561e-002
3354	1.614363013772158e-002	1.621810097358930e-002
3360	1.416484909986693e-002	1.445439770745927e-002
3403	1.330826327800960e-002	1.348962882591653e-002
3411	1.317516303324495e-002	1.318256738556408e-002
3413	1.205977106537670e-002	1.230268770812382e-002
3476	1.182832447443927e-002	1.202264434617413e-002
3644	1.173776809219473e-002	1.174897554939530e-002
3771	1.141306579723322e-002	1.148153621496883e-002
3781	1.046480847056797e-002	1.047128548050900e-002
3829	1.016045987918912e-002	1.023292992280754e-002
3854	9.751877427330857e-003	9.772372209558112e-003
3855	8.726379685008556e-003	8.912509381337459e-003
3858	8.603505512792764e-003	8.709635899560805e-003
3901	8.083351834723640e-003	8.128305161640995e-003
4010	7.927769628582881e-003	7.943282347242814e-003
4108	7.227086742305544e-003	7.244359600749898e-003
4181	6.971451003262463e-003	7.079457843841380e-003
4300	6.894353575681245e-003	6.918309709189363e-003
4452	6.716063686687535e-003	6.760829753919818e-003
4597	6.554545642853515e-003	6.606934480075957e-003
4692	6.365188747291417e-003	6.456542290346556e-003
4988	6.196313484745364e-003	6.309573444801930e-003
5078	6.145062067973828e-003	6.165950018614822e-003
5159	5.565618925886362e-003	5.623413251903491e-003
5257	5.410253202831283e-003	5.495408738576248e-003
5442	5.305783299550115e-003	5.370317963702527e-003
5449	5.219976771092760e-003	5.248074602497728e-003
5467	5.040671842475031e-003	5.128613839913648e-003
5501	4.848639431017876e-003	4.897788193684461e-003
5636	4.763937003020691e-003	4.786300923226385e-003
5838	4.676940480159653e-003	4.677351412871981e-003
6018	4.569624657400739e-003	4.570881896148752e-003
6063	4.422182463186375e-003	4.466835921509631e-003
6117	4.238769355659922e-003	4.265795188015926e-003
6230	4.072968243138964e-003	4.073802778041126e-003
6371	3.973957936427408e-003	3.981071705534973e-003
6419	3.886816398524617e-003	3.890451449942805e-003
6706	3.799652890500105e-003	3.801893963205613e-003
6882	3.713943089163285e-003	3.715352290971724e-003
6902	3.497307044662334e-003	3.548133892335753e-003
7014	3.453654462624911e-003	3.467368504525317e-003
7139	3.330994560651224e-003	3.388441561392024e-003
7343	3.307405349486925e-003	3.311311214825911e-003
7395	3.225028169165811e-003	3.235936569296281e-003
7594	3.139344460525995e-003	3.162277660168379e-003
7837	3.031308284548007e-003	3.090295432513592e-003
7905	3.015852908268557e-003	3.019951720402016e-003
8432	2.949999124386316e-003	2.951209226666387e-003
8616	2.852101297676102e-003	2.884031503126606e-003
9111	2.811992644228600e-003	2.818382931264455e-003
9402	2.703995509428792e-003	2.754228703338166e-003
9459	2.689878747898056e-003	2.691534803926917e-003
9554	2.630253667987637e-003	2.630267991895381e-003
9664	2.476659981219598e-003	2.511886431509579e-003
10013	2.430709336184389e-003	2.454708915685031e-003
10097	2.374226430173154e-003	2.398832919019490e-003
10134	2.252931591746776e-003	2.290867652767772e-003
10214	2.184301546143574e-003	2.187761623949552e-003
10783	2.126470304680272e-003	2.137962089502233e-003
11028	2.056548305094719e-003	2.089296130854039e-003
11313	2.041049441444565e-003	2.041737944669530e-003
11787	1.956247183790616e-003	1.995262314968879e-003
11829	1.885454123958352e-003	1.905460717963246e-003
12100	1.812884160731443e-003	1.819700858609983e-003
12299	1.776618544352626e-003	1.778279410038923e-003
12481	1.729921032356807e-003	1.737800828749376e-003
12487	1.673486990504736e-003	1.698243652461744e-003
12632	1.658070437527193e-003	1.659586907437561e-003
12819	1.618732495743736e-003	1.621810097358930e-003
13261	1.584684243084111e-003	1.584893192461114e-003
13519	1.544766376517459e-003	1.548816618912481e-003
13831	1.492757451864502e-003	1.513561248436209e-003
14073	1.456080591453635e-003	1.479108388168207e-003
14259	1.441444679854076e-003	1.445439770745928e-003
14370	1.402880510796511e-003	1.412537544622754e-003
14582	1.375687227648137e-003	1.380384264602885e-003
15396	1.348915349537072e-003	1.348962882591653e-003
15894	1.310744836667710e-003	1.318256738556408e-003
16140	1.287676735200360e-003	1.288249551693134e-003
16308	1.217463472778291e-003	1.230268770812381e-003
16604	1.202260940579958e-003	1.202264434617413e-003
16660	1.171032973053432e-003	1.174897554939529e-003
16988	1.145963246681037e-003	1.148153621496883e-003
17544	1.117311421129252e-003	1.122018454301963e-003
18250	1.081039380460225e-003	1.096478196143185e-003
18469	1.071477553212796e-003	1.071519305237606e-003
18874	1.045697268393653e-003	1.047128548050900e-003
19717	1.021841266420576e-003	1.023292992280754e-003
20487	9.368323322879180e-004	9.549925860214359e-004
20884	9.286384720647023e-004	9.332543007969915e-004
21723	9.116932024963997e-004	9.120108393559096e-004
22698	8.797977809952284e-004	8.912509381337459e-004
23345	8.689046326965100e-004	8.709635899560805e-004
24023	8.392202791940306e-004	8.511380382023768e-004
24187	7.895842827660982e-004	7.943282347242813e-004
24712	7.761466131894768e-004	7.762471166286919e-004
25859	7.403806762654730e-004	7.413102413009177e-004
26247	7.169245107221389e-004	7.244359600749898e-004
26281	6.838361162275763e-004	6.918309709189362e-004
26704	6.735823905785754e-004	6.760829753919819e-004
27395	6.592206724332916e-004	6.606934480075958e-004
28037	6.415551976660661e-004	6.456542290346556e-004
28873	6.298623996177089e-004	6.309573444801930e-004
30039	6.153370914686596e-004	6.165950018614822e-004
30628	6.024679659232257e-004	6.025595860743575e-004
31208	5.888101705794346e-004	5.888436553555889e-004
32441	5.741639737242288e-004	5.754399373371566e-004
33765	5.576651941064936e-004	5.623413251903491e-004
34713	5.495027239399430e-004	5.495408738576249e-004
34938	5.365230653450182e-004	5.370317963702527e-004
36398	5.235981229237963e-004	5.248074602497728e-004
37218	5.126797557604146e-004	5.128613839913648e-004
39023	4.996161000139221e-004	5.011872336272725e-004
39595	4.887990411408527e-004	4.897788193684461e-004
40475	4.777253788446068e-004	4.786300923226385e-004
42121	4.677298445662226e-004	4.677351412871981e-004
43990	4.552621438522753e-004	4.570881896148752e-004
45255	4.422400238087709e-004	4.466835921509631e-004
46484	4.313611848679733e-004	4.365158322401661e-004
47732	4.265595034835812e-004	4.265795188015926e-004
48697	4.167487865534003e-004	4.168693834703355e-004
51440	4.063508312358577e-004	4.073802778041126e-004
54146	3.980728863003380e-004	3.981071705534974e-004
55274	3.883350450517575e-004	3.890451449942804e-004
55328	3.796616384114104e-004	3.801893963205612e-004
58243	3.701393011742438e-004	3.715352290971724e-004
60077	3.628271867707200e-004	3.630780547701014e-004
63586	3.547258645330009e-004	3.548133892335753e-004
64826	3.431179109918414e-004	3.467368504525317e-004
65798	3.346967945436763e-004	3.388441561392024e-004
67313	3.305443665923002e-004	3.311311214825911e-004
71076	3.234970336590815e-004	3.235936569296281e-004
74583	3.142151837302043e-004	3.162277660168379e-004
76274	3.090294161193219e-004	3.090295432513592e-004
80947	2.988422544144553e-004	3.019951720402016e-004
85019	2.950382215800573e-004	2.951209226666387e-004
91927	2.874517438025137e-004	2.884031503126606e-004
97612	2.809612390157756e-004	2.818382931264455e-004
103864	2.753688182124403e-004	2.754228703338166e-004
112125	2.691069591606032e-004	2.691534803926917e-004
118067	2.314689902306322e-004	2.344228815319923e-004
121350	2.263719706840917e-004	2.290867652767772e-004
124036	2.229253126226904e-004	2.238721138568340e-004
124205	2.159500705237738e-004	2.187761623949552e-004
127967	2.110680629050510e-004	2.137962089502232e-004
131184	2.081996779355055e-004	2.089296130854039e-004
133068	2.014134536384438e-004	2.041737944669530e-004
133963	1.981580239336367e-004	1.995262314968879e-004
136008	1.941357693626689e-004	1.949844599758046e-004
136168	1.903393747457738e-004	1.905460717963246e-004
140859	1.862081138118699e-004	1.862087136662868e-004
142698	1.815708886711009e-004	1.819700858609983e-004
143532	1.769587165801889e-004	1.778279410038923e-004
145160	1.693824638805408e-004	1.698243652461744e-004
149496	1.636409891945245e-004	1.659586907437562e-004
150522	1.611178371161426e-004	1.621810097358930e-004
155092	1.584715410914983e-004	1.584893192461114e-004
161562	1.546525836649826e-004	1.548816618912481e-004
168391	1.513456090151966e-004	1.513561248436209e-004
175300	1.478574968194479e-004	1.479108388168207e-004
186938	1.445353970399577e-004	1.445439770745928e-004
192340	1.412518951152686e-004	1.412537544622754e-004
207569	1.379321377954490e-004	1.380384264602885e-004
218903	1.347552757788861e-004	1.348962882591653e-004
228283	1.307353014851076e-004	1.318256738556407e-004
242283	1.288241066265128e-004	1.288249551693134e-004
261336	1.258898659212138e-004	1.258925411794167e-004
280693	1.227937327262785e-004	1.230268770812381e-004
300001	1.205789024044668e-004	1.230268770812381e-004
%
% index = 1053, name = bbob_f017_i09_d03__bbob_f020_i10_d03
% instance = 4, reference value = 9.475393074166690e-001
% function evaluation | indicator value | target hit
1	9.840324109938518e+003	1.000000000000000e+004
3	7.607880622449730e+003	7.762471166286920e+003
6	4.320855424605615e+003	4.365158322401661e+003
8	2.850645920727592e+002	2.884031503126606e+002
13	2.533753285164307e+002	2.570395782768865e+002
112	4.095858865840579e+001	4.168693834703355e+001
227	1.485261844183742e+001	1.513561248436208e+001
348	6.779726601554668e+000	6.918309709189365e+000
483	1.365635030733169e+000	1.380384264602885e+000
731	7.630363328141450e-001	7.762471166286917e-001
809	3.874499967283783e-001	3.890451449942806e-001
881	3.327898604820136e-001	3.388441561392026e-001
901	3.198153530576263e-001	3.235936569296283e-001
910	3.123964989388807e-001	3.162277660168379e-001
983	2.783357358160669e-001	2.818382931264454e-001
1030	2.603146397816732e-001	2.630267991895382e-001
1056	2.568638453804129e-001	2.570395782768864e-001
1074	2.510949257659599e-001	2.511886431509580e-001
1116	2.311975297213739e-001	2.344228815319922e-001
1135	2.231973256879867e-001	2.238721138568340e-001
1162	1.933513811686746e-001	1.949844599758046e-001
1181	1.668878551387992e-001	1.698243652461744e-001
1206	1.582573959818906e-001	1.584893192461113e-001
1217	1.482048800132699e-001	1.513561248436208e-001
1264	1.230259657984407e-001	1.230268770812382e-001
1322	1.125772675478405e-001	1.148153621496883e-001
1366	1.096900267046962e-001	1.122018454301964e-001
1369	1.091621361643582e-001	1.096478196143185e-001
1450	1.012575703097974e-001	1.023292992280754e-001
1486	9.915642384749357e-002	1.000000000000000e-001
1594	7.268189622281918e-002	7.413102413009177e-002
1605	7.226824840579960e-002	7.244359600749903e-002
1784	6.909538151937944e-002	6.918309709189366e-002
1811	6.598288916747730e-002	6.606934480075961e-002
1852	6.438566365892151e-002	6.456542290346556e-002
1874	6.251424899558666e-002	6.309573444801933e-002
1974	5.870950383172724e-002	5.888436553555890e-002
2041	5.459076371949989e-002	5.495408738576246e-002
2177	5.369301635180268e-002	5.370317963702527e-002
2184	4.612996044708562e-002	4.677351412871982e-002
2308	4.503235851687726e-002	4.570881896148749e-002
2427	4.426521192554644e-002	4.466835921509630e-002
2433	4.318731703487055e-002	4.365158322401658e-002
2552	4.155689924775519e-002	4.168693834703355e-002
2741	4.028179714813651e-002	4.073802778041128e-002
2802	3.943285278756337e-002	3.981071705534973e-002
2847	3.552513797498447e-002	3.630780547701014e-002
2973	3.517290901769710e-002	3.548133892335755e-002
3225	3.452301813541692e-002	3.467368504525317e-002
3437	3.368672600018474e-002	3.388441561392026e-002
3575	3.117911223190528e-002	3.162277660168379e-002
3674	3.016409878181292e-002	3.019951720402016e-002
4046	2.941958408638246e-002	2.951209226666385e-002
4505	2.867691990633448e-002	2.884031503126606e-002
4596	2.807151007357489e-002	2.818382931264454e-002
5138	2.698613564079089e-002	2.754228703338166e-002
5148	2.688796254692338e-002	2.691534803926915e-002
5456	2.611690290102342e-002	2.630267991895382e-002
5547	2.512530541647240e-002	2.570395782768863e-002
5710	2.445517549668752e-002	2.454708915685030e-002
6219	2.383258964156410e-002	2.398832919019490e-002
6355	2.306914042260311e-002	2.344228815319923e-002
6568	2.284907716308415e-002	2.290867652767774e-002
6670	2.184753327641253e-002	2.187761623949553e-002
7646	2.135260423517427e-002	2.137962089502233e-002
8190	1.958489635516447e-002	1.995262314968880e-002
8354	1.948337460839156e-002	1.949844599758046e-002
8578	1.875659026034748e-002	1.905460717963247e-002
8628	1.842475725421444e-002	1.862087136662868e-002
8859	1.818807179674298e-002	1.819700858609984e-002
10146	1.774336124387455e-002	1.778279410038923e-002
10826	1.705341408149319e-002	1.737800828749376e-002
10864	1.692389567968933e-002	1.698243652461744e-002
11128	1.611627295340490e-002	1.621810097358930e-002
11714	1.549624296128849e-002	1.584893192461113e-002
11766	1.543135188042666e-002	1.548816618912481e-002
11919	1.509092923636923e-002	1.513561248436208e-002
12235	1.452081865704602e-002	1.479108388168207e-002
12435	1.444766428590416e-002	1.445439770745927e-002
13053	1.411867025148816e-002	1.412537544622754e-002
13952	1.346428391944265e-002	1.348962882591653e-002
14122	1.272659636670404e-002	1.288249551693134e-002
14330	1.254375436348565e-002	1.258925411794168e-002
15488	1.227899687302259e-002	1.230268770812382e-002
17941	1.166502891219667e-002	1.174897554939530e-002
19166	1.141808596207361e-002	1.148153621496883e-002
20479	1.104152860912544e-002	1.122018454301964e-002
20814	1.094585317714913e-002	1.096478196143185e-002
21072	1.070264187072045e-002	1.071519305237607e-002
22691	1.041513789863569e-002	1.047128548050900e-002
23046	9.949075106074679e-003	1.000000000000000e-002
24572	9.750183952136116e-003	9.772372209558112e-003
24753	9.494495284614546e-003	9.549925860214359e-003
25672	9.242671207012276e-003	9.332543007969915e-003
26360	8.669148122316672e-003	8.709635899560805e-003
26965	8.467492485524031e-003	8.511380382023768e-003
29535	8.314043938090210e-003	8.317637711026709e-003
29823	8.100444502182946e-003	8.128305161640995e-003
30278	7.898273609559747e-003	7.943282347242814e-003
31074	7.692733078481173e-003	7.762471166286920e-003
32997	7.318525561996525e-003	7.413102413009177e-003
34374	7.243209946688589e-003	7.244359600749898e-003
173619	7.079457535864031e-003	7.079457843841380e-003
300001	7.076438552562459e-003	7.079457843841380e-003
%
% index = 1054, name = bbob_f017_i11_d03__bbob_f020_i12_d03
% instance = 5, reference value = 9.834050227968501e-001
% function evaluation | indicator value | target hit
1	3.471879404805778e+007	3.548133892335753e+007
2	1.650568473518524e+003	1.659586907437561e+003
3	1.187633216142766e+003	1.202264434617413e+003
5	7.688583636406744e+002	7.762471166286920e+002
6	4.960367808917540e+001	5.011872336272722e+001
148	4.507544427347608e+001	4.570881896148750e+001
227	2.211021766025471e+001	2.238721138568340e+001
255	6.050578124592382e+000	6.165950018614822e+000
503	3.381988428114831e+000	3.388441561392026e+000
588	1.814660199613658e+000	1.819700858609983e+000
762	1.620881390645850e+000	1.621810097358930e+000
833	7.630749272165907e-001	7.762471166286917e-001
856	4.723623937276023e-001	4.786300923226383e-001
857	2.742649314769603e-001	2.754228703338166e-001
1010	1.935861892210236e-001	1.949844599758046e-001
1068	1.828875120633513e-001	1.862087136662868e-001
1113	1.647399041336723e-001	1.659586907437561e-001
1114	1.594680530453685e-001	1.621810097358930e-001
1127	1.474349827651444e-001	1.479108388168208e-001
1129	1.040287010856607e-001	1.047128548050900e-001
1140	9.867124344849643e-002	1.000000000000000e-001
1149	9.689871459448285e-002	9.772372209558107e-002
1151	8.659980774557818e-002	8.709635899560805e-002
1156	5.592273389433289e-002	5.623413251903491e-002
1189	4.622853826886497e-002	4.677351412871982e-002
1204	4.546430943390933e-002	4.570881896148749e-002
1211	4.432131037256692e-002	4.466835921509630e-002
1216	4.361683401678085e-002	4.365158322401658e-002
1228	3.953322875374388e-002	3.981071705534973e-002
1298	3.866323070423405e-002	3.890451449942807e-002
1306	3.783763646466376e-002	3.801893963205612e-002
1325	3.472091664174726e-002	3.548133892335755e-002
1334	3.398168289975989e-002	3.467368504525317e-002
1342	3.226766730102448e-002	3.235936569296283e-002
1369	3.153243013605489e-002	3.162277660168379e-002
1375	2.822780857334284e-002	2.884031503126606e-002
1411	2.674942270819125e-002	2.691534803926915e-002
1430	2.084780851867429e-002	2.089296130854040e-002
1436	1.953686911761110e-002	1.995262314968880e-002
1485	1.872863325745666e-002	1.905460717963247e-002
1494	1.805874972336419e-002	1.819700858609984e-002
1537	1.656909409378171e-002	1.659586907437561e-002
1579	1.613076773495559e-002	1.621810097358930e-002
1586	1.580309955018766e-002	1.584893192461113e-002
1656	1.496726089622003e-002	1.513561248436208e-002
1688	1.470825350369054e-002	1.479108388168207e-002
1713	1.437222084249790e-002	1.445439770745927e-002
1747	1.396154268501404e-002	1.412537544622754e-002
1748	1.345470638010371e-002	1.348962882591653e-002
1769	1.306390941886249e-002	1.318256738556408e-002
1779	1.268177462553721e-002	1.288249551693134e-002
1801	1.254805511460111e-002	1.258925411794168e-002
1842	1.198486912462948e-002	1.202264434617413e-002
1869	1.166414488380063e-002	1.174897554939530e-002
1908	1.063546336134535e-002	1.071519305237607e-002
1929	9.649698502068205e-003	9.772372209558112e-003
1961	9.405525461950171e-003	9.549925860214359e-003
1991	9.312757217850187e-003	9.332543007969915e-003
2008	9.115436246777686e-003	9.120108393559097e-003
2047	8.902699260997959e-003	8.912509381337459e-003
2084	8.636233812791661e-003	8.709635899560805e-003
2117	8.430608995338318e-003	8.511380382023768e-003
2146	8.203761260325959e-003	8.317637711026709e-003
2182	7.850123125396680e-003	7.943282347242814e-003
2255	7.709756298720838e-003	7.762471166286920e-003
2406	7.578245714087828e-003	7.585775750291836e-003
2452	7.192091262616884e-003	7.244359600749898e-003
2470	6.990866643810101e-003	7.079457843841380e-003
2632	6.720974643429800e-003	6.760829753919818e-003
2664	6.369226946571049e-003	6.456542290346556e-003
2714	6.252672557975347e-003	6.309573444801930e-003
2723	6.021965967771936e-003	6.025595860743574e-003
2724	5.887296381589691e-003	5.888436553555890e-003
2870	5.752358704268268e-003	5.754399373371567e-003
3071	5.612201179107546e-003	5.623413251903491e-003
3316	5.420822701714845e-003	5.495408738576248e-003
3323	5.232193699262866e-003	5.248074602497728e-003
3501	5.120142465170896e-003	5.128613839913648e-003
3741	4.928811174525927e-003	5.011872336272725e-003
3766	4.870688956257974e-003	4.897788193684461e-003
3919	4.713944497071743e-003	4.786300923226385e-003
3935	4.598936143601407e-003	4.677351412871981e-003
3978	4.556578805881006e-003	4.570881896148752e-003
4052	4.438951551265724e-003	4.466835921509631e-003
4089	4.322919045877116e-003	4.365158322401661e-003
4189	4.240712888065823e-003	4.265795188015926e-003
4466	4.148205113723824e-003	4.168693834703355e-003
5112	4.051873842412013e-003	4.073802778041126e-003
5136	3.971547523030083e-003	3.981071705534973e-003
5174	3.699007932962850e-003	3.715352290971724e-003
5285	3.501449000375523e-003	3.548133892335753e-003
5286	3.301854995741982e-003	3.311311214825911e-003
5434	3.228031822205657e-003	3.235936569296281e-003
5727	3.076609387248963e-003	3.090295432513592e-003
5795	3.019785730221880e-003	3.019951720402016e-003
5951	2.937656859946403e-003	2.951209226666387e-003
5987	2.834821680240518e-003	2.884031503126606e-003
6061	2.764111251029489e-003	2.818382931264455e-003
6147	2.753669924238200e-003	2.754228703338166e-003
6419	2.681729491549878e-003	2.691534803926917e-003
6607	2.575137685965512e-003	2.630267991895381e-003
6678	2.553965160245753e-003	2.570395782768865e-003
6860	2.507914868073335e-003	2.511886431509579e-003
7226	2.449658917873410e-003	2.454708915685031e-003
7400	2.380057294294691e-003	2.398832919019490e-003
7946	2.310738929465206e-003	2.344228815319923e-003
8042	2.281324276198871e-003	2.290867652767772e-003
8630	2.185110597985873e-003	2.187761623949552e-003
8848	2.136773988673069e-003	2.137962089502233e-003
8978	2.086129431142059e-003	2.089296130854039e-003
9018	2.038531462810189e-003	2.041737944669530e-003
9522	1.991019871361632e-003	1.995262314968879e-003
10535	1.947947346520595e-003	1.949844599758046e-003
10924	1.902183977839478e-003	1.905460717963246e-003
11113	1.858153727855361e-003	1.862087136662868e-003
11809	1.798094475025436e-003	1.819700858609983e-003
11884	1.739376120727165e-003	1.778279410038923e-003
12240	1.734556557529410e-003	1.737800828749376e-003
12683	1.697855845536500e-003	1.698243652461744e-003
14429	1.658877810324699e-003	1.659586907437561e-003
14852	1.618453105070139e-003	1.621810097358930e-003
15996	1.577434912686360e-003	1.584893192461114e-003
17269	1.547958947895500e-003	1.548816618912481e-003
18529	1.509889570617595e-003	1.513561248436209e-003
19269	1.474158040613016e-003	1.479108388168207e-003
19969	1.433008557436666e-003	1.445439770745928e-003
22109	1.410966988074636e-003	1.412537544622754e-003
23505	1.380048742756879e-003	1.380384264602885e-003
25152	1.346882848807907e-003	1.348962882591653e-003
26119	1.313573758333519e-003	1.318256738556408e-003
26882	1.284598853557584e-003	1.288249551693134e-003
29136	1.257779955268212e-003	1.258925411794168e-003
30632	1.228165589901131e-003	1.230268770812381e-003
34791	1.202041617464400e-003	1.202264434617413e-003
38716	1.174670540998513e-003	1.174897554939529e-003
47715	1.148050643954290e-003	1.148153621496883e-003
49421	1.111371807177353e-003	1.122018454301963e-003
55244	1.096107957555104e-003	1.096478196143185e-003
71920	1.071236886659333e-003	1.071519305237606e-003
116147	1.046701997440169e-003	1.047128548050900e-003
300001	1.029412381800210e-003	1.047128548050900e-003
%
% index = 1055, name = bbob_f017_i13_d03__bbob_f020_i14_d03
% instance = 6, reference value = 9.732495763871850e-001
% function evaluation | indicator value | target hit
1	4.440134624399833e+003	4.466835921509631e+003
6	2.165882979848466e+001	2.187761623949553e+001
374	1.639122460364820e+001	1.659586907437561e+001
421	4.680568038736921e+000	4.786300923226384e+000
485	3.563369882650847e+000	3.630780547701014e+000
496	3.516020632567156e+000	3.548133892335755e+000
523	3.224223784774019e+000	3.235936569296283e+000
525	2.396565140859480e+000	2.398832919019490e+000
527	1.720033838407185e+000	1.737800828749375e+000
530	9.711545454497998e-001	9.772372209558107e-001
737	3.714014986441637e-001	3.715352290971726e-001
759	3.230608847367644e-001	3.235936569296283e-001
774	2.355023378993895e-001	2.398832919019490e-001
788	1.931372419638416e-001	1.949844599758046e-001
809	1.898195117697407e-001	1.905460717963247e-001
812	1.828379539375650e-001	1.862087136662868e-001
866	1.792382885056524e-001	1.819700858609984e-001
960	1.474347930626855e-001	1.479108388168208e-001
1032	1.365973854394368e-001	1.380384264602885e-001
1037	1.331572481521984e-001	1.348962882591654e-001
1055	1.283827994064627e-001	1.288249551693134e-001
1075	1.253696531032650e-001	1.258925411794167e-001
1078	1.100710403496787e-001	1.122018454301964e-001
1098	1.026577456622149e-001	1.047128548050900e-001
1107	1.007285865483151e-001	1.023292992280754e-001
1128	9.975535232892885e-002	1.000000000000000e-001
1138	9.764904271641584e-002	9.772372209558107e-002
1205	7.833350703011921e-002	7.943282347242814e-002
1244	7.091929599844127e-002	7.244359600749903e-002
1259	7.078478888404050e-002	7.079457843841380e-002
1311	6.841808828581442e-002	6.918309709189366e-002
1313	5.535935647417556e-002	5.623413251903491e-002
1316	4.842337807423869e-002	4.897788193684461e-002
1406	4.729493244291994e-002	4.786300923226383e-002
1411	4.636651433191485e-002	4.677351412871982e-002
1432	4.564334844126561e-002	4.570881896148749e-002
1532	4.453901889833822e-002	4.466835921509630e-002
1609	4.261644975675483e-002	4.265795188015926e-002
1616	3.883660691097890e-002	3.890451449942807e-002
1662	3.769910614455907e-002	3.801893963205612e-002
1786	3.694190939431852e-002	3.715352290971726e-002
1805	3.427475537584646e-002	3.467368504525317e-002
1813	3.336332313300072e-002	3.388441561392026e-002
1911	3.256136444823543e-002	3.311311214825911e-002
1929	3.066847231832415e-002	3.090295432513590e-002
1999	3.014663004156826e-002	3.019951720402016e-002
2031	2.926557114181472e-002	2.951209226666385e-002
2078	2.724442878915057e-002	2.754228703338166e-002
2094	2.554333173696821e-002	2.570395782768863e-002
2148	2.494758478660164e-002	2.511886431509579e-002
2151	2.411214185506982e-002	2.454708915685030e-002
2169	2.393025893209799e-002	2.398832919019490e-002
2308	2.271453937060763e-002	2.290867652767774e-002
2456	2.222330486092605e-002	2.238721138568340e-002
2542	2.184983039529620e-002	2.187761623949553e-002
2582	2.133047722428905e-002	2.137962089502233e-002
2673	2.085158355161776e-002	2.089296130854040e-002
2679	1.965512598907071e-002	1.995262314968880e-002
2758	1.926360859456500e-002	1.949844599758046e-002
2796	1.868248620570923e-002	1.905460717963247e-002
2812	1.859763894629640e-002	1.862087136662868e-002
2921	1.775189783671904e-002	1.778279410038923e-002
3103	1.673973030745302e-002	1.698243652461744e-002
3115	1.652399509290681e-002	1.659586907437561e-002
3209	1.604864086674440e-002	1.621810097358930e-002
3232	1.560278539415072e-002	1.584893192461113e-002
3242	1.511985333052213e-002	1.513561248436208e-002
3272	1.428659191866810e-002	1.445439770745927e-002
3372	1.395236162739022e-002	1.412537544622754e-002
3382	1.368126930846680e-002	1.380384264602885e-002
3416	1.345710515876120e-002	1.348962882591653e-002
3514	1.311660353418143e-002	1.318256738556408e-002
3634	1.276735549206964e-002	1.288249551693134e-002
3827	1.250916769201727e-002	1.258925411794168e-002
3907	1.224174691998936e-002	1.230268770812382e-002
4005	1.187588055753164e-002	1.202264434617413e-002
4203	1.172266656265730e-002	1.174897554939530e-002
4244	1.141558323808600e-002	1.148153621496883e-002
4583	1.112684649318241e-002	1.122018454301964e-002
4616	1.089641604433556e-002	1.096478196143185e-002
4639	1.066536038946053e-002	1.071519305237607e-002
4753	1.046791141159031e-002	1.047128548050900e-002
4965	1.023225571233322e-002	1.023292992280754e-002
5146	9.767221405797555e-003	9.772372209558112e-003
5336	9.540337331296556e-003	9.549925860214359e-003
5838	9.304631841895117e-003	9.332543007969915e-003
5965	9.099084448143335e-003	9.120108393559097e-003
6091	8.828569565680788e-003	8.912509381337459e-003
6411	8.694695032881006e-003	8.709635899560805e-003
6989	8.307104497310425e-003	8.317637711026709e-003
7359	8.088838554964672e-003	8.128305161640995e-003
7449	7.679007921527981e-003	7.762471166286920e-003
7652	7.369587867158245e-003	7.413102413009177e-003
7955	7.076160773258899e-003	7.079457843841380e-003
8306	6.734317858275940e-003	6.760829753919818e-003
8395	6.606531740926291e-003	6.606934480075957e-003
8679	6.159440045692688e-003	6.165950018614822e-003
9344	5.958847320733485e-003	6.025595860743574e-003
9665	5.814136780969315e-003	5.888436553555890e-003
9923	5.752249988372205e-003	5.754399373371567e-003
10064	5.590491970566713e-003	5.623413251903491e-003
10813	5.382026195455247e-003	5.495408738576248e-003
10865	5.370291832912599e-003	5.370317963702527e-003
11648	5.103926009767612e-003	5.128613839913648e-003
11837	5.004988561590595e-003	5.011872336272725e-003
12227	4.778091210988378e-003	4.786300923226385e-003
12553	4.526461263506865e-003	4.570881896148752e-003
12929	4.453743993492410e-003	4.466835921509631e-003
13647	4.326820274114573e-003	4.365158322401661e-003
14016	4.092653472389296e-003	4.168693834703355e-003
14046	4.028243610325055e-003	4.073802778041126e-003
15212	3.980741370687380e-003	3.981071705534973e-003
15892	3.845430537329109e-003	3.890451449942805e-003
16545	3.793088922555143e-003	3.801893963205613e-003
16714	3.581406658252795e-003	3.630780547701014e-003
17293	3.505844048912188e-003	3.548133892335753e-003
17432	3.365467875165451e-003	3.388441561392024e-003
17657	3.277381704737126e-003	3.311311214825911e-003
18483	3.223517733423331e-003	3.235936569296281e-003
19452	3.160909808093249e-003	3.162277660168379e-003
20004	3.081138865701605e-003	3.090295432513592e-003
21000	2.950258119427174e-003	2.951209226666387e-003
21695	2.869909664859227e-003	2.884031503126606e-003
22612	2.815864412350266e-003	2.818382931264455e-003
24088	2.746401641906204e-003	2.754228703338166e-003
24877	2.684727466209513e-003	2.691534803926917e-003
25951	2.620641990393358e-003	2.630267991895381e-003
27605	2.553678345087684e-003	2.570395782768865e-003
28493	2.502092247173349e-003	2.511886431509579e-003
29599	2.432002068055272e-003	2.454708915685031e-003
30359	2.358441547561818e-003	2.398832919019490e-003
30827	2.250385483887785e-003	2.290867652767772e-003
31233	2.238553545877098e-003	2.238721138568340e-003
31691	2.109155235137883e-003	2.137962089502233e-003
32179	2.033864242947381e-003	2.041737944669530e-003
33300	1.995042973018335e-003	1.995262314968879e-003
34699	1.943318796797433e-003	1.949844599758046e-003
37548	1.904358843564324e-003	1.905460717963246e-003
39882	1.861263731251506e-003	1.862087136662868e-003
43482	1.798885088545199e-003	1.819700858609983e-003
44069	1.764658699958899e-003	1.778279410038923e-003
44767	1.714026764354282e-003	1.737800828749376e-003
46285	1.682437327843234e-003	1.698243652461744e-003
46970	1.597741409636755e-003	1.621810097358930e-003
48218	1.584885256949886e-003	1.584893192461114e-003
51539	1.531572381143209e-003	1.548816618912481e-003
52368	1.496648103517240e-003	1.513561248436209e-003
52760	1.452082540132071e-003	1.479108388168207e-003
54594	1.445353145788642e-003	1.445439770745928e-003
57281	1.398547225661573e-003	1.412537544622754e-003
62113	1.366943915802832e-003	1.380384264602885e-003
69484	1.333149220471785e-003	1.348962882591653e-003
77283	1.290491736468669e-003	1.318256738556408e-003
78856	1.267503178962293e-003	1.288249551693134e-003
80467	1.257419473374322e-003	1.258925411794168e-003
82065	1.166533840400774e-003	1.174897554939529e-003
90050	1.115667119745090e-003	1.122018454301963e-003
90650	1.067060484626570e-003	1.071519305237606e-003
110779	1.041232926940028e-003	1.047128548050900e-003
116166	9.983727339109016e-004	1.000000000000000e-003
133205	9.639590299030942e-004	9.772372209558111e-004
135157	9.447121435939287e-004	9.549925860214359e-004
135874	9.275821541000484e-004	9.332543007969915e-004
140295	9.118672746228906e-004	9.120108393559096e-004
149397	8.912106263390118e-004	8.912509381337459e-004
155300	8.619946284404989e-004	8.709635899560805e-004
157991	8.461205542857897e-004	8.511380382023768e-004
169434	8.316997011995619e-004	8.317637711026709e-004
172723	8.097807905045329e-004	8.128305161640995e-004
179000	7.916694094912691e-004	7.943282347242813e-004
182898	7.638163824373878e-004	7.762471166286919e-004
183324	7.382451886542851e-004	7.413102413009177e-004
196867	7.223876468187562e-004	7.244359600749898e-004
202843	7.002312809138989e-004	7.079457843841380e-004
220650	6.869396432083175e-004	6.918309709189362e-004
224598	6.681305553166705e-004	6.760829753919819e-004
225551	6.604961552654221e-004	6.606934480075958e-004
235487	6.432079264401258e-004	6.456542290346556e-004
241318	6.267490001257148e-004	6.309573444801930e-004
258871	6.143543889192138e-004	6.165950018614822e-004
278658	6.023441074377578e-004	6.025595860743575e-004
287628	5.885918520119882e-004	5.888436553555889e-004
300001	5.876532462043560e-004	5.888436553555889e-004
%
% index = 1056, name = bbob_f017_i15_d03__bbob_f020_i16_d03
% instance = 7, reference value = 9.930987713933190e-001
% function evaluation | indicator value | target hit
1	2.065919295574438e+004	2.089296130854041e+004
5	4.497381172253011e+003	4.570881896148752e+003
6	1.165354372655907e+002	1.174897554939529e+002
278	2.529006911334557e+001	2.570395782768863e+001
452	2.344799504731506e+001	2.398832919019490e+001
457	1.578118664362621e+001	1.584893192461113e+001
524	8.644415736757802e+000	8.709635899560805e+000
614	7.835473894243819e+000	7.943282347242816e+000
647	9.833252574531994e-001	1.000000000000000e+000
684	8.502335792082124e-001	8.511380382023764e-001
879	6.668647079334106e-001	6.760829753919818e-001
929	3.314162106035729e-001	3.388441561392026e-001
997	3.305576762725746e-001	3.311311214825911e-001
1080	2.791931956290015e-001	2.818382931264454e-001
1095	2.664206052671168e-001	2.691534803926916e-001
1121	1.722961234838353e-001	1.737800828749375e-001
1300	1.589209636511447e-001	1.621810097358930e-001
1375	1.541986285664259e-001	1.548816618912481e-001
1387	9.370542099131662e-002	9.549925860214359e-002
1446	8.203031892895785e-002	8.317637711026708e-002
1576	7.850775270401922e-002	7.943282347242814e-002
1590	6.589366244546846e-002	6.606934480075961e-002
1608	6.284138527171312e-002	6.309573444801933e-002
1611	6.100324673077961e-002	6.165950018614822e-002
1801	4.462920041199969e-002	4.466835921509630e-002
1846	4.258497511817794e-002	4.265795188015926e-002
1850	2.979332736234142e-002	3.019951720402016e-002
1890	2.880798795399009e-002	2.884031503126606e-002
1913	2.715169344879542e-002	2.754228703338166e-002
1918	2.689405430227687e-002	2.691534803926915e-002
2279	2.627823840716659e-002	2.630267991895382e-002
2304	2.433727714495171e-002	2.454708915685030e-002
2524	2.255321210492944e-002	2.290867652767774e-002
2742	2.125495802105326e-002	2.137962089502233e-002
2954	2.088007719948981e-002	2.089296130854040e-002
3170	1.970350804296972e-002	1.995262314968880e-002
3243	1.911484013832310e-002	1.949844599758046e-002
3423	1.491941037938449e-002	1.513561248436208e-002
3436	1.438141648409019e-002	1.445439770745927e-002
3705	1.402414783786643e-002	1.412537544622754e-002
3748	1.351230515681656e-002	1.380384264602885e-002
3796	1.328469695622381e-002	1.348962882591653e-002
3812	1.295194262779231e-002	1.318256738556408e-002
3828	1.136187512910536e-002	1.148153621496883e-002
3938	1.111493386199303e-002	1.122018454301964e-002
4158	9.736665521038468e-003	9.772372209558112e-003
4427	9.344730049403283e-003	9.549925860214359e-003
4466	9.317197699476365e-003	9.332543007969915e-003
4543	8.589092783023333e-003	8.709635899560805e-003
4549	8.077258504759155e-003	8.128305161640995e-003
4765	7.783761167878489e-003	7.943282347242814e-003
4893	7.748856246936220e-003	7.762471166286920e-003
4963	7.462399276995102e-003	7.585775750291836e-003
4976	7.290302285744010e-003	7.413102413009177e-003
5053	7.084965473272531e-003	7.244359600749898e-003
5114	6.682001249916247e-003	6.760829753919818e-003
5152	6.594518121522008e-003	6.606934480075957e-003
5498	6.456427135028586e-003	6.456542290346556e-003
5615	6.238712304232119e-003	6.309573444801930e-003
5926	6.125132913516351e-003	6.165950018614822e-003
5964	5.992928766107686e-003	6.025595860743574e-003
6039	5.887551324654794e-003	5.888436553555890e-003
6056	5.456053593087096e-003	5.495408738576248e-003
6077	5.308336278787240e-003	5.370317963702527e-003
6231	5.105260876676621e-003	5.128613839913648e-003
6572	4.979076204120636e-003	5.011872336272725e-003
6766	4.893445012585151e-003	4.897788193684461e-003
7180	4.747768144820919e-003	4.786300923226385e-003
7330	4.670186599148085e-003	4.677351412871981e-003
7643	4.459249072503391e-003	4.466835921509631e-003
7729	4.289218817118856e-003	4.365158322401661e-003
7793	4.237098915322313e-003	4.265795188015926e-003
8010	4.149225178515237e-003	4.168693834703355e-003
8212	4.059609252829333e-003	4.073802778041126e-003
8570	3.955979787111041e-003	3.981071705534973e-003
8693	3.789918432132389e-003	3.801893963205613e-003
9298	3.459151900864765e-003	3.467368504525317e-003
10331	3.308597595627960e-003	3.311311214825911e-003
11082	3.196115924198328e-003	3.235936569296281e-003
11799	3.125518135914995e-003	3.162277660168379e-003
11815	3.088346208165671e-003	3.090295432513592e-003
12520	2.819111828786802e-003	2.884031503126606e-003
12544	2.719632813915074e-003	2.754228703338166e-003
13779	2.676065659486970e-003	2.691534803926917e-003
15661	2.630266457606889e-003	2.630267991895381e-003
16116	2.522184767293267e-003	2.570395782768865e-003
16326	2.462602282700566e-003	2.511886431509579e-003
16575	2.450041408343817e-003	2.454708915685031e-003
17468	2.255885759300136e-003	2.290867652767772e-003
17714	2.232865348879343e-003	2.238721138568340e-003
18117	2.105451129716607e-003	2.137962089502233e-003
18487	2.038623040727883e-003	2.041737944669530e-003
20694	1.821789350604286e-003	1.862087136662868e-003
21143	1.818679154769076e-003	1.819700858609983e-003
21450	1.777124558062004e-003	1.778279410038923e-003
22386	1.724130798066215e-003	1.737800828749376e-003
24681	1.626724033207183e-003	1.659586907437561e-003
25234	1.617266394660311e-003	1.621810097358930e-003
26153	1.584776476009520e-003	1.584893192461114e-003
27762	1.547541267019614e-003	1.548816618912481e-003
28979	1.426589385691512e-003	1.445439770745928e-003
30328	1.356610311375572e-003	1.380384264602885e-003
30354	1.347283012437139e-003	1.348962882591653e-003
33118	1.256720294777747e-003	1.258925411794168e-003
35075	1.227005857819652e-003	1.230268770812381e-003
36791	1.102025215751423e-003	1.122018454301963e-003
38345	1.095254314389393e-003	1.096478196143185e-003
40797	1.052046012816055e-003	1.071519305237606e-003
40902	1.025702298552922e-003	1.047128548050900e-003
41059	9.937942150743950e-004	1.000000000000000e-003
41206	9.631442603272866e-004	9.772372209558111e-004
43826	9.537957135213881e-004	9.549925860214359e-004
45722	9.194086932204915e-004	9.332543007969915e-004
46519	8.842059035160110e-004	8.912509381337459e-004
46779	8.328806389834575e-004	8.511380382023768e-004
46849	8.274544720634491e-004	8.317637711026709e-004
48865	7.839168166479116e-004	7.943282347242813e-004
49758	7.757084153621197e-004	7.762471166286919e-004
51851	7.392284506290148e-004	7.413102413009177e-004
52443	7.037700180847484e-004	7.079457843841380e-004
52990	6.704805268890057e-004	6.760829753919819e-004
53682	6.505812872322769e-004	6.606934480075958e-004
56737	6.454925385013244e-004	6.456542290346556e-004
57224	6.295884918997574e-004	6.309573444801930e-004
59193	6.138471267455037e-004	6.165950018614822e-004
60681	5.851946734595215e-004	5.888436553555889e-004
63976	5.754048737114381e-004	5.754399373371566e-004
66876	5.484191373720249e-004	5.495408738576249e-004
69686	5.348498165808069e-004	5.370317963702527e-004
71506	5.247808466252169e-004	5.248074602497728e-004
74235	5.116490466878787e-004	5.128613839913648e-004
77232	5.009548343365422e-004	5.011872336272725e-004
86060	4.895314129541584e-004	4.897788193684461e-004
87690	4.714504697294064e-004	4.786300923226385e-004
88435	4.476511923261484e-004	4.570881896148752e-004
88810	4.177200455135477e-004	4.265795188015926e-004
89069	4.163858027737000e-004	4.168693834703355e-004
89335	4.035287134417365e-004	4.073802778041126e-004
91333	3.980781382247889e-004	3.981071705534974e-004
93212	3.862357506023706e-004	3.890451449942804e-004
97788	3.800468597044970e-004	3.801893963205612e-004
100145	3.714120446545177e-004	3.715352290971724e-004
103694	3.527133050578168e-004	3.548133892335753e-004
108822	3.440656868001213e-004	3.467368504525317e-004
116914	3.322383375056193e-004	3.388441561392024e-004
117852	3.291940189628084e-004	3.311311214825911e-004
120938	3.220826518360864e-004	3.235936569296281e-004
128389	3.141076094532735e-004	3.162277660168379e-004
129889	3.016514393293646e-004	3.019951720402016e-004
136879	2.950579090011951e-004	2.951209226666387e-004
155126	2.875998699847226e-004	2.884031503126606e-004
157417	2.725014322815245e-004	2.754228703338166e-004
173128	2.629216323534189e-004	2.630267991895381e-004
195452	2.553488340456545e-004	2.570395782768865e-004
195626	2.507563619397191e-004	2.511886431509580e-004
196517	2.370894824537118e-004	2.398832919019490e-004
207707	2.344006230664553e-004	2.344228815319923e-004
234076	2.285534108091847e-004	2.290867652767772e-004
273726	2.238091474965342e-004	2.238721138568340e-004
274573	2.167116309329531e-004	2.187761623949552e-004
296197	2.136479226440002e-004	2.137962089502232e-004
300001	2.130433303427770e-004	2.137962089502232e-004
%
% index = 1057, name = bbob_f017_i17_d03__bbob_f020_i18_d03
% instance = 8, reference value = 7.611772602588730e-001
% function evaluation | indicator value | target hit
1	1.756384954889290e+007	1.778279410038923e+007
2	9.688292083297694e+006	9.772372209558113e+006
3	6.694301023697539e+006	6.760829753919819e+006
6	1.013154898845876e+005	1.023292992280754e+005
129	8.924374098427114e+004	9.120108393559097e+004
307	6.372090324909295e+003	6.456542290346556e+003
402	7.264845981489501e+002	7.413102413009177e+002
518	4.204984413194462e+002	4.265795188015925e+002
877	6.457558223067873e+000	6.606934480075959e+000
934	1.944614764810777e+000	1.949844599758045e+000
1120	8.103972984568729e-001	8.128305161640993e-001
1249	6.257925217275246e-001	6.309573444801933e-001
1344	6.077401235176103e-001	6.165950018614822e-001
1379	5.733714899584698e-001	5.754399373371569e-001
1414	5.205812408416979e-001	5.248074602497725e-001
1599	5.025591720699980e-001	5.128613839913648e-001
1612	4.867255729064490e-001	4.897788193684462e-001
1682	4.529247189621245e-001	4.570881896148750e-001
1875	4.250806986459931e-001	4.265795188015927e-001
2059	4.132251454589919e-001	4.168693834703354e-001
2076	4.009539753672169e-001	4.073802778041127e-001
2091	3.976725117673091e-001	3.981071705534973e-001
2184	3.877612017565649e-001	3.890451449942806e-001
2243	3.790532696801651e-001	3.801893963205612e-001
2311	3.625883714933560e-001	3.630780547701014e-001
2373	3.479302062155463e-001	3.548133892335755e-001
2399	3.437250576678689e-001	3.467368504525316e-001
2418	3.237446733116142e-001	3.311311214825911e-001
2476	3.076738850810122e-001	3.090295432513591e-001
2570	3.006863298274514e-001	3.019951720402016e-001
2683	2.867232419424522e-001	2.884031503126606e-001
2717	2.766395130879109e-001	2.818382931264454e-001
2835	2.746139217713089e-001	2.754228703338166e-001
3046	2.329327686320303e-001	2.344228815319922e-001
3116	2.234119493290626e-001	2.238721138568340e-001
3175	2.153008598449853e-001	2.187761623949552e-001
3256	2.117210678576814e-001	2.137962089502232e-001
3547	2.078997592184598e-001	2.089296130854039e-001
3696	2.037088478808220e-001	2.041737944669530e-001
3788	1.701763728394807e-001	1.737800828749375e-001
3915	1.421944075956229e-001	1.445439770745928e-001
4027	1.401622377540923e-001	1.412537544622755e-001
4211	1.318065115457198e-001	1.318256738556407e-001
4424	1.151146795925034e-001	1.174897554939529e-001
4509	1.147779614024286e-001	1.148153621496883e-001
4613	1.097753870642445e-001	1.122018454301964e-001
4681	1.096273234427526e-001	1.096478196143185e-001
4767	1.067401676238300e-001	1.071519305237607e-001
4920	1.044876064747499e-001	1.047128548050900e-001
5256	1.007338193766439e-001	1.023292992280754e-001
5372	9.998894795204971e-002	1.000000000000000e-001
5602	9.659257432301771e-002	9.772372209558107e-002
5854	9.329940598506836e-002	9.332543007969910e-002
6088	9.041324364757086e-002	9.120108393559097e-002
6365	8.894835341985863e-002	8.912509381337455e-002
6569	8.652191447881041e-002	8.709635899560805e-002
6584	8.477304264307806e-002	8.511380382023763e-002
6636	8.180246742974939e-002	8.317637711026708e-002
6773	7.999177509033151e-002	8.128305161640990e-002
6877	7.933168010446046e-002	7.943282347242814e-002
7010	7.757842327998976e-002	7.762471166286916e-002
7465	7.576167394990407e-002	7.585775750291836e-002
7565	7.300843136035129e-002	7.413102413009177e-002
7805	7.236577448665449e-002	7.244359600749903e-002
8056	7.072743710437079e-002	7.079457843841380e-002
8659	6.865276451759561e-002	6.918309709189366e-002
9212	6.752746648449748e-002	6.760829753919818e-002
10104	6.605241117661964e-002	6.606934480075961e-002
11367	6.443679226975307e-002	6.456542290346556e-002
15172	6.309535626933449e-002	6.309573444801933e-002
16705	5.529390986321903e-002	5.623413251903491e-002
16745	5.486762771054154e-002	5.495408738576246e-002
16896	5.337541260698175e-002	5.370317963702527e-002
17082	5.181937780458423e-002	5.248074602497726e-002
17393	5.016849251138955e-002	5.128613839913648e-002
17595	5.010974365814080e-002	5.011872336272722e-002
17962	4.887118176873240e-002	4.897788193684461e-002
18008	4.683507234718021e-002	4.786300923226383e-002
18188	4.499280842751641e-002	4.570881896148749e-002
18357	4.428807175163707e-002	4.466835921509630e-002
19131	4.364543974127311e-002	4.365158322401658e-002
19197	4.192164701747170e-002	4.265795188015926e-002
19500	4.141191395890154e-002	4.168693834703355e-002
19550	3.906725594303728e-002	3.981071705534973e-002
19650	3.759996444503355e-002	3.801893963205612e-002
19811	3.638905572262907e-002	3.715352290971726e-002
19983	3.628977969467095e-002	3.630780547701014e-002
20660	3.436271804657698e-002	3.467368504525317e-002
20826	3.384339498246303e-002	3.388441561392026e-002
21338	3.075285114079784e-002	3.090295432513590e-002
21585	2.921111134899068e-002	2.951209226666385e-002
22127	2.876530385356579e-002	2.884031503126606e-002
22418	2.796089109508804e-002	2.818382931264454e-002
22864	2.740910701994481e-002	2.754228703338166e-002
22902	2.580778104320269e-002	2.630267991895382e-002
22999	2.565934789549873e-002	2.570395782768863e-002
23024	2.509704115525968e-002	2.511886431509579e-002
23804	2.454300836269208e-002	2.454708915685030e-002
24184	2.395019841574053e-002	2.398832919019490e-002
24421	2.341794187478130e-002	2.344228815319923e-002
24915	2.288839596816150e-002	2.290867652767774e-002
25266	2.213029888017359e-002	2.238721138568340e-002
25426	2.163607616598906e-002	2.187761623949553e-002
25596	2.127653996883028e-002	2.137962089502233e-002
26413	2.086938546035178e-002	2.089296130854040e-002
26932	2.022218233280093e-002	2.041737944669530e-002
27196	1.995104696754491e-002	1.995262314968880e-002
27840	1.949758308676985e-002	1.949844599758046e-002
29260	1.905357885803927e-002	1.905460717963247e-002
37145	1.861983026534664e-002	1.862087136662868e-002
43908	1.791007316769133e-002	1.819700858609984e-002
57423	1.778235840688858e-002	1.778279410038923e-002
98094	1.737623655620391e-002	1.737800828749376e-002
99232	1.585933518752836e-002	1.621810097358930e-002
100687	1.349342979881207e-002	1.380384264602885e-002
101406	1.348951463404058e-002	1.348962882591653e-002
102575	1.294601398846507e-002	1.318256738556408e-002
103306	1.263968898838874e-002	1.288249551693134e-002
103488	1.220199046946635e-002	1.230268770812382e-002
104053	1.197289482059982e-002	1.202264434617413e-002
104571	9.990661546729118e-003	1.000000000000000e-002
105162	8.809870845409185e-003	8.912509381337459e-003
105236	8.631537204343953e-003	8.709635899560805e-003
105292	8.365216677329701e-003	8.511380382023768e-003
105969	7.660009601004769e-003	7.762471166286920e-003
106463	7.373361191196914e-003	7.413102413009177e-003
106685	7.113281362418289e-003	7.244359600749898e-003
107299	6.989730897791424e-003	7.079457843841380e-003
108147	6.907356131765186e-003	6.918309709189363e-003
109313	6.749589585099414e-003	6.760829753919818e-003
110831	6.560149349746247e-003	6.606934480075957e-003
111346	6.384125722667222e-003	6.456542290346556e-003
112835	6.308637147731111e-003	6.309573444801930e-003
115807	6.164415575600546e-003	6.165950018614822e-003
121073	6.022615067073911e-003	6.025595860743574e-003
132882	5.888058101306437e-003	5.888436553555890e-003
161208	4.763346597045359e-003	4.786300923226385e-003
165100	4.651717458459936e-003	4.677351412871981e-003
169236	4.430366783582329e-003	4.466835921509631e-003
170441	4.318859074065706e-003	4.365158322401661e-003
172148	4.264475769499954e-003	4.265795188015926e-003
179390	4.155031513610519e-003	4.168693834703355e-003
186870	4.043582797013334e-003	4.073802778041126e-003
189806	3.975030220163878e-003	3.981071705534973e-003
208176	3.853985710348007e-003	3.890451449942805e-003
250393	3.768425870039671e-003	3.801893963205613e-003
300001	3.724406152994297e-003	3.801893963205613e-003
%
% index = 1058, name = bbob_f017_i19_d03__bbob_f020_i21_d03
% instance = 9, reference value = 9.944017401487379e-001
% function evaluation | indicator value | target hit
1	9.469152281594025e+007	9.549925860214369e+007
2	4.257684651524632e+004	4.265795188015926e+004
5	8.529210352090147e+003	8.709635899560806e+003
6	2.272061933957405e+002	2.290867652767772e+002
414	6.423494289578230e+001	6.456542290346556e+001
422	4.489584855997334e+001	4.570881896148750e+001
490	4.083897166892248e+001	4.168693834703355e+001
554	3.903561110916090e+000	3.981071705534972e+000
635	6.598349747003451e-001	6.606934480075960e-001
940	4.284321824771300e-001	4.365158322401660e-001
974	3.545696543510740e-001	3.548133892335755e-001
1114	3.441241883822797e-001	3.467368504525316e-001
1223	2.864483988824107e-001	2.884031503126606e-001
1230	2.808332937990086e-001	2.818382931264454e-001
1255	2.678716177839406e-001	2.691534803926916e-001
1257	1.826882479344988e-001	1.862087136662868e-001
1264	1.549903754761648e-001	1.584893192461113e-001
1310	1.548502732709736e-001	1.548816618912481e-001
1321	1.266530542202069e-001	1.288249551693134e-001
1406	8.937072841361404e-002	9.120108393559097e-002
1480	7.863786490425906e-002	7.943282347242814e-002
1487	6.681690806028584e-002	6.760829753919818e-002
1556	6.583299752749061e-002	6.606934480075961e-002
1567	6.427959608748868e-002	6.456542290346556e-002
1581	4.670471927152087e-002	4.677351412871982e-002
1621	4.560156998684495e-002	4.570881896148749e-002
1765	4.461371011320237e-002	4.466835921509630e-002
1988	4.210491240612113e-002	4.265795188015926e-002
2007	4.148199429782229e-002	4.168693834703355e-002
2117	3.786751084153939e-002	3.801893963205612e-002
2145	3.552745910865696e-002	3.630780547701014e-002
2175	3.545862252485099e-002	3.548133892335755e-002
2207	3.405097286678727e-002	3.467368504525317e-002
2252	3.315026595236559e-002	3.388441561392026e-002
2269	3.277330452755201e-002	3.311311214825911e-002
2299	3.223298238117267e-002	3.235936569296283e-002
2374	3.105497496299292e-002	3.162277660168379e-002
2391	3.053598624286202e-002	3.090295432513590e-002
2425	2.634563791986089e-002	2.691534803926915e-002
2542	2.620352733700437e-002	2.630267991895382e-002
2548	2.529774418209596e-002	2.570395782768863e-002
2585	1.749420190577422e-002	1.778279410038923e-002
2721	1.544872107970530e-002	1.548816618912481e-002
3032	1.504159012236139e-002	1.513561248436208e-002
3141	1.452486808887521e-002	1.479108388168207e-002
3143	1.120457364817984e-002	1.122018454301964e-002
3305	1.093334257168643e-002	1.096478196143185e-002
3308	1.067648488904882e-002	1.071519305237607e-002
4102	1.044742974333490e-002	1.047128548050900e-002
4421	8.510542260585563e-003	8.511380382023768e-003
4558	7.757800557200767e-003	7.762471166286920e-003
4638	7.577248781884038e-003	7.585775750291836e-003
5031	7.394094135948270e-003	7.413102413009177e-003
5325	6.727431068671685e-003	6.760829753919818e-003
5941	6.593264889170336e-003	6.606934480075957e-003
6130	6.066467037375345e-003	6.165950018614822e-003
6313	5.965404613713088e-003	6.025595860743574e-003
6413	4.275032732935613e-003	4.365158322401661e-003
6442	4.262353760366766e-003	4.265795188015926e-003
7324	4.168257856247304e-003	4.168693834703355e-003
7748	4.007601271403538e-003	4.073802778041126e-003
7816	3.866408329709525e-003	3.890451449942805e-003
8459	3.774821312530152e-003	3.801893963205613e-003
8554	3.665084058707913e-003	3.715352290971724e-003
8900	3.548321732962489e-003	3.630780547701014e-003
8961	3.548088587233544e-003	3.548133892335753e-003
9785	3.465765329901616e-003	3.467368504525317e-003
10642	3.373835534860148e-003	3.388441561392024e-003
10919	3.284478706631400e-003	3.311311214825911e-003
11574	3.229530749537024e-003	3.235936569296281e-003
11667	2.933141886564350e-003	2.951209226666387e-003
11678	2.874748052490106e-003	2.884031503126606e-003
12863	2.666275922486361e-003	2.691534803926917e-003
13602	2.610906814059621e-003	2.630267991895381e-003
15198	2.569494247853021e-003	2.570395782768865e-003
16879	2.483160779691684e-003	2.511886431509579e-003
17619	2.441091985507127e-003	2.454708915685031e-003
17843	2.374374706211713e-003	2.398832919019490e-003
18693	2.342165638877680e-003	2.344228815319923e-003
19315	2.080367184473908e-003	2.089296130854039e-003
20385	1.968422137603065e-003	1.995262314968879e-003
22242	1.941527766760709e-003	1.949844599758046e-003
22494	1.897226655860784e-003	1.905460717963246e-003
22746	1.805339023591812e-003	1.819700858609983e-003
22785	1.625164613212604e-003	1.659586907437561e-003
23428	1.621657790268904e-003	1.621810097358930e-003
23972	1.570624838316714e-003	1.584893192461114e-003
25639	1.547452372547498e-003	1.548816618912481e-003
25868	1.495255327489620e-003	1.513561248436209e-003
27651	1.405287758645346e-003	1.412537544622754e-003
29837	1.322442415982672e-003	1.348962882591653e-003
32006	1.226129208625526e-003	1.230268770812381e-003
32500	1.194707649132765e-003	1.202264434617413e-003
33373	1.164744776297577e-003	1.174897554939529e-003
37687	1.146308722021261e-003	1.148153621496883e-003
42255	1.120861317509325e-003	1.122018454301963e-003
43998	1.073905789057639e-003	1.096478196143185e-003
45550	1.070211504660801e-003	1.071519305237606e-003
49505	1.043303959047282e-003	1.047128548050900e-003
53091	1.002901307385673e-003	1.023292992280754e-003
54750	8.766434205345064e-004	8.912509381337459e-004
55615	8.705856832567083e-004	8.709635899560805e-004
56600	8.460694201452013e-004	8.511380382023768e-004
60884	8.091059057209193e-004	8.128305161640995e-004
68029	7.926788481048552e-004	7.943282347242813e-004
71121	7.758517969120859e-004	7.762471166286919e-004
76791	7.577383305750196e-004	7.585775750291835e-004
80499	7.412650163400869e-004	7.413102413009177e-004
85190	7.237650312508226e-004	7.244359600749898e-004
87737	7.061527920594335e-004	7.079457843841380e-004
94505	6.913809260161719e-004	6.918309709189362e-004
98998	6.745668700672836e-004	6.760829753919819e-004
105979	6.598928931854653e-004	6.606934480075958e-004
108434	6.451435447973886e-004	6.456542290346556e-004
120047	6.260341513693035e-004	6.309573444801930e-004
127039	6.161213974771318e-004	6.165950018614822e-004
140088	5.989507692346630e-004	6.025595860743575e-004
154631	5.886997084524337e-004	5.888436553555889e-004
170738	5.741370885197217e-004	5.754399373371566e-004
195903	5.552169797687911e-004	5.623413251903491e-004
203437	5.415059845380599e-004	5.495408738576249e-004
225692	5.370317273696301e-004	5.370317963702527e-004
227146	5.224803793116850e-004	5.248074602497728e-004
253142	5.111756257243361e-004	5.128613839913648e-004
300001	5.031484664873576e-004	5.128613839913648e-004
%
% index = 1059, name = bbob_f017_i21_d03__bbob_f020_i22_d03
% instance = 10, reference value = 9.829140202369250e-001
% function evaluation | indicator value | target hit
1	6.442034315067000e+003	6.456542290346556e+003
2	4.137929999427720e+003	4.168693834703355e+003
3	3.182881700866205e+003	3.235936569296281e+003
6	2.580211710963737e+001	2.630267991895381e+001
179	1.988350281359749e+001	1.995262314968880e+001
274	1.165985205602675e+001	1.174897554939530e+001
317	9.109598466310791e+000	9.120108393559097e+000
389	5.930642396742555e+000	6.025595860743578e+000
480	3.573594891054425e+000	3.630780547701014e+000
518	2.465363926220688e+000	2.511886431509580e+000
584	9.433581404818797e-001	9.549925860214360e-001
650	5.085341208446246e-001	5.128613839913648e-001
669	4.913192942503989e-001	5.011872336272722e-001
778	4.456500310249637e-001	4.466835921509632e-001
822	1.975383076483189e-001	1.995262314968880e-001
842	1.851747589913075e-001	1.862087136662868e-001
853	1.814332981593591e-001	1.819700858609984e-001
1015	1.633134588975934e-001	1.659586907437561e-001
1074	1.491342306163221e-001	1.513561248436208e-001
1103	1.473520342401803e-001	1.479108388168208e-001
1181	1.388119825992903e-001	1.412537544622755e-001
1191	1.378057543732187e-001	1.380384264602885e-001
1231	1.261343043501981e-001	1.288249551693134e-001
1243	1.234293363886777e-001	1.258925411794167e-001
1250	1.025919151544458e-001	1.047128548050900e-001
1260	9.222102112728581e-002	9.332543007969910e-002
1286	8.198467514323382e-002	8.317637711026708e-002
1292	6.881825233146588e-002	6.918309709189366e-002
1297	5.925376663602178e-002	6.025595860743578e-002
1329	5.831240045090214e-002	5.888436553555890e-002
1392	5.430575053070452e-002	5.495408738576246e-002
1511	5.354693083945206e-002	5.370317963702527e-002
1514	5.157745176288120e-002	5.248074602497726e-002
1565	5.076639587914966e-002	5.128613839913648e-002
1590	4.723008777556437e-002	4.786300923226383e-002
1715	4.599472598628474e-002	4.677351412871982e-002
1753	4.497283384346718e-002	4.570881896148749e-002
1756	4.408332378446678e-002	4.466835921509630e-002
1797	4.276391420725190e-002	4.365158322401658e-002
1823	4.116012254747659e-002	4.168693834703355e-002
1853	3.917683499472890e-002	3.981071705534973e-002
1912	3.851450477009311e-002	3.890451449942807e-002
1997	3.701467795742164e-002	3.715352290971726e-002
2001	3.536023086644091e-002	3.548133892335755e-002
2051	3.063740697459616e-002	3.090295432513590e-002
2090	2.959298023201229e-002	3.019951720402016e-002
2183	2.744494030578915e-002	2.754228703338166e-002
2701	2.671918757196312e-002	2.691534803926915e-002
2714	2.628111757822627e-002	2.630267991895382e-002
2779	2.485858633431193e-002	2.511886431509579e-002
2861	2.392664569932756e-002	2.398832919019490e-002
2985	2.330427381829370e-002	2.344228815319923e-002
3297	2.225680108838568e-002	2.238721138568340e-002
3524	2.154089135663317e-002	2.187761623949553e-002
3591	1.875550710588003e-002	1.905460717963247e-002
3603	1.802256925354051e-002	1.819700858609984e-002
3640	1.747464680142763e-002	1.778279410038923e-002
3666	1.696910830847553e-002	1.698243652461744e-002
3845	1.646271588810011e-002	1.659586907437561e-002
4311	1.609762756703836e-002	1.621810097358930e-002
4414	1.583639836340334e-002	1.584893192461113e-002
4771	1.545868966204145e-002	1.548816618912481e-002
4841	1.473327376457845e-002	1.479108388168207e-002
5068	1.355678488945566e-002	1.380384264602885e-002
5141	1.343052363035024e-002	1.348962882591653e-002
5741	1.316514670307956e-002	1.318256738556408e-002
5926	1.281672128690314e-002	1.288249551693134e-002
6362	1.256878055835897e-002	1.258925411794168e-002
6476	1.200829354092659e-002	1.202264434617413e-002
6769	1.173634347268804e-002	1.174897554939530e-002
7213	1.134614535365153e-002	1.148153621496883e-002
7525	1.114137339372112e-002	1.122018454301964e-002
7600	1.062704711978202e-002	1.071519305237607e-002
7850	1.020478581932216e-002	1.023292992280754e-002
8299	9.928454346245896e-003	1.000000000000000e-002
8417	9.746174029707011e-003	9.772372209558112e-003
8913	9.456805480197450e-003	9.549925860214359e-003
8952	8.597289149533949e-003	8.709635899560805e-003
9160	8.484909107002392e-003	8.511380382023768e-003
9410	8.305045017059864e-003	8.317637711026709e-003
9464	8.118711297012471e-003	8.128305161640995e-003
9585	7.936967424912456e-003	7.943282347242814e-003
9684	7.567428610631533e-003	7.585775750291836e-003
9855	7.393643824752383e-003	7.413102413009177e-003
10174	7.228734011357263e-003	7.244359600749898e-003
10781	7.073008261950231e-003	7.079457843841380e-003
10844	6.764347645799806e-003	6.918309709189363e-003
10959	6.705017679990100e-003	6.760829753919818e-003
11014	6.583157151133223e-003	6.606934480075957e-003
11214	6.394478134467030e-003	6.456542290346556e-003
11586	6.178065189743731e-003	6.309573444801930e-003
11946	6.164352990698507e-003	6.165950018614822e-003
12914	6.021584893138643e-003	6.025595860743574e-003
13044	5.775728106604317e-003	5.888436553555890e-003
13099	5.753235289379766e-003	5.754399373371567e-003
13373	5.592400105385975e-003	5.623413251903491e-003
14305	5.453701679074441e-003	5.495408738576248e-003
14608	5.205725573818265e-003	5.248074602497728e-003
15730	5.045586305518435e-003	5.128613839913648e-003
15763	5.009160733857931e-003	5.011872336272725e-003
17678	4.895705595817645e-003	4.897788193684461e-003
18651	4.696068334794190e-003	4.786300923226385e-003
19870	4.635347783517818e-003	4.677351412871981e-003
20959	4.543875077476334e-003	4.570881896148752e-003
21497	4.379076329453335e-003	4.466835921509631e-003
21950	4.239226197327861e-003	4.265795188015926e-003
23439	4.085015393728408e-003	4.168693834703355e-003
23752	3.968290302089339e-003	3.981071705534973e-003
25753	3.889262866001109e-003	3.890451449942805e-003
26835	3.766012627548498e-003	3.801893963205613e-003
26874	3.702199200096401e-003	3.715352290971724e-003
27357	3.630420748516050e-003	3.630780547701014e-003
30586	3.543874230150346e-003	3.548133892335753e-003
32231	3.437369364317600e-003	3.467368504525317e-003
32588	3.326654122966288e-003	3.388441561392024e-003
32700	3.245796898912579e-003	3.311311214825911e-003
33017	3.224993386521824e-003	3.235936569296281e-003
33644	3.080033785617276e-003	3.090295432513592e-003
34680	3.006968920077568e-003	3.019951720402016e-003
36497	2.947461583524547e-003	2.951209226666387e-003
38646	2.880254835195162e-003	2.884031503126606e-003
39736	2.808730589296427e-003	2.818382931264455e-003
39751	2.751987540397294e-003	2.754228703338166e-003
40622	2.688233913739069e-003	2.691534803926917e-003
44860	2.589783989038641e-003	2.630267991895381e-003
45184	2.537359759394064e-003	2.570395782768865e-003
46800	2.453430543873370e-003	2.454708915685031e-003
46991	2.323750371836630e-003	2.344228815319923e-003
49345	2.235065969350192e-003	2.238721138568340e-003
51404	2.153956765589493e-003	2.187761623949552e-003
51457	1.982319948486633e-003	1.995262314968879e-003
54167	1.919668448952194e-003	1.949844599758046e-003
54721	1.813785477453589e-003	1.819700858609983e-003
57965	1.761620017219134e-003	1.778279410038923e-003
63440	1.733098330311211e-003	1.737800828749376e-003
65469	1.659176548462593e-003	1.659586907437561e-003
69082	1.601439977051755e-003	1.621810097358930e-003
69860	1.574387941168820e-003	1.584893192461114e-003
71092	1.487655407926281e-003	1.513561248436209e-003
71762	1.462666027798765e-003	1.479108388168207e-003
73899	1.431303655620497e-003	1.445439770745928e-003
74245	1.393925468253676e-003	1.412537544622754e-003
75761	1.370341453061696e-003	1.380384264602885e-003
75987	1.343395546659743e-003	1.348962882591653e-003
76108	1.292076149900123e-003	1.318256738556408e-003
76740	1.230314666726518e-003	1.258925411794168e-003
76753	1.230034275878422e-003	1.230268770812381e-003
83619	1.181655960582950e-003	1.202264434617413e-003
86290	1.162863411102277e-003	1.174897554939529e-003
88304	1.143126722264465e-003	1.148153621496883e-003
90698	1.113010886982346e-003	1.122018454301963e-003
98008	1.096465875027652e-003	1.096478196143185e-003
103316	1.071048562963917e-003	1.071519305237606e-003
111669	1.046880500624292e-003	1.047128548050900e-003
151472	1.021761647506447e-003	1.023292992280754e-003
300001	1.015381594322573e-003	1.023292992280754e-003
