%
% index = 290, name = bbob_f008_i02_d02__bbob_f014_i04_d02
% instance = 1, reference value = 9.762124965006150e-001
% function evaluation | indicator value | target hit
1	2.317258823616846e+004	2.344228815319923e+004
3	9.254121712789605e+003	9.332543007969915e+003
4	7.483600469245411e+003	7.585775750291836e+003
5	4.630211370937874e+003	4.677351412871981e+003
6	1.544931948612662e+001	1.548816618912481e+001
13	6.289139433023115e+000	6.309573444801933e+000
190	1.510084773652115e+000	1.513561248436208e+000
199	5.291771701313992e-001	5.370317963702527e-001
304	1.364078604209396e-001	1.380384264602885e-001
421	5.003339233714121e-002	5.011872336272722e-002
483	4.366547163969436e-002	4.466835921509630e-002
611	3.644190344524045e-002	3.715352290971726e-002
686	3.368257917932549e-002	3.388441561392026e-002
707	3.022854533895603e-002	3.090295432513590e-002
720	2.995607725290217e-002	3.019951720402016e-002
746	2.834206086922042e-002	2.884031503126606e-002
749	2.467187133518767e-002	2.511886431509579e-002
800	2.023384876835277e-002	2.041737944669530e-002
808	1.701073702784417e-002	1.737800828749376e-002
822	1.666290672570847e-002	1.698243652461744e-002
829	1.566074038567911e-002	1.584893192461113e-002
838	1.363526526349479e-002	1.380384264602885e-002
845	1.347720271652164e-002	1.348962882591653e-002
849	1.219477357441556e-002	1.230268770812382e-002
856	1.114623259755943e-002	1.122018454301964e-002
871	1.059020820071188e-002	1.071519305237607e-002
874	9.985586317085016e-003	1.000000000000000e-002
907	9.601249432657943e-003	9.772372209558112e-003
913	8.452160625446847e-003	8.511380382023768e-003
916	7.892358681956480e-003	7.943282347242814e-003
931	7.657742677364188e-003	7.762471166286920e-003
949	7.571807776784567e-003	7.585775750291836e-003
973	7.400301988705782e-003	7.413102413009177e-003
975	7.237651256799982e-003	7.244359600749898e-003
1000	7.074303833670581e-003	7.079457843841380e-003
1038	6.892978088836377e-003	6.918309709189363e-003
1043	5.636116103949318e-003	5.754399373371567e-003
1045	5.619726005172465e-003	5.623413251903491e-003
1056	5.328437627744598e-003	5.370317963702527e-003
1059	4.525519365740194e-003	4.570881896148752e-003
1067	4.455035245288230e-003	4.466835921509631e-003
1112	4.356746807729461e-003	4.365158322401661e-003
1116	4.241438807657483e-003	4.265795188015926e-003
1167	3.998816122225746e-003	4.073802778041126e-003
1175	3.980001308149905e-003	3.981071705534973e-003
1192	3.605529994668011e-003	3.630780547701014e-003
1201	3.512893703021547e-003	3.548133892335753e-003
1208	3.465921762291990e-003	3.467368504525317e-003
1222	3.385721660435714e-003	3.388441561392024e-003
1230	3.261575081475621e-003	3.311311214825911e-003
1242	3.233829565779445e-003	3.235936569296281e-003
1247	2.844227909084451e-003	2.884031503126606e-003
1248	2.753543702051053e-003	2.754228703338166e-003
1284	2.684294956324052e-003	2.691534803926917e-003
1301	2.535623543294063e-003	2.570395782768865e-003
1315	2.359531632565637e-003	2.398832919019490e-003
1321	2.326876341129602e-003	2.344228815319923e-003
1343	2.250193210582174e-003	2.290867652767772e-003
1363	2.119115570870966e-003	2.137962089502233e-003
1375	2.076468871459181e-003	2.089296130854039e-003
1404	2.030115587164594e-003	2.041737944669530e-003
1410	1.980280995666828e-003	1.995262314968879e-003
1420	1.865855749536460e-003	1.905460717963246e-003
1431	1.861881089105566e-003	1.862087136662868e-003
1466	1.814329181283769e-003	1.819700858609983e-003
1545	1.771900574838004e-003	1.778279410038923e-003
1656	1.735245633921911e-003	1.737800828749376e-003
2124	1.698154275862840e-003	1.698243652461744e-003
200001	1.691107634140376e-003	1.698243652461744e-003
%
% index = 291, name = bbob_f008_i03_d02__bbob_f014_i05_d02
% instance = 2, reference value = 9.962228090655620e-001
% function evaluation | indicator value | target hit
1	1.161628358389547e+006	1.174897554939530e+006
2	1.679126120457666e+005	1.698243652461746e+005
4	1.016765811899699e+003	1.023292992280754e+003
5	4.989631583992331e+001	5.011872336272722e+001
71	1.375651911622062e+000	1.380384264602885e+000
108	8.909287555058219e-001	8.912509381337456e-001
315	5.897101510032654e-002	6.025595860743578e-002
692	5.855929500831048e-002	5.888436553555890e-002
721	5.749804127405112e-002	5.754399373371569e-002
727	3.542259924194979e-002	3.548133892335755e-002
734	1.896714610843031e-002	1.905460717963247e-002
742	1.646591822731214e-002	1.659586907437561e-002
781	1.314413937686454e-002	1.318256738556408e-002
860	1.069285363448547e-002	1.071519305237607e-002
880	9.521391422378733e-003	9.549925860214359e-003
933	6.460486632298479e-003	6.606934480075957e-003
936	6.093198826959245e-003	6.165950018614822e-003
944	5.908483839630163e-003	6.025595860743574e-003
977	5.828888513890185e-003	5.888436553555890e-003
993	5.459870727299476e-003	5.495408738576248e-003
1012	4.823490173505030e-003	4.897788193684461e-003
1057	4.731157124489460e-003	4.786300923226385e-003
1063	3.788572236725019e-003	3.801893963205613e-003
1078	3.474270157909798e-003	3.548133892335753e-003
1084	3.058494248510346e-003	3.090295432513592e-003
1087	2.535784206001424e-003	2.570395782768865e-003
1129	2.461156197168135e-003	2.511886431509579e-003
1137	2.438059958279615e-003	2.454708915685031e-003
1151	1.783388707604861e-003	1.819700858609983e-003
1160	1.681258468937075e-003	1.698243652461744e-003
1163	1.656720762518660e-003	1.659586907437561e-003
1171	1.539122125013726e-003	1.548816618912481e-003
1183	1.504656965200524e-003	1.513561248436209e-003
1204	1.468652871235987e-003	1.479108388168207e-003
1245	1.427935470870945e-003	1.445439770745928e-003
1258	1.295914934304365e-003	1.318256738556408e-003
1273	1.261987074187898e-003	1.288249551693134e-003
1292	1.247829294639180e-003	1.258925411794168e-003
1294	1.221927738291107e-003	1.230268770812381e-003
1307	1.178360350798213e-003	1.202264434617413e-003
1308	1.173667892780617e-003	1.174897554939529e-003
1335	9.980892164853650e-004	1.000000000000000e-003
1361	9.622884637032758e-004	9.772372209558111e-004
1364	9.453760863720184e-004	9.549925860214359e-004
1380	9.218322949711144e-004	9.332543007969915e-004
1393	9.111045614561553e-004	9.120108393559096e-004
1414	8.802226628021881e-004	8.912509381337459e-004
1423	8.606898070435687e-004	8.709635899560805e-004
1430	8.499011593418038e-004	8.511380382023768e-004
1452	8.275764379639394e-004	8.317637711026709e-004
1476	8.072231882014780e-004	8.128305161640995e-004
1494	7.901358907471678e-004	7.943282347242813e-004
1503	7.593588720731237e-004	7.762471166286919e-004
1504	7.583131100162843e-004	7.585775750291835e-004
1528	7.409618843704502e-004	7.413102413009177e-004
1547	7.116566229382615e-004	7.244359600749898e-004
1554	7.071106189008303e-004	7.079457843841380e-004
1576	6.781040646364200e-004	6.918309709189362e-004
1587	6.549088265672687e-004	6.606934480075958e-004
1598	6.450860855007345e-004	6.456542290346556e-004
1622	6.242645699972016e-004	6.309573444801930e-004
1630	6.050005752390453e-004	6.165950018614822e-004
1632	5.748576668735961e-004	5.754399373371566e-004
1667	5.616883288218633e-004	5.623413251903491e-004
1693	5.489121529865804e-004	5.495408738576249e-004
1723	5.345767200198859e-004	5.370317963702527e-004
1725	5.183352685688147e-004	5.248074602497728e-004
1726	5.127132533965240e-004	5.128613839913648e-004
1745	4.906801877750944e-004	5.011872336272725e-004
1748	4.812848333439757e-004	4.897788193684461e-004
1762	4.785136280561764e-004	4.786300923226385e-004
1830	4.664494547893527e-004	4.677351412871981e-004
1901	4.570301744574179e-004	4.570881896148752e-004
1981	4.465982579331396e-004	4.466835921509631e-004
2163	4.363760984985587e-004	4.365158322401661e-004
2682	4.265789496538108e-004	4.265795188015926e-004
2775	3.907560178648684e-004	3.981071705534974e-004
3066	3.890436632149052e-004	3.890451449942804e-004
3631	3.726058451523073e-004	3.801893963205612e-004
4029	3.691561464145288e-004	3.715352290971724e-004
4289	3.602967481420860e-004	3.630780547701014e-004
5158	3.539543450097327e-004	3.548133892335753e-004
5478	3.441759963228597e-004	3.467368504525317e-004
6797	3.380980710908643e-004	3.388441561392024e-004
13621	3.311252075177684e-004	3.311311214825911e-004
16906	3.167920168882787e-004	3.235936569296281e-004
16993	3.056627338179352e-004	3.090295432513592e-004
18405	3.012707729799224e-004	3.019951720402016e-004
23132	2.948383013238187e-004	2.951209226666387e-004
33267	2.876017086477223e-004	2.884031503126606e-004
35105	2.695078766539183e-004	2.754228703338166e-004
36184	2.691458102586086e-004	2.691534803926917e-004
44429	2.627787325933939e-004	2.630267991895381e-004
88878	2.564867139739357e-004	2.570395782768865e-004
95907	2.440161243287831e-004	2.454708915685031e-004
154786	2.397732933212549e-004	2.398832919019490e-004
200001	2.356180991055501e-004	2.398832919019490e-004
%
% index = 292, name = bbob_f008_i07_d02__bbob_f014_i08_d02
% instance = 3, reference value = 9.415963302815210e-001
% function evaluation | indicator value | target hit
1	5.187808048447866e+005	5.248074602497723e+005
3	1.613338861306962e+005	1.621810097358930e+005
4	3.056469193609386e+004	3.090295432513592e+004
5	7.739744235493187e+002	7.762471166286920e+002
6	1.360359401096884e+002	1.380384264602885e+002
13	4.894619271473943e+001	4.897788193684461e+001
17	2.687718025043331e+001	2.691534803926916e+001
58	2.016674513623319e+001	2.041737944669530e+001
63	3.066610324732189e+000	3.090295432513591e+000
67	1.653315553576021e+000	1.659586907437561e+000
232	6.751915323238996e-001	6.760829753919818e-001
352	4.684371815271622e-001	4.786300923226383e-001
363	4.670764531431020e-001	4.677351412871982e-001
469	1.664429705308600e-001	1.698243652461744e-001
510	9.843253437624022e-002	1.000000000000000e-001
522	8.581488198951992e-002	8.709635899560805e-002
564	7.176156069033557e-002	7.244359600749903e-002
607	5.991275913262140e-002	6.025595860743578e-002
616	5.829536534582902e-002	5.888436553555890e-002
636	5.672746863149725e-002	5.754399373371569e-002
680	5.182187437887986e-002	5.248074602497726e-002
823	5.000633562435342e-002	5.011872336272722e-002
907	4.868119551504047e-002	4.897788193684461e-002
961	4.750365225679765e-002	4.786300923226383e-002
986	4.603601410869906e-002	4.677351412871982e-002
995	4.426348119979451e-002	4.466835921509630e-002
996	4.254825852080602e-002	4.265795188015926e-002
1018	3.516019098369294e-002	3.548133892335755e-002
1040	3.341784593958874e-002	3.388441561392026e-002
1101	3.074022678613353e-002	3.090295432513590e-002
1135	2.846270686147634e-002	2.884031503126606e-002
1158	2.782856915831666e-002	2.818382931264454e-002
1165	2.613653722618781e-002	2.630267991895382e-002
1184	2.492366736251039e-002	2.511886431509579e-002
1185	2.389319857402295e-002	2.398832919019490e-002
1199	2.289999751655980e-002	2.290867652767774e-002
1208	2.185197268316463e-002	2.187761623949553e-002
1215	1.958809669757067e-002	1.995262314968880e-002
1220	1.929758882381794e-002	1.949844599758046e-002
1240	1.892011871527155e-002	1.905460717963247e-002
1247	1.768271217662654e-002	1.778279410038923e-002
1271	1.713645598413993e-002	1.737800828749376e-002
1272	1.680719082715709e-002	1.698243652461744e-002
1302	1.607239231319102e-002	1.621810097358930e-002
1304	1.537618263234675e-002	1.548816618912481e-002
1309	1.506506034485478e-002	1.513561248436208e-002
1319	1.476933536469871e-002	1.479108388168207e-002
1348	1.433781418602720e-002	1.445439770745927e-002
1355	1.317115288353332e-002	1.318256738556408e-002
1368	1.066364749779836e-002	1.071519305237607e-002
1375	1.046290920242710e-002	1.047128548050900e-002
1405	9.626507725507660e-003	9.772372209558112e-003
1411	9.439945646992909e-003	9.549925860214359e-003
1419	9.327204851148907e-003	9.332543007969915e-003
1430	9.080405191987495e-003	9.120108393559097e-003
1450	8.787346977063182e-003	8.912509381337459e-003
1454	8.388823295150338e-003	8.511380382023768e-003
1458	8.006073647513823e-003	8.128305161640995e-003
1459	6.184372284186224e-003	6.309573444801930e-003
1460	6.162694282877079e-003	6.165950018614822e-003
1469	6.013745000703175e-003	6.025595860743574e-003
1494	5.847231503051997e-003	5.888436553555890e-003
1513	5.417722025794380e-003	5.495408738576248e-003
1518	5.368663961394127e-003	5.370317963702527e-003
1523	5.205857156273863e-003	5.248074602497728e-003
1527	5.107278416481731e-003	5.128613839913648e-003
1541	5.009235311859372e-003	5.011872336272725e-003
1554	4.893418115472947e-003	4.897788193684461e-003
1573	4.733198222303670e-003	4.786300923226385e-003
1589	4.663779446574146e-003	4.677351412871981e-003
1612	4.522056265735097e-003	4.570881896148752e-003
1622	4.465793550120556e-003	4.466835921509631e-003
1650	4.363219612341429e-003	4.365158322401661e-003
1683	4.252438939245651e-003	4.265795188015926e-003
1692	4.164522951591865e-003	4.168693834703355e-003
1716	4.062120358834798e-003	4.073802778041126e-003
1741	3.975700843070751e-003	3.981071705534973e-003
1748	3.885751614796207e-003	3.890451449942805e-003
1779	3.801743531865909e-003	3.801893963205613e-003
1809	3.714240268907987e-003	3.715352290971724e-003
1857	3.629421109666575e-003	3.630780547701014e-003
1891	3.547949896854363e-003	3.548133892335753e-003
1956	3.465749959966180e-003	3.467368504525317e-003
2159	3.388325501610612e-003	3.388441561392024e-003
2563	3.311289148693941e-003	3.311311214825911e-003
6288	3.235930865715941e-003	3.235936569296281e-003
113521	3.158777081369135e-003	3.162277660168379e-003
200001	3.102015776006883e-003	3.162277660168379e-003
%
% index = 293, name = bbob_f008_i09_d02__bbob_f014_i10_d02
% instance = 4, reference value = 9.830300956098770e-001
% function evaluation | indicator value | target hit
1	1.820682313841813e+005	1.862087136662866e+005
2	1.565389247965426e+005	1.584893192461114e+005
3	4.441866906927916e+004	4.466835921509635e+004
4	1.422878790590134e+004	1.445439770745928e+004
5	4.285693756773652e+003	4.365158322401661e+003
6	1.491019112524510e+001	1.513561248436208e+001
13	4.460767171267460e+000	4.466835921509632e+000
244	4.067816845562876e+000	4.073802778041127e+000
256	2.375053777201877e+000	2.398832919019490e+000
336	1.989313081611489e+000	1.995262314968880e+000
371	6.843586161525750e-001	6.918309709189364e-001
443	3.247393714608163e-001	3.311311214825911e-001
478	5.359837571355075e-002	5.370317963702527e-002
584	5.223491317283024e-002	5.248074602497726e-002
659	4.504879156104424e-002	4.570881896148749e-002
670	4.251110067425423e-002	4.265795188015926e-002
692	3.876903540930043e-002	3.890451449942807e-002
696	3.763473610479118e-002	3.801893963205612e-002
699	2.067258331411237e-002	2.089296130854040e-002
743	1.661962211970158e-002	1.698243652461744e-002
783	1.655306768460130e-002	1.659586907437561e-002
813	1.612100666519711e-002	1.621810097358930e-002
828	1.523069250295850e-002	1.548816618912481e-002
845	1.509288881312942e-002	1.513561248436208e-002
895	1.477428955999649e-002	1.479108388168207e-002
913	1.310171796489468e-002	1.318256738556408e-002
915	1.151329692909020e-002	1.174897554939530e-002
919	1.080338293848437e-002	1.096478196143185e-002
921	1.036084259801828e-002	1.047128548050900e-002
956	8.837364595511876e-003	8.912509381337459e-003
965	8.675554227091764e-003	8.709635899560805e-003
982	8.312671964059604e-003	8.317637711026709e-003
1003	6.006803102312164e-003	6.025595860743574e-003
1039	5.829664499979459e-003	5.888436553555890e-003
1058	5.283183629082089e-003	5.370317963702527e-003
1073	4.971074433228084e-003	5.011872336272725e-003
1079	4.891692529080727e-003	4.897788193684461e-003
1094	4.024141674595527e-003	4.073802778041126e-003
1095	3.970184148630818e-003	3.981071705534973e-003
1114	3.885706656544419e-003	3.890451449942805e-003
1128	3.799521932421612e-003	3.801893963205613e-003
1134	3.616730464422457e-003	3.630780547701014e-003
1148	3.366383959446551e-003	3.388441561392024e-003
1151	3.099873665933561e-003	3.162277660168379e-003
1155	2.840104608739513e-003	2.884031503126606e-003
1164	2.770586637928396e-003	2.818382931264455e-003
1172	2.751468338703766e-003	2.754228703338166e-003
1201	2.669271092848979e-003	2.691534803926917e-003
1233	2.597048790126455e-003	2.630267991895381e-003
1239	2.566469340358979e-003	2.570395782768865e-003
1240	2.376173979627416e-003	2.398832919019490e-003
1251	2.244997307442875e-003	2.290867652767772e-003
1261	2.226672067235480e-003	2.238721138568340e-003
1273	2.146728391020258e-003	2.187761623949552e-003
1280	2.135586101993714e-003	2.137962089502233e-003
1311	2.079750286835269e-003	2.089296130854039e-003
1365	2.033046884953649e-003	2.041737944669530e-003
1428	1.994258082910982e-003	1.995262314968879e-003
1561	1.949632751735098e-003	1.949844599758046e-003
1800	1.902364100802134e-003	1.905460717963246e-003
8622	1.862087049712136e-003	1.862087136662868e-003
200001	1.861453659950274e-003	1.862087136662868e-003
%
% index = 294, name = bbob_f008_i11_d02__bbob_f014_i12_d02
% instance = 5, reference value = 9.956084859341120e-001
% function evaluation | indicator value | target hit
1	1.614527018754432e+007	1.621810097358930e+007
2	1.416628107484824e+007	1.445439770745928e+007
3	4.035682485134593e+006	4.073802778041130e+006
4	1.087299730564701e+006	1.096478196143185e+006
5	6.119460604456160e+001	6.165950018614822e+001
63	3.492432444479395e+001	3.548133892335755e+001
67	2.507230891859661e+001	2.511886431509580e+001
148	7.353258532794116e+000	7.413102413009175e+000
232	2.721551775783112e+000	2.754228703338166e+000
310	1.454749452453612e+000	1.479108388168207e+000
331	4.784549899067856e-001	4.786300923226383e-001
525	3.660129651546396e-001	3.715352290971726e-001
584	2.089764908578974e-001	2.137962089502232e-001
629	1.976552002241064e-001	1.995262314968880e-001
698	8.686881049943773e-002	8.709635899560805e-002
713	7.400914262502678e-002	7.413102413009177e-002
845	6.735429309647989e-002	6.760829753919818e-002
868	6.492955825455904e-002	6.606934480075961e-002
930	3.668236940331249e-002	3.715352290971726e-002
961	2.035338340306081e-002	2.041737944669530e-002
1021	1.884045816810731e-002	1.905460717963247e-002
1104	1.835119330263602e-002	1.862087136662868e-002
1112	1.726387981128275e-002	1.737800828749376e-002
1134	1.648743571795086e-002	1.659586907437561e-002
1144	1.559937971523584e-002	1.584893192461113e-002
1148	1.360099934682157e-002	1.380384264602885e-002
1159	1.288957350300757e-002	1.318256738556408e-002
1185	1.282881484559151e-002	1.288249551693134e-002
1201	1.257313221570255e-002	1.258925411794168e-002
1227	1.085785556122521e-002	1.096478196143185e-002
1230	7.260556248773864e-003	7.413102413009177e-003
1274	6.781815287587811e-003	6.918309709189363e-003
1287	5.756732321932967e-003	5.888436553555890e-003
1304	4.806213552035588e-003	4.897788193684461e-003
1309	3.312359701489687e-003	3.388441561392024e-003
1343	3.248627305304841e-003	3.311311214825911e-003
1344	3.044174859613724e-003	3.090295432513592e-003
1380	2.941748460038030e-003	2.951209226666387e-003
1389	2.790118434545352e-003	2.818382931264455e-003
1415	2.668892616191632e-003	2.691534803926917e-003
1439	2.605967928153596e-003	2.630267991895381e-003
1446	2.568321679822572e-003	2.570395782768865e-003
1459	2.201631526547287e-003	2.238721138568340e-003
1464	2.169719500062395e-003	2.187761623949552e-003
1490	2.107539202615971e-003	2.137962089502233e-003
1519	2.049600695417930e-003	2.089296130854039e-003
1521	2.039701837113550e-003	2.041737944669530e-003
1529	1.893716911704146e-003	1.905460717963246e-003
1544	1.838871106858542e-003	1.862087136662868e-003
1546	1.638253583228777e-003	1.659586907437561e-003
1562	1.599841232780785e-003	1.621810097358930e-003
1571	1.498017408563146e-003	1.513561248436209e-003
1592	1.407681898404012e-003	1.412537544622754e-003
1636	1.359819153402553e-003	1.380384264602885e-003
1660	1.337587439970367e-003	1.348962882591653e-003
1665	1.312766412264965e-003	1.318256738556408e-003
1696	1.249032118988636e-003	1.258925411794168e-003
1710	1.227669537096632e-003	1.230268770812381e-003
1750	1.188052676686091e-003	1.202264434617413e-003
1766	1.174745909388042e-003	1.174897554939529e-003
1801	1.144368207087076e-003	1.148153621496883e-003
1807	1.111840893090577e-003	1.122018454301963e-003
1815	1.040846955625008e-003	1.047128548050900e-003
1843	1.002268876592605e-003	1.023292992280754e-003
1845	9.928003042236622e-004	1.000000000000000e-003
1873	9.770851761560229e-004	9.772372209558111e-004
1892	8.416067056776777e-004	8.511380382023768e-004
1909	8.276939218302415e-004	8.317637711026709e-004
1929	8.003312960924713e-004	8.128305161640995e-004
1941	7.943201137722289e-004	7.943282347242813e-004
2013	7.669543207817764e-004	7.762471166286919e-004
2037	7.186962401395380e-004	7.244359600749898e-004
2068	7.026428078105163e-004	7.079457843841380e-004
2088	6.911829877381814e-004	6.918309709189362e-004
2098	6.698541228760124e-004	6.760829753919819e-004
2128	6.581986602011147e-004	6.606934480075958e-004
2145	6.306377622230519e-004	6.309573444801930e-004
2227	5.986684342013104e-004	6.025595860743575e-004
2265	5.874234284010127e-004	5.888436553555889e-004
2325	5.731732693464720e-004	5.754399373371566e-004
2328	4.955345456574278e-004	5.011872336272725e-004
2356	4.862564947213377e-004	4.897788193684461e-004
2410	4.782177017190747e-004	4.786300923226385e-004
2485	4.674368185568767e-004	4.677351412871981e-004
2572	4.562093855512428e-004	4.570881896148752e-004
2592	4.140967813370811e-004	4.168693834703355e-004
2650	4.071370414417963e-004	4.073802778041126e-004
2681	3.968098888764704e-004	3.981071705534974e-004
2744	3.886636734632409e-004	3.890451449942804e-004
2838	3.799686282270898e-004	3.801893963205612e-004
2879	3.707845942697574e-004	3.715352290971724e-004
2977	3.630225469700710e-004	3.630780547701014e-004
3043	3.530801861850730e-004	3.548133892335753e-004
3184	3.464382571349844e-004	3.467368504525317e-004
3198	3.325851524101919e-004	3.388441561392024e-004
3212	3.305511473415956e-004	3.311311214825911e-004
3250	3.233891159660773e-004	3.235936569296281e-004
3394	3.112108514090606e-004	3.162277660168379e-004
3430	3.089647168907916e-004	3.090295432513592e-004
3549	3.013105097996460e-004	3.019951720402016e-004
3617	2.949577608720722e-004	2.951209226666387e-004
3645	2.601306374903079e-004	2.630267991895381e-004
3681	2.568700318182904e-004	2.570395782768865e-004
3789	2.508219946272261e-004	2.511886431509580e-004
3901	2.453205905756928e-004	2.454708915685031e-004
4002	2.332655394394756e-004	2.344228815319923e-004
4181	2.281572943294563e-004	2.290867652767772e-004
4385	2.238718539925300e-004	2.238721138568340e-004
4459	2.179419331264088e-004	2.187761623949552e-004
4674	2.136370573742052e-004	2.137962089502232e-004
4993	2.089204576731785e-004	2.089296130854039e-004
5263	2.041532874126339e-004	2.041737944669530e-004
5386	1.991174224095227e-004	1.995262314968879e-004
5826	1.947813786420394e-004	1.949844599758046e-004
5939	1.616476467009020e-004	1.621810097358930e-004
6236	1.582590141061546e-004	1.584893192461114e-004
6393	1.542591818884942e-004	1.548816618912481e-004
6536	1.458298072941622e-004	1.479108388168207e-004
6756	1.445087724689653e-004	1.445439770745928e-004
6944	1.400887329339184e-004	1.412537544622754e-004
7214	1.379650124760934e-004	1.380384264602885e-004
7309	1.327337223124836e-004	1.348962882591653e-004
7349	1.315505844819986e-004	1.318256738556407e-004
7449	1.267296936778850e-004	1.288249551693134e-004
7645	1.258234102652356e-004	1.258925411794167e-004
8005	1.227624501526359e-004	1.230268770812381e-004
8611	1.200297688280783e-004	1.202264434617413e-004
9297	1.170116572695168e-004	1.174897554939529e-004
9629	1.144331159895762e-004	1.148153621496883e-004
9958	1.121783387224573e-004	1.122018454301963e-004
10171	1.076469178585837e-004	1.096478196143185e-004
10322	1.071386151011433e-004	1.071519305237606e-004
10740	1.046881628008478e-004	1.047128548050900e-004
11932	1.020065289334404e-004	1.023292992280754e-004
12381	9.999204636390591e-005	1.000000000000000e-004
13469	9.746382575959167e-005	9.772372209558112e-005
13963	8.941184244204425e-005	9.120108393559096e-005
14119	8.903264031778768e-005	8.912509381337459e-005
14721	8.681588811965124e-005	8.709635899560814e-005
15693	8.314696465394622e-005	8.317637711026709e-005
16004	8.121199952992875e-005	8.128305161640995e-005
17163	7.939541707435716e-005	7.943282347242822e-005
18934	7.761921561599827e-005	7.762471166286911e-005
21594	7.579790876499626e-005	7.585775750291836e-005
24086	7.408038943412798e-005	7.413102413009178e-005
24149	7.037870635584476e-005	7.079457843841373e-005
25997	6.917886635526838e-005	6.918309709189363e-005
27415	6.565194428542753e-005	6.606934480075965e-005
27913	6.386637166744258e-005	6.456542290346549e-005
29028	6.309339960286486e-005	6.309573444801929e-005
31591	6.165853464557003e-005	6.165950018614822e-005
33369	5.991639413716055e-005	6.025595860743581e-005
34968	5.878648645052387e-005	5.888436553555884e-005
36945	5.747378498122124e-005	5.754399373371566e-005
39190	5.605998625191067e-005	5.623413251903491e-005
40209	5.446289844024399e-005	5.495408738576248e-005
43305	5.370003016180736e-005	5.370317963702533e-005
46908	5.230420800272917e-005	5.248074602497723e-005
49228	4.922793278672177e-005	5.011872336272725e-005
50322	4.215823632747195e-005	4.265795188015926e-005
51630	4.103211822481523e-005	4.168693834703355e-005
52922	3.887875328412171e-005	3.890451449942805e-005
55543	3.781193379004399e-005	3.801893963205612e-005
58641	3.714591230652431e-005	3.715352290971728e-005
62264	3.630685168687364e-005	3.630780547701010e-005
66966	3.200675444803292e-005	3.235936569296281e-005
69096	3.161971137533026e-005	3.162277660168380e-005
75464	3.079315792764437e-005	3.090295432513592e-005
82456	3.019896239397912e-005	3.019951720402019e-005
85758	2.937856488738344e-005	2.951209226666384e-005
89995	2.872823614485931e-005	2.884031503126606e-005
94239	2.816920068471340e-005	2.818382931264455e-005
100881	2.752706530007032e-005	2.754228703338169e-005
110926	2.691210405192379e-005	2.691534803926914e-005
114200	2.630108982604185e-005	2.630267991895381e-005
128085	2.570393728762443e-005	2.570395782768865e-005
143270	2.511543197769584e-005	2.511886431509582e-005
164522	2.454705834675774e-005	2.454708915685029e-005
166530	2.344792620978531e-005	2.398832919019490e-005
166720	2.344156107370043e-005	2.344228815319923e-005
180415	2.289943418642970e-005	2.290867652767775e-005
188892	1.876304467185452e-005	1.905460717963248e-005
193733	1.862056740387086e-005	1.862087136662866e-005
199392	1.789605667312788e-005	1.819700858609982e-005
200001	1.789058621581852e-005	1.819700858609982e-005
%
% index = 295, name = bbob_f008_i13_d02__bbob_f014_i14_d02
% instance = 6, reference value = 8.690447054968450e-001
% function evaluation | indicator value | target hit
1	2.767889487912319e+006	2.818382931264455e+006
3	8.394195167253127e+005	8.511380382023759e+005
4	2.160055044303036e+005	2.187761623949552e+005
5	5.744495312743104e+004	5.754399373371567e+004
6	3.494509370623174e+002	3.548133892335753e+002
13	1.822462173458704e+002	1.862087136662867e+002
231	8.596310001688845e+000	8.709635899560805e+000
396	4.320595533788329e+000	4.365158322401660e+000
431	3.327801815683345e+000	3.388441561392026e+000
495	9.468421855458450e-001	9.549925860214360e-001
777	8.511806750290829e-001	8.709635899560806e-001
821	4.875066481699232e-001	4.897788193684462e-001
828	3.024543612488008e-001	3.090295432513591e-001
910	2.993801844684365e-001	3.019951720402016e-001
921	2.581750674133198e-001	2.630267991895382e-001
930	2.340573432843537e-001	2.344228815319922e-001
935	1.368737546620862e-001	1.380384264602885e-001
969	1.332998675037642e-001	1.348962882591654e-001
989	1.138108735536570e-001	1.148153621496883e-001
1022	1.041239519277447e-001	1.047128548050900e-001
1060	9.452726119159272e-002	9.549925860214359e-002
1061	8.597567769486991e-002	8.709635899560805e-002
1066	8.481462199428413e-002	8.511380382023763e-002
1074	8.063931330260399e-002	8.128305161640990e-002
1102	5.223396734803087e-002	5.248074602497726e-002
1129	3.976941588289140e-002	3.981071705534973e-002
1154	3.730873950099611e-002	3.801893963205612e-002
1160	3.677870590837840e-002	3.715352290971726e-002
1165	3.490417279050861e-002	3.548133892335755e-002
1177	3.352425165004769e-002	3.388441561392026e-002
1182	3.289219756905126e-002	3.311311214825911e-002
1194	3.044058326771204e-002	3.090295432513590e-002
1200	2.888627130827592e-002	2.951209226666385e-002
1204	2.860491102674179e-002	2.884031503126606e-002
1215	2.798980115346872e-002	2.818382931264454e-002
1229	2.721271438903938e-002	2.754228703338166e-002
1231	2.655027091719842e-002	2.691534803926915e-002
1249	2.607267672550895e-002	2.630267991895382e-002
1269	2.559238977442946e-002	2.570395782768863e-002
1275	2.343366269614522e-002	2.344228815319923e-002
1288	2.195046172116533e-002	2.238721138568340e-002
1293	2.184422976400102e-002	2.187761623949553e-002
1317	2.130839735767154e-002	2.137962089502233e-002
1342	2.072673676026271e-002	2.089296130854040e-002
1359	2.036144067793411e-002	2.041737944669530e-002
1397	1.990732707672105e-002	1.995262314968880e-002
1406	1.942240357161607e-002	1.949844599758046e-002
1410	1.872731659770643e-002	1.905460717963247e-002
1415	1.842669732391367e-002	1.862087136662868e-002
1417	1.809000088491708e-002	1.819700858609984e-002
1423	1.558709782956913e-002	1.584893192461113e-002
1426	1.544741031953090e-002	1.548816618912481e-002
1430	1.396184975409398e-002	1.412537544622754e-002
1446	1.245183002048023e-002	1.258925411794168e-002
1453	1.228570675555285e-002	1.230268770812382e-002
1455	1.196936052847364e-002	1.202264434617413e-002
1469	1.156677404514628e-002	1.174897554939530e-002
1470	1.112504515514978e-002	1.122018454301964e-002
1478	1.072792494538466e-002	1.096478196143185e-002
1482	1.047115198467497e-002	1.047128548050900e-002
1490	1.019244262092578e-002	1.023292992280754e-002
1502	9.950783992807022e-003	1.000000000000000e-002
1505	9.158251621988023e-003	9.332543007969915e-003
1506	9.035376777892346e-003	9.120108393559097e-003
1508	8.904356331310481e-003	8.912509381337459e-003
1520	8.641098029182559e-003	8.709635899560805e-003
1530	8.467522124993021e-003	8.511380382023768e-003
1536	8.309244573600938e-003	8.317637711026709e-003
1549	7.590197082508521e-003	7.762471166286920e-003
1550	7.490216460357524e-003	7.585775750291836e-003
1553	7.383352523227083e-003	7.413102413009177e-003
1568	7.241614645309591e-003	7.244359600749898e-003
1579	7.062856525372308e-003	7.079457843841380e-003
1589	6.903788915530562e-003	6.918309709189363e-003
1595	6.586291551354040e-003	6.606934480075957e-003
1601	6.332510270775416e-003	6.456542290346556e-003
1603	6.293055674194692e-003	6.309573444801930e-003
1622	6.107158014087788e-003	6.165950018614822e-003
1628	5.930923892080720e-003	6.025595860743574e-003
1639	5.876596861535632e-003	5.888436553555890e-003
1653	5.749256453218776e-003	5.754399373371567e-003
1676	5.547070838547885e-003	5.623413251903491e-003
1696	5.486969128798092e-003	5.495408738576248e-003
1713	5.357462564188009e-003	5.370317963702527e-003
1735	5.215158707888801e-003	5.248074602497728e-003
1742	5.095396007070763e-003	5.128613839913648e-003
1748	5.006575669043389e-003	5.011872336272725e-003
1779	4.861546697350394e-003	4.897788193684461e-003
1801	4.765801117212698e-003	4.786300923226385e-003
1805	4.665770079077092e-003	4.677351412871981e-003
1854	4.519782005873885e-003	4.570881896148752e-003
1872	4.229209993069305e-003	4.265795188015926e-003
1882	4.148563507546554e-003	4.168693834703355e-003
1891	4.072241493740414e-003	4.073802778041126e-003
1919	3.978451467857247e-003	3.981071705534973e-003
1960	3.881987032028023e-003	3.890451449942805e-003
1976	3.801523984201416e-003	3.801893963205613e-003
2013	3.713633046408593e-003	3.715352290971724e-003
2081	3.619464246210291e-003	3.630780547701014e-003
2125	3.545696565081302e-003	3.548133892335753e-003
2138	3.415798822648863e-003	3.467368504525317e-003
2167	3.375243626082547e-003	3.388441561392024e-003
2184	3.303979901386089e-003	3.311311214825911e-003
2223	3.231191094894004e-003	3.235936569296281e-003
2316	3.157803713409679e-003	3.162277660168379e-003
2385	3.083824523155809e-003	3.090295432513592e-003
2529	3.014723708358535e-003	3.019951720402016e-003
2683	2.950895995182168e-003	2.951209226666387e-003
2884	2.881999677409541e-003	2.884031503126606e-003
3087	2.817921712007010e-003	2.818382931264455e-003
3163	2.560342436524032e-003	2.570395782768865e-003
3368	2.365795669616144e-003	2.398832919019490e-003
3461	2.343939790983463e-003	2.344228815319923e-003
3561	2.169458530202895e-003	2.187761623949552e-003
3885	2.136974731490215e-003	2.137962089502233e-003
4079	2.070328007780176e-003	2.089296130854039e-003
4330	2.040162170445115e-003	2.041737944669530e-003
5042	1.995251266078912e-003	1.995262314968879e-003
5440	1.949220082815284e-003	1.949844599758046e-003
5728	1.749649344548243e-003	1.778279410038923e-003
5833	1.734485279201614e-003	1.737800828749376e-003
6356	1.698233385613368e-003	1.698243652461744e-003
7125	1.659425937422299e-003	1.659586907437561e-003
7506	1.615723878736319e-003	1.621810097358930e-003
8328	1.584754182319625e-003	1.584893192461114e-003
9279	1.548766755772313e-003	1.548816618912481e-003
10125	1.513558514018798e-003	1.513561248436209e-003
10916	1.475134787852772e-003	1.479108388168207e-003
11192	1.367476593570061e-003	1.380384264602885e-003
11757	1.273203996629224e-003	1.288249551693134e-003
12145	1.247437016733910e-003	1.258925411794168e-003
13218	1.226305589870802e-003	1.230268770812381e-003
13338	1.200173192815734e-003	1.202264434617413e-003
14806	1.167098831384550e-003	1.174897554939529e-003
15593	1.107298381673783e-003	1.122018454301963e-003
16202	1.092604396776387e-003	1.096478196143185e-003
16520	1.068810464841419e-003	1.071519305237606e-003
16721	1.026724527345646e-003	1.047128548050900e-003
17055	1.022463718204247e-003	1.023292992280754e-003
18179	9.997569650831428e-004	1.000000000000000e-003
20605	9.772212138640102e-004	9.772372209558111e-004
21570	9.319445224382772e-004	9.332543007969915e-004
21967	9.109476061238686e-004	9.120108393559096e-004
23644	8.912493063870652e-004	8.912509381337459e-004
23969	8.240091295569352e-004	8.317637711026709e-004
24728	8.116431199400864e-004	8.128305161640995e-004
25099	7.480509403325897e-004	7.585775750291835e-004
26422	7.287823209152222e-004	7.413102413009177e-004
26988	7.155911858848230e-004	7.244359600749898e-004
27671	7.015632804885374e-004	7.079457843841380e-004
27831	6.912126178064693e-004	6.918309709189362e-004
29927	6.760804298252543e-004	6.760829753919819e-004
30964	6.587602264865877e-004	6.606934480075958e-004
32379	6.455150514346197e-004	6.456542290346556e-004
34973	6.309491599427730e-004	6.309573444801930e-004
36039	6.097997351389717e-004	6.165950018614822e-004
36401	6.024984814829715e-004	6.025595860743575e-004
38520	5.796328385835325e-004	5.888436553555889e-004
39097	5.726635346111619e-004	5.754399373371566e-004
40903	5.552978003727782e-004	5.623413251903491e-004
41205	5.481758348028221e-004	5.495408738576249e-004
44948	5.332870981241689e-004	5.370317963702527e-004
45248	5.245538693889884e-004	5.248074602497728e-004
47524	5.127894982560610e-004	5.128613839913648e-004
49630	5.006662409621221e-004	5.011872336272725e-004
50618	4.890593625588302e-004	4.897788193684461e-004
55485	4.766150526646085e-004	4.786300923226385e-004
57314	4.677232588269353e-004	4.677351412871981e-004
60875	4.566377901773500e-004	4.570881896148752e-004
66357	4.425008897868121e-004	4.466835921509631e-004
67242	4.298927600057123e-004	4.365158322401661e-004
68679	4.250751815235709e-004	4.265795188015926e-004
69307	4.145968854948334e-004	4.168693834703355e-004
69673	4.046675475691819e-004	4.073802778041126e-004
71925	3.978376121764882e-004	3.981071705534974e-004
76256	3.872329753381587e-004	3.890451449942804e-004
78458	3.798378598984797e-004	3.801893963205612e-004
81202	3.712898127792297e-004	3.715352290971724e-004
85228	3.605897332005226e-004	3.630780547701014e-004
86903	3.468613322594738e-004	3.548133892335753e-004
87012	3.427895102926515e-004	3.467368504525317e-004
88038	3.388420625095590e-004	3.388441561392024e-004
90914	3.294745762971729e-004	3.311311214825911e-004
94851	3.232008098350558e-004	3.235936569296281e-004
101832	3.162242695263773e-004	3.162277660168379e-004
103697	3.088582701891163e-004	3.090295432513592e-004
106685	3.017969027998557e-004	3.019951720402016e-004
111064	2.950765620808316e-004	2.951209226666387e-004
113333	2.884030359729950e-004	2.884031503126606e-004
115977	2.811437491840874e-004	2.818382931264455e-004
121086	2.754079631113182e-004	2.754228703338166e-004
125542	2.691402051787639e-004	2.691534803926917e-004
133429	2.620351368303187e-004	2.630267991895381e-004
138450	2.551700510560195e-004	2.570395782768865e-004
142308	2.489215219437790e-004	2.511886431509580e-004
144106	2.438841026601857e-004	2.454708915685031e-004
147726	2.398798726672702e-004	2.398832919019490e-004
153207	2.331915444707677e-004	2.344228815319923e-004
157392	2.281034888905742e-004	2.290867652767772e-004
162563	2.236617153380527e-004	2.238721138568340e-004
168262	2.187255536628685e-004	2.187761623949552e-004
175338	2.136140583514079e-004	2.137962089502232e-004
190539	2.089089722685511e-004	2.089296130854039e-004
193693	2.036067045616541e-004	2.041737944669530e-004
200001	2.020074017577977e-004	2.041737944669530e-004
%
% index = 296, name = bbob_f008_i15_d02__bbob_f014_i16_d02
% instance = 7, reference value = 8.509606810235530e-001
% function evaluation | indicator value | target hit
1	4.331019965185520e+005	4.365158322401656e+005
2	3.889072842795932e+005	3.890451449942805e+005
3	1.121037133938468e+005	1.122018454301963e+005
4	8.067137728959150e+004	8.128305161640995e+004
5	6.369129378093210e+004	6.456542290346549e+004
6	3.291604886782533e+002	3.311311214825911e+002
13	1.382197458833954e+002	1.412537544622754e+002
51	9.133900160447551e+001	9.332543007969910e+001
126	1.270529110632553e+000	1.288249551693134e+000
398	5.872463798026197e-001	5.888436553555889e-001
482	2.794084577213145e-001	2.818382931264454e-001
541	2.729590933510999e-001	2.754228703338166e-001
634	1.751745271041474e-001	1.778279410038923e-001
820	1.468463423614882e-001	1.479108388168208e-001
891	1.115054248202050e-001	1.122018454301964e-001
899	1.036487028184756e-001	1.047128548050900e-001
974	9.781383729939841e-002	1.000000000000000e-001
976	9.065941465965099e-002	9.120108393559097e-002
995	8.749418283139976e-002	8.912509381337455e-002
1057	7.618640857631520e-002	7.762471166286916e-002
1066	7.583347377654837e-002	7.585775750291836e-002
1076	5.251077559139883e-002	5.370317963702527e-002
1077	5.238943310015121e-002	5.248074602497726e-002
1078	4.595484319662058e-002	4.677351412871982e-002
1084	4.456135285610241e-002	4.466835921509630e-002
1106	4.347855708297410e-002	4.365158322401658e-002
1116	3.854031154970028e-002	3.890451449942807e-002
1121	3.792406443412810e-002	3.801893963205612e-002
1149	3.419929770860386e-002	3.467368504525317e-002
1158	3.136030082715990e-002	3.162277660168379e-002
1175	2.733409461957215e-002	2.754228703338166e-002
1216	2.659115579066063e-002	2.691534803926915e-002
1219	2.553374451871804e-002	2.570395782768863e-002
1226	2.416982257373235e-002	2.454708915685030e-002
1235	2.373858033337850e-002	2.398832919019490e-002
1242	2.224983048144258e-002	2.238721138568340e-002
1250	2.152708742191201e-002	2.187761623949553e-002
1261	2.107379756796235e-002	2.137962089502233e-002
1269	2.087757185227390e-002	2.089296130854040e-002
1283	1.984812894023669e-002	1.995262314968880e-002
1284	1.693277678677674e-002	1.698243652461744e-002
1297	1.646419957910039e-002	1.659586907437561e-002
1300	1.580518724359359e-002	1.584893192461113e-002
1305	1.467904686916066e-002	1.479108388168207e-002
1307	1.433112027014427e-002	1.445439770745927e-002
1311	1.393401801665506e-002	1.412537544622754e-002
1314	1.377024871223098e-002	1.380384264602885e-002
1323	1.348815548009885e-002	1.348962882591653e-002
1336	1.229842258329938e-002	1.230268770812382e-002
1347	1.195039890938543e-002	1.202264434617413e-002
1348	1.154883098938231e-002	1.174897554939530e-002
1355	1.147844005247722e-002	1.148153621496883e-002
1365	1.103898687750782e-002	1.122018454301964e-002
1368	1.092691946847613e-002	1.096478196143185e-002
1378	1.012235224592450e-002	1.023292992280754e-002
1388	8.670240317308564e-003	8.709635899560805e-003
1393	8.056434996266959e-003	8.128305161640995e-003
1398	7.428752030594787e-003	7.585775750291836e-003
1399	7.396409336793086e-003	7.413102413009177e-003
1402	7.005388197292017e-003	7.079457843841380e-003
1408	6.878715881372677e-003	6.918309709189363e-003
1417	6.738109815494942e-003	6.760829753919818e-003
1434	6.343975941029978e-003	6.456542290346556e-003
1443	6.131807823392288e-003	6.165950018614822e-003
1449	5.997183428650077e-003	6.025595860743574e-003
1463	5.791933207278888e-003	5.888436553555890e-003
1472	5.754166822772855e-003	5.754399373371567e-003
1491	5.567106877884642e-003	5.623413251903491e-003
1500	5.464278700296976e-003	5.495408738576248e-003
1513	5.365477580870470e-003	5.370317963702527e-003
1534	5.234659019566768e-003	5.248074602497728e-003
1541	5.112976814089509e-003	5.128613839913648e-003
1549	4.999677908517741e-003	5.011872336272725e-003
1558	4.866179896878764e-003	4.897788193684461e-003
1578	4.780235383102016e-003	4.786300923226385e-003
1600	4.677188489250028e-003	4.677351412871981e-003
1639	4.558707164423748e-003	4.570881896148752e-003
1666	4.466117104825695e-003	4.466835921509631e-003
1704	4.359676636415788e-003	4.365158322401661e-003
1705	4.002980175910165e-003	4.073802778041126e-003
1716	3.925360403455480e-003	3.981071705534973e-003
1750	3.887656554660723e-003	3.890451449942805e-003
1781	3.799540695277104e-003	3.801893963205613e-003
1837	3.715232576631089e-003	3.715352290971724e-003
1974	3.630221670809841e-003	3.630780547701014e-003
2141	3.530736419337210e-003	3.548133892335753e-003
2240	3.462427068397722e-003	3.467368504525317e-003
2328	3.141632926325411e-003	3.162277660168379e-003
2433	3.085804091576327e-003	3.090295432513592e-003
2501	3.004676512462834e-003	3.019951720402016e-003
2730	2.939807243300896e-003	2.951209226666387e-003
3045	2.883619859894826e-003	2.884031503126606e-003
3307	2.815160268950900e-003	2.818382931264455e-003
5375	2.753990228862469e-003	2.754228703338166e-003
7512	2.691078609237119e-003	2.691534803926917e-003
8380	2.340355919502879e-003	2.344228815319923e-003
8452	2.278061589242375e-003	2.290867652767772e-003
10562	2.230852942653794e-003	2.238721138568340e-003
11587	2.119286625115735e-003	2.137962089502233e-003
14070	2.089153446956926e-003	2.089296130854039e-003
14852	2.016043126480294e-003	2.041737944669530e-003
21582	1.995239745628985e-003	1.995262314968879e-003
26456	1.946416385475880e-003	1.949844599758046e-003
29858	1.895163681232326e-003	1.905460717963246e-003
40395	1.727608202259368e-003	1.737800828749376e-003
48461	1.632583420430156e-003	1.659586907437561e-003
59616	1.612861696244305e-003	1.621810097358930e-003
76630	1.581360744193572e-003	1.584893192461114e-003
86107	1.535087700459958e-003	1.548816618912481e-003
91587	1.477691211525301e-003	1.479108388168207e-003
97892	1.442717551504047e-003	1.445439770745928e-003
117397	1.373250473143073e-003	1.380384264602885e-003
127534	1.328406562728146e-003	1.348962882591653e-003
137383	1.310940892683910e-003	1.318256738556408e-003
142157	1.283241403766677e-003	1.288249551693134e-003
164393	1.258854444348923e-003	1.258925411794168e-003
187600	1.230186822001045e-003	1.230268770812381e-003
200001	1.220760583534042e-003	1.230268770812381e-003
%
% index = 297, name = bbob_f008_i17_d02__bbob_f014_i18_d02
% instance = 8, reference value = 9.948018237119150e-001
% function evaluation | indicator value | target hit
1	4.600874899357223e+006	4.677351412871981e+006
3	1.759965488634807e+006	1.778279410038923e+006
4	2.559007626334210e+005	2.570395782768865e+005
5	6.700568420392349e+003	6.760829753919819e+003
6	1.305309676719565e+002	1.318256738556407e+002
13	6.512231691625023e+001	6.606934480075961e+001
67	3.611633770920891e+001	3.630780547701014e+001
174	3.416794012375800e+001	3.467368504525317e+001
205	4.334090285728335e+000	4.365158322401660e+000
312	7.214697680760815e-001	7.244359600749900e-001
430	5.713101831790455e-001	5.754399373371569e-001
497	9.735532951037285e-002	9.772372209558107e-002
522	5.708594140999113e-002	5.754399373371569e-002
597	1.460462094675286e-002	1.479108388168207e-002
639	9.413458058018520e-003	9.549925860214359e-003
726	7.391047725332611e-003	7.413102413009177e-003
778	7.176230742064083e-003	7.244359600749898e-003
791	6.967524622946586e-003	7.079457843841380e-003
1015	4.087019777174294e-003	4.168693834703355e-003
1038	4.019640720514972e-003	4.073802778041126e-003
1127	3.744929811844822e-003	3.801893963205613e-003
1129	3.664997082290511e-003	3.715352290971724e-003
1145	3.184649634774273e-003	3.235936569296281e-003
1146	2.897130988949725e-003	2.951209226666387e-003
1161	2.425317587046227e-003	2.454708915685031e-003
1165	2.382562000402433e-003	2.398832919019490e-003
1204	2.342122721036510e-003	2.344228815319923e-003
1234	2.274439682332208e-003	2.290867652767772e-003
1243	2.234730449024669e-003	2.238721138568340e-003
1279	2.171792383641735e-003	2.187761623949552e-003
1305	1.823536306502227e-003	1.862087136662868e-003
1309	1.805285827386705e-003	1.819700858609983e-003
1320	1.742633952370509e-003	1.778279410038923e-003
1324	1.661772858478350e-003	1.698243652461744e-003
1345	1.629794927408446e-003	1.659586907437561e-003
1353	1.526333582109074e-003	1.548816618912481e-003
1369	1.376341234401002e-003	1.380384264602885e-003
1388	1.298700099863659e-003	1.318256738556408e-003
1399	1.247135959530410e-003	1.258925411794168e-003
1406	1.187019202260276e-003	1.202264434617413e-003
1408	1.086642845549157e-003	1.096478196143185e-003
1432	1.068027707113561e-003	1.071519305237606e-003
1445	9.901836675560993e-004	1.000000000000000e-003
1446	9.629331382464690e-004	9.772372209558111e-004
1447	9.487934768409589e-004	9.549925860214359e-004
1459	9.328040395731874e-004	9.332543007969915e-004
1462	8.963920345683718e-004	9.120108393559096e-004
1465	8.659361389705689e-004	8.709635899560805e-004
1478	8.150315284805032e-004	8.317637711026709e-004
1480	8.060131523307534e-004	8.128305161640995e-004
1489	7.722129881831963e-004	7.762471166286919e-004
1505	7.550384024014312e-004	7.585775750291835e-004
1512	7.099642131264128e-004	7.244359600749898e-004
1527	7.049814565568413e-004	7.079457843841380e-004
1530	6.707949828244075e-004	6.760829753919819e-004
1537	6.584861834786349e-004	6.606934480075958e-004
1539	6.446382768778847e-004	6.456542290346556e-004
1563	6.094551184855357e-004	6.165950018614822e-004
1572	5.986140948323060e-004	6.025595860743575e-004
1577	5.877097713480328e-004	5.888436553555889e-004
1585	5.671162187431689e-004	5.754399373371566e-004
1597	5.615801072598181e-004	5.623413251903491e-004
1623	5.479887510717596e-004	5.495408738576249e-004
1632	5.303554394084920e-004	5.370317963702527e-004
1633	5.097696388332018e-004	5.128613839913648e-004
1637	4.889730068184939e-004	4.897788193684461e-004
1648	4.660443099290257e-004	4.677351412871981e-004
1668	4.548042924581441e-004	4.570881896148752e-004
1680	4.390383442778312e-004	4.466835921509631e-004
1696	4.346893438578192e-004	4.365158322401661e-004
1700	4.257879777722629e-004	4.265795188015926e-004
1717	4.151154371464516e-004	4.168693834703355e-004
1719	4.004164651002506e-004	4.073802778041126e-004
1732	3.962426256425289e-004	3.981071705534974e-004
1738	3.754508037860926e-004	3.801893963205612e-004
1756	3.693821927450713e-004	3.715352290971724e-004
1762	3.616613246018030e-004	3.630780547701014e-004
1768	3.503743274035909e-004	3.548133892335753e-004
1773	3.371471221804701e-004	3.388441561392024e-004
1779	3.263882504281890e-004	3.311311214825911e-004
1795	3.219119992288189e-004	3.235936569296281e-004
1798	3.133401322784613e-004	3.162277660168379e-004
1802	3.066284134914943e-004	3.090295432513592e-004
1834	2.988672690089622e-004	3.019951720402016e-004
1845	2.948990688702580e-004	2.951209226666387e-004
1853	2.861719433593368e-004	2.884031503126606e-004
1863	2.798536705961308e-004	2.818382931264455e-004
1875	2.752984865324049e-004	2.754228703338166e-004
1888	2.684015815660468e-004	2.691534803926917e-004
1893	2.629656507625588e-004	2.630267991895381e-004
1902	2.522198871466319e-004	2.570395782768865e-004
1904	2.504385159063371e-004	2.511886431509580e-004
1918	2.453867127237830e-004	2.454708915685031e-004
1921	2.377828601950460e-004	2.398832919019490e-004
1936	2.334977862625820e-004	2.344228815319923e-004
1946	2.254975567430595e-004	2.290867652767772e-004
1954	2.201531728116546e-004	2.238721138568340e-004
1958	2.168770307811041e-004	2.187761623949552e-004
1972	2.135738790796093e-004	2.137962089502232e-004
1981	2.087774855840108e-004	2.089296130854039e-004
1994	2.040469395629962e-004	2.041737944669530e-004
2014	1.983476644266125e-004	1.995262314968879e-004
2026	1.935683573403013e-004	1.949844599758046e-004
2032	1.905447177299458e-004	1.905460717963246e-004
2051	1.860858202453741e-004	1.862087136662868e-004
2072	1.819410967734969e-004	1.819700858609983e-004
2086	1.764487454929409e-004	1.778279410038923e-004
2093	1.693496782759763e-004	1.698243652461744e-004
2094	1.651173607835066e-004	1.659586907437562e-004
2109	1.615219090288500e-004	1.621810097358930e-004
2133	1.583307139942924e-004	1.584893192461114e-004
2153	1.541687833057637e-004	1.548816618912481e-004
2178	1.507362009146585e-004	1.513561248436209e-004
2195	1.472191938258760e-004	1.479108388168207e-004
2217	1.444806303322332e-004	1.445439770745928e-004
2253	1.410664369572157e-004	1.412537544622754e-004
2324	1.380218784682308e-004	1.380384264602885e-004
2366	1.347098595914087e-004	1.348962882591653e-004
2411	1.316634554510143e-004	1.318256738556407e-004
2446	1.286870193289991e-004	1.288249551693134e-004
2475	1.246426617884655e-004	1.258925411794167e-004
2509	1.228616929034310e-004	1.230268770812381e-004
2566	1.199638403716064e-004	1.202264434617413e-004
2620	1.169488745966785e-004	1.174897554939529e-004
2645	1.147647673758190e-004	1.148153621496883e-004
2754	1.121739413282308e-004	1.122018454301963e-004
2896	1.094127534967404e-004	1.096478196143185e-004
3025	1.071472524271089e-004	1.071519305237606e-004
3265	1.047091919480492e-004	1.047128548050900e-004
3395	1.022222801797534e-004	1.023292992280754e-004
3621	9.998430085444987e-005	1.000000000000000e-004
3886	9.768460037196114e-005	9.772372209558112e-005
4178	9.547504189322265e-005	9.549925860214369e-005
4843	9.328596900526343e-005	9.332543007969905e-005
4980	7.542998403065049e-005	7.585775750291836e-005
5701	7.412962387820521e-005	7.413102413009178e-005
6975	7.212199330541846e-005	7.244359600749906e-005
8011	7.074707398935232e-005	7.079457843841373e-005
8284	6.781356300589181e-005	6.918309709189363e-005
8476	6.760682064954615e-005	6.760829753919819e-005
12069	6.178649463794983e-005	6.309573444801929e-005
12389	6.165918408718163e-005	6.165950018614822e-005
13799	6.022315442844040e-005	6.025595860743581e-005
16052	5.742144399034643e-005	5.754399373371566e-005
20628	5.236949391707046e-005	5.248074602497723e-005
22997	5.096438272267356e-005	5.128613839913648e-005
23596	4.677643195061254e-005	4.786300923226380e-005
23685	4.677349576909240e-005	4.677351412871981e-005
28134	4.570670335668492e-005	4.570881896148752e-005
35386	4.415800594315122e-005	4.466835921509635e-005
37392	4.363745205082648e-005	4.365158322401657e-005
43179	4.265697056304862e-005	4.265795188015926e-005
49891	4.167944407817981e-005	4.168693834703355e-005
55905	4.022085555988042e-005	4.073802778041130e-005
56337	3.979424913036489e-005	3.981071705534970e-005
64661	3.879433914455444e-005	3.890451449942805e-005
69732	3.801725914887033e-005	3.801893963205612e-005
95929	3.715346695587485e-005	3.715352290971728e-005
110039	3.608888229900131e-005	3.630780547701010e-005
122387	3.416385362720043e-005	3.467368504525317e-005
132536	3.382195821266532e-005	3.388441561392028e-005
166281	3.299820214552884e-005	3.311311214825908e-005
178525	3.225694974839932e-005	3.235936569296281e-005
185586	3.154039897645955e-005	3.162277660168380e-005
200001	3.142336394812428e-005	3.162277660168380e-005
%
% index = 298, name = bbob_f008_i19_d02__bbob_f014_i21_d02
% instance = 9, reference value = 9.403706785830580e-001
% function evaluation | indicator value | target hit
1	9.630712639227511e+006	9.772372209558113e+006
2	9.188125134299995e+006	9.332543007969905e+006
3	2.656497835896785e+006	2.691534803926914e+006
4	6.663827205567929e+005	6.760829753919819e+005
5	5.032401882768057e+002	5.128613839913649e+002
6	3.898455768556439e+002	3.981071705534973e+002
13	8.963154176564996e+001	9.120108393559097e+001
67	5.534689162394145e+001	5.623413251903491e+001
156	1.534881068146562e+001	1.548816618912481e+001
286	9.901674961315857e+000	1.000000000000000e+001
392	2.878512583487058e+000	2.884031503126606e+000
610	1.670799824944058e+000	1.698243652461744e+000
663	1.285028854889058e+000	1.288249551693134e+000
760	9.861895960835579e-001	1.000000000000000e+000
1019	3.135908300548115e-001	3.162277660168379e-001
1102	3.070335808890333e-001	3.090295432513591e-001
1134	2.915932579453791e-001	2.951209226666385e-001
1198	2.850636281915638e-001	2.884031503126606e-001
1231	2.788659479369839e-001	2.818382931264454e-001
1233	2.589880442219054e-001	2.630267991895382e-001
1304	2.557519370081454e-001	2.570395782768864e-001
1325	1.404619464603648e-001	1.412537544622755e-001
1370	1.362813276781860e-001	1.380384264602885e-001
1408	1.220593833225300e-001	1.230268770812382e-001
1441	1.160778598613870e-001	1.174897554939529e-001
1452	1.047850528768245e-001	1.071519305237607e-001
1454	8.771372406196931e-002	8.912509381337455e-002
1464	6.535735145649058e-002	6.606934480075961e-002
1469	5.705166192326827e-002	5.754399373371569e-002
1481	4.291926895702269e-002	4.365158322401658e-002
1482	4.140583249777696e-002	4.168693834703355e-002
1500	3.702729252973303e-002	3.715352290971726e-002
1537	3.501560261317982e-002	3.548133892335755e-002
1560	3.418425981996631e-002	3.467368504525317e-002
1570	3.315614005186462e-002	3.388441561392026e-002
1582	3.282721356355622e-002	3.311311214825911e-002
1585	3.196759219600298e-002	3.235936569296283e-002
1627	3.116360200928758e-002	3.162277660168379e-002
1630	3.058449142514197e-002	3.090295432513590e-002
1635	2.965209036535776e-002	3.019951720402016e-002
1643	2.945398874428651e-002	2.951209226666385e-002
1671	2.375143457495343e-002	2.398832919019490e-002
1675	1.797631910238751e-002	1.819700858609984e-002
1692	1.711837250070913e-002	1.737800828749376e-002
1705	1.523646611403795e-002	1.548816618912481e-002
1707	1.491361876597530e-002	1.513561248436208e-002
1710	1.467359333498430e-002	1.479108388168207e-002
1729	1.445250614965621e-002	1.445439770745927e-002
1738	1.394167930274437e-002	1.412537544622754e-002
1761	1.310212466949545e-002	1.318256738556408e-002
1772	1.277322601624253e-002	1.288249551693134e-002
1795	1.064955720002281e-002	1.071519305237607e-002
1809	1.039878971070285e-002	1.047128548050900e-002
1825	9.420000250330851e-003	9.549925860214359e-003
1826	9.141018560839487e-003	9.332543007969915e-003
1827	9.071918731076711e-003	9.120108393559097e-003
1836	8.875017518996664e-003	8.912509381337459e-003
1843	8.556468960232766e-003	8.709635899560805e-003
1847	8.400900030583247e-003	8.511380382023768e-003
1859	8.085923054323208e-003	8.128305161640995e-003
1866	7.916978074098857e-003	7.943282347242814e-003
1873	7.735213216605419e-003	7.762471166286920e-003
1888	7.410310921608598e-003	7.413102413009177e-003
1899	7.241505020336603e-003	7.244359600749898e-003
1909	7.074207824693368e-003	7.079457843841380e-003
1934	6.873215453469417e-003	6.918309709189363e-003
1940	6.721532616804860e-003	6.760829753919818e-003
1957	6.573784707205155e-003	6.606934480075957e-003
1980	6.456374161759815e-003	6.456542290346556e-003
2002	6.286271285718459e-003	6.309573444801930e-003
2037	6.159515675421834e-003	6.165950018614822e-003
2039	5.554996278272051e-003	5.623413251903491e-003
2049	5.411455523137487e-003	5.495408738576248e-003
2057	5.354982616315729e-003	5.370317963702527e-003
2092	5.247453249029643e-003	5.248074602497728e-003
2128	5.116116062689358e-003	5.128613839913648e-003
2136	4.778715042424442e-003	4.786300923226385e-003
2164	4.661775511759392e-003	4.677351412871981e-003
2187	4.564428520089869e-003	4.570881896148752e-003
2228	4.455824928497165e-003	4.466835921509631e-003
2266	4.286839283272670e-003	4.365158322401661e-003
2277	4.239838702836840e-003	4.265795188015926e-003
2321	4.167425334477448e-003	4.168693834703355e-003
2343	4.043560900016008e-003	4.073802778041126e-003
2373	3.968846402730653e-003	3.981071705534973e-003
2406	3.890254373457580e-003	3.890451449942805e-003
2474	3.782765438077207e-003	3.801893963205613e-003
2512	3.710289489290641e-003	3.715352290971724e-003
2593	3.630443466544953e-003	3.630780547701014e-003
2613	3.533816010419355e-003	3.548133892335753e-003
2679	3.467126008376731e-003	3.467368504525317e-003
2745	3.157683759965391e-003	3.162277660168379e-003
2862	3.057147577162689e-003	3.090295432513592e-003
2914	3.018119181550705e-003	3.019951720402016e-003
3105	2.950394820034008e-003	2.951209226666387e-003
3324	2.883980440845257e-003	2.884031503126606e-003
3667	2.817636857661787e-003	2.818382931264455e-003
4178	2.754010578311372e-003	2.754228703338166e-003
5183	2.691414926175084e-003	2.691534803926917e-003
6915	2.630147919471471e-003	2.630267991895381e-003
10872	2.570364546441661e-003	2.570395782768865e-003
14781	2.437957294561532e-003	2.454708915685031e-003
14893	2.393241183487604e-003	2.398832919019490e-003
22370	2.289065052305306e-003	2.290867652767772e-003
22373	2.134681481675838e-003	2.137962089502233e-003
30045	1.967321543129841e-003	1.995262314968879e-003
31152	1.373858304641429e-003	1.380384264602885e-003
31803	1.137774975020434e-003	1.148153621496883e-003
35240	1.114676792973723e-003	1.122018454301963e-003
35251	1.045008434302219e-003	1.047128548050900e-003
38840	9.677636040926751e-004	9.772372209558111e-004
39943	9.262821798968757e-004	9.332543007969915e-004
39957	9.092262915689764e-004	9.120108393559096e-004
40150	8.430945721471517e-004	8.511380382023768e-004
40380	8.176484099648995e-004	8.317637711026709e-004
41780	8.113697211789006e-004	8.128305161640995e-004
61258	7.885126245853469e-004	7.943282347242813e-004
64528	7.312139072137569e-004	7.413102413009177e-004
74613	7.244356487591253e-004	7.244359600749898e-004
102439	6.980927002488979e-004	7.079457843841380e-004
104214	6.917413770061165e-004	6.918309709189362e-004
114264	6.760343761027521e-004	6.760829753919819e-004
143684	6.149462463602706e-004	6.165950018614822e-004
163723	6.006318752723727e-004	6.025595860743575e-004
178199	5.888357520934529e-004	5.888436553555889e-004
183992	5.754399355651918e-004	5.754399373371566e-004
200001	5.715262661720733e-004	5.754399373371566e-004
%
% index = 299, name = bbob_f008_i21_d02__bbob_f014_i22_d02
% instance = 10, reference value = 8.330847210272440e-001
% function evaluation | indicator value | target hit
1	2.983992018074836e+010	3.019951720402019e+010
2	2.768283761712567e+010	2.818382931264449e+010
3	7.964083401861836e+009	8.128305161640995e+009
4	1.950369389426924e+009	1.995262314968883e+009
5	1.260557947858995e+005	1.288249551693135e+005
67	7.997583467820607e+004	8.128305161640995e+004
76	6.357297741260688e+004	6.456542290346549e+004
77	5.009919063837014e+004	5.011872336272725e+004
232	1.021967279072924e+003	1.023292992280754e+003
352	3.255637300764457e+002	3.311311214825911e+002
672	3.177129849860244e+000	3.235936569296283e+000
1166	6.182533202881407e-001	6.309573444801933e-001
1269	4.743793315691578e-001	4.786300923226383e-001
1447	2.387385816740115e-001	2.398832919019490e-001
1603	2.153062832680285e-001	2.187761623949552e-001
1645	2.099201437818078e-001	2.137962089502232e-001
1660	2.065996220141443e-001	2.089296130854039e-001
1665	1.652501505411933e-001	1.659586907437561e-001
1774	1.335697028770914e-001	1.348962882591654e-001
1814	1.255913757406820e-001	1.258925411794167e-001
1824	1.205985926772203e-001	1.230268770812382e-001
1834	9.245895087728884e-002	9.332543007969910e-002
1854	8.455711291832757e-002	8.511380382023763e-002
1894	7.664440468515010e-002	7.762471166286916e-002
1907	6.822722922144964e-002	6.918309709189366e-002
1925	6.760223586753378e-002	6.760829753919818e-002
1947	6.554682277371005e-002	6.606934480075961e-002
1993	6.254805445827916e-002	6.309573444801933e-002
2006	6.030233480701597e-002	6.165950018614822e-002
2022	6.011752310945073e-002	6.025595860743578e-002
2030	5.750721015567439e-002	5.754399373371569e-002
2081	5.563263695283149e-002	5.623413251903491e-002
2100	5.309992672894381e-002	5.370317963702527e-002
2101	5.172564407939240e-002	5.248074602497726e-002
2106	5.009176644566449e-002	5.011872336272722e-002
2107	4.829016329533942e-002	4.897788193684461e-002
2125	4.747371428091951e-002	4.786300923226383e-002
2136	4.642469576425312e-002	4.677351412871982e-002
2148	4.554798234125224e-002	4.570881896148749e-002
2170	4.373756723271915e-002	4.466835921509630e-002
2182	3.930529611621836e-002	3.981071705534973e-002
2185	3.742793816770040e-002	3.801893963205612e-002
2191	3.491082272996593e-002	3.548133892335755e-002
2198	3.309052626272213e-002	3.311311214825911e-002
2199	3.198879490782913e-002	3.235936569296283e-002
2200	3.094246432495240e-002	3.162277660168379e-002
2207	3.039416597046651e-002	3.090295432513590e-002
2242	2.970322616039622e-002	3.019951720402016e-002
2243	2.770673328877515e-002	2.818382931264454e-002
2247	2.728651231098078e-002	2.754228703338166e-002
2254	2.530744716214306e-002	2.570395782768863e-002
2265	2.500192222589137e-002	2.511886431509579e-002
2277	2.429341771414550e-002	2.454708915685030e-002
2300	2.144620129787500e-002	2.187761623949553e-002
2301	2.116210364468385e-002	2.137962089502233e-002
2318	2.047268499427146e-002	2.089296130854040e-002
2350	1.871799370191429e-002	1.905460717963247e-002
2356	1.856811124846869e-002	1.862087136662868e-002
2382	1.775487082116001e-002	1.778279410038923e-002
2389	1.684626866516026e-002	1.698243652461744e-002
2394	1.636954543112335e-002	1.659586907437561e-002
2398	1.620717150918316e-002	1.621810097358930e-002
2407	1.575587910681697e-002	1.584893192461113e-002
2418	1.535192226587889e-002	1.548816618912481e-002
2425	1.482180235939390e-002	1.513561248436208e-002
2428	1.472871919608154e-002	1.479108388168207e-002
2431	1.428708590378935e-002	1.445439770745927e-002
2438	1.391694354743833e-002	1.412537544622754e-002
2447	1.380298666203172e-002	1.380384264602885e-002
2453	1.314231925973075e-002	1.318256738556408e-002
2470	1.226757232193176e-002	1.230268770812382e-002
2483	1.188129952013040e-002	1.202264434617413e-002
2491	1.157664156483151e-002	1.174897554939530e-002
2499	1.135900460125794e-002	1.148153621496883e-002
2501	1.119116046535884e-002	1.122018454301964e-002
2510	1.065419133739054e-002	1.071519305237607e-002
2520	1.041386457011340e-002	1.047128548050900e-002
2542	1.019159268095304e-002	1.023292992280754e-002
2549	9.821230292983096e-003	1.000000000000000e-002
2563	9.583352216020691e-003	9.772372209558112e-003
2575	9.394915323116315e-003	9.549925860214359e-003
2577	9.328976732853933e-003	9.332543007969915e-003
2578	9.118554241260179e-003	9.120108393559097e-003
2585	8.909884602758766e-003	8.912509381337459e-003
2590	8.137289175338291e-003	8.317637711026709e-003
2599	7.990604826282000e-003	8.128305161640995e-003
2603	7.534285931272367e-003	7.585775750291836e-003
2607	7.253583875706182e-003	7.413102413009177e-003
2619	7.227898794104792e-003	7.244359600749898e-003
2634	6.956657916948994e-003	7.079457843841380e-003
2642	6.914026102369575e-003	6.918309709189363e-003
2668	6.717897495294056e-003	6.760829753919818e-003
2679	6.456282515957423e-003	6.456542290346556e-003
2689	6.048363921259958e-003	6.165950018614822e-003
2697	6.021765394294665e-003	6.025595860743574e-003
2742	5.859522186578037e-003	5.888436553555890e-003
2756	5.698599214296163e-003	5.754399373371567e-003
2765	5.621392446024665e-003	5.623413251903491e-003
2797	5.490872112126732e-003	5.495408738576248e-003
2809	5.349703451649313e-003	5.370317963702527e-003
2841	5.183937368555380e-003	5.248074602497728e-003
2862	5.081980473215397e-003	5.128613839913648e-003
2894	5.007973596727000e-003	5.011872336272725e-003
2906	4.857060188378393e-003	4.897788193684461e-003
2924	4.782392498216215e-003	4.786300923226385e-003
2937	4.676488851415916e-003	4.677351412871981e-003
2952	4.528511141250746e-003	4.570881896148752e-003
2964	4.456458561976517e-003	4.466835921509631e-003
2985	4.346762782153624e-003	4.365158322401661e-003
3027	4.260124044283775e-003	4.265795188015926e-003
3050	4.154874065354308e-003	4.168693834703355e-003
3076	3.982418575673163e-003	4.073802778041126e-003
3083	3.957998252465900e-003	3.981071705534973e-003
3096	3.888434131361307e-003	3.890451449942805e-003
3125	3.797881476646281e-003	3.801893963205613e-003
3161	3.715031000461111e-003	3.715352290971724e-003
3185	3.615632394124879e-003	3.630780547701014e-003
3211	3.530587101466920e-003	3.548133892335753e-003
3221	3.462243284364064e-003	3.467368504525317e-003
3282	3.323273684645911e-003	3.388441561392024e-003
3288	3.285664606998195e-003	3.311311214825911e-003
3317	3.230976152733378e-003	3.235936569296281e-003
3334	3.146454035980573e-003	3.162277660168379e-003
3400	3.069705162680458e-003	3.090295432513592e-003
3437	3.019676453492437e-003	3.019951720402016e-003
3485	2.949690961790652e-003	2.951209226666387e-003
3526	2.873582610721015e-003	2.884031503126606e-003
3536	2.773211739151460e-003	2.818382931264455e-003
3567	2.735780305684665e-003	2.754228703338166e-003
3585	2.670108242484370e-003	2.691534803926917e-003
3612	2.611560965127269e-003	2.630267991895381e-003
3624	2.565882461620817e-003	2.570395782768865e-003
3695	2.499662020028826e-003	2.511886431509579e-003
3732	2.451361814235220e-003	2.454708915685031e-003
3777	2.396609446567277e-003	2.398832919019490e-003
3871	2.343124897329907e-003	2.344228815319923e-003
3904	2.281836270158433e-003	2.290867652767772e-003
3920	2.218020195080106e-003	2.238721138568340e-003
3961	2.183387163394723e-003	2.187761623949552e-003
3978	2.130598808400497e-003	2.137962089502233e-003
4053	2.079567753934364e-003	2.089296130854039e-003
4123	2.039972790411682e-003	2.041737944669530e-003
4223	1.992451036816778e-003	1.995262314968879e-003
4329	1.947968276098555e-003	1.949844599758046e-003
4379	1.905262666306418e-003	1.905460717963246e-003
4444	1.859770498664481e-003	1.862087136662868e-003
4502	1.814833057035670e-003	1.819700858609983e-003
4619	1.767601494468751e-003	1.778279410038923e-003
4688	1.735619414693912e-003	1.737800828749376e-003
4857	1.697145717827087e-003	1.698243652461744e-003
5017	1.658149609691129e-003	1.659586907437561e-003
5136	1.606726601024455e-003	1.621810097358930e-003
5191	1.577803535176559e-003	1.584893192461114e-003
5266	1.544921177857317e-003	1.548816618912481e-003
5344	1.511408574995543e-003	1.513561248436209e-003
5470	1.478683498861155e-003	1.479108388168207e-003
5591	1.444751418088752e-003	1.445439770745928e-003
5715	1.409968092399683e-003	1.412537544622754e-003
5969	1.372592875432455e-003	1.380384264602885e-003
6045	1.348405843354716e-003	1.348962882591653e-003
6270	1.316516170656756e-003	1.318256738556408e-003
6387	1.285852027320567e-003	1.288249551693134e-003
6518	1.223214721289501e-003	1.230268770812381e-003
6624	1.200492439635048e-003	1.202264434617413e-003
6709	1.168666132706497e-003	1.174897554939529e-003
6776	1.147183798501983e-003	1.148153621496883e-003
6988	1.119426480135854e-003	1.122018454301963e-003
7124	1.095448476239769e-003	1.096478196143185e-003
7289	1.059759485886769e-003	1.071519305237606e-003
7343	1.046403965180076e-003	1.047128548050900e-003
7627	1.023248607374683e-003	1.023292992280754e-003
7985	9.983935366054686e-004	1.000000000000000e-003
8266	9.762656191261154e-004	9.772372209558111e-004
8569	9.419472750592517e-004	9.549925860214359e-004
8677	9.325696545884332e-004	9.332543007969915e-004
8771	8.998099707503426e-004	9.120108393559096e-004
8924	8.900852054851693e-004	8.912509381337459e-004
9355	8.708630084161007e-004	8.709635899560805e-004
9849	8.509361485359301e-004	8.511380382023768e-004
9931	7.341486886797144e-004	7.413102413009177e-004
10156	7.243995035963735e-004	7.244359600749898e-004
10572	7.079300123855603e-004	7.079457843841380e-004
10831	6.913466333334783e-004	6.918309709189362e-004
11016	6.730561628217613e-004	6.760829753919819e-004
11380	6.606063309435584e-004	6.606934480075958e-004
11590	6.456260664168267e-004	6.456542290346556e-004
12175	6.307464933906770e-004	6.309573444801930e-004
12657	6.162831682514636e-004	6.165950018614822e-004
13113	5.993696690111960e-004	6.025595860743575e-004
13617	5.881617152188046e-004	5.888436553555889e-004
14195	5.746487116852217e-004	5.754399373371566e-004
14448	5.611536228082859e-004	5.623413251903491e-004
14826	5.495294659889627e-004	5.495408738576249e-004
15319	5.369476114763794e-004	5.370317963702527e-004
15850	5.246504254216022e-004	5.248074602497728e-004
16186	5.110164442294618e-004	5.128613839913648e-004
16622	5.011317208895028e-004	5.011872336272725e-004
16990	4.893889044229605e-004	4.897788193684461e-004
18148	4.786201942992285e-004	4.786300923226385e-004
18439	4.670403445717897e-004	4.677351412871981e-004
19131	4.567023804743498e-004	4.570881896148752e-004
20158	4.460190697486155e-004	4.466835921509631e-004
20604	4.351492206121632e-004	4.365158322401661e-004
21047	4.265138170943539e-004	4.265795188015926e-004
21474	4.130095127719002e-004	4.168693834703355e-004
21898	4.071018934185267e-004	4.073802778041126e-004
22977	3.980763464281889e-004	3.981071705534974e-004
23677	3.884986696107706e-004	3.890451449942804e-004
24057	3.722409013476868e-004	3.801893963205612e-004
24161	3.714733077451182e-004	3.715352290971724e-004
25138	3.630066089969075e-004	3.630780547701014e-004
26241	3.538547013464122e-004	3.548133892335753e-004
27443	3.467097996131541e-004	3.467368504525317e-004
28340	3.382312983666314e-004	3.388441561392024e-004
29369	3.310082143014315e-004	3.311311214825911e-004
30729	3.235820318284732e-004	3.235936569296281e-004
31842	3.161631832867551e-004	3.162277660168379e-004
32579	3.090229277489254e-004	3.090295432513592e-004
34206	3.019771987660125e-004	3.019951720402016e-004
35256	2.950882863981263e-004	2.951209226666387e-004
35978	2.882682484889321e-004	2.884031503126606e-004
37592	2.818145921147375e-004	2.818382931264455e-004
38736	2.754068869629256e-004	2.754228703338166e-004
40066	2.691395822098652e-004	2.691534803926917e-004
41742	2.629736097438107e-004	2.630267991895381e-004
43136	2.570283302838483e-004	2.570395782768865e-004
45069	2.511874969739480e-004	2.511886431509580e-004
47046	2.454523521806529e-004	2.454708915685031e-004
48071	2.398792564429764e-004	2.398832919019490e-004
50474	2.342810730066036e-004	2.344228815319923e-004
52085	2.276193892410960e-004	2.290867652767772e-004
53292	2.238031722140432e-004	2.238721138568340e-004
54198	1.865141831057793e-004	1.905460717963246e-004
54303	1.861856389152594e-004	1.862087136662868e-004
56021	1.819641404567918e-004	1.819700858609983e-004
57421	1.778176832781808e-004	1.778279410038923e-004
58659	1.737790873674872e-004	1.737800828749376e-004
60238	1.698196454462675e-004	1.698243652461744e-004
61806	1.659558688945628e-004	1.659586907437562e-004
63584	1.618848710168708e-004	1.621810097358930e-004
65895	1.584867352305563e-004	1.584893192461114e-004
69026	1.548671103774879e-004	1.548816618912481e-004
71668	1.510465633061120e-004	1.513561248436209e-004
73285	1.478851790250868e-004	1.479108388168207e-004
76254	1.445292528140518e-004	1.445439770745928e-004
78759	1.412510266017852e-004	1.412537544622754e-004
81485	1.380262336155846e-004	1.380384264602885e-004
83356	1.344400926639455e-004	1.348962882591653e-004
85908	1.318167611759069e-004	1.318256738556407e-004
89696	1.288113033807159e-004	1.288249551693134e-004
92795	1.258858986163958e-004	1.258925411794167e-004
97056	1.229815486308850e-004	1.230268770812381e-004
101471	1.202079364825970e-004	1.202264434617413e-004
104830	1.174872528187931e-004	1.174897554939529e-004
109817	1.148146250984361e-004	1.148153621496883e-004
112660	1.119561325391150e-004	1.122018454301963e-004
113418	1.083646338170263e-004	1.096478196143185e-004
115337	1.071500201220710e-004	1.071519305237606e-004
119542	1.047074371602896e-004	1.047128548050900e-004
124153	1.022536840965538e-004	1.023292992280754e-004
126160	9.997083644608384e-005	1.000000000000000e-004
128470	9.771787385548514e-005	9.772372209558112e-005
133920	9.514999865145590e-005	9.549925860214369e-005
138651	9.332440299780753e-005	9.332543007969905e-005
143727	9.119966726889306e-005	9.120108393559096e-005
149701	8.910718475230173e-005	8.912509381337459e-005
155043	8.709356692582215e-005	8.709635899560814e-005
159305	8.510977743736437e-005	8.511380382023760e-005
165762	8.316579261991031e-005	8.317637711026709e-005
172096	8.127495840304366e-005	8.128305161640995e-005
179950	7.942353324708051e-005	7.943282347242822e-005
186865	7.762460229410184e-005	7.762471166286911e-005
193316	7.585309026991727e-005	7.585775750291836e-005
200001	7.442512978927951e-005	7.585775750291836e-005
