%
% index = 1870, name = bbob_f006_i02_d10__bbob_f014_i04_d10
% instance = 1, reference value = 9.913084889084610e-001
% function evaluation | indicator value | target hit
1	7.034019295285824e+004	7.079457843841374e+004
2	4.933016530324082e+002	5.011872336272725e+002
6	3.331017345012693e+002	3.388441561392024e+002
7	3.153038259617139e+002	3.162277660168379e+002
47	2.334099477550636e+002	2.344228815319923e+002
48	2.120232514963370e+002	2.137962089502233e+002
96	1.924138845995445e+002	1.949844599758046e+002
204	1.390324500926731e+002	1.412537544622754e+002
237	1.165546733677114e+002	1.174897554939529e+002
271	1.133011112940726e+002	1.148153621496883e+002
310	1.057942651213136e+002	1.071519305237606e+002
350	9.307155585895374e+001	9.332543007969910e+001
645	6.233659465804496e+001	6.309573444801933e+001
758	3.856152579696606e+001	3.890451449942807e+001
798	3.789661102753689e+001	3.801893963205612e+001
1176	2.666039628488676e+001	2.691534803926916e+001
1308	2.108683533534796e+001	2.137962089502232e+001
1471	1.653287267091596e+001	1.659586907437561e+001
1492	1.270940070341696e+001	1.288249551693134e+001
1570	9.976737504512677e+000	1.000000000000000e+001
1956	6.304247167990354e+000	6.309573444801933e+000
2651	5.072779516485461e+000	5.128613839913649e+000
2696	4.729864222545961e+000	4.786300923226384e+000
3081	4.232398939935882e+000	4.265795188015927e+000
3334	4.011061438498961e+000	4.073802778041127e+000
3384	3.974136263893961e+000	3.981071705534972e+000
3478	2.726677543837461e+000	2.754228703338166e+000
3584	2.587676744021920e+000	2.630267991895382e+000
3944	2.315076212656853e+000	2.344228815319922e+000
3950	2.154073385025461e+000	2.187761623949553e+000
4445	2.106398952529961e+000	2.137962089502232e+000
4677	1.764134943663961e+000	1.778279410038923e+000
4821	1.474215413987961e+000	1.479108388168207e+000
5374	1.383437521855626e+000	1.412537544622754e+000
5469	1.221320007817961e+000	1.230268770812382e+000
5879	8.085631834083366e-001	8.128305161640993e-001
5920	7.510568146647398e-001	7.585775750291838e-001
6001	7.412811540673262e-001	7.413102413009175e-001
6006	7.118689054747551e-001	7.244359600749900e-001
6007	7.059638410085785e-001	7.079457843841379e-001
6258	5.192131788936159e-001	5.248074602497725e-001
6440	5.115372221237694e-001	5.128613839913648e-001
6583	4.871642216686898e-001	4.897788193684462e-001
6750	4.452152612287862e-001	4.466835921509632e-001
6752	4.195569539686871e-001	4.265795188015927e-001
6761	4.144302686747624e-001	4.168693834703354e-001
6804	3.590064535403003e-001	3.630780547701014e-001
6826	3.542681810449549e-001	3.548133892335755e-001
6850	3.447216917293273e-001	3.467368504525316e-001
7023	2.992674261007383e-001	3.019951720402016e-001
7065	2.917399369781107e-001	2.951209226666385e-001
7107	2.771583926561690e-001	2.818382931264454e-001
7110	2.672537696267670e-001	2.691534803926916e-001
7128	2.609246287916562e-001	2.630267991895382e-001
7209	2.564897368320968e-001	2.570395782768864e-001
7235	2.052115448701632e-001	2.089296130854039e-001
7285	1.745867502133156e-001	1.778279410038923e-001
7326	1.633118907861934e-001	1.659586907437561e-001
7328	1.620125706590553e-001	1.621810097358930e-001
7336	1.440648888935087e-001	1.445439770745928e-001
7347	1.312936106691119e-001	1.318256738556407e-001
7568	1.252062272220139e-001	1.258925411794167e-001
7577	1.068544398657819e-001	1.071519305237607e-001
7710	9.569690339708481e-002	9.772372209558107e-002
7724	9.331454801527761e-002	9.332543007969910e-002
7816	8.957793540673564e-002	9.120108393559097e-002
7855	8.636916474112133e-002	8.709635899560805e-002
7948	7.776945502127208e-002	7.943282347242814e-002
8036	7.645655716716882e-002	7.762471166286916e-002
8065	7.487702577103905e-002	7.585775750291836e-002
8224	7.410239744273506e-002	7.413102413009177e-002
8251	7.209988537173229e-002	7.244359600749903e-002
8269	6.903957215633272e-002	6.918309709189366e-002
8385	6.757073350368759e-002	6.760829753919818e-002
8407	6.569622223582250e-002	6.606934480075961e-002
8466	6.432692782335858e-002	6.456542290346556e-002
8531	6.198309531438417e-002	6.309573444801933e-002
8603	6.036263721696455e-002	6.165950018614822e-002
8605	5.966774389958307e-002	6.025595860743578e-002
8615	5.816087062560738e-002	5.888436553555890e-002
8754	5.685719500686270e-002	5.754399373371569e-002
8759	5.589911572534478e-002	5.623413251903491e-002
8784	5.217339688810385e-002	5.248074602497726e-002
8788	5.052831598487872e-002	5.128613839913648e-002
8800	4.871670032047215e-002	4.897788193684461e-002
8962	4.773093812330143e-002	4.786300923226383e-002
9008	4.506685324626814e-002	4.570881896148749e-002
9036	4.464097654644172e-002	4.466835921509630e-002
9043	4.071608392016113e-002	4.073802778041128e-002
9134	3.972251508157731e-002	3.981071705534973e-002
9247	3.512830925660404e-002	3.548133892335755e-002
9271	3.461168001430603e-002	3.467368504525317e-002
9328	3.386368364610071e-002	3.388441561392026e-002
9380	3.272596331967170e-002	3.311311214825911e-002
9521	2.871594932879229e-002	2.884031503126606e-002
9582	2.725111174616257e-002	2.754228703338166e-002
9584	2.690329165160588e-002	2.691534803926915e-002
9743	2.405680149524270e-002	2.454708915685030e-002
9764	2.393178030648246e-002	2.398832919019490e-002
9808	2.337903944364950e-002	2.344228815319923e-002
9844	1.987238438378225e-002	1.995262314968880e-002
9895	1.942853552648061e-002	1.949844599758046e-002
9967	1.904333571856154e-002	1.905460717963247e-002
10030	1.862031427746358e-002	1.862087136662868e-002
10087	1.804065030406654e-002	1.819700858609984e-002
10098	1.761738359869469e-002	1.778279410038923e-002
10153	1.715081130119600e-002	1.737800828749376e-002
10252	1.680168591429920e-002	1.698243652461744e-002
10340	1.649754511817247e-002	1.659586907437561e-002
10498	1.604718492802293e-002	1.621810097358930e-002
10552	1.584409624226379e-002	1.584893192461113e-002
10588	1.436298567002980e-002	1.445439770745927e-002
10718	1.352958994829956e-002	1.380384264602885e-002
10719	1.322924476819298e-002	1.348962882591653e-002
10766	1.317392492536407e-002	1.318256738556408e-002
10886	9.670131309160834e-003	9.772372209558112e-003
10934	9.407684436011032e-003	9.549925860214359e-003
11058	8.718144254754479e-003	8.912509381337459e-003
11107	8.701007427951657e-003	8.709635899560805e-003
11159	8.501971493724558e-003	8.511380382023768e-003
11201	8.274690584885835e-003	8.317637711026709e-003
11274	7.873127730893326e-003	7.943282347242814e-003
11299	7.755358744191754e-003	7.762471166286920e-003
11311	7.335768586160918e-003	7.413102413009177e-003
11380	6.862804608218087e-003	6.918309709189363e-003
11425	6.751764238307034e-003	6.760829753919818e-003
11517	6.580752713243765e-003	6.606934480075957e-003
11605	6.424470666944404e-003	6.456542290346556e-003
11727	6.018290591037867e-003	6.025595860743574e-003
11793	5.874655240127757e-003	5.888436553555890e-003
12005	5.658923399155746e-003	5.754399373371567e-003
12121	5.615642937925047e-003	5.623413251903491e-003
12422	4.743750736139085e-003	4.786300923226385e-003
12488	4.676964129962435e-003	4.677351412871981e-003
12532	4.494167927473369e-003	4.570881896148752e-003
12559	4.457673252911576e-003	4.466835921509631e-003
12777	4.346453978086418e-003	4.365158322401661e-003
12789	4.138219651024344e-003	4.168693834703355e-003
12905	4.069424065102578e-003	4.073802778041126e-003
13076	3.978081418517188e-003	3.981071705534973e-003
13161	3.870644534562984e-003	3.890451449942805e-003
13301	3.800322310828053e-003	3.801893963205613e-003
13450	3.642996051031799e-003	3.715352290971724e-003
13504	3.627463764297345e-003	3.630780547701014e-003
13715	3.519253177203585e-003	3.548133892335753e-003
13829	3.456481359777497e-003	3.467368504525317e-003
13907	3.344229681859101e-003	3.388441561392024e-003
13984	3.286491759611043e-003	3.311311214825911e-003
14086	3.235337625589696e-003	3.235936569296281e-003
14162	3.150638252364946e-003	3.162277660168379e-003
14325	3.069419437461085e-003	3.090295432513592e-003
14516	3.016175982960112e-003	3.019951720402016e-003
14998	2.950227424680985e-003	2.951209226666387e-003
15913	2.883937338921228e-003	2.884031503126606e-003
17295	2.818044623025817e-003	2.818382931264455e-003
37696	2.753238501911448e-003	2.754228703338166e-003
247402	2.690166955294782e-003	2.691534803926917e-003
1000001	2.633908355354375e-003	2.691534803926917e-003
%
% index = 1871, name = bbob_f006_i03_d10__bbob_f014_i05_d10
% instance = 2, reference value = 9.571062917433950e-001
% function evaluation | indicator value | target hit
1	1.941768864343960e+003	1.949844599758045e+003
5	3.865025619043789e+002	3.890451449942805e+002
6	2.931464981840339e+002	2.951209226666387e+002
34	2.779615865092142e+002	2.818382931264455e+002
44	2.269390729999959e+002	2.290867652767772e+002
205	2.215535806314189e+002	2.238721138568340e+002
211	2.103871333706590e+002	2.137962089502233e+002
217	7.253879889056890e+001	7.413102413009177e+001
274	4.086088183865515e+001	4.168693834703355e+001
759	3.198046641694895e+001	3.235936569296283e+001
960	2.704845637987988e+001	2.754228703338166e+001
1107	2.022748217961386e+001	2.041737944669530e+001
1412	1.294427839426558e+001	1.318256738556407e+001
1699	1.222328168945115e+001	1.230268770812382e+001
1815	1.078103920312258e+001	1.096478196143185e+001
2141	1.007400250014626e+001	1.023292992280754e+001
2325	9.534616207701442e+000	9.549925860214358e+000
2414	6.036308935622754e+000	6.165950018614822e+000
2939	4.837713556538729e+000	4.897788193684462e+000
3489	4.778263349397360e+000	4.786300923226384e+000
3764	4.280681464525250e+000	4.365158322401660e+000
3826	3.126333716973395e+000	3.162277660168379e+000
4509	2.610543586146272e+000	2.630267991895382e+000
4811	2.515361026896414e+000	2.570395782768864e+000
4965	2.423925759404395e+000	2.454708915685031e+000
4972	2.272059121719895e+000	2.290867652767773e+000
5139	1.811224414483752e+000	1.819700858609983e+000
5341	1.629843551134323e+000	1.659586907437561e+000
5345	1.367483850098395e+000	1.380384264602885e+000
6083	1.137432661294895e+000	1.148153621496883e+000
6421	1.090766779720395e+000	1.096478196143185e+000
6699	9.530231766290076e-001	9.549925860214360e-001
7111	9.227046769054849e-001	9.332543007969910e-001
7359	9.105139588057457e-001	9.120108393559098e-001
7405	8.896499245774526e-001	8.912509381337456e-001
7425	8.469984987615618e-001	8.511380382023764e-001
7457	8.230071622406232e-001	8.317637711026710e-001
7472	7.769102461536332e-001	7.943282347242815e-001
7474	7.694773651776609e-001	7.762471166286917e-001
7922	7.462416254293655e-001	7.585775750291838e-001
7967	5.492319816003984e-001	5.495408738576245e-001
8169	5.314018244589378e-001	5.370317963702527e-001
8349	5.230918743817588e-001	5.248074602497725e-001
8467	4.954184253255995e-001	5.011872336272722e-001
8540	4.885885842088437e-001	4.897788193684462e-001
8579	4.757503533314190e-001	4.786300923226383e-001
8663	4.585133454025930e-001	4.677351412871982e-001
8670	4.527246255147386e-001	4.570881896148750e-001
8685	4.457728095022711e-001	4.466835921509632e-001
8827	4.229808223339614e-001	4.265795188015927e-001
8842	4.144025014081735e-001	4.168693834703354e-001
8843	3.871426070798476e-001	3.890451449942806e-001
8940	3.801821325279635e-001	3.801893963205612e-001
8960	3.569559447214368e-001	3.630780547701014e-001
9011	3.341753916014170e-001	3.388441561392026e-001
9013	3.147969506383165e-001	3.162277660168379e-001
9017	3.020740056642646e-001	3.090295432513591e-001
9023	3.016069120706608e-001	3.019951720402016e-001
9080	2.940188606131234e-001	2.951209226666385e-001
9295	2.881933537735573e-001	2.884031503126606e-001
9333	2.785410876082315e-001	2.818382931264454e-001
9479	2.485451857469936e-001	2.511886431509580e-001
9487	2.419131979131171e-001	2.454708915685031e-001
9498	2.376790745572418e-001	2.398832919019490e-001
9586	2.303198818020806e-001	2.344228815319922e-001
9592	2.238312975071931e-001	2.238721138568340e-001
9618	1.989148355021481e-001	1.995262314968880e-001
9667	1.694751117798490e-001	1.698243652461744e-001
9883	1.636919103861960e-001	1.659586907437561e-001
9931	1.580310303372037e-001	1.584893192461113e-001
10080	1.401383328963142e-001	1.412537544622755e-001
10092	1.327054930033385e-001	1.348962882591654e-001
10198	1.276459338398472e-001	1.288249551693134e-001
10309	1.257214156217420e-001	1.258925411794167e-001
10313	1.201929109194448e-001	1.202264434617413e-001
10431	1.162781238028883e-001	1.174897554939529e-001
10432	1.117667459460676e-001	1.122018454301964e-001
10440	1.091265477676572e-001	1.096478196143185e-001
10469	1.067605999417473e-001	1.071519305237607e-001
10477	1.038500707320652e-001	1.047128548050900e-001
10522	1.012202180517257e-001	1.023292992280754e-001
10564	9.999338826278115e-002	1.000000000000000e-001
10586	9.768895647858045e-002	9.772372209558107e-002
10606	9.532177985008705e-002	9.549925860214359e-002
10693	9.311423084023585e-002	9.332543007969910e-002
10723	8.602495540764177e-002	8.709635899560805e-002
10833	8.215231868749218e-002	8.317637711026708e-002
10845	8.013150292686144e-002	8.128305161640990e-002
10875	7.896128952974957e-002	7.943282347242814e-002
10952	7.743057311869839e-002	7.762471166286916e-002
11010	7.407322887488055e-002	7.413102413009177e-002
11051	7.127265219734447e-002	7.244359600749903e-002
11067	6.997801589565422e-002	7.079457843841380e-002
11084	6.887541180380785e-002	6.918309709189366e-002
11090	6.724353863087340e-002	6.760829753919818e-002
11104	6.556113211652836e-002	6.606934480075961e-002
11107	6.449735548909730e-002	6.456542290346556e-002
11131	6.196499767295383e-002	6.309573444801933e-002
11156	6.086657845567578e-002	6.165950018614822e-002
11218	6.023286042968823e-002	6.025595860743578e-002
11272	5.729655101716447e-002	5.754399373371569e-002
11301	5.615452496477102e-002	5.623413251903491e-002
11383	5.198420067811149e-002	5.248074602497726e-002
11426	5.115178741947968e-002	5.128613839913648e-002
11509	5.006283328700212e-002	5.011872336272722e-002
11543	4.849365680775797e-002	4.897788193684461e-002
11568	4.614828513786695e-002	4.677351412871982e-002
11594	4.535047022173067e-002	4.570881896148749e-002
11657	4.421734965947266e-002	4.466835921509630e-002
11683	4.360565293497343e-002	4.365158322401658e-002
11694	4.210037383258036e-002	4.265795188015926e-002
11721	4.103686237118687e-002	4.168693834703355e-002
11741	4.032575136768024e-002	4.073802778041128e-002
11742	3.970554573571394e-002	3.981071705534973e-002
11790	3.818503410841545e-002	3.890451449942807e-002
11819	3.801265344609839e-002	3.801893963205612e-002
11932	3.715343606234700e-002	3.715352290971726e-002
12150	3.613506298751501e-002	3.630780547701014e-002
12194	3.547401238706893e-002	3.548133892335755e-002
12338	3.451409271997497e-002	3.467368504525317e-002
12454	3.384094022373008e-002	3.388441561392026e-002
12539	3.261223889604803e-002	3.311311214825911e-002
12553	3.232540344147938e-002	3.235936569296283e-002
12568	3.018615342210107e-002	3.019951720402016e-002
12663	2.673825815986308e-002	2.691534803926915e-002
12738	2.464823098784941e-002	2.511886431509579e-002
12747	2.444394802027583e-002	2.454708915685030e-002
12803	2.352242366013968e-002	2.398832919019490e-002
12837	2.339116710605371e-002	2.344228815319923e-002
13012	2.148512708831452e-002	2.187761623949553e-002
13013	2.137214761883033e-002	2.137962089502233e-002
13098	2.078777245240882e-002	2.089296130854040e-002
13196	2.040164061400041e-002	2.041737944669530e-002
13317	1.995256700982961e-002	1.995262314968880e-002
13450	1.934324564417222e-002	1.949844599758046e-002
13487	1.903943207973835e-002	1.905460717963247e-002
13497	1.801112605146571e-002	1.819700858609984e-002
13534	1.776898848192332e-002	1.778279410038923e-002
13657	1.736784883415754e-002	1.737800828749376e-002
13693	1.620559945513689e-002	1.621810097358930e-002
13800	1.578240651483220e-002	1.584893192461113e-002
13935	1.548144910163429e-002	1.548816618912481e-002
13996	1.509254719773834e-002	1.513561248436208e-002
14063	1.448057713128559e-002	1.479108388168207e-002
14109	1.444909122909743e-002	1.445439770745927e-002
14146	1.405487007680473e-002	1.412537544622754e-002
14240	1.373310227860713e-002	1.380384264602885e-002
14333	1.213098738375606e-002	1.230268770812382e-002
14398	1.201739946283464e-002	1.202264434617413e-002
14640	1.174707558871768e-002	1.174897554939530e-002
14705	1.145818559764311e-002	1.148153621496883e-002
14862	1.121545924577838e-002	1.122018454301964e-002
15245	1.095649413212629e-002	1.096478196143185e-002
15766	1.071505582209775e-002	1.071519305237607e-002
16703	1.047069148919377e-002	1.047128548050900e-002
280823	1.023291929063430e-002	1.023292992280754e-002
1000001	1.023016241351560e-002	1.023292992280754e-002
%
% index = 1872, name = bbob_f006_i07_d10__bbob_f014_i08_d10
% instance = 3, reference value = 9.853902617406750e-001
% function evaluation | indicator value | target hit
1	4.803395046232916e+003	4.897788193684462e+003
4	1.825212896306760e+003	1.862087136662868e+003
6	7.103474968973676e+002	7.244359600749899e+002
13	5.516102553786189e+002	5.623413251903490e+002
22	2.797467333853022e+002	2.818382931264455e+002
258	1.912974452417931e+002	1.949844599758046e+002
478	1.687478617924915e+002	1.698243652461744e+002
540	1.289547063999995e+002	1.318256738556407e+002
749	7.926893240476903e+001	7.943282347242814e+001
859	5.157691389098554e+001	5.248074602497726e+001
1350	2.940947443762669e+001	2.951209226666386e+001
1486	2.302093993431929e+001	2.344228815319923e+001
1840	1.581151393252848e+001	1.584893192461113e+001
2245	1.229114336658152e+001	1.230268770812382e+001
2248	7.888905949960126e+000	7.943282347242816e+000
2533	5.656169162935175e+000	5.754399373371570e+000
2911	3.791262470409175e+000	3.801893963205612e+000
3115	1.795400395046098e+000	1.819700858609983e+000
3783	1.765555460050059e+000	1.778279410038923e+000
4140	1.427344249581287e+000	1.445439770745927e+000
4237	9.361968013704183e-001	9.549925860214360e-001
4405	9.279241983669962e-001	9.332543007969910e-001
4659	6.672016000173437e-001	6.760829753919818e-001
4739	6.537756251882723e-001	6.606934480075960e-001
4770	6.364257245652516e-001	6.456542290346555e-001
4871	6.273247379361031e-001	6.309573444801933e-001
4873	6.160576448313125e-001	6.165950018614822e-001
4897	5.873358767230561e-001	5.888436553555889e-001
5014	5.275275983919351e-001	5.370317963702527e-001
5020	5.208963366855139e-001	5.248074602497725e-001
5062	4.212842136612982e-001	4.265795188015927e-001
5083	4.152611377892167e-001	4.168693834703354e-001
5173	3.633200707591068e-001	3.715352290971726e-001
5305	3.532368159705099e-001	3.548133892335755e-001
5328	3.446168938165963e-001	3.467368504525316e-001
5344	3.305704331713628e-001	3.311311214825911e-001
5436	3.175319124174357e-001	3.235936569296283e-001
5441	3.130793154845528e-001	3.162277660168379e-001
5446	2.904717462324643e-001	2.951209226666385e-001
5462	2.832480275700996e-001	2.884031503126606e-001
5477	2.808918385108821e-001	2.818382931264454e-001
5590	2.561195510489954e-001	2.570395782768864e-001
5673	2.461988555843006e-001	2.511886431509580e-001
5691	2.405676306899839e-001	2.454708915685031e-001
5702	2.384988594963147e-001	2.398832919019490e-001
5727	2.342981829012556e-001	2.344228815319922e-001
5742	2.283580171459954e-001	2.290867652767773e-001
5781	2.014665598140873e-001	2.041737944669530e-001
5847	1.976942244987175e-001	1.995262314968880e-001
5864	1.897136255435076e-001	1.905460717963247e-001
5890	1.841874111687814e-001	1.862087136662868e-001
5892	1.772652159554456e-001	1.778279410038923e-001
5963	1.712735140045099e-001	1.737800828749375e-001
6002	1.669745533742876e-001	1.698243652461744e-001
6016	1.489970931489021e-001	1.513561248436208e-001
6033	1.475276837812143e-001	1.479108388168208e-001
6097	1.416854061546282e-001	1.445439770745928e-001
6121	1.229758880606318e-001	1.230268770812382e-001
6238	1.178375953209766e-001	1.202264434617413e-001
6307	1.167375299002184e-001	1.174897554939529e-001
6323	1.139520449493525e-001	1.148153621496883e-001
6325	9.870089598652865e-002	1.000000000000000e-001
6338	9.582504728141417e-002	9.772372209558107e-002
6347	9.467781997504965e-002	9.549925860214359e-002
6353	7.924771667889641e-002	7.943282347242814e-002
6483	7.722545431622274e-002	7.762471166286916e-002
6540	7.447841305430902e-002	7.585775750291836e-002
6541	7.343647639410944e-002	7.413102413009177e-002
6558	6.994475985210935e-002	7.079457843841380e-002
6574	6.874374962245300e-002	6.918309709189366e-002
6599	6.628685113076582e-002	6.760829753919818e-002
6605	6.596997055835996e-002	6.606934480075961e-002
6732	6.220027733029399e-002	6.309573444801933e-002
6765	5.928319932412984e-002	6.025595860743578e-002
6789	5.861114124812483e-002	5.888436553555890e-002
6855	5.667846813550714e-002	5.754399373371569e-002
6862	5.595159809393435e-002	5.623413251903491e-002
6892	5.318523540474895e-002	5.370317963702527e-002
6963	5.247713118885089e-002	5.248074602497726e-002
7026	5.113534963997035e-002	5.128613839913648e-002
7103	5.007669747565691e-002	5.011872336272722e-002
7179	4.736735349880983e-002	4.786300923226383e-002
7180	4.507994027677353e-002	4.570881896148749e-002
7192	4.466054063611835e-002	4.466835921509630e-002
7215	4.364733818491251e-002	4.365158322401658e-002
7303	4.226944266204391e-002	4.265795188015926e-002
7347	4.160836200145412e-002	4.168693834703355e-002
7391	3.760222627564669e-002	3.801893963205612e-002
7457	3.601183745550307e-002	3.630780547701014e-002
7461	3.328859706576626e-002	3.388441561392026e-002
7462	3.300193854062072e-002	3.311311214825911e-002
7518	3.171885550922582e-002	3.235936569296283e-002
7525	3.157211771121327e-002	3.162277660168379e-002
7556	3.051127325244185e-002	3.090295432513590e-002
7559	3.013278967080058e-002	3.019951720402016e-002
7595	2.944693186418634e-002	2.951209226666385e-002
7626	2.835787430981329e-002	2.884031503126606e-002
7634	2.805833021637993e-002	2.818382931264454e-002
7679	2.753293369777388e-002	2.754228703338166e-002
7683	2.658391656016368e-002	2.691534803926915e-002
7731	2.558164652482131e-002	2.570395782768863e-002
7783	2.506859418806329e-002	2.511886431509579e-002
7834	2.451500603081880e-002	2.454708915685030e-002
7887	2.332010161627018e-002	2.344228815319923e-002
7937	2.290625687050618e-002	2.290867652767774e-002
7998	2.155407027486334e-002	2.187761623949553e-002
8025	2.069867331042075e-002	2.089296130854040e-002
8041	1.904133178435019e-002	1.905460717963247e-002
8143	1.852904005731360e-002	1.862087136662868e-002
8165	1.799450408353043e-002	1.819700858609984e-002
8188	1.756921343422224e-002	1.778279410038923e-002
8214	1.555537637549287e-002	1.584893192461113e-002
8215	1.526813034183927e-002	1.548816618912481e-002
8222	1.511162930814491e-002	1.513561248436208e-002
8246	1.474025084161779e-002	1.479108388168207e-002
8249	1.424835152304216e-002	1.445439770745927e-002
8272	1.408045009761816e-002	1.412537544622754e-002
8322	1.379031377421169e-002	1.380384264602885e-002
8441	1.348140947142940e-002	1.348962882591653e-002
8531	1.310645152811407e-002	1.318256738556408e-002
8624	1.269442221243244e-002	1.288249551693134e-002
8687	1.242684491422008e-002	1.258925411794168e-002
8745	1.219871203004008e-002	1.230268770812382e-002
8840	1.198324312348142e-002	1.202264434617413e-002
9030	1.173137065798524e-002	1.174897554939530e-002
9085	1.142518039024387e-002	1.148153621496883e-002
9124	1.116810882514052e-002	1.122018454301964e-002
9146	1.025145480156275e-002	1.047128548050900e-002
9167	1.023268925248511e-002	1.023292992280754e-002
9233	9.866696381935936e-003	1.000000000000000e-002
9285	9.767752939678909e-003	9.772372209558112e-003
9375	8.247872888740737e-003	8.317637711026709e-003
9461	8.055258052544145e-003	8.128305161640995e-003
9493	7.905818902250617e-003	7.943282347242814e-003
9725	7.699263280744884e-003	7.762471166286920e-003
9834	7.568580292712790e-003	7.585775750291836e-003
9870	7.046183431936082e-003	7.079457843841380e-003
9881	6.913669744161632e-003	6.918309709189363e-003
9918	6.638884768403686e-003	6.760829753919818e-003
9926	6.570964284021597e-003	6.606934480075957e-003
10179	6.391377788927843e-003	6.456542290346556e-003
10249	6.302610318737800e-003	6.309573444801930e-003
10332	6.164128762042642e-003	6.165950018614822e-003
10562	6.002525990441376e-003	6.025595860743574e-003
10571	5.563298113740123e-003	5.623413251903491e-003
10662	5.431909809357594e-003	5.495408738576248e-003
10902	5.369773093403918e-003	5.370317963702527e-003
10973	5.247230162880978e-003	5.248074602497728e-003
11033	5.127441487286388e-003	5.128613839913648e-003
11175	5.011181969926337e-003	5.011872336272725e-003
11313	4.837574879869022e-003	4.897788193684461e-003
11387	4.767517729028392e-003	4.786300923226385e-003
11449	4.671879358747133e-003	4.677351412871981e-003
11464	4.555984028421500e-003	4.570881896148752e-003
11562	4.461584845122379e-003	4.466835921509631e-003
11681	4.364727135648838e-003	4.365158322401661e-003
12117	4.265062516711882e-003	4.265795188015926e-003
12717	4.163269925801072e-003	4.168693834703355e-003
13249	4.072046446045752e-003	4.073802778041126e-003
15047	3.980805356834538e-003	3.981071705534973e-003
35900	3.890451365359038e-003	3.890451449942805e-003
1000001	3.834606454196088e-003	3.890451449942805e-003
%
% index = 1873, name = bbob_f006_i09_d10__bbob_f014_i10_d10
% instance = 4, reference value = 9.800160703262040e-001
% function evaluation | indicator value | target hit
1	8.600392378693596e+003	8.709635899560806e+003
2	4.155778721803110e+003	4.168693834703355e+003
5	3.169238609081790e+003	3.235936569296281e+003
6	3.751152429076653e+002	3.801893963205613e+002
167	2.468485981308015e+002	2.511886431509580e+002
194	1.775030427880840e+002	1.778279410038923e+002
332	1.732190020451511e+002	1.737800828749376e+002
429	1.605789809954722e+002	1.621810097358930e+002
546	1.090156698799022e+002	1.096478196143185e+002
635	2.266552298307099e+001	2.290867652767774e+001
1742	2.050476797688921e+001	2.089296130854040e+001
1895	1.976476782042488e+001	1.995262314968880e+001
1932	1.240846420593588e+001	1.258925411794168e+001
2137	7.632289371679145e+000	7.762471166286917e+000
2422	6.905829729631204e+000	6.918309709189365e+000
2706	5.164326209862560e+000	5.248074602497725e+000
2993	5.109551503215499e+000	5.128613839913649e+000
3024	4.977552627188704e+000	5.011872336272722e+000
3181	4.687224488174705e+000	4.786300923226384e+000
3190	4.442333706257204e+000	4.466835921509632e+000
3217	2.067852369645004e+000	2.089296130854040e+000
4123	1.805763262374444e+000	1.819700858609983e+000
4167	1.696046562356204e+000	1.698243652461744e+000
4278	1.512487170788944e+000	1.513561248436208e+000
4289	6.763709153998675e-001	6.918309709189364e-001
4448	6.299639545229157e-001	6.309573444801933e-001
4572	6.099682796390578e-001	6.165950018614822e-001
4646	5.431854448757721e-001	5.495408738576245e-001
4879	4.838368878158109e-001	4.897788193684462e-001
4895	4.605253992887336e-001	4.677351412871982e-001
4955	4.553482995350563e-001	4.570881896148750e-001
4979	4.238136902883001e-001	4.265795188015927e-001
5010	4.156813903075330e-001	4.168693834703354e-001
5019	4.043997192822836e-001	4.073802778041127e-001
5090	1.910490245732535e-001	1.949844599758046e-001
5322	1.806261447989457e-001	1.819700858609984e-001
5337	1.720130790207547e-001	1.737800828749375e-001
5663	1.242458004818510e-001	1.258925411794167e-001
5671	1.206274965993021e-001	1.230268770812382e-001
5676	1.199436400122971e-001	1.202264434617413e-001
5847	1.167734801247310e-001	1.174897554939529e-001
5895	1.100313741264428e-001	1.122018454301964e-001
5932	1.095570512928685e-001	1.096478196143185e-001
5995	9.875054434569197e-002	1.000000000000000e-001
6018	9.290613807626269e-002	9.332543007969910e-002
6052	8.599086967153014e-002	8.709635899560805e-002
6149	8.482678969779134e-002	8.511380382023763e-002
6205	7.768217067265448e-002	7.943282347242814e-002
6227	7.460126836233150e-002	7.585775750291836e-002
6241	7.410795721228836e-002	7.413102413009177e-002
6290	7.199522826782712e-002	7.244359600749903e-002
6370	7.070274500655438e-002	7.079457843841380e-002
6405	6.684619840702677e-002	6.760829753919818e-002
6406	6.493253882516181e-002	6.606934480075961e-002
6436	6.453159547102649e-002	6.456542290346556e-002
6532	6.184654555463898e-002	6.309573444801933e-002
6583	6.102023415327063e-002	6.165950018614822e-002
6607	5.703109733955025e-002	5.754399373371569e-002
6640	5.429543188119679e-002	5.495408738576246e-002
6675	4.981979906069445e-002	5.011872336272722e-002
6678	4.892703489652317e-002	4.897788193684461e-002
6714	4.753355674183935e-002	4.786300923226383e-002
6728	4.277348657007773e-002	4.365158322401658e-002
6777	4.030619117598477e-002	4.073802778041128e-002
6807	3.942066961616875e-002	3.981071705534973e-002
6857	3.706085209709453e-002	3.715352290971726e-002
6879	3.307729326044129e-002	3.311311214825911e-002
6921	3.204000979462873e-002	3.235936569296283e-002
7009	3.131658570114726e-002	3.162277660168379e-002
7065	2.860511360268980e-002	2.884031503126606e-002
7135	2.393301786518731e-002	2.398832919019490e-002
7170	2.344159921128819e-002	2.344228815319923e-002
7297	2.249360695259894e-002	2.290867652767774e-002
7298	2.212235688869080e-002	2.238721138568340e-002
7399	2.184029545453992e-002	2.187761623949553e-002
7532	2.114928961875684e-002	2.137962089502233e-002
7550	2.077821783595479e-002	2.089296130854040e-002
7640	1.981903828396314e-002	1.995262314968880e-002
7707	1.873822305039552e-002	1.905460717963247e-002
7732	1.845743235789510e-002	1.862087136662868e-002
7785	1.812703664224846e-002	1.819700858609984e-002
7789	1.744215890251910e-002	1.778279410038923e-002
7829	1.736358666457261e-002	1.737800828749376e-002
7891	1.687178460200145e-002	1.698243652461744e-002
7940	1.655675091522102e-002	1.659586907437561e-002
7955	1.611339238430865e-002	1.621810097358930e-002
7971	1.482466874548050e-002	1.513561248436208e-002
7985	1.479022730462443e-002	1.479108388168207e-002
8014	1.369656631857330e-002	1.380384264602885e-002
8041	1.348740687795169e-002	1.348962882591653e-002
8153	1.316966872013292e-002	1.318256738556408e-002
8267	1.288162040213292e-002	1.288249551693134e-002
8340	1.257496371859279e-002	1.258925411794168e-002
8422	1.211272585504797e-002	1.230268770812382e-002
8512	1.189756968424338e-002	1.202264434617413e-002
8531	1.174487335109076e-002	1.174897554939530e-002
8548	1.144281626516519e-002	1.148153621496883e-002
8617	1.112798481858046e-002	1.122018454301964e-002
8659	1.089242920571232e-002	1.096478196143185e-002
8720	1.068118776440463e-002	1.071519305237607e-002
8746	1.034503058654612e-002	1.047128548050900e-002
8864	1.018931454114391e-002	1.023292992280754e-002
8884	9.913372116974406e-003	1.000000000000000e-002
8919	9.757570662942583e-003	9.772372209558112e-003
8957	9.486088272512072e-003	9.549925860214359e-003
9006	9.228296369961142e-003	9.332543007969915e-003
9020	8.915536680348835e-003	9.120108393559097e-003
9029	8.905875302528954e-003	8.912509381337459e-003
9107	8.709026627230165e-003	8.709635899560805e-003
9290	8.493020224940806e-003	8.511380382023768e-003
9365	8.091377154806456e-003	8.128305161640995e-003
9418	7.885353137148776e-003	7.943282347242814e-003
9457	7.684190438844829e-003	7.762471166286920e-003
9491	7.507170117006412e-003	7.585775750291836e-003
9537	7.392566681896695e-003	7.413102413009177e-003
9823	7.047034224630266e-003	7.079457843841380e-003
9900	6.918217002015226e-003	6.918309709189363e-003
10219	6.758751089100290e-003	6.760829753919818e-003
10325	6.596212379612831e-003	6.606934480075957e-003
10366	6.427033382604752e-003	6.456542290346556e-003
10494	6.276766769773512e-003	6.309573444801930e-003
10608	6.152665711087080e-003	6.165950018614822e-003
10762	5.958458901298314e-003	6.025595860743574e-003
10919	5.865943471665136e-003	5.888436553555890e-003
11046	5.754086554868088e-003	5.754399373371567e-003
11287	5.600579485596446e-003	5.623413251903491e-003
11335	5.494566296866621e-003	5.495408738576248e-003
11422	5.370289481918977e-003	5.370317963702527e-003
11433	5.203258051292736e-003	5.248074602497728e-003
11547	5.128225328857483e-003	5.128613839913648e-003
11684	5.004111182413507e-003	5.011872336272725e-003
12010	4.889698372139928e-003	4.897788193684461e-003
12146	4.786094259523699e-003	4.786300923226385e-003
12360	4.673685977016340e-003	4.677351412871981e-003
12425	4.570712233607055e-003	4.570881896148752e-003
12763	4.464801352790593e-003	4.466835921509631e-003
13353	4.364180954768093e-003	4.365158322401661e-003
15410	4.265354630001661e-003	4.265795188015926e-003
47170	4.168063583557702e-003	4.168693834703355e-003
1000001	4.126039569103845e-003	4.168693834703355e-003
%
% index = 1874, name = bbob_f006_i11_d10__bbob_f014_i12_d10
% instance = 5, reference value = 9.544588582936850e-001
% function evaluation | indicator value | target hit
1	5.112046692820351e+003	5.128613839913648e+003
5	3.704548883827002e+003	3.715352290971724e+003
6	1.618248761135317e+002	1.621810097358930e+002
186	8.287595322106631e+001	8.317637711026708e+001
259	4.690236438149147e+001	4.786300923226383e+001
390	2.465099742492768e+001	2.511886431509580e+001
457	1.751477308257450e+001	1.778279410038923e+001
1124	1.445435283917669e+001	1.445439770745927e+001
1246	1.027332363227277e+001	1.047128548050900e+001
1254	7.540797552312759e+000	7.585775750291838e+000
1752	6.523754564249185e+000	6.606934480075959e+000
2052	5.971338670404685e+000	6.025595860743578e+000
2364	5.443212761030685e+000	5.495408738576245e+000
2806	5.237519110870685e+000	5.248074602497725e+000
2873	4.961503476772185e+000	5.011872336272722e+000
3058	4.119377589809185e+000	4.168693834703354e+000
3149	4.015461741303684e+000	4.073802778041127e+000
3213	3.945391198937185e+000	3.981071705534972e+000
3578	3.239879907495685e+000	3.311311214825911e+000
3793	3.053750220248185e+000	3.090295432513591e+000
3927	2.982328071372685e+000	3.019951720402016e+000
4123	2.788590772926685e+000	2.818382931264454e+000
4132	1.938871532706185e+000	1.949844599758045e+000
4775	1.858029252383685e+000	1.862087136662868e+000
4975	1.734903757224685e+000	1.737800828749375e+000
5109	1.620287165969185e+000	1.621810097358930e+000
5260	1.584455177484685e+000	1.584893192461114e+000
5402	1.311718407815685e+000	1.318256738556407e+000
5434	1.270743142984185e+000	1.288249551693134e+000
5507	1.122315404972185e+000	1.148153621496883e+000
5736	1.121722026396685e+000	1.122018454301963e+000
5933	1.077868102897685e+000	1.096478196143185e+000
6008	1.012091164675185e+000	1.023292992280754e+000
6186	9.150614887428609e-001	9.332543007969910e-001
6403	8.769075695160828e-001	8.912509381337456e-001
6478	8.383453292884605e-001	8.511380382023764e-001
6510	7.884706960997063e-001	7.943282347242815e-001
6617	7.265564200675436e-001	7.413102413009175e-001
6633	6.516279700909856e-001	6.606934480075960e-001
6722	5.963180227845398e-001	6.025595860743578e-001
6793	5.881920982617841e-001	5.888436553555889e-001
6922	5.698578793799556e-001	5.754399373371569e-001
7017	5.142723172965580e-001	5.248074602497725e-001
7187	3.756634221288332e-001	3.801893963205612e-001
7480	3.493321609050374e-001	3.548133892335755e-001
7526	3.395242318429302e-001	3.467368504525316e-001
7685	3.189473583027911e-001	3.235936569296283e-001
7781	2.644966576398422e-001	2.691534803926916e-001
7994	2.626687105530625e-001	2.630267991895382e-001
8251	2.235670530725485e-001	2.238721138568340e-001
8535	2.181157035674076e-001	2.187761623949552e-001
8644	1.990459881366100e-001	1.995262314968880e-001
8696	1.930989988379820e-001	1.949844599758046e-001
8778	1.762976317522964e-001	1.778279410038923e-001
8792	1.688498504687392e-001	1.698243652461744e-001
8865	1.608914588966142e-001	1.621810097358930e-001
9013	1.333275433525470e-001	1.348962882591654e-001
9126	1.317922505790387e-001	1.318256738556407e-001
9172	1.264395412817430e-001	1.288249551693134e-001
9325	1.059587979958830e-001	1.071519305237607e-001
9388	9.291284628094099e-002	9.332543007969910e-002
9443	9.117106813957165e-002	9.120108393559097e-002
9526	8.897367305008574e-002	8.912509381337455e-002
9570	8.668335884336276e-002	8.709635899560805e-002
9647	8.263437234041660e-002	8.317637711026708e-002
9671	8.063634064486336e-002	8.128305161640990e-002
9681	7.926289263638986e-002	7.943282347242814e-002
9745	7.208196007224466e-002	7.244359600749903e-002
9761	6.632559910559177e-002	6.760829753919818e-002
9769	6.569158429244948e-002	6.606934480075961e-002
9817	6.447330549503749e-002	6.456542290346556e-002
9892	6.290352318327697e-002	6.309573444801933e-002
9971	6.162788445262613e-002	6.165950018614822e-002
10009	5.968085076615215e-002	6.025595860743578e-002
10057	5.878003567516643e-002	5.888436553555890e-002
10090	5.749999868097533e-002	5.754399373371569e-002
10138	5.618900030193541e-002	5.623413251903491e-002
10195	5.389229282452945e-002	5.495408738576246e-002
10251	5.330673203301073e-002	5.370317963702527e-002
10256	4.481138101344995e-002	4.570881896148749e-002
10277	4.446849757310611e-002	4.466835921509630e-002
10317	4.359738442865058e-002	4.365158322401658e-002
10451	4.260053739454239e-002	4.265795188015926e-002
10500	4.141836593059267e-002	4.168693834703355e-002
10584	4.044828132691791e-002	4.073802778041128e-002
10701	3.961675630113948e-002	3.981071705534973e-002
10853	3.883804980764916e-002	3.890451449942807e-002
10995	3.475013518981496e-002	3.548133892335755e-002
11028	3.453927883292907e-002	3.467368504525317e-002
11033	3.387909190087546e-002	3.388441561392026e-002
11055	3.282875050997169e-002	3.311311214825911e-002
11140	3.228150698699939e-002	3.235936569296283e-002
11282	2.982175509438434e-002	3.019951720402016e-002
11343	2.950051941644549e-002	2.951209226666385e-002
11460	2.883343427045715e-002	2.884031503126606e-002
11550	2.604227963602823e-002	2.630267991895382e-002
11582	2.495831110234370e-002	2.511886431509579e-002
11611	2.444929352516401e-002	2.454708915685030e-002
11786	2.398206310588924e-002	2.398832919019490e-002
11803	2.271195027136452e-002	2.290867652767774e-002
11816	2.134515925487845e-002	2.137962089502233e-002
11891	2.085023982489176e-002	2.089296130854040e-002
11991	2.037045498577772e-002	2.041737944669530e-002
12129	1.818065729416796e-002	1.819700858609984e-002
12175	1.742719671416126e-002	1.778279410038923e-002
12285	1.533994582244036e-002	1.548816618912481e-002
12342	1.474360901903571e-002	1.479108388168207e-002
12443	1.443836016846201e-002	1.445439770745927e-002
12497	1.411774966794377e-002	1.412537544622754e-002
12536	1.376403074642785e-002	1.380384264602885e-002
12574	1.345088544066275e-002	1.348962882591653e-002
12637	1.315969431329644e-002	1.318256738556408e-002
12818	1.278088313108883e-002	1.288249551693134e-002
12859	1.248780711461850e-002	1.258925411794168e-002
12886	1.216041770973242e-002	1.230268770812382e-002
12924	1.195887771588977e-002	1.202264434617413e-002
12991	1.168439145958300e-002	1.174897554939530e-002
13284	1.147944046337290e-002	1.148153621496883e-002
13989	1.121956391071999e-002	1.122018454301964e-002
16825	1.096437285578022e-002	1.096478196143185e-002
1000001	1.090066752319929e-002	1.096478196143185e-002
%
% index = 1875, name = bbob_f006_i13_d10__bbob_f014_i14_d10
% instance = 6, reference value = 9.538715082983590e-001
% function evaluation | indicator value | target hit
1	4.785094463138397e+004	4.786300923226380e+004
2	3.354482335728350e+003	3.388441561392024e+003
4	2.701826815939899e+003	2.754228703338166e+003
6	1.455264633039449e+003	1.479108388168207e+003
13	3.938851352512542e+002	3.981071705534973e+002
22	1.896430997118176e+002	1.905460717963246e+002
96	1.751329246095992e+002	1.778279410038923e+002
146	9.115871737592497e+001	9.120108393559097e+001
355	6.835015373098592e+001	6.918309709189366e+001
465	6.721359398461202e+001	6.760829753919819e+001
615	5.996756486311062e+001	6.025595860743578e+001
679	5.531524690391738e+001	5.623413251903491e+001
927	5.406824663169745e+001	5.495408738576246e+001
968	4.838826895395506e+001	4.897788193684461e+001
1388	4.380793898962303e+001	4.466835921509630e+001
1541	3.427755775046723e+001	3.467368504525317e+001
1603	2.188925322706016e+001	2.238721138568340e+001
1823	1.481445191726756e+001	1.513561248436208e+001
2016	1.452212543768212e+001	1.479108388168207e+001
2292	1.249635295166228e+001	1.258925411794168e+001
2344	1.201506850558483e+001	1.202264434617413e+001
2730	1.023625223600114e+001	1.047128548050900e+001
2874	1.018582337681047e+001	1.023292992280754e+001
2988	9.436694519771638e+000	9.549925860214358e+000
3188	8.280674780268987e+000	8.317637711026711e+000
3291	7.820093944665775e+000	7.943282347242816e+000
3485	7.757933277804701e+000	7.762471166286917e+000
3680	6.315148067010129e+000	6.456542290346556e+000
3736	5.694389172504001e+000	5.754399373371570e+000
4044	4.921677418023164e+000	5.011872336272722e+000
4470	4.436487851313394e+000	4.466835921509632e+000
4535	3.044689794705106e+000	3.090295432513591e+000
4860	2.908151612965668e+000	2.951209226666386e+000
4916	2.716476943077302e+000	2.754228703338166e+000
5290	2.092084163604571e+000	2.137962089502232e+000
5426	1.984855528213062e+000	1.995262314968880e+000
5532	1.894494963872651e+000	1.905460717963247e+000
5546	1.419157104869091e+000	1.445439770745927e+000
5787	1.143295072652359e+000	1.148153621496883e+000
6246	9.192804633643141e-001	9.332543007969910e-001
6542	7.869258036012137e-001	7.943282347242815e-001
6733	7.594065497173730e-001	7.762471166286917e-001
6774	7.563887408080654e-001	7.585775750291838e-001
6875	7.336956613202099e-001	7.413102413009175e-001
6941	7.242291136990435e-001	7.244359600749900e-001
6960	6.206531039800888e-001	6.309573444801933e-001
7084	5.991430255090573e-001	6.025595860743578e-001
7146	5.870309344826323e-001	5.888436553555889e-001
7190	5.264247742500896e-001	5.370317963702527e-001
7261	5.050483435538429e-001	5.128613839913648e-001
7307	4.974985907248311e-001	5.011872336272722e-001
7336	4.860973397587832e-001	4.897788193684462e-001
7357	3.427407084827789e-001	3.467368504525316e-001
7515	3.388423701600902e-001	3.388441561392026e-001
7565	3.253513457020706e-001	3.311311214825911e-001
7584	3.215969089312146e-001	3.235936569296283e-001
7628	3.155533783572490e-001	3.162277660168379e-001
7813	2.983422899592566e-001	3.019951720402016e-001
7829	2.933792153936016e-001	2.951209226666385e-001
7893	2.734736617452638e-001	2.754228703338166e-001
7912	2.435295227238382e-001	2.454708915685031e-001
7949	2.353072934910646e-001	2.398832919019490e-001
7951	2.236718048020144e-001	2.238721138568340e-001
7957	2.133209990347521e-001	2.137962089502232e-001
8269	2.055560195135400e-001	2.089296130854039e-001
8270	2.027452891095480e-001	2.041737944669530e-001
8346	1.991714165769627e-001	1.995262314968880e-001
8351	1.913451503312490e-001	1.949844599758046e-001
8389	1.894153334573469e-001	1.905460717963247e-001
8563	1.825765325473315e-001	1.862087136662868e-001
8594	1.817929782949517e-001	1.819700858609984e-001
8664	1.778011486183421e-001	1.778279410038923e-001
8713	1.703715274128116e-001	1.737800828749375e-001
8732	1.696355649379123e-001	1.698243652461744e-001
8775	1.652094093689678e-001	1.659586907437561e-001
8787	1.619725714031467e-001	1.621810097358930e-001
8847	1.555904959734659e-001	1.584893192461113e-001
8878	1.546106208078283e-001	1.548816618912481e-001
8946	1.498102607617075e-001	1.513561248436208e-001
8952	1.335224699879877e-001	1.348962882591654e-001
8974	1.314259631651732e-001	1.318256738556407e-001
9056	1.284783129070910e-001	1.288249551693134e-001
9124	1.204810727035667e-001	1.230268770812382e-001
9129	1.149898007202977e-001	1.174897554939529e-001
9135	1.147090174104106e-001	1.148153621496883e-001
9167	1.105562124906478e-001	1.122018454301964e-001
9215	1.083537809653037e-001	1.096478196143185e-001
9331	1.058009617247314e-001	1.071519305237607e-001
9372	1.046207421708213e-001	1.047128548050900e-001
9475	1.022066478398259e-001	1.023292992280754e-001
9531	9.864342641302981e-002	1.000000000000000e-001
9590	9.732803433213810e-002	9.772372209558107e-002
9643	9.039765937280642e-002	9.120108393559097e-002
9659	8.446763876981844e-002	8.511380382023763e-002
9778	7.620880176618672e-002	7.762471166286916e-002
9784	7.201247473998429e-002	7.244359600749903e-002
9808	6.927825117203568e-002	7.079457843841380e-002
9839	6.246259460867198e-002	6.309573444801933e-002
9853	6.040877889391572e-002	6.165950018614822e-002
9859	6.005789560632069e-002	6.025595860743578e-002
9929	5.869953564813446e-002	5.888436553555890e-002
9974	5.469343671780258e-002	5.495408738576246e-002
10046	5.361203490124356e-002	5.370317963702527e-002
10192	4.751509509566831e-002	4.786300923226383e-002
10231	4.652700003700139e-002	4.677351412871982e-002
10266	4.543705989585201e-002	4.570881896148749e-002
10368	4.462565012072517e-002	4.466835921509630e-002
10417	4.317882849677801e-002	4.365158322401658e-002
10423	4.244598206214501e-002	4.265795188015926e-002
10583	4.062991701631324e-002	4.073802778041128e-002
10596	3.872985364405901e-002	3.890451449942807e-002
10646	3.801663954436374e-002	3.801893963205612e-002
10865	3.709815992766730e-002	3.715352290971726e-002
10934	3.577303149744959e-002	3.630780547701014e-002
10959	3.546282776889920e-002	3.548133892335755e-002
10998	3.465636210586165e-002	3.467368504525317e-002
11124	3.367570696508848e-002	3.388441561392026e-002
11161	3.006861464980282e-002	3.019951720402016e-002
11295	2.948665877031609e-002	2.951209226666385e-002
11301	2.843944190837855e-002	2.884031503126606e-002
11365	2.769277317186591e-002	2.818382931264454e-002
11410	2.683947257404229e-002	2.691534803926915e-002
11478	2.629347325504572e-002	2.630267991895382e-002
11534	2.563742715167516e-002	2.570395782768863e-002
11646	2.475701055736723e-002	2.511886431509579e-002
11650	2.449394370927505e-002	2.454708915685030e-002
11707	2.395903223644624e-002	2.398832919019490e-002
11840	2.343887032299685e-002	2.344228815319923e-002
11938	2.273503959082934e-002	2.290867652767774e-002
12093	2.236069795833828e-002	2.238721138568340e-002
12112	2.172586893201312e-002	2.187761623949553e-002
12150	2.017021197253766e-002	2.041737944669530e-002
12205	1.993598846935485e-002	1.995262314968880e-002
12375	1.949089183915098e-002	1.949844599758046e-002
12465	1.904964114307495e-002	1.905460717963247e-002
12599	1.696526593959347e-002	1.698243652461744e-002
12784	1.352590377276786e-002	1.380384264602885e-002
12801	1.348924754130798e-002	1.348962882591653e-002
12864	1.317844919469025e-002	1.318256738556408e-002
12869	1.230515561006906e-002	1.258925411794168e-002
12877	1.229070250024744e-002	1.230268770812382e-002
13071	1.199780483970814e-002	1.202264434617413e-002
13282	1.174077621833058e-002	1.174897554939530e-002
13440	1.148092102258946e-002	1.148153621496883e-002
13589	1.120499757240467e-002	1.122018454301964e-002
13821	1.094767746058822e-002	1.096478196143185e-002
14074	1.070232321729803e-002	1.071519305237607e-002
14486	1.046980620263593e-002	1.047128548050900e-002
15430	1.023211963997972e-002	1.023292992280754e-002
571396	9.999991092851213e-003	1.000000000000000e-002
1000001	9.984919838516126e-003	1.000000000000000e-002
%
% index = 1876, name = bbob_f006_i15_d10__bbob_f014_i16_d10
% instance = 7, reference value = 8.928090641071390e-001
% function evaluation | indicator value | target hit
1	5.361122787524299e+004	5.370317963702533e+004
2	4.487246747143535e+003	4.570881896148752e+003
5	2.402445340973679e+003	2.454708915685031e+003
6	1.870242847234951e+003	1.905460717963246e+003
18	1.337138144993113e+003	1.348962882591653e+003
46	4.877282338196083e+002	4.897788193684461e+002
49	3.160459797890687e+002	3.162277660168379e+002
327	2.645870574835581e+002	2.691534803926917e+002
763	1.306092022140068e+002	1.318256738556407e+002
1167	9.599531373835181e+001	9.772372209558107e+001
1372	5.013982113422134e+001	5.128613839913648e+001
1899	4.402508296202072e+001	4.466835921509630e+001
1908	3.687881100037698e+001	3.715352290971726e+001
1948	3.067414251889771e+001	3.090295432513591e+001
2505	2.629407304021555e+001	2.630267991895381e+001
2707	2.043270020940120e+001	2.089296130854040e+001
2870	1.421843451404440e+001	1.445439770745927e+001
3353	1.041994062988046e+001	1.047128548050900e+001
3432	8.851234495651825e+000	8.912509381337454e+000
3701	7.995277733317304e+000	8.128305161640993e+000
3704	6.346727559846269e+000	6.456542290346556e+000
3974	6.235490915675380e+000	6.309573444801933e+000
3975	6.011537842250234e+000	6.025595860743578e+000
4043	4.174218419706572e+000	4.265795188015927e+000
4436	2.789456551476762e+000	2.818382931264454e+000
4845	2.408144083131639e+000	2.454708915685031e+000
5216	1.754658010145139e+000	1.778279410038923e+000
5308	1.632463336013639e+000	1.659586907437561e+000
5313	1.572903254290639e+000	1.584893192461114e+000
5334	1.333849464506639e+000	1.348962882591654e+000
5359	7.852718909949024e-001	7.943282347242815e-001
5399	7.647954802532412e-001	7.762471166286917e-001
5420	7.185052817349714e-001	7.244359600749900e-001
5547	6.884639093646723e-001	6.918309709189364e-001
5749	6.754395653991218e-001	6.760829753919818e-001
5806	6.473857394057749e-001	6.606934480075960e-001
5894	6.043168855399812e-001	6.165950018614822e-001
5921	6.024066954788365e-001	6.025595860743578e-001
6034	5.887395838989133e-001	5.888436553555889e-001
6112	5.738998413259436e-001	5.754399373371569e-001
6160	4.917521947209272e-001	5.011872336272722e-001
6189	3.419400905812966e-001	3.467368504525316e-001
6235	3.070131100141301e-001	3.090295432513591e-001
6366	3.010872726661149e-001	3.019951720402016e-001
6516	2.841739046255672e-001	2.884031503126606e-001
6537	2.785992048307242e-001	2.818382931264454e-001
6637	2.369035365452986e-001	2.398832919019490e-001
6669	2.342220777887035e-001	2.344228815319922e-001
6814	2.290069029997079e-001	2.290867652767773e-001
6874	2.232393849767328e-001	2.238721138568340e-001
6908	2.151466364238787e-001	2.187761623949552e-001
6950	2.084784958532766e-001	2.089296130854039e-001
7029	1.996784659669044e-001	2.041737944669530e-001
7032	1.984307720567566e-001	1.995262314968880e-001
7129	1.913196492988478e-001	1.949844599758046e-001
7218	1.883438179014493e-001	1.905460717963247e-001
7229	1.858036920370128e-001	1.862087136662868e-001
7259	1.818147787170424e-001	1.819700858609984e-001
7298	1.763469068866184e-001	1.778279410038923e-001
7300	1.730799855635395e-001	1.737800828749375e-001
7344	1.602631659497866e-001	1.621810097358930e-001
7404	1.583863803780028e-001	1.584893192461113e-001
7510	1.537218628114005e-001	1.548816618912481e-001
7532	1.498800015194086e-001	1.513561248436208e-001
7605	1.449697046734999e-001	1.479108388168208e-001
7623	1.444707929208057e-001	1.445439770745928e-001
7732	1.391034460924847e-001	1.412537544622755e-001
7743	1.368858315265670e-001	1.380384264602885e-001
7781	1.331028153497392e-001	1.348962882591654e-001
7834	1.303207986543807e-001	1.318256738556407e-001
7848	1.283534231429226e-001	1.288249551693134e-001
7861	1.240911638812412e-001	1.258925411794167e-001
7921	1.228604752203258e-001	1.230268770812382e-001
7923	1.201809624674569e-001	1.202264434617413e-001
8043	1.153592968143081e-001	1.174897554939529e-001
8056	1.146923958920550e-001	1.148153621496883e-001
8182	1.121779354121140e-001	1.122018454301964e-001
8295	1.095092039815732e-001	1.096478196143185e-001
8370	1.069698098911145e-001	1.071519305237607e-001
8452	1.042296942843846e-001	1.047128548050900e-001
8462	1.016229042485501e-001	1.023292992280754e-001
8505	9.990892341137025e-002	1.000000000000000e-001
8527	9.718742012188975e-002	9.772372209558107e-002
8636	9.515236256935666e-002	9.549925860214359e-002
8753	9.254411179377475e-002	9.332543007969910e-002
8806	9.098095604319056e-002	9.120108393559097e-002
8907	8.904943023398981e-002	8.912509381337455e-002
9012	8.486034687117239e-002	8.511380382023763e-002
9079	8.240054896937954e-002	8.317637711026708e-002
9091	8.083149694711755e-002	8.128305161640990e-002
9135	7.923766505756935e-002	7.943282347242814e-002
9208	7.756313631353995e-002	7.762471166286916e-002
9332	7.569856561139898e-002	7.585775750291836e-002
9529	7.372608034130546e-002	7.413102413009177e-002
9601	6.848365022249070e-002	6.918309709189366e-002
9764	6.752275634423977e-002	6.760829753919818e-002
9907	6.604059556613373e-002	6.606934480075961e-002
10055	6.450486560978364e-002	6.456542290346556e-002
10137	6.181739188634583e-002	6.309573444801933e-002
10140	6.156952163483287e-002	6.165950018614822e-002
10151	5.964080564934038e-002	6.025595860743578e-002
10270	5.884980942860763e-002	5.888436553555890e-002
10340	5.750866407652089e-002	5.754399373371569e-002
10424	5.060744703068554e-002	5.128613839913648e-002
10517	5.008407990354458e-002	5.011872336272722e-002
10758	4.807791841056053e-002	4.897788193684461e-002
10789	4.785817406260517e-002	4.786300923226383e-002
10806	4.449352571188825e-002	4.466835921509630e-002
10887	4.360373089482561e-002	4.365158322401658e-002
10901	4.183060939127836e-002	4.265795188015926e-002
10995	4.159617342954902e-002	4.168693834703355e-002
11100	4.073365873734158e-002	4.073802778041128e-002
11123	3.961462818563155e-002	3.981071705534973e-002
11388	3.889906953701350e-002	3.890451449942807e-002
11940	3.801436176958406e-002	3.801893963205612e-002
12862	3.715180925927231e-002	3.715352290971726e-002
15230	3.630754098647693e-002	3.630780547701014e-002
1000001	3.617997568543152e-002	3.630780547701014e-002
%
% index = 1877, name = bbob_f006_i17_d10__bbob_f014_i18_d10
% instance = 8, reference value = 9.571883140086820e-001
% function evaluation | indicator value | target hit
1	5.217508407414608e+004	5.248074602497723e+004
2	6.746431561045339e+002	6.760829753919819e+002
6	1.937422769545041e+002	1.949844599758046e+002
10	1.663736207218091e+002	1.698243652461744e+002
57	1.317806521531126e+002	1.318256738556407e+002
93	3.671580794462027e+001	3.715352290971726e+001
482	3.463583159299592e+001	3.467368504525317e+001
566	2.376203505616070e+001	2.398832919019490e+001
1553	2.320386270233580e+001	2.344228815319923e+001
1619	2.198376654120068e+001	2.238721138568340e+001
1655	1.910876638946957e+001	1.949844599758045e+001
1793	1.552153365309482e+001	1.584893192461113e+001
1970	1.039430392603668e+001	1.047128548050900e+001
2307	7.336458661240094e+000	7.413102413009175e+000
2859	6.408273959582290e+000	6.456542290346556e+000
3109	6.113380228493182e+000	6.165950018614822e+000
3291	4.531056410086072e+000	4.570881896148751e+000
3512	4.193977928600389e+000	4.265795188015927e+000
4391	3.655283318066182e+000	3.715352290971725e+000
4574	3.110924248911859e+000	3.162277660168379e+000
4977	2.764358481275182e+000	2.818382931264454e+000
5351	2.619180214110742e+000	2.630267991895382e+000
5590	2.340889907056682e+000	2.344228815319922e+000
5743	2.162274167004182e+000	2.187761623949553e+000
5769	1.813932600670682e+000	1.819700858609983e+000
5890	1.644540031727682e+000	1.659586907437561e+000
6002	1.585399787651682e+000	1.621810097358930e+000
6083	1.317122240171182e+000	1.318256738556407e+000
6469	1.285742833707682e+000	1.288249551693134e+000
6686	1.248839822294682e+000	1.258925411794167e+000
6695	1.108668007242682e+000	1.122018454301963e+000
6704	9.697871441311819e-001	9.772372209558107e-001
7063	9.266939876188559e-001	9.332543007969910e-001
7140	8.969417167471188e-001	9.120108393559098e-001
7176	8.659896530636628e-001	8.709635899560806e-001
7209	7.235692986725589e-001	7.244359600749900e-001
7225	6.813740436189747e-001	6.918309709189364e-001
7624	6.525435132062845e-001	6.606934480075960e-001
7794	5.543465490249944e-001	5.623413251903491e-001
7828	5.402800353428767e-001	5.495408738576245e-001
7988	4.475106221989925e-001	4.570881896148750e-001
8205	4.348731979198409e-001	4.365158322401660e-001
8220	3.926873908200164e-001	3.981071705534973e-001
8326	3.525543408134422e-001	3.548133892335755e-001
8607	3.127479314481427e-001	3.162277660168379e-001
8611	2.730484219194337e-001	2.754228703338166e-001
8899	2.678201340218914e-001	2.691534803926916e-001
8921	2.570696573618737e-001	2.630267991895382e-001
8972	2.569343313227829e-001	2.570395782768864e-001
8988	2.322012496472095e-001	2.344228815319922e-001
9260	2.020079325668777e-001	2.041737944669530e-001
9507	1.832034836381121e-001	1.862087136662868e-001
9530	1.796667310846277e-001	1.819700858609984e-001
9620	1.692587756227594e-001	1.698243652461744e-001
9757	1.376373686669006e-001	1.380384264602885e-001
9888	1.341346032042889e-001	1.348962882591654e-001
9906	1.300534305251938e-001	1.318256738556407e-001
9936	1.223690934230023e-001	1.230268770812382e-001
10050	1.201526625356332e-001	1.202264434617413e-001
10094	1.126204562106813e-001	1.148153621496883e-001
10146	1.093630264431177e-001	1.096478196143185e-001
10314	1.042614369903231e-001	1.047128548050900e-001
10495	1.004857415813082e-001	1.023292992280754e-001
10678	7.303758414216188e-002	7.413102413009177e-002
10691	7.208050157605261e-002	7.244359600749903e-002
10764	7.007267544228624e-002	7.079457843841380e-002
10853	6.911586165443606e-002	6.918309709189366e-002
10984	6.757682266676046e-002	6.760829753919818e-002
11159	6.364247074110363e-002	6.456542290346556e-002
11370	6.223181280118639e-002	6.309573444801933e-002
11493	5.858122887951156e-002	5.888436553555890e-002
11543	5.570120050501226e-002	5.623413251903491e-002
11660	5.376927613567395e-002	5.495408738576246e-002
11669	5.296223896380892e-002	5.370317963702527e-002
11760	5.247911628284585e-002	5.248074602497726e-002
12154	4.524255395464516e-002	4.570881896148749e-002
12197	4.462954390117380e-002	4.466835921509630e-002
12272	4.328988495733277e-002	4.365158322401658e-002
12394	4.168839852684070e-002	4.265795188015926e-002
12396	4.163103246506894e-002	4.168693834703355e-002
12593	3.919433006766093e-002	3.981071705534973e-002
12618	3.392252508208327e-002	3.467368504525317e-002
12639	3.387777764566091e-002	3.388441561392026e-002
12786	3.282899221146629e-002	3.311311214825911e-002
12811	3.189033707422528e-002	3.235936569296283e-002
12929	3.142196277350584e-002	3.162277660168379e-002
13056	3.072451596676018e-002	3.090295432513590e-002
13270	3.018783118710344e-002	3.019951720402016e-002
13428	2.947704133931939e-002	2.951209226666385e-002
13433	2.294192841367748e-002	2.344228815319923e-002
13439	2.275275780280206e-002	2.290867652767774e-002
13555	2.213443184447028e-002	2.238721138568340e-002
13585	2.152938137225369e-002	2.187761623949553e-002
13657	2.087817559130922e-002	2.089296130854040e-002
13678	2.020619463215045e-002	2.041737944669530e-002
13679	1.804230227557735e-002	1.819700858609984e-002
13757	1.771438679271120e-002	1.778279410038923e-002
13976	1.736959136550986e-002	1.737800828749376e-002
14267	1.697818321931455e-002	1.698243652461744e-002
14722	1.659184587877682e-002	1.659586907437561e-002
15208	1.620797680544184e-002	1.621810097358930e-002
17419	1.584887980870342e-002	1.584893192461113e-002
1000001	1.578565984371938e-002	1.584893192461113e-002
%
% index = 1878, name = bbob_f006_i19_d10__bbob_f014_i21_d10
% instance = 9, reference value = 9.571528358662770e-001
% function evaluation | indicator value | target hit
1	5.094408446344140e+003	5.128613839913648e+003
2	3.598781169691126e+002	3.630780547701014e+002
4	2.402381431785752e+002	2.454708915685031e+002
9	1.120905739368403e+002	1.122018454301963e+002
10	3.080136380392436e+001	3.090295432513591e+001
398	2.759042666609922e+001	2.818382931264453e+001
507	2.228157068833636e+001	2.238721138568340e+001
685	1.670329415713171e+001	1.698243652461744e+001
1008	1.302187665355384e+001	1.318256738556407e+001
1314	1.194366374920537e+001	1.202264434617413e+001
1493	8.895023162499282e+000	8.912509381337454e+000
1692	6.293170936223778e+000	6.309573444801933e+000
2011	5.397659004156305e+000	5.495408738576245e+000
2199	5.146657293481549e+000	5.248074602497725e+000
2320	4.905858711666278e+000	5.011872336272722e+000
2494	3.935469840855777e+000	3.981071705534972e+000
2724	3.630674282035789e+000	3.630780547701014e+000
3030	2.186845135676652e+000	2.187761623949553e+000
3211	1.875986167450868e+000	1.905460717963247e+000
3583	1.613658227818245e+000	1.621810097358930e+000
3783	1.399347689074821e+000	1.412537544622754e+000
4211	1.311263728984548e+000	1.318256738556407e+000
4317	9.448334618481545e-001	9.549925860214360e-001
4785	8.669671376657075e-001	8.709635899560806e-001
4914	8.065352285673029e-001	8.128305161640993e-001
5020	7.896682201184789e-001	7.943282347242815e-001
5287	7.724921296689544e-001	7.762471166286917e-001
5432	7.324546275588275e-001	7.413102413009175e-001
5589	7.211302718702368e-001	7.244359600749900e-001
5672	6.997914665577277e-001	7.079457843841379e-001
5765	6.737601445517001e-001	6.760829753919818e-001
5816	6.600390679584198e-001	6.606934480075960e-001
5871	6.415951535259473e-001	6.456542290346555e-001
5954	6.292266181603843e-001	6.309573444801933e-001
6036	6.037530877617111e-001	6.165950018614822e-001
6070	5.966401370264556e-001	6.025595860743578e-001
6071	5.780670057573966e-001	5.888436553555889e-001
6087	5.748629773460932e-001	5.754399373371569e-001
6163	5.582641780523701e-001	5.623413251903491e-001
6195	4.611048579201834e-001	4.677351412871982e-001
6233	4.547097090468643e-001	4.570881896148750e-001
6244	4.444089700376445e-001	4.466835921509632e-001
6292	4.251720645246495e-001	4.265795188015927e-001
6393	4.107643699162289e-001	4.168693834703354e-001
6422	3.854515370288957e-001	3.890451449942806e-001
6444	3.799484849021818e-001	3.801893963205612e-001
6467	3.661124694742176e-001	3.715352290971726e-001
6518	3.592179110321010e-001	3.630780547701014e-001
6563	3.493997811449389e-001	3.548133892335755e-001
6586	3.457399014534435e-001	3.467368504525316e-001
6641	3.386311681972908e-001	3.388441561392026e-001
6661	3.269006132103879e-001	3.311311214825911e-001
6695	3.229792567091361e-001	3.235936569296283e-001
6754	3.112758902489615e-001	3.162277660168379e-001
6801	3.081628923471913e-001	3.090295432513591e-001
6830	2.969482657750699e-001	3.019951720402016e-001
6844	2.882718131841301e-001	2.884031503126606e-001
6855	2.588614209675572e-001	2.630267991895382e-001
6865	2.530469608604143e-001	2.570395782768864e-001
6909	2.507485546787241e-001	2.511886431509580e-001
6943	2.441062633844884e-001	2.454708915685031e-001
6985	2.393472024330073e-001	2.398832919019490e-001
6986	2.320085072147660e-001	2.344228815319922e-001
7001	2.261629918424770e-001	2.290867652767773e-001
7029	2.196256754511194e-001	2.238721138568340e-001
7040	2.164029952664354e-001	2.187761623949552e-001
7108	2.071591849889110e-001	2.089296130854039e-001
7156	1.970245808981587e-001	1.995262314968880e-001
7157	1.923734296482983e-001	1.949844599758046e-001
7180	1.875269902191109e-001	1.905460717963247e-001
7201	1.840832044144669e-001	1.862087136662868e-001
7206	1.817739859361428e-001	1.819700858609984e-001
7257	1.717120008751393e-001	1.737800828749375e-001
7273	1.616137986703080e-001	1.621810097358930e-001
7370	1.569983410377939e-001	1.584893192461113e-001
7447	1.540091080850569e-001	1.548816618912481e-001
7456	1.499328778790247e-001	1.513561248436208e-001
7472	1.466528030323080e-001	1.479108388168208e-001
7497	1.441049497655869e-001	1.445439770745928e-001
7569	1.412189138986462e-001	1.412537544622755e-001
7775	1.337117911313154e-001	1.348962882591654e-001
7785	1.270995461069001e-001	1.288249551693134e-001
7789	1.212174977305478e-001	1.230268770812382e-001
7849	1.158961798398799e-001	1.174897554939529e-001
7866	1.071338353386310e-001	1.071519305237607e-001
7868	1.031713374301781e-001	1.047128548050900e-001
7906	1.022940556406521e-001	1.023292992280754e-001
7966	9.947827187192171e-002	1.000000000000000e-001
8013	9.390637061115492e-002	9.549925860214359e-002
8048	9.326511285099282e-002	9.332543007969910e-002
8084	9.070402888420270e-002	9.120108393559097e-002
8093	8.435676902329914e-002	8.511380382023763e-002
8194	8.082869227463652e-002	8.128305161640990e-002
8249	7.937940771261920e-002	7.943282347242814e-002
8271	7.761139786999660e-002	7.762471166286916e-002
8279	7.482608742605212e-002	7.585775750291836e-002
8391	7.411361108313930e-002	7.413102413009177e-002
8426	7.191519151480075e-002	7.244359600749903e-002
8526	6.772934075089077e-002	6.918309709189366e-002
8558	6.621082075934559e-002	6.760829753919818e-002
8562	6.547027527231608e-002	6.606934480075961e-002
8603	6.394248232737243e-002	6.456542290346556e-002
8627	6.083649967924942e-002	6.165950018614822e-002
8664	5.905562518952567e-002	6.025595860743578e-002
8719	5.802909234478115e-002	5.888436553555890e-002
8732	5.600541037496909e-002	5.623413251903491e-002
8815	5.454950322923857e-002	5.495408738576246e-002
8842	5.335453434353477e-002	5.370317963702527e-002
8853	5.184664365519576e-002	5.248074602497726e-002
8858	4.925044013546220e-002	5.011872336272722e-002
8896	4.888855000160586e-002	4.897788193684461e-002
8963	4.756927288951074e-002	4.786300923226383e-002
9013	4.656466926962888e-002	4.677351412871982e-002
9094	4.537128663772483e-002	4.570881896148749e-002
9149	4.435991770720926e-002	4.466835921509630e-002
9195	4.351500942144604e-002	4.365158322401658e-002
9227	4.147810768158167e-002	4.168693834703355e-002
9257	4.060924802129950e-002	4.073802778041128e-002
9275	3.922902594515110e-002	3.981071705534973e-002
9329	3.880912223843047e-002	3.890451449942807e-002
9353	3.787758546406195e-002	3.801893963205612e-002
9419	3.715116249544792e-002	3.715352290971726e-002
9493	3.622026786178234e-002	3.630780547701014e-002
9551	3.467684632925805e-002	3.548133892335755e-002
9552	3.440992438069379e-002	3.467368504525317e-002
9554	3.376663349525877e-002	3.388441561392026e-002
9575	3.248060482395054e-002	3.311311214825911e-002
9622	3.235759603691935e-002	3.235936569296283e-002
9763	3.117959532817249e-002	3.162277660168379e-002
9776	3.080707952301487e-002	3.090295432513590e-002
9884	2.953713967420024e-002	3.019951720402016e-002
9905	2.825833655744137e-002	2.884031503126606e-002
9911	2.807890781326450e-002	2.818382931264454e-002
9932	2.744559459053642e-002	2.754228703338166e-002
9944	2.684662352168576e-002	2.691534803926915e-002
9951	2.620001892868562e-002	2.630267991895382e-002
10062	2.569360787206920e-002	2.570395782768863e-002
10119	2.472605448772991e-002	2.511886431509579e-002
10135	2.452059455487188e-002	2.454708915685030e-002
10208	2.388969404814656e-002	2.398832919019490e-002
10254	2.341224756499116e-002	2.344228815319923e-002
10317	2.248739244517972e-002	2.290867652767774e-002
10320	2.238022525706529e-002	2.238721138568340e-002
10371	2.180220123232468e-002	2.187761623949553e-002
10460	2.137165546078212e-002	2.137962089502233e-002
10476	2.074353175213262e-002	2.089296130854040e-002
10555	2.041412099003093e-002	2.041737944669530e-002
10616	1.985393132471214e-002	1.995262314968880e-002
10674	1.933190310100030e-002	1.949844599758046e-002
10694	1.882234817908945e-002	1.905460717963247e-002
10714	1.837755968943722e-002	1.862087136662868e-002
10726	1.808150138038078e-002	1.819700858609984e-002
10822	1.773277097475001e-002	1.778279410038923e-002
10854	1.722091010689064e-002	1.737800828749376e-002
10879	1.698204924085078e-002	1.698243652461744e-002
10946	1.651945829643120e-002	1.659586907437561e-002
11006	1.611604412139223e-002	1.621810097358930e-002
11052	1.575110530858470e-002	1.584893192461113e-002
11093	1.540494471321541e-002	1.548816618912481e-002
11112	1.507586972236497e-002	1.513561248436208e-002
11168	1.471049001086877e-002	1.479108388168207e-002
11175	1.440594499676429e-002	1.445439770745927e-002
11288	1.408645959386790e-002	1.412537544622754e-002
11338	1.328740502593584e-002	1.348962882591653e-002
11367	1.314778510175085e-002	1.318256738556408e-002
11463	1.267512451186126e-002	1.288249551693134e-002
11479	1.254988305850302e-002	1.258925411794168e-002
11560	1.218108180768862e-002	1.230268770812382e-002
11654	1.195626396947325e-002	1.202264434617413e-002
11748	1.167301881038252e-002	1.174897554939530e-002
11865	1.148089901013016e-002	1.148153621496883e-002
11966	1.120572565996680e-002	1.122018454301964e-002
11994	1.095226672260075e-002	1.096478196143185e-002
12052	1.070968532106809e-002	1.071519305237607e-002
12053	1.017582621873581e-002	1.023292992280754e-002
12108	9.999090091166063e-003	1.000000000000000e-002
12224	9.760851008522864e-003	9.772372209558112e-003
12348	9.534876513512036e-003	9.549925860214359e-003
12422	9.326540853525023e-003	9.332543007969915e-003
12531	8.989745549631500e-003	9.120108393559097e-003
12573	8.883093068544845e-003	8.912509381337459e-003
12654	8.695126826781863e-003	8.709635899560805e-003
12860	8.490804253841966e-003	8.511380382023768e-003
12974	8.308398111393833e-003	8.317637711026709e-003
13096	8.118625896632148e-003	8.128305161640995e-003
13370	7.943079284961074e-003	7.943282347242814e-003
13686	7.759890345587883e-003	7.762471166286920e-003
14077	7.584965620436202e-003	7.585775750291836e-003
14598	7.412448829778762e-003	7.413102413009177e-003
16905	7.244318249682191e-003	7.244359600749898e-003
1000001	7.199523883192893e-003	7.244359600749898e-003
%
% index = 1879, name = bbob_f006_i21_d10__bbob_f014_i22_d10
% instance = 10, reference value = 9.261916475161820e-001
% function evaluation | indicator value | target hit
1	1.084665073865551e+005	1.096478196143185e+005
2	4.968322794080112e+004	5.011872336272725e+004
3	7.359582421794718e+003	7.413102413009177e+003
6	1.986925597276177e+003	1.995262314968879e+003
15	1.824609182785803e+003	1.862087136662868e+003
42	1.109349623105410e+003	1.122018454301963e+003
96	9.219264448085798e+002	9.332543007969915e+002
146	6.917598230002038e+002	6.918309709189363e+002
239	4.221031147841788e+002	4.265795188015925e+002
298	1.475544991445028e+002	1.479108388168207e+002
680	1.210925199860626e+002	1.230268770812381e+002
982	7.098756879331734e+001	7.244359600749903e+001
1845	7.002663697344269e+001	7.079457843841381e+001
1864	6.660365050641877e+001	6.760829753919819e+001
1991	3.511130672380247e+001	3.548133892335755e+001
2305	3.006021624590446e+001	3.019951720402016e+001
2566	2.578528303356958e+001	2.630267991895381e+001
2579	2.207175642601439e+001	2.238721138568340e+001
3002	2.039673709016385e+001	2.041737944669530e+001
3110	1.493420141985600e+001	1.513561248436208e+001
3300	1.425203171060477e+001	1.445439770745927e+001
3351	1.235407373896118e+001	1.258925411794168e+001
3629	9.380683361829560e+000	9.549925860214358e+000
3655	9.070466387627125e+000	9.120108393559097e+000
3834	6.267400591621761e+000	6.309573444801933e+000
4102	5.870982399465300e+000	5.888436553555890e+000
4272	5.581736340062221e+000	5.623413251903491e+000
4450	5.221918076638966e+000	5.248074602497725e+000
4547	5.050783375260567e+000	5.128613839913649e+000
4578	4.041759803376682e+000	4.073802778041127e+000
4729	3.919690031549682e+000	3.981071705534972e+000
4786	3.068334474057182e+000	3.090295432513591e+000
4845	2.090987639847182e+000	2.137962089502232e+000
5375	1.713534929327682e+000	1.737800828749375e+000
5673	1.683152728769711e+000	1.698243652461744e+000
5742	1.613459701894682e+000	1.621810097358930e+000
5857	1.158319856568510e+000	1.174897554939530e+000
5962	9.467267759951821e-001	9.549925860214360e-001
6029	9.191289937965530e-001	9.332543007969910e-001
6043	8.722463389915464e-001	8.912509381337456e-001
6141	8.599286841920352e-001	8.709635899560806e-001
6241	8.443653849264037e-001	8.511380382023764e-001
6310	8.017368848487633e-001	8.128305161640993e-001
6427	7.445320751367758e-001	7.585775750291838e-001
6443	7.288289839924492e-001	7.413102413009175e-001
6459	7.238309738964022e-001	7.244359600749900e-001
6524	6.927857930700172e-001	7.079457843841379e-001
6526	6.679494055656701e-001	6.760829753919818e-001
6533	6.094014477771328e-001	6.165950018614822e-001
6633	5.971435826391460e-001	6.025595860743578e-001
6690	5.746186413730567e-001	5.754399373371569e-001
6742	5.176747656757730e-001	5.248074602497725e-001
6765	5.074499835459624e-001	5.128613839913648e-001
6771	3.149876813324398e-001	3.162277660168379e-001
6901	2.941821965847120e-001	2.951209226666385e-001
7026	2.723009465876556e-001	2.754228703338166e-001
7083	2.559397871002808e-001	2.570395782768864e-001
7110	2.480130744704788e-001	2.511886431509580e-001
7199	2.392491324374620e-001	2.398832919019490e-001
7230	2.330540886401971e-001	2.344228815319922e-001
7284	2.245413437798469e-001	2.290867652767773e-001
7296	2.235432586832012e-001	2.238721138568340e-001
7489	2.172456705685830e-001	2.187761623949552e-001
7499	2.090689266105428e-001	2.137962089502232e-001
7524	2.086105578866052e-001	2.089296130854039e-001
7574	2.037933155800078e-001	2.041737944669530e-001
7577	1.896553599969293e-001	1.905460717963247e-001
7597	1.858464179446663e-001	1.862087136662868e-001
7654	1.818069356595201e-001	1.819700858609984e-001
7668	1.510572886027992e-001	1.513561248436208e-001
7702	1.476457966848966e-001	1.479108388168208e-001
7747	1.444533058454905e-001	1.445439770745928e-001
7767	1.405082445963856e-001	1.412537544622755e-001
7836	1.369084964544226e-001	1.380384264602885e-001
7856	1.317654965270635e-001	1.318256738556407e-001
7915	1.282771566199503e-001	1.288249551693134e-001
8026	1.243304475696441e-001	1.258925411794167e-001
8045	1.227005881813978e-001	1.230268770812382e-001
8156	1.201237845749089e-001	1.202264434617413e-001
8259	1.171323850609580e-001	1.174897554939529e-001
8296	1.137999812699817e-001	1.148153621496883e-001
8371	1.120997874013084e-001	1.122018454301964e-001
8445	1.090064672469759e-001	1.096478196143185e-001
8502	1.043821358081657e-001	1.047128548050900e-001
8549	1.011953493643850e-001	1.023292992280754e-001
8596	9.957735725141448e-002	1.000000000000000e-001
8706	9.133662681839549e-002	9.332543007969910e-002
8720	8.940876914201434e-002	9.120108393559097e-002
8735	8.782917084027520e-002	8.912509381337455e-002
8778	8.647093638309467e-002	8.709635899560805e-002
8812	8.260332175883312e-002	8.317637711026708e-002
8872	8.046036133274459e-002	8.128305161640990e-002
8874	7.901526757433897e-002	7.943282347242814e-002
8974	7.484639137145133e-002	7.585775750291836e-002
8987	7.387201232336860e-002	7.413102413009177e-002
9014	6.828927097779636e-002	6.918309709189366e-002
9031	6.739648191616177e-002	6.760829753919818e-002
9076	6.587003456233365e-002	6.606934480075961e-002
9133	6.262647672194144e-002	6.309573444801933e-002
9140	5.993240082620277e-002	6.025595860743578e-002
9171	5.878502627936499e-002	5.888436553555890e-002
9243	5.621509545890746e-002	5.623413251903491e-002
9371	5.495274279595797e-002	5.495408738576246e-002
9397	5.353758097041739e-002	5.370317963702527e-002
9399	5.034639969311727e-002	5.128613839913648e-002
9410	5.010479893746134e-002	5.011872336272722e-002
9463	4.695810426763369e-002	4.786300923226383e-002
9500	4.675724242541302e-002	4.677351412871982e-002
9518	4.466122203415146e-002	4.466835921509630e-002
9557	4.364418387747981e-002	4.365158322401658e-002
9680	4.225689431736668e-002	4.265795188015926e-002
9741	4.166455116299539e-002	4.168693834703355e-002
9871	4.029874102888242e-002	4.073802778041128e-002
9909	3.977950739100467e-002	3.981071705534973e-002
9928	3.876725497793254e-002	3.890451449942807e-002
9935	3.211863912036805e-002	3.235936569296283e-002
10037	3.160041753649978e-002	3.162277660168379e-002
10108	2.970414107746489e-002	3.019951720402016e-002
10179	2.940119481398151e-002	2.951209226666385e-002
10194	2.876462031547034e-002	2.884031503126606e-002
10355	2.804315311511274e-002	2.818382931264454e-002
10420	2.733025184828941e-002	2.754228703338166e-002
10466	2.691113705041270e-002	2.691534803926915e-002
10651	2.621834182845884e-002	2.630267991895382e-002
10680	2.481955120727331e-002	2.511886431509579e-002
10706	2.420729360985774e-002	2.454708915685030e-002
10708	2.385900484485382e-002	2.398832919019490e-002
10774	2.343209126789125e-002	2.344228815319923e-002
10921	2.290766463010452e-002	2.290867652767774e-002
10934	2.196274140907994e-002	2.238721138568340e-002
10948	2.185785587487710e-002	2.187761623949553e-002
11094	2.137002973778301e-002	2.137962089502233e-002
11122	2.088659022346573e-002	2.089296130854040e-002
11158	1.974638070340584e-002	1.995262314968880e-002
11202	1.944995283637030e-002	1.949844599758046e-002
11407	1.905139908486708e-002	1.905460717963247e-002
11530	1.861219612158904e-002	1.862087136662868e-002
11582	1.802195288136899e-002	1.819700858609984e-002
11650	1.773942914110360e-002	1.778279410038923e-002
11776	1.737114649769489e-002	1.737800828749376e-002
11895	1.694050628963162e-002	1.698243652461744e-002
12175	1.655457172129993e-002	1.659586907437561e-002
12574	1.619968525931170e-002	1.621810097358930e-002
13092	1.584661842404556e-002	1.584893192461113e-002
1000001	1.555810878179975e-002	1.584893192461113e-002
