%
% index = 1610, name = bbob_f017_i02_d05__bbob_f021_i04_d05
% instance = 1, reference value = 9.615443650984090e-001
% function evaluation | indicator value | target hit
1	8.744445117853718e+009	8.912509381337441e+009
2	5.935597778545326e+005	6.025595860743581e+005
3	4.091722516204618e+004	4.168693834703355e+004
5	1.112024175226169e+004	1.122018454301963e+004
6	1.078681101924786e+003	1.096478196143185e+003
37	6.863102159811385e+002	6.918309709189363e+002
41	3.797983907398264e+002	3.801893963205613e+002
386	2.304948890139225e+002	2.344228815319923e+002
440	1.807781007586981e+002	1.819700858609982e+002
445	7.670353801741197e+001	7.762471166286916e+001
664	9.169591520502076e+000	9.332543007969910e+000
803	7.916799334950277e+000	7.943282347242816e+000
1021	4.356140541488723e+000	4.365158322401660e+000
1118	1.162789939526909e+000	1.174897554939530e+000
1206	1.076622447666909e+000	1.096478196143185e+000
1260	9.547717680490350e-001	9.549925860214360e-001
1388	9.117325663619328e-001	9.120108393559098e-001
1441	8.557494640200685e-001	8.709635899560806e-001
1568	7.063708261031718e-001	7.079457843841379e-001
1662	6.415081667512339e-001	6.456542290346555e-001
1705	6.126293076184104e-001	6.165950018614822e-001
1767	5.926918930762770e-001	6.025595860743578e-001
1872	5.227287583409463e-001	5.248074602497725e-001
1880	4.766569665896028e-001	4.786300923226383e-001
2118	4.655430559616187e-001	4.677351412871982e-001
2136	4.082879501989797e-001	4.168693834703354e-001
2163	3.750840209128361e-001	3.801893963205612e-001
2218	3.428915068831702e-001	3.467368504525316e-001
2308	3.011725464056820e-001	3.019951720402016e-001
2443	2.938072878840365e-001	2.951209226666385e-001
2501	2.869835233474652e-001	2.884031503126606e-001
2521	2.250124878632736e-001	2.290867652767773e-001
2555	2.237798374217640e-001	2.238721138568340e-001
2654	2.170383277351670e-001	2.187761623949552e-001
2731	2.127980223123474e-001	2.137962089502232e-001
2948	2.088644102527906e-001	2.089296130854039e-001
2992	1.969216549280359e-001	1.995262314968880e-001
3004	1.891223265873188e-001	1.905460717963247e-001
3042	1.827791210090757e-001	1.862087136662868e-001
3095	1.802599094648485e-001	1.819700858609984e-001
3151	1.723957564489089e-001	1.737800828749375e-001
3185	1.539115066416474e-001	1.548816618912481e-001
3187	1.512850949625780e-001	1.513561248436208e-001
3238	1.414011893907510e-001	1.445439770745928e-001
3256	1.360382573657880e-001	1.380384264602885e-001
3331	1.348606588106198e-001	1.348962882591654e-001
3371	1.306445126941054e-001	1.318256738556407e-001
3473	1.270955603471614e-001	1.288249551693134e-001
3647	1.213718405210571e-001	1.230268770812382e-001
3684	1.199701186390382e-001	1.202264434617413e-001
3767	1.107047977602186e-001	1.122018454301964e-001
3860	1.094734610492086e-001	1.096478196143185e-001
4059	1.069777370568905e-001	1.071519305237607e-001
4446	1.025935787049033e-001	1.047128548050900e-001
4452	1.015536650325036e-001	1.023292992280754e-001
4550	9.996634479966049e-002	1.000000000000000e-001
4711	9.683960481035725e-002	9.772372209558107e-002
5016	9.200398505864005e-002	9.332543007969910e-002
5129	9.085976223197168e-002	9.120108393559097e-002
5237	8.901556660962595e-002	8.912509381337455e-002
5674	8.708798111552230e-002	8.709635899560805e-002
6030	8.467626878290968e-002	8.511380382023763e-002
6232	8.262412923733098e-002	8.317637711026708e-002
6552	7.983536716390327e-002	8.128305161640990e-002
6554	7.934845615636488e-002	7.943282347242814e-002
7048	7.738121435214840e-002	7.762471166286916e-002
7321	7.585153763310781e-002	7.585775750291836e-002
7668	7.312689855788934e-002	7.413102413009177e-002
8650	7.243310000288572e-002	7.244359600749903e-002
9186	6.993215952183218e-002	7.079457843841380e-002
9764	6.897291611959000e-002	6.918309709189366e-002
10176	6.746537175396528e-002	6.760829753919818e-002
10820	6.602468566683606e-002	6.606934480075961e-002
11384	6.301033583951865e-002	6.309573444801933e-002
11822	6.067381170801856e-002	6.165950018614822e-002
12163	6.008396107416214e-002	6.025595860743578e-002
13415	5.885173360885299e-002	5.888436553555890e-002
14020	5.590279180967450e-002	5.623413251903491e-002
15076	5.494716114042675e-002	5.495408738576246e-002
17196	5.359253705445022e-002	5.370317963702527e-002
17479	5.077761543318737e-002	5.128613839913648e-002
18453	5.005835374513923e-002	5.011872336272722e-002
20966	4.894283420194867e-002	4.897788193684461e-002
21466	4.722115448738407e-002	4.786300923226383e-002
21917	4.661771664100134e-002	4.677351412871982e-002
22835	4.567125038394615e-002	4.570881896148749e-002
23186	4.216725562492130e-002	4.265795188015926e-002
23924	4.011453326485914e-002	4.073802778041128e-002
24793	3.824440573005494e-002	3.890451449942807e-002
25210	3.800694901190915e-002	3.801893963205612e-002
26271	3.671455713153449e-002	3.715352290971726e-002
28316	3.611074775996093e-002	3.630780547701014e-002
28724	3.546340603201270e-002	3.548133892335755e-002
30763	3.445290492892661e-002	3.467368504525317e-002
33293	3.385118085554439e-002	3.388441561392026e-002
35177	3.107850363647557e-002	3.162277660168379e-002
35898	3.089496335913466e-002	3.090295432513590e-002
38202	3.000121576797765e-002	3.019951720402016e-002
41571	2.946008237659270e-002	2.951209226666385e-002
42993	2.798741192505505e-002	2.818382931264454e-002
44300	2.753334147497810e-002	2.754228703338166e-002
50031	2.690425991133649e-002	2.691534803926915e-002
57282	2.613326388100390e-002	2.630267991895382e-002
61608	2.500844903937094e-002	2.511886431509579e-002
68721	2.454000083043417e-002	2.454708915685030e-002
85397	2.396590203403926e-002	2.398832919019490e-002
93086	2.295143912339959e-002	2.344228815319923e-002
97765	2.289741383512700e-002	2.290867652767774e-002
121345	2.236736558474750e-002	2.238721138568340e-002
155377	2.169164246095545e-002	2.187761623949553e-002
160615	1.936708637168583e-002	1.949844599758046e-002
205201	1.905204619410739e-002	1.905460717963247e-002
333735	1.862077320574684e-002	1.862087136662868e-002
412825	1.756227356566409e-002	1.778279410038923e-002
491505	1.736949538341004e-002	1.737800828749376e-002
500001	1.736435984689722e-002	1.737800828749376e-002
%
% index = 1611, name = bbob_f017_i03_d05__bbob_f021_i05_d05
% instance = 2, reference value = 9.790028843572610e-001
% function evaluation | indicator value | target hit
1	1.007365761184414e+011	1.023292992280754e+011
2	2.127926576528107e+005	2.137962089502233e+005
3	2.744476804753269e+004	2.754228703338169e+004
5	7.542704381834306e+003	7.585775750291836e+003
6	6.170696761943208e+003	6.309573444801930e+003
7	5.270865668321319e+003	5.370317963702527e+003
10	1.853792146119388e+003	1.862087136662868e+003
37	8.854727700443945e+002	8.912509381337459e+002
41	4.711625640755147e+002	4.786300923226385e+002
239	3.411114582273539e+002	3.467368504525317e+002
253	3.070879459062618e+002	3.090295432513592e+002
488	1.576482537408176e+002	1.584893192461114e+002
501	9.260876694858827e+001	9.332543007969910e+001
606	5.924521024591151e+001	6.025595860743578e+001
656	3.002154362721959e+001	3.019951720402016e+001
862	1.620621640674307e+001	1.621810097358930e+001
897	4.546446146957978e+000	4.570881896148751e+000
1093	3.297648416383960e+000	3.311311214825911e+000
1148	1.758706887841243e+000	1.778279410038923e+000
1184	1.720643804092355e+000	1.737800828749375e+000
1213	1.217624787970692e+000	1.230268770812382e+000
1406	9.439072743063656e-001	9.549925860214360e-001
1514	9.248537037865676e-001	9.332543007969910e-001
1660	8.300887335887000e-001	8.317637711026710e-001
1748	7.479176254084854e-001	7.585775750291838e-001
1784	7.137753122193105e-001	7.244359600749900e-001
1820	6.685018854881543e-001	6.760829753919818e-001
1863	6.442270365608477e-001	6.456542290346555e-001
1916	5.762221888706257e-001	5.888436553555889e-001
1920	5.268742033590534e-001	5.370317963702527e-001
1952	5.210337836638751e-001	5.248074602497725e-001
1966	2.673994814014851e-001	2.691534803926916e-001
2228	2.139595131315875e-001	2.187761623949552e-001
2277	2.091619191661250e-001	2.137962089502232e-001
2466	2.071422261421365e-001	2.089296130854039e-001
2527	1.961910781369646e-001	1.995262314968880e-001
2671	1.916903662427256e-001	1.949844599758046e-001
2777	1.843955203447675e-001	1.862087136662868e-001
2826	1.790790171239122e-001	1.819700858609984e-001
2852	1.727106255385221e-001	1.737800828749375e-001
2894	1.467426931564418e-001	1.479108388168208e-001
2973	1.365976177923178e-001	1.380384264602885e-001
2993	1.320867204057531e-001	1.348962882591654e-001
3018	1.271743210555622e-001	1.288249551693134e-001
3092	1.256144008414494e-001	1.258925411794167e-001
3105	1.173049862859538e-001	1.174897554939529e-001
3134	8.155640123718477e-002	8.317637711026708e-002
3204	8.048561016196409e-002	8.128305161640990e-002
3271	6.821409262247957e-002	6.918309709189366e-002
3307	6.612555000443798e-002	6.760829753919818e-002
3316	6.507811447118306e-002	6.606934480075961e-002
3359	6.439480188272717e-002	6.456542290346556e-002
3363	5.592801193388475e-002	5.623413251903491e-002
3652	5.393299076961999e-002	5.495408738576246e-002
3706	5.326341426280501e-002	5.370317963702527e-002
3829	5.150019417113683e-002	5.248074602497726e-002
3830	5.017269529979851e-002	5.128613839913648e-002
3847	4.998021552540921e-002	5.011872336272722e-002
4068	4.888023264024966e-002	4.897788193684461e-002
4195	4.774766612359116e-002	4.786300923226383e-002
4330	4.644446501604915e-002	4.677351412871982e-002
4478	4.470800619445492e-002	4.570881896148749e-002
4522	4.466816665039364e-002	4.466835921509630e-002
4775	4.349106700783523e-002	4.365158322401658e-002
4844	4.074644868117783e-002	4.168693834703355e-002
4946	4.067917038144520e-002	4.073802778041128e-002
5063	3.953665291559194e-002	3.981071705534973e-002
5348	3.890345532984951e-002	3.890451449942807e-002
6230	3.796181368815610e-002	3.801893963205612e-002
6931	3.702822492127478e-002	3.715352290971726e-002
7746	3.607298000662518e-002	3.630780547701014e-002
7986	3.506363325636031e-002	3.548133892335755e-002
8154	3.466011619334386e-002	3.467368504525317e-002
9442	3.387601349986014e-002	3.388441561392026e-002
9734	3.307949395483500e-002	3.311311214825911e-002
10926	3.223147853067720e-002	3.235936569296283e-002
11232	3.155320757440794e-002	3.162277660168379e-002
12315	3.087327103971538e-002	3.090295432513590e-002
13805	3.009281190966107e-002	3.019951720402016e-002
14630	2.929314536024341e-002	2.951209226666385e-002
15120	2.882831627928761e-002	2.884031503126606e-002
15884	2.777841530815983e-002	2.818382931264454e-002
16635	2.754032922681127e-002	2.754228703338166e-002
18348	2.689261810402777e-002	2.691534803926915e-002
20996	2.606489888450569e-002	2.630267991895382e-002
21781	2.555308995707173e-002	2.570395782768863e-002
23472	2.509056825673384e-002	2.511886431509579e-002
27001	2.453704984848082e-002	2.454708915685030e-002
33988	2.398631931371797e-002	2.398832919019490e-002
41967	2.340122404409295e-002	2.344228815319923e-002
54986	2.289579588338342e-002	2.290867652767774e-002
77612	2.235923138333151e-002	2.238721138568340e-002
102966	2.186950723924030e-002	2.187761623949553e-002
132474	2.137956900313698e-002	2.137962089502233e-002
195932	2.089108452135946e-002	2.089296130854040e-002
294809	2.041611815025490e-002	2.041737944669530e-002
500001	2.007664548670241e-002	2.041737944669530e-002
%
% index = 1612, name = bbob_f017_i07_d05__bbob_f021_i08_d05
% instance = 3, reference value = 9.810950902012990e-001
% function evaluation | indicator value | target hit
1	2.945667890380957e+004	2.951209226666384e+004
4	4.494440364871761e+003	4.570881896148752e+003
6	6.477038446582709e+002	6.606934480075958e+002
10	3.147725063687896e+002	3.162277660168379e+002
253	1.214476892286763e+002	1.230268770812381e+002
398	3.735849397499121e+001	3.801893963205612e+001
501	2.834569631928747e+001	2.884031503126606e+001
680	4.557969232321442e+000	4.570881896148751e+000
733	2.394626160853791e+000	2.398832919019490e+000
954	1.800947758917797e+000	1.819700858609983e+000
1053	7.546015343517709e-001	7.585775750291838e-001
1184	5.803793930570265e-001	5.888436553555889e-001
1185	5.141166678179372e-001	5.248074602497725e-001
1357	5.120792904654377e-001	5.128613839913648e-001
1390	4.569650557406898e-001	4.570881896148750e-001
1536	3.642270631206769e-001	3.715352290971726e-001
1580	3.630475827971958e-001	3.630780547701014e-001
1604	3.327370988248027e-001	3.388441561392026e-001
1699	3.212624917303866e-001	3.235936569296283e-001
1733	3.143627286900863e-001	3.162277660168379e-001
1806	3.000512326397178e-001	3.019951720402016e-001
1907	2.687612336138346e-001	2.691534803926916e-001
1984	2.604824347747787e-001	2.630267991895382e-001
2014	2.564268982927350e-001	2.570395782768864e-001
2029	2.455278675628488e-001	2.511886431509580e-001
2079	2.421523169071089e-001	2.454708915685031e-001
2089	2.380953735132941e-001	2.398832919019490e-001
2109	2.298345324381438e-001	2.344228815319922e-001
2180	2.289483256669549e-001	2.290867652767773e-001
2222	2.223926155242304e-001	2.238721138568340e-001
2262	2.103225382068888e-001	2.137962089502232e-001
2383	2.067969007477553e-001	2.089296130854039e-001
2407	1.804238945018548e-001	1.819700858609984e-001
2650	1.702641296666199e-001	1.737800828749375e-001
2689	1.696077169473095e-001	1.698243652461744e-001
2727	1.589397021757958e-001	1.621810097358930e-001
2840	1.579709114879327e-001	1.584893192461113e-001
3042	1.485392636959673e-001	1.513561248436208e-001
3163	1.468423226234905e-001	1.479108388168208e-001
3233	1.310791389203602e-001	1.318256738556407e-001
3453	1.268926549106622e-001	1.288249551693134e-001
3504	1.250741476210631e-001	1.258925411794167e-001
3777	1.193438722112760e-001	1.202264434617413e-001
3790	1.102306231770559e-001	1.122018454301964e-001
3811	1.092769928017319e-001	1.096478196143185e-001
3828	1.030683793629202e-001	1.047128548050900e-001
3951	1.022648782524115e-001	1.023292992280754e-001
3956	9.876268044664660e-002	1.000000000000000e-001
3974	9.767026297091574e-002	9.772372209558107e-002
3998	9.055880864887278e-002	9.120108393559097e-002
4110	8.783336083239046e-002	8.912509381337455e-002
4180	8.682970229330800e-002	8.709635899560805e-002
4278	8.108325810013917e-002	8.128305161640990e-002
4461	7.884799113237861e-002	7.943282347242814e-002
4591	7.753296376131313e-002	7.762471166286916e-002
4663	7.511280048197755e-002	7.585775750291836e-002
4723	7.283443700694847e-002	7.413102413009177e-002
4867	7.188112514789591e-002	7.244359600749903e-002
4898	7.029260441052498e-002	7.079457843841380e-002
4968	6.579597709005458e-002	6.606934480075961e-002
4998	6.267357653072214e-002	6.309573444801933e-002
5069	5.942973599152079e-002	6.025595860743578e-002
5173	5.828820034672766e-002	5.888436553555890e-002
5189	5.630821414641252e-002	5.754399373371569e-002
5206	5.240461606351954e-002	5.248074602497726e-002
5569	5.091764084531136e-002	5.128613839913648e-002
5600	4.848619059145531e-002	4.897788193684461e-002
5806	4.727592318382901e-002	4.786300923226383e-002
5839	4.613516345352409e-002	4.677351412871982e-002
5880	4.391869078711330e-002	4.466835921509630e-002
6005	4.102871788642981e-002	4.168693834703355e-002
6175	3.924940694214085e-002	3.981071705534973e-002
6257	3.883557975539420e-002	3.890451449942807e-002
6781	3.515491454258946e-002	3.548133892335755e-002
6896	3.406972387238905e-002	3.467368504525317e-002
7021	3.381704305939548e-002	3.388441561392026e-002
7176	3.277472172867313e-002	3.311311214825911e-002
7809	3.219433228968283e-002	3.235936569296283e-002
7850	3.159054353491242e-002	3.162277660168379e-002
8132	3.004194024359685e-002	3.019951720402016e-002
8825	2.922891600594502e-002	2.951209226666385e-002
9422	2.814091607306102e-002	2.818382931264454e-002
10075	2.724272798128335e-002	2.754228703338166e-002
10093	2.650549916709388e-002	2.691534803926915e-002
10564	2.584017269336625e-002	2.630267991895382e-002
10595	2.503061989721567e-002	2.511886431509579e-002
10874	2.450828847394015e-002	2.454708915685030e-002
12417	2.360699097683094e-002	2.398832919019490e-002
12854	2.221099302315377e-002	2.238721138568340e-002
15222	2.187437264772174e-002	2.187761623949553e-002
15831	2.133486098016091e-002	2.137962089502233e-002
18128	2.082963214591749e-002	2.089296130854040e-002
18461	2.033492370345780e-002	2.041737944669530e-002
23319	1.994143668518589e-002	1.995262314968880e-002
26259	1.898876084581636e-002	1.905460717963247e-002
29680	1.792561712123564e-002	1.819700858609984e-002
32764	1.778108901079545e-002	1.778279410038923e-002
38461	1.737529618029865e-002	1.737800828749376e-002
52164	1.698127092297019e-002	1.698243652461744e-002
58307	1.658324523304944e-002	1.659586907437561e-002
100820	1.614798659866989e-002	1.621810097358930e-002
129215	1.581144579494009e-002	1.584893192461113e-002
162459	1.548472669195855e-002	1.548816618912481e-002
255447	1.513048660954108e-002	1.513561248436208e-002
315591	1.444564331579545e-002	1.445439770745927e-002
392503	1.408116060884124e-002	1.412537544622754e-002
500001	1.397823077790805e-002	1.412537544622754e-002
%
% index = 1613, name = bbob_f017_i09_d05__bbob_f021_i10_d05
% instance = 4, reference value = 9.907021437989990e-001
% function evaluation | indicator value | target hit
1	3.401347785720133e+007	3.467368504525317e+007
2	1.034478996659326e+005	1.047128548050899e+005
5	3.940069321575663e+002	3.981071705534973e+002
7	3.556996111736461e+002	3.630780547701014e+002
12	2.925999388739251e+002	2.951209226666387e+002
22	1.458616540316284e+002	1.479108388168207e+002
37	6.734530451792499e+001	6.760829753919819e+001
41	3.168411771609291e+001	3.235936569296283e+001
388	3.128869539631165e+001	3.162277660168379e+001
407	2.788118999860507e+001	2.818382931264453e+001
411	2.674566780328898e+001	2.691534803926916e+001
428	2.548405904298337e+001	2.570395782768863e+001
492	2.445961109478895e+001	2.454708915685030e+001
554	1.669176180181125e+001	1.698243652461744e+001
559	1.225888931598746e+001	1.230268770812382e+001
669	8.161611766277611e+000	8.317637711026711e+000
823	6.375593381953802e+000	6.456542290346556e+000
857	1.746217229059012e+000	1.778279410038923e+000
887	1.679985979728627e+000	1.698243652461744e+000
976	1.624014688349190e+000	1.659586907437561e+000
1005	1.557090486847499e+000	1.584893192461114e+000
1105	1.506121713822499e+000	1.513561248436208e+000
1209	1.230033581226999e+000	1.230268770812382e+000
1214	1.197126057637999e+000	1.202264434617413e+000
1279	1.051177362308499e+000	1.071519305237606e+000
1384	1.022274472961100e+000	1.023292992280754e+000
1483	9.484514657360706e-001	9.549925860214360e-001
1544	9.187104416149428e-001	9.332543007969910e-001
1563	8.314527020161038e-001	8.317637711026710e-001
1584	7.932059738574993e-001	7.943282347242815e-001
1590	7.741043788390829e-001	7.762471166286917e-001
1595	6.759542983528992e-001	6.760829753919818e-001
1639	5.411286554276522e-001	5.495408738576245e-001
1648	5.351611010550432e-001	5.370317963702527e-001
1660	5.170870378851327e-001	5.248074602497725e-001
1700	4.559415120413037e-001	4.570881896148750e-001
1768	4.432673822019148e-001	4.466835921509632e-001
1792	4.359977045120419e-001	4.365158322401660e-001
1806	4.242784988498211e-001	4.265795188015927e-001
1821	3.931821258007145e-001	3.981071705534973e-001
1839	3.495385362092123e-001	3.548133892335755e-001
1877	3.191106206648308e-001	3.235936569296283e-001
1902	2.714645922655653e-001	2.754228703338166e-001
1911	1.568152807425050e-001	1.584893192461113e-001
2104	1.538229031163848e-001	1.548816618912481e-001
2147	1.251626474329568e-001	1.258925411794167e-001
2426	1.145526551482431e-001	1.148153621496883e-001
2459	1.067308156724948e-001	1.071519305237607e-001
2606	6.353649279577045e-002	6.456542290346556e-002
2607	6.296720451436122e-002	6.309573444801933e-002
2618	5.993841982828463e-002	6.025595860743578e-002
2838	5.845685393579347e-002	5.888436553555890e-002
2993	5.640657616307931e-002	5.754399373371569e-002
3032	5.572001615079247e-002	5.623413251903491e-002
3136	5.401217173840112e-002	5.495408738576246e-002
3237	5.315562330989432e-002	5.370317963702527e-002
3375	4.173979315675236e-002	4.265795188015926e-002
3383	4.164906543733216e-002	4.168693834703355e-002
3421	4.070900289043089e-002	4.073802778041128e-002
3578	3.695762648076251e-002	3.715352290971726e-002
3701	3.483724482286910e-002	3.548133892335755e-002
3845	3.420089835037765e-002	3.467368504525317e-002
3928	3.384108686671983e-002	3.388441561392026e-002
3965	3.274438622192288e-002	3.311311214825911e-002
4046	2.461290785069370e-002	2.511886431509579e-002
4067	2.447837897894833e-002	2.454708915685030e-002
4246	2.265147879213503e-002	2.290867652767774e-002
4271	2.055555696799027e-002	2.089296130854040e-002
4277	2.021175494197347e-002	2.041737944669530e-002
4538	1.959565249879047e-002	1.995262314968880e-002
4609	1.909295920927256e-002	1.949844599758046e-002
4717	1.444245344902828e-002	1.445439770745927e-002
4812	1.354873920730770e-002	1.380384264602885e-002
4973	1.324167299237955e-002	1.348962882591653e-002
5299	1.282169202966743e-002	1.288249551693134e-002
5386	1.224551773502736e-002	1.230268770812382e-002
5422	1.177367268217522e-002	1.202264434617413e-002
5425	1.174248343445417e-002	1.174897554939530e-002
5607	1.145967540632609e-002	1.148153621496883e-002
5673	8.242234601126497e-003	8.317637711026709e-003
5975	8.094488444584602e-003	8.128305161640995e-003
6422	7.930475958765948e-003	7.943282347242814e-003
6691	7.729749304736577e-003	7.762471166286920e-003
6819	7.582740173734281e-003	7.585775750291836e-003
6900	7.170236749903247e-003	7.244359600749898e-003
7007	7.017299147173861e-003	7.079457843841380e-003
7463	6.903039064235395e-003	6.918309709189363e-003
7511	6.479455657203870e-003	6.606934480075957e-003
7513	6.359767170884267e-003	6.456542290346556e-003
7711	6.261354846236578e-003	6.309573444801930e-003
7922	6.100393858205711e-003	6.165950018614822e-003
8092	6.018405872079802e-003	6.025595860743574e-003
8106	5.812890552519989e-003	5.888436553555890e-003
8338	5.697683859398506e-003	5.754399373371567e-003
8809	5.589335541363094e-003	5.623413251903491e-003
9496	5.472552580259138e-003	5.495408738576248e-003
9980	5.362034632439117e-003	5.370317963702527e-003
10314	5.230202589388555e-003	5.248074602497728e-003
11175	5.119651214388732e-003	5.128613839913648e-003
11539	5.008994191632032e-003	5.011872336272725e-003
12028	4.890505424107627e-003	4.897788193684461e-003
12267	4.786298421152080e-003	4.786300923226385e-003
13352	4.655191815511217e-003	4.677351412871981e-003
13876	4.535175923650825e-003	4.570881896148752e-003
15204	4.466545894036611e-003	4.466835921509631e-003
16216	4.339097051094809e-003	4.365158322401661e-003
17829	4.211083903200019e-003	4.265795188015926e-003
18457	4.003679107160707e-003	4.073802778041126e-003
18472	3.976063336267988e-003	3.981071705534973e-003
21219	3.801604049608276e-003	3.801893963205613e-003
21891	3.609991806522994e-003	3.630780547701014e-003
22885	3.538983543533436e-003	3.548133892335753e-003
23446	3.438723351060324e-003	3.467368504525317e-003
23790	3.363819378781496e-003	3.388441561392024e-003
27416	3.278440473853617e-003	3.311311214825911e-003
29481	3.224989442765947e-003	3.235936569296281e-003
31052	3.109950696142283e-003	3.162277660168379e-003
31340	2.850595259504818e-003	2.884031503126606e-003
32529	2.509794163847112e-003	2.511886431509579e-003
37790	2.421366685260051e-003	2.454708915685031e-003
38564	2.397610798621663e-003	2.398832919019490e-003
40984	2.333691096279678e-003	2.344228815319923e-003
41748	2.231014165921086e-003	2.238721138568340e-003
42952	2.187113997876522e-003	2.187761623949552e-003
45005	2.137930671486044e-003	2.137962089502233e-003
48884	2.046431294291828e-003	2.089296130854039e-003
50001	2.041550904574363e-003	2.041737944669530e-003
51217	1.984950799653440e-003	1.995262314968879e-003
54858	1.945047915555276e-003	1.949844599758046e-003
59766	1.904619240265415e-003	1.905460717963246e-003
71455	1.861682026003897e-003	1.862087136662868e-003
83967	1.819630533190786e-003	1.819700858609983e-003
91946	1.777032589508676e-003	1.778279410038923e-003
103643	1.690899080924346e-003	1.698243652461744e-003
121540	1.659582930272241e-003	1.659586907437561e-003
133360	1.619520224839133e-003	1.621810097358930e-003
138457	1.580478115568496e-003	1.584893192461114e-003
153517	1.530578088079548e-003	1.548816618912481e-003
157350	1.510577026248683e-003	1.513561248436209e-003
167856	1.478822196896767e-003	1.479108388168207e-003
179702	1.442944147643899e-003	1.445439770745928e-003
212775	1.411255294431757e-003	1.412537544622754e-003
240447	1.377972448231013e-003	1.380384264602885e-003
267879	1.344676465593220e-003	1.348962882591653e-003
281216	1.317950632513054e-003	1.318256738556408e-003
284002	1.241690356868830e-003	1.258925411794168e-003
320238	1.230158541054571e-003	1.230268770812381e-003
457798	1.195123952237642e-003	1.202264434617413e-003
500001	1.189717719538797e-003	1.202264434617413e-003
%
% index = 1614, name = bbob_f017_i11_d05__bbob_f021_i12_d05
% instance = 5, reference value = 9.860249039434450e-001
% function evaluation | indicator value | target hit
1	2.514505674417055e+007	2.570395782768865e+007
4	1.255218218440187e+003	1.258925411794168e+003
5	7.827835801057422e+002	7.943282347242813e+002
10	1.162672603274997e+002	1.174897554939529e+002
253	5.573195945797598e+001	5.623413251903491e+001
470	4.449490566145033e+001	4.466835921509630e+001
576	3.877038603475875e+001	3.890451449942807e+001
624	2.329346707639893e+001	2.344228815319923e+001
658	9.378306060377490e+000	9.549925860214358e+000
880	6.648263162486386e+000	6.760829753919817e+000
916	5.099571162397079e-001	5.128613839913648e-001
1541	4.340149866781109e-001	4.365158322401660e-001
1552	4.125809924822714e-001	4.168693834703354e-001
1577	3.844816108875253e-001	3.890451449942806e-001
1656	3.739035157420045e-001	3.801893963205612e-001
1700	3.354564749363321e-001	3.388441561392026e-001
1750	3.173796501866623e-001	3.235936569296283e-001
1761	2.700097168940686e-001	2.754228703338166e-001
1780	2.172284417472932e-001	2.187761623949552e-001
1786	1.995346964081742e-001	2.041737944669530e-001
1850	1.988172649342525e-001	1.995262314968880e-001
1948	1.925794094105946e-001	1.949844599758046e-001
1954	1.874503535590736e-001	1.905460717963247e-001
2064	5.330553158355611e-002	5.370317963702527e-002
2159	5.235181154150204e-002	5.248074602497726e-002
2618	5.123382921846698e-002	5.128613839913648e-002
2752	4.732127638451078e-002	4.786300923226383e-002
2889	4.660841811141914e-002	4.677351412871982e-002
2941	4.420381566881437e-002	4.466835921509630e-002
2974	4.344471590905374e-002	4.365158322401658e-002
3035	4.187693133601167e-002	4.265795188015926e-002
3090	3.979207136133312e-002	3.981071705534973e-002
3091	3.872085485894639e-002	3.890451449942807e-002
3458	3.801255660656944e-002	3.801893963205612e-002
3639	3.644417956320201e-002	3.715352290971726e-002
3674	3.562824627927086e-002	3.630780547701014e-002
3812	3.511516681635329e-002	3.548133892335755e-002
3956	3.438846079494984e-002	3.467368504525317e-002
4144	3.386428051431056e-002	3.388441561392026e-002
4639	3.310544434645246e-002	3.311311214825911e-002
4963	3.191715342024848e-002	3.235936569296283e-002
5506	3.154839479028138e-002	3.162277660168379e-002
5993	3.080036916642248e-002	3.090295432513590e-002
6118	3.004546742893099e-002	3.019951720402016e-002
6996	2.905720243394250e-002	2.951209226666385e-002
7406	2.878198627310569e-002	2.884031503126606e-002
8162	2.812234648437528e-002	2.818382931264454e-002
9608	2.744670378510039e-002	2.754228703338166e-002
11597	2.687817080809773e-002	2.691534803926915e-002
15562	2.621898030470471e-002	2.630267991895382e-002
19215	2.561663272441317e-002	2.570395782768863e-002
22780	2.511563516170867e-002	2.511886431509579e-002
36048	2.454531497214552e-002	2.454708915685030e-002
60640	2.398745777173961e-002	2.398832919019490e-002
122916	2.343887758722751e-002	2.344228815319923e-002
245035	2.290838681608287e-002	2.290867652767774e-002
500001	2.269640777980575e-002	2.290867652767774e-002
%
% index = 1615, name = bbob_f017_i13_d05__bbob_f021_i14_d05
% instance = 6, reference value = 9.730234040316960e-001
% function evaluation | indicator value | target hit
1	7.594866116799262e+010	7.762471166286928e+010
2	7.394016525383176e+003	7.413102413009177e+003
7	3.282620664501743e+003	3.311311214825911e+003
10	1.053980650301934e+003	1.071519305237606e+003
37	5.508755756607710e+002	5.623413251903490e+002
41	2.934484355014840e+002	2.951209226666387e+002
314	2.739448728194263e+002	2.754228703338166e+002
367	2.133021666789503e+002	2.137962089502233e+002
539	1.727624246748139e+002	1.737800828749376e+002
564	1.429727001998322e+002	1.445439770745928e+002
587	7.193100493719101e+001	7.244359600749903e+001
682	3.655541030659276e+001	3.715352290971726e+001
768	1.675353550101723e+001	1.698243652461744e+001
808	1.627371447500842e+001	1.659586907437561e+001
922	1.329380835983410e+001	1.348962882591653e+001
982	1.151719383928195e+001	1.174897554939530e+001
994	4.177000382623793e+000	4.265795188015927e+000
1107	3.227481050464085e+000	3.235936569296283e+000
1193	1.087819240757696e+000	1.096478196143185e+000
1226	9.211477594459427e-001	9.332543007969910e-001
1344	9.059163791311542e-001	9.120108393559098e-001
1647	8.751111129398409e-001	8.912509381337456e-001
1733	8.613292970308207e-001	8.709635899560806e-001
1742	7.787345922493030e-001	7.943282347242815e-001
1751	6.879589091214685e-001	6.918309709189364e-001
1802	6.236157097085113e-001	6.309573444801933e-001
1877	4.532918113962441e-001	4.570881896148750e-001
1950	4.325247921169847e-001	4.365158322401660e-001
1968	4.233987461287669e-001	4.265795188015927e-001
2041	4.016733228556816e-001	4.073802778041127e-001
2050	3.838287813213267e-001	3.890451449942806e-001
2099	3.798305039563652e-001	3.801893963205612e-001
2119	3.048615065560409e-001	3.090295432513591e-001
2145	2.851472012699210e-001	2.884031503126606e-001
2148	2.815359338214981e-001	2.818382931264454e-001
2245	2.430700654131379e-001	2.454708915685031e-001
2354	2.371475354062921e-001	2.398832919019490e-001
2371	1.817852678792024e-001	1.819700858609984e-001
2466	1.777113491423392e-001	1.778279410038923e-001
2490	1.632024171996996e-001	1.659586907437561e-001
2559	1.615140034778180e-001	1.621810097358930e-001
2586	1.564903182241287e-001	1.584893192461113e-001
2607	1.518847258424345e-001	1.548816618912481e-001
2618	1.464415613860487e-001	1.479108388168208e-001
2743	1.443819909500475e-001	1.445439770745928e-001
2759	1.406985329098671e-001	1.412537544622755e-001
2793	1.273884901743079e-001	1.288249551693134e-001
2807	1.257038603236618e-001	1.258925411794167e-001
2847	1.068316819960133e-001	1.071519305237607e-001
2894	9.153078885038046e-002	9.332543007969910e-002
2923	8.221840181868390e-002	8.317637711026708e-002
2941	8.113851409668993e-002	8.128305161640990e-002
3025	7.777473099325216e-002	7.943282347242814e-002
3026	7.445836779377169e-002	7.585775750291836e-002
3038	7.314221828642742e-002	7.413102413009177e-002
3087	7.216932542461119e-002	7.244359600749903e-002
3108	6.922102265128227e-002	7.079457843841380e-002
3213	6.854461749770857e-002	6.918309709189366e-002
3223	6.392701719121319e-002	6.456542290346556e-002
3255	5.910306700020407e-002	6.025595860743578e-002
3281	5.805099656764778e-002	5.888436553555890e-002
3311	5.707740105923442e-002	5.754399373371569e-002
3352	5.568779298211246e-002	5.623413251903491e-002
3411	5.409529208532427e-002	5.495408738576246e-002
3416	5.335181202213979e-002	5.370317963702527e-002
3489	5.210549130506748e-002	5.248074602497726e-002
3564	5.122288139683384e-002	5.128613839913648e-002
3652	5.008308544848827e-002	5.011872336272722e-002
3750	4.853707911739325e-002	4.897788193684461e-002
3763	4.732890443623639e-002	4.786300923226383e-002
3821	4.565124466231629e-002	4.570881896148749e-002
3896	4.426733899923629e-002	4.466835921509630e-002
3912	4.364846077031859e-002	4.365158322401658e-002
4180	4.179779972695741e-002	4.265795188015926e-002
4194	4.076559846388039e-002	4.168693834703355e-002
4220	4.018718066382354e-002	4.073802778041128e-002
4252	3.976198889662663e-002	3.981071705534973e-002
4353	3.859771362326014e-002	3.890451449942807e-002
4490	3.793228465733223e-002	3.801893963205612e-002
4631	3.712998380393928e-002	3.715352290971726e-002
5060	3.628213126285229e-002	3.630780547701014e-002
5075	3.460969856710505e-002	3.467368504525317e-002
5293	3.325537291702685e-002	3.388441561392026e-002
5484	3.302224054434289e-002	3.311311214825911e-002
5954	3.217146593888576e-002	3.235936569296283e-002
6944	3.091641640972720e-002	3.162277660168379e-002
6950	3.022537358165234e-002	3.090295432513590e-002
6956	3.006010320787012e-002	3.019951720402016e-002
7195	2.945506417766020e-002	2.951209226666385e-002
7313	2.877101236065904e-002	2.884031503126606e-002
7421	2.782559471021262e-002	2.818382931264454e-002
7941	2.568439484734086e-002	2.570395782768863e-002
8005	2.475046725185515e-002	2.511886431509579e-002
8228	2.313827430000959e-002	2.344228815319923e-002
8285	2.282313819988868e-002	2.290867652767774e-002
8593	2.229686879437665e-002	2.238721138568340e-002
9138	2.184319723575545e-002	2.187761623949553e-002
9342	2.132675606863665e-002	2.137962089502233e-002
9478	2.060694073029512e-002	2.089296130854040e-002
9555	2.038912604110743e-002	2.041737944669530e-002
10055	1.960238019332905e-002	1.995262314968880e-002
10491	1.903821890096991e-002	1.905460717963247e-002
11493	1.810690448008723e-002	1.819700858609984e-002
12694	1.772867743003825e-002	1.778279410038923e-002
13479	1.724917659046621e-002	1.737800828749376e-002
14052	1.693099619497418e-002	1.698243652461744e-002
14677	1.606684779391565e-002	1.621810097358930e-002
16755	1.584721027922031e-002	1.584893192461113e-002
17141	1.538296137147177e-002	1.548816618912481e-002
17478	1.510463101352755e-002	1.513561248436208e-002
18682	1.476479707477274e-002	1.479108388168207e-002
20674	1.445001208922958e-002	1.445439770745927e-002
22308	1.406470953633321e-002	1.412537544622754e-002
22564	1.376620697814912e-002	1.380384264602885e-002
23432	1.348749944154859e-002	1.348962882591653e-002
25993	1.317170900801890e-002	1.318256738556408e-002
26844	1.284695416338899e-002	1.288249551693134e-002
29212	1.211509887025863e-002	1.230268770812382e-002
29400	1.193497150040157e-002	1.202264434617413e-002
30786	1.172224703129221e-002	1.174897554939530e-002
31473	1.138458757754735e-002	1.148153621496883e-002
32355	1.105542213556621e-002	1.122018454301964e-002
32877	1.095596175255020e-002	1.096478196143185e-002
35019	1.069715294753870e-002	1.071519305237607e-002
35472	1.032453184173610e-002	1.047128548050900e-002
36553	1.022414020436935e-002	1.023292992280754e-002
39949	9.911685821660021e-003	1.000000000000000e-002
42078	9.766322215976730e-003	9.772372209558112e-003
43961	9.424595647745671e-003	9.549925860214359e-003
45463	9.320430856306072e-003	9.332543007969915e-003
48742	8.772627005884881e-003	8.912509381337459e-003
49174	8.709092449592282e-003	8.709635899560805e-003
52391	8.416042120089506e-003	8.511380382023768e-003
53943	8.297017760892977e-003	8.317637711026709e-003
55793	7.853275832380935e-003	7.943282347242814e-003
56086	7.760216856243618e-003	7.762471166286920e-003
58790	7.554515343310309e-003	7.585775750291836e-003
59942	7.330692364157510e-003	7.413102413009177e-003
60297	7.199910032406165e-003	7.244359600749898e-003
60634	7.027642783202337e-003	7.079457843841380e-003
64186	6.917267845112263e-003	6.918309709189363e-003
65673	6.706564181033659e-003	6.760829753919818e-003
66376	6.593588595138589e-003	6.606934480075957e-003
68181	6.456509668834709e-003	6.456542290346556e-003
71882	6.263470843575481e-003	6.309573444801930e-003
72880	6.115483017643197e-003	6.165950018614822e-003
74296	5.996360972587933e-003	6.025595860743574e-003
79851	5.870968426688772e-003	5.888436553555890e-003
84092	5.737483601177207e-003	5.754399373371567e-003
86720	5.619771182020394e-003	5.623413251903491e-003
88305	5.486459226617613e-003	5.495408738576248e-003
90968	5.370294042602919e-003	5.370317963702527e-003
93309	5.246274728896716e-003	5.248074602497728e-003
96758	5.091512811523424e-003	5.128613839913648e-003
101196	4.995759767573937e-003	5.011872336272725e-003
106531	4.891376125485181e-003	4.897788193684461e-003
112785	4.459066432678460e-003	4.466835921509631e-003
116947	4.361034275506381e-003	4.365158322401661e-003
121881	4.254484611562193e-003	4.265795188015926e-003
128214	4.164794938707694e-003	4.168693834703355e-003
131029	4.073043824139533e-003	4.073802778041126e-003
141696	3.974405453068486e-003	3.981071705534973e-003
145155	3.888599692146832e-003	3.890451449942805e-003
155438	3.798709958340307e-003	3.801893963205613e-003
173770	3.707200600240102e-003	3.715352290971724e-003
190560	3.628824169222833e-003	3.630780547701014e-003
196889	3.543277535878242e-003	3.548133892335753e-003
201453	3.285624194515502e-003	3.311311214825911e-003
225786	3.234888563101834e-003	3.235936569296281e-003
250081	3.160373537718253e-003	3.162277660168379e-003
267274	3.078150082020392e-003	3.090295432513592e-003
287216	3.011220892353839e-003	3.019951720402016e-003
298636	2.938015514986958e-003	2.951209226666387e-003
312946	2.883886607092823e-003	2.884031503126606e-003
324769	2.818343558279035e-003	2.818382931264455e-003
332770	2.753679989947577e-003	2.754228703338166e-003
367260	2.687975031433587e-003	2.691534803926917e-003
398735	2.550083330174480e-003	2.570395782768865e-003
429451	2.466027045924801e-003	2.511886431509579e-003
432144	2.425682016115149e-003	2.454708915685031e-003
452842	2.396235941689251e-003	2.398832919019490e-003
468473	2.332062618383923e-003	2.344228815319923e-003
480880	2.289951300082804e-003	2.290867652767772e-003
500001	2.248711005864545e-003	2.290867652767772e-003
%
% index = 1616, name = bbob_f017_i15_d05__bbob_f021_i16_d05
% instance = 7, reference value = 9.444314717663940e-001
% function evaluation | indicator value | target hit
1	6.851923057253828e+010	6.918309709189363e+010
2	1.177166888014306e+004	1.202264434617413e+004
5	6.475401737612059e+003	6.606934480075958e+003
6	1.410622344941205e+003	1.412537544622754e+003
10	7.068294146290815e+002	7.079457843841381e+002
41	5.380904757907490e+002	5.495408738576248e+002
354	4.627685064046887e+002	4.677351412871981e+002
475	3.554121205329928e+002	3.630780547701014e+002
515	3.530850783513719e+002	3.548133892335753e+002
539	1.189340059928067e+002	1.202264434617413e+002
728	9.421262718921634e+001	9.549925860214358e+001
741	3.074477529814851e+001	3.090295432513591e+001
790	1.459071381035330e+001	1.479108388168207e+001
827	7.676046357550752e+000	7.762471166286917e+000
1131	4.051915749172648e+000	4.073802778041127e+000
1215	2.854865018587894e+000	2.884031503126606e+000
1223	1.495197292795894e+000	1.513561248436208e+000
1242	1.443406837843722e+000	1.445439770745927e+000
1348	1.390034694246036e+000	1.412537544622754e+000
1450	1.129537729352894e+000	1.148153621496883e+000
1700	1.054328237393894e+000	1.071519305237606e+000
1710	8.380362236285680e-001	8.511380382023764e-001
1745	8.308813324607562e-001	8.317637711026710e-001
1822	7.863419108220182e-001	7.943282347242815e-001
1887	7.757066816638999e-001	7.762471166286917e-001
1942	7.554294594737483e-001	7.585775750291838e-001
1996	7.332443167009844e-001	7.413102413009175e-001
2016	6.717429363477940e-001	6.760829753919818e-001
2022	6.575029438214834e-001	6.606934480075960e-001
2024	4.935514568862407e-001	5.011872336272722e-001
2294	4.026409582740196e-001	4.073802778041127e-001
2394	3.880303876897390e-001	3.890451449942806e-001
2452	3.687205778025877e-001	3.715352290971726e-001
2670	3.482778960054382e-001	3.548133892335755e-001
2681	3.343429220981258e-001	3.388441561392026e-001
2790	3.148065618620340e-001	3.162277660168379e-001
2897	3.070823284830583e-001	3.090295432513591e-001
2905	2.712181673635510e-001	2.754228703338166e-001
2973	2.572069676136973e-001	2.630267991895382e-001
3123	2.535652552432871e-001	2.570395782768864e-001
3175	2.467892872073297e-001	2.511886431509580e-001
3473	2.452512792261365e-001	2.454708915685031e-001
3597	2.306327898989229e-001	2.344228815319922e-001
3605	2.277890842913560e-001	2.290867652767773e-001
3675	2.231881652565093e-001	2.238721138568340e-001
3859	2.164955079402195e-001	2.187761623949552e-001
3877	2.121474183506877e-001	2.137962089502232e-001
3898	1.928828438874671e-001	1.949844599758046e-001
3907	1.882772015707219e-001	1.905460717963247e-001
3930	1.856336178263277e-001	1.862087136662868e-001
3935	1.642556804763762e-001	1.659586907437561e-001
3940	1.610706064159230e-001	1.621810097358930e-001
4026	1.374980577453330e-001	1.380384264602885e-001
4136	1.283720116877150e-001	1.288249551693134e-001
4165	1.152489054627320e-001	1.174897554939529e-001
4410	1.139471358966590e-001	1.148153621496883e-001
4610	1.107176238970117e-001	1.122018454301964e-001
4792	1.058671755135356e-001	1.071519305237607e-001
4840	1.027694575185654e-001	1.047128548050900e-001
4917	9.954757076055565e-002	1.000000000000000e-001
4920	9.628800670811410e-002	9.772372209558107e-002
4958	8.436639208434016e-002	8.511380382023763e-002
5338	8.297972822793698e-002	8.317637711026708e-002
5451	7.746017107014669e-002	7.762471166286916e-002
5937	6.909771377349638e-002	6.918309709189366e-002
6115	6.752845605057101e-002	6.760829753919818e-002
6367	6.460776047997219e-002	6.606934480075961e-002
6636	6.344665308979391e-002	6.456542290346556e-002
6798	6.220786914513488e-002	6.309573444801933e-002
6886	6.133313385723560e-002	6.165950018614822e-002
7188	5.976156351884043e-002	6.025595860743578e-002
7411	5.884692236780975e-002	5.888436553555890e-002
7717	5.740997262549952e-002	5.754399373371569e-002
8082	5.608466313073834e-002	5.623413251903491e-002
8105	5.331736804838871e-002	5.370317963702527e-002
8167	5.244882719906430e-002	5.248074602497726e-002
8772	5.018114708921617e-002	5.128613839913648e-002
8782	4.966928136608073e-002	5.011872336272722e-002
8974	4.853516016585879e-002	4.897788193684461e-002
9050	4.778348277859834e-002	4.786300923226383e-002
9176	4.661288692355758e-002	4.677351412871982e-002
9251	4.566322549945712e-002	4.570881896148749e-002
9771	4.266233904377137e-002	4.365158322401658e-002
9882	4.263116566938352e-002	4.265795188015926e-002
10375	4.146843473740247e-002	4.168693834703355e-002
10385	4.045523583885813e-002	4.073802778041128e-002
10800	3.973834362946549e-002	3.981071705534973e-002
11451	3.847549354840441e-002	3.890451449942807e-002
11485	3.758813372941727e-002	3.801893963205612e-002
11702	3.706889938191160e-002	3.715352290971726e-002
12038	3.626884688578114e-002	3.630780547701014e-002
13106	3.541929715863790e-002	3.548133892335755e-002
13411	3.433765213710938e-002	3.467368504525317e-002
13537	3.352281379429800e-002	3.388441561392026e-002
13607	3.308220297334252e-002	3.311311214825911e-002
13711	3.230055704836166e-002	3.235936569296283e-002
14544	3.106148079638904e-002	3.162277660168379e-002
14633	3.086271541596475e-002	3.090295432513590e-002
14939	2.951604680222353e-002	3.019951720402016e-002
14954	2.934369588585251e-002	2.951209226666385e-002
15108	2.880541452643837e-002	2.884031503126606e-002
15659	2.817911247948823e-002	2.818382931264454e-002
15966	2.727700300066005e-002	2.754228703338166e-002
16269	2.690505016096756e-002	2.691534803926915e-002
16529	2.493272954036840e-002	2.511886431509579e-002
16649	2.448863073198659e-002	2.454708915685030e-002
16893	2.381934741704939e-002	2.398832919019490e-002
16912	2.298511686100524e-002	2.344228815319923e-002
16929	2.279194003777552e-002	2.290867652767774e-002
17468	2.238651754322962e-002	2.238721138568340e-002
18523	2.181481294141008e-002	2.187761623949553e-002
18669	2.045868993352729e-002	2.089296130854040e-002
19043	2.039723310602792e-002	2.041737944669530e-002
19419	1.987523981313344e-002	1.995262314968880e-002
20249	1.945825684506686e-002	1.949844599758046e-002
20549	1.900838884249012e-002	1.905460717963247e-002
22922	1.835872674708616e-002	1.862087136662868e-002
23354	1.806574291516749e-002	1.819700858609984e-002
24252	1.738940788606458e-002	1.778279410038923e-002
24256	1.736549394772813e-002	1.737800828749376e-002
25410	1.697336106069702e-002	1.698243652461744e-002
26149	1.659494925913851e-002	1.659586907437561e-002
26202	1.617185457452131e-002	1.621810097358930e-002
26654	1.583050672229447e-002	1.584893192461113e-002
27731	1.542592845897772e-002	1.548816618912481e-002
31328	1.509730048963198e-002	1.513561248436208e-002
32642	1.467926718988433e-002	1.479108388168207e-002
34367	1.439451996735586e-002	1.445439770745927e-002
36020	1.411227158044437e-002	1.412537544622754e-002
37186	1.376282255993799e-002	1.380384264602885e-002
39807	1.338532808879733e-002	1.348962882591653e-002
41105	1.316905848599781e-002	1.318256738556408e-002
43243	1.287618512827948e-002	1.288249551693134e-002
43687	1.255970105822479e-002	1.258925411794168e-002
46387	1.227848390702768e-002	1.230268770812382e-002
50804	1.198542646919421e-002	1.202264434617413e-002
52886	1.169703221617024e-002	1.174897554939530e-002
53541	1.143870080904330e-002	1.148153621496883e-002
55250	1.107170978892746e-002	1.122018454301964e-002
57319	1.088941069454541e-002	1.096478196143185e-002
57662	1.071455228717244e-002	1.071519305237607e-002
59286	1.039810688721188e-002	1.047128548050900e-002
62779	1.022193023125162e-002	1.023292992280754e-002
68603	9.895748104932434e-003	1.000000000000000e-002
72561	9.769847125041142e-003	9.772372209558112e-003
78672	9.544439905836533e-003	9.549925860214359e-003
81489	9.329473483206230e-003	9.332543007969915e-003
85310	9.117956550572348e-003	9.120108393559097e-003
87078	8.903319042803948e-003	8.912509381337459e-003
90071	8.688581363370473e-003	8.709635899560805e-003
93958	8.480083434410091e-003	8.511380382023768e-003
95466	8.294755209804272e-003	8.317637711026709e-003
104686	8.118172429865456e-003	8.128305161640995e-003
104897	7.883718839685305e-003	7.943282347242814e-003
106865	7.742815402948855e-003	7.762471166286920e-003
111249	7.583830090387211e-003	7.585775750291836e-003
115718	7.412007830952860e-003	7.413102413009177e-003
123804	7.226736878399032e-003	7.244359600749898e-003
126141	7.077422976788039e-003	7.079457843841380e-003
129191	6.896457554344426e-003	6.918309709189363e-003
132404	6.738242313519161e-003	6.760829753919818e-003
134746	6.605336562650943e-003	6.606934480075957e-003
137712	6.414364533694705e-003	6.456542290346556e-003
138926	6.306774023756123e-003	6.309573444801930e-003
154012	6.161527302544712e-003	6.165950018614822e-003
159754	6.025136549836496e-003	6.025595860743574e-003
162787	5.886379237081574e-003	5.888436553555890e-003
177700	5.751891650530361e-003	5.754399373371567e-003
198412	5.622704424471325e-003	5.623413251903491e-003
221660	5.461715549046398e-003	5.495408738576248e-003
246376	5.309550815886910e-003	5.370317963702527e-003
253298	5.247829668927895e-003	5.248074602497728e-003
274819	5.127976848128713e-003	5.128613839913648e-003
294393	5.011750433827289e-003	5.011872336272725e-003
298488	4.891885853175237e-003	4.897788193684461e-003
308819	4.784516762438296e-003	4.786300923226385e-003
314951	4.676318040215288e-003	4.677351412871981e-003
327121	4.570580368618682e-003	4.570881896148752e-003
354221	4.466607138221224e-003	4.466835921509631e-003
382249	4.358908768155145e-003	4.365158322401661e-003
401905	4.234240344652918e-003	4.265795188015926e-003
415752	4.125591534706263e-003	4.168693834703355e-003
437737	4.026103886058507e-003	4.073802778041126e-003
447233	3.978115385429026e-003	3.981071705534973e-003
476824	3.881384240742691e-003	3.890451449942805e-003
477554	3.717327186577024e-003	3.801893963205613e-003
479203	3.715200013348463e-003	3.715352290971724e-003
480939	3.628778900461760e-003	3.630780547701014e-003
485035	3.536248366824646e-003	3.548133892335753e-003
500001	3.486170705096936e-003	3.548133892335753e-003
%
% index = 1617, name = bbob_f017_i17_d05__bbob_f021_i18_d05
% instance = 8, reference value = 9.747964959330450e-001
% function evaluation | indicator value | target hit
1	3.489338634832669e+009	3.548133892335760e+009
2	4.327775310356371e+004	4.365158322401656e+004
7	2.820779520380894e+003	2.884031503126606e+003
10	5.356028338550427e+002	5.370317963702527e+002
37	4.855475762652672e+002	4.897788193684461e+002
41	2.649974631946857e+002	2.691534803926917e+002
470	1.389733447803301e+002	1.412537544622754e+002
538	5.630114894888693e+001	5.754399373371570e+001
636	3.023974823166842e+001	3.090295432513591e+001
641	1.768542781069034e+001	1.778279410038923e+001
671	7.975237163981225e+000	8.128305161640993e+000
802	2.179531782526686e+000	2.187761623949553e+000
1010	1.316307008482045e+000	1.318256738556407e+000
1050	1.197813232764045e+000	1.202264434617413e+000
1130	9.599548828604423e-001	9.772372209558107e-001
1176	8.269611628955484e-001	8.317637711026710e-001
1366	6.401330823383860e-001	6.456542290346555e-001
1425	6.017987600547849e-001	6.025595860743578e-001
1607	5.879893863086946e-001	5.888436553555889e-001
1628	5.358909553074869e-001	5.370317963702527e-001
1698	4.182338098136783e-001	4.265795188015927e-001
1712	4.069678351110633e-001	4.073802778041127e-001
1729	3.942425082220180e-001	3.981071705534973e-001
1748	3.868774113317927e-001	3.890451449942806e-001
1843	2.946339282434232e-001	2.951209226666385e-001
1861	2.643242267615574e-001	2.691534803926916e-001
1901	2.519662655009892e-001	2.570395782768864e-001
2040	2.443036475540977e-001	2.454708915685031e-001
2102	2.262039559957754e-001	2.290867652767773e-001
2163	2.133640328272353e-001	2.137962089502232e-001
2177	1.959380790309173e-001	1.995262314968880e-001
2185	1.942879201381670e-001	1.949844599758046e-001
2235	1.844706329215512e-001	1.862087136662868e-001
2375	1.768561117564923e-001	1.778279410038923e-001
2382	1.678284890955907e-001	1.698243652461744e-001
2588	1.604793143589808e-001	1.621810097358930e-001
2723	1.580093389192627e-001	1.584893192461113e-001
2808	1.533043494178670e-001	1.548816618912481e-001
2855	1.502060167697491e-001	1.513561248436208e-001
2907	1.443801471632884e-001	1.445439770745928e-001
3012	1.407792449343724e-001	1.412537544622755e-001
3035	1.357207960295165e-001	1.380384264602885e-001
3064	1.197279857206518e-001	1.202264434617413e-001
3123	1.159551294785682e-001	1.174897554939529e-001
3140	1.141616669382758e-001	1.148153621496883e-001
3163	1.118282209056507e-001	1.122018454301964e-001
3167	1.052947842540745e-001	1.071519305237607e-001
3220	1.044850303325245e-001	1.047128548050900e-001
3229	9.860586441036956e-002	1.000000000000000e-001
3263	9.709733739088411e-002	9.772372209558107e-002
3268	9.192860414821202e-002	9.332543007969910e-002
3338	9.085926781920972e-002	9.120108393559097e-002
3382	8.640365514182224e-002	8.709635899560805e-002
3820	8.443565453328639e-002	8.511380382023763e-002
3860	8.126407288123616e-002	8.128305161640990e-002
4152	7.823594813220169e-002	7.943282347242814e-002
4331	7.105854818324331e-002	7.244359600749903e-002
4481	7.058099405368012e-002	7.079457843841380e-002
4573	6.646769149869169e-002	6.760829753919818e-002
4918	6.499970463211713e-002	6.606934480075961e-002
5202	6.314073568426715e-002	6.456542290346556e-002
5284	6.234496722094118e-002	6.309573444801933e-002
5340	5.652368664645591e-002	5.754399373371569e-002
5467	5.259341315513555e-002	5.370317963702527e-002
5813	5.124433947391438e-002	5.128613839913648e-002
5873	4.924629540566916e-002	5.011872336272722e-002
5931	4.897005660075693e-002	4.897788193684461e-002
6207	4.672708144889493e-002	4.677351412871982e-002
6644	4.497257314031955e-002	4.570881896148749e-002
6664	3.888512555441070e-002	3.890451449942807e-002
6882	3.672796687750191e-002	3.715352290971726e-002
6890	3.620635628860802e-002	3.630780547701014e-002
6941	3.538261119152752e-002	3.548133892335755e-002
7223	3.235182173789786e-002	3.235936569296283e-002
7524	3.117170469632447e-002	3.162277660168379e-002
7526	2.954600880327252e-002	3.019951720402016e-002
7635	2.948585465314813e-002	2.951209226666385e-002
8416	2.847319405325521e-002	2.884031503126606e-002
8710	2.749284725781076e-002	2.754228703338166e-002
9405	2.678990320071861e-002	2.691534803926915e-002
9834	2.624495999603693e-002	2.630267991895382e-002
10580	2.484544770766828e-002	2.511886431509579e-002
11405	2.446213268060826e-002	2.454708915685030e-002
11532	2.398646245675773e-002	2.398832919019490e-002
11705	2.338903129725667e-002	2.344228815319923e-002
12123	2.285570934556369e-002	2.290867652767774e-002
12968	2.234683453981856e-002	2.238721138568340e-002
13739	2.181567773141357e-002	2.187761623949553e-002
14544	2.135404902398086e-002	2.137962089502233e-002
15452	2.079699217967812e-002	2.089296130854040e-002
15580	1.916016620413663e-002	1.949844599758046e-002
15859	1.902844775446577e-002	1.905460717963247e-002
17279	1.837492964906362e-002	1.862087136662868e-002
17555	1.803437307741096e-002	1.819700858609984e-002
18338	1.756710019617014e-002	1.778279410038923e-002
19081	1.723430782656332e-002	1.737800828749376e-002
20012	1.688038862743158e-002	1.698243652461744e-002
20325	1.637581371560393e-002	1.659586907437561e-002
22103	1.615779455857480e-002	1.621810097358930e-002
22572	1.578048824712919e-002	1.584893192461113e-002
23209	1.470545100275023e-002	1.479108388168207e-002
25134	1.444705657009049e-002	1.445439770745927e-002
27852	1.395382198864348e-002	1.412537544622754e-002
31518	1.374496351051668e-002	1.380384264602885e-002
32022	1.348594952288418e-002	1.348962882591653e-002
35768	1.312298666418066e-002	1.318256738556408e-002
37254	1.285318126149448e-002	1.288249551693134e-002
39585	1.258812253989805e-002	1.258925411794168e-002
40704	1.230245021694276e-002	1.230268770812382e-002
42535	1.198425066911513e-002	1.202264434617413e-002
48234	1.173065504219140e-002	1.174897554939530e-002
50013	1.143984593006220e-002	1.148153621496883e-002
50455	1.122003781932113e-002	1.122018454301964e-002
55838	1.092277614158654e-002	1.096478196143185e-002
59747	1.034397332427783e-002	1.047128548050900e-002
63912	1.009961317636954e-002	1.023292992280754e-002
67416	9.905107007669889e-003	1.000000000000000e-002
68545	9.683467453454830e-003	9.772372209558112e-003
70968	9.215904247836804e-003	9.332543007969915e-003
73642	9.068240440662456e-003	9.120108393559097e-003
77388	8.732684003562974e-003	8.912509381337459e-003
78455	8.678834096022325e-003	8.709635899560805e-003
81712	8.475366907664594e-003	8.511380382023768e-003
85609	8.313746960987523e-003	8.317637711026709e-003
92621	8.109533493063426e-003	8.128305161640995e-003
95994	7.773141832446151e-003	7.943282347242814e-003
96630	7.760629920622653e-003	7.762471166286920e-003
105777	7.585282424199646e-003	7.585775750291836e-003
110102	7.409923420421460e-003	7.413102413009177e-003
121402	7.243681570708871e-003	7.244359600749898e-003
131001	7.056249802990355e-003	7.079457843841380e-003
141962	6.892277837256877e-003	6.918309709189363e-003
146673	6.704561013090249e-003	6.760829753919818e-003
154655	6.590814460744610e-003	6.606934480075957e-003
161715	6.435161794469124e-003	6.456542290346556e-003
176583	6.301319568859043e-003	6.309573444801930e-003
191810	6.150776590296836e-003	6.165950018614822e-003
196414	6.007947362836164e-003	6.025595860743574e-003
202818	5.870510417474439e-003	5.888436553555890e-003
216239	5.740718637696207e-003	5.754399373371567e-003
220926	5.576651710609171e-003	5.623413251903491e-003
235965	5.491822357856724e-003	5.495408738576248e-003
246276	5.365219449572911e-003	5.370317963702527e-003
270230	5.221231556927108e-003	5.248074602497728e-003
288198	5.124264866141592e-003	5.128613839913648e-003
302133	5.010205387745881e-003	5.011872336272725e-003
333755	4.806689962251753e-003	4.897788193684461e-003
334754	4.785840097103145e-003	4.786300923226385e-003
376620	4.637355076759553e-003	4.677351412871981e-003
401301	4.527908047943785e-003	4.570881896148752e-003
402972	4.462032269388017e-003	4.466835921509631e-003
436771	4.333458351600816e-003	4.365158322401661e-003
441651	4.201721911537115e-003	4.265795188015926e-003
460119	4.167675240175028e-003	4.168693834703355e-003
496995	4.071611654897445e-003	4.073802778041126e-003
500001	4.062193155166316e-003	4.073802778041126e-003
%
% index = 1618, name = bbob_f017_i19_d05__bbob_f021_i21_d05
% instance = 9, reference value = 9.734543459706330e-001
% function evaluation | indicator value | target hit
1	1.287532170091553e+004	1.288249551693135e+004
2	4.568000589659173e+003	4.570881896148752e+003
4	2.710863921441605e+003	2.754228703338166e+003
7	2.252038957208513e+003	2.290867652767772e+003
9	1.778621831655481e+003	1.819700858609983e+003
10	2.142922992712810e+002	2.187761623949552e+002
253	5.468459978062634e+001	5.495408738576246e+001
703	4.127811867156329e+001	4.168693834703355e+001
744	2.616341804077937e+001	2.630267991895381e+001
800	1.946688307606667e+001	1.949844599758045e+001
812	4.334510579644876e+000	4.365158322401660e+000
893	9.343290910026337e-001	9.549925860214360e-001
936	8.890272466727410e-001	8.912509381337456e-001
1007	7.703340234558789e-001	7.762471166286917e-001
1096	7.533319880371351e-001	7.585775750291838e-001
1107	6.842903751965688e-001	6.918309709189364e-001
1345	6.756232773100299e-001	6.760829753919818e-001
1369	6.403958137638054e-001	6.456542290346555e-001
1430	6.306478641132708e-001	6.309573444801933e-001
1455	5.386500159889913e-001	5.495408738576245e-001
1505	5.105436795968271e-001	5.128613839913648e-001
1557	3.835268646888231e-001	3.890451449942806e-001
1559	3.769270829243454e-001	3.801893963205612e-001
1625	3.680282683235828e-001	3.715352290971726e-001
1674	3.594203279424502e-001	3.630780547701014e-001
1683	3.465561773216813e-001	3.467368504525316e-001
1843	3.353933800488732e-001	3.388441561392026e-001
1918	3.221787388677900e-001	3.235936569296283e-001
1945	3.155013959735005e-001	3.162277660168379e-001
1998	3.006407356212281e-001	3.019951720402016e-001
2045	2.783606118647465e-001	2.818382931264454e-001
2076	2.746621966803369e-001	2.754228703338166e-001
2136	2.641617219716711e-001	2.691534803926916e-001
2177	2.617397556794215e-001	2.630267991895382e-001
2243	2.456866508258354e-001	2.511886431509580e-001
2270	1.884029848469188e-001	1.905460717963247e-001
2322	1.817603718319861e-001	1.819700858609984e-001
2601	1.771839080066547e-001	1.778279410038923e-001
2669	1.654282728098919e-001	1.659586907437561e-001
2673	1.583702331265993e-001	1.584893192461113e-001
2716	1.546698037829964e-001	1.548816618912481e-001
2772	1.509766254402121e-001	1.513561248436208e-001
2832	1.469364277648448e-001	1.479108388168208e-001
2841	1.425717212529413e-001	1.445439770745928e-001
2869	1.157265238258655e-001	1.174897554939529e-001
2893	1.147827754592957e-001	1.148153621496883e-001
2933	1.118069421792570e-001	1.122018454301964e-001
2980	1.076261405048848e-001	1.096478196143185e-001
3017	1.044919834296394e-001	1.047128548050900e-001
3067	1.010031285858121e-001	1.023292992280754e-001
3144	9.995997020637526e-002	1.000000000000000e-001
3164	9.768354021072656e-002	9.772372209558107e-002
3183	8.451528940750175e-002	8.511380382023763e-002
3230	7.630529838004507e-002	7.762471166286916e-002
3240	7.543550958016032e-002	7.585775750291836e-002
3342	7.251178115615253e-002	7.413102413009177e-002
3424	6.890876890663755e-002	6.918309709189366e-002
3525	6.758997058991778e-002	6.760829753919818e-002
3565	6.597533782175258e-002	6.606934480075961e-002
3609	6.447599056695752e-002	6.456542290346556e-002
3631	6.107038459598735e-002	6.165950018614822e-002
3664	5.958091085987438e-002	6.025595860743578e-002
3679	5.848996292414044e-002	5.888436553555890e-002
3734	5.696962062779898e-002	5.754399373371569e-002
3831	5.541888761630243e-002	5.623413251903491e-002
3836	5.482348784170377e-002	5.495408738576246e-002
3893	5.342796724494303e-002	5.370317963702527e-002
3930	4.365921566505882e-002	4.466835921509630e-002
3971	3.771168233222544e-002	3.801893963205612e-002
4131	3.689078011010072e-002	3.715352290971726e-002
4400	3.443902171783908e-002	3.467368504525317e-002
4426	3.211294399894915e-002	3.235936569296283e-002
4648	3.084529394136182e-002	3.090295432513590e-002
4845	3.014458323706759e-002	3.019951720402016e-002
4963	2.935143911589100e-002	2.951209226666385e-002
5184	2.878966103124703e-002	2.884031503126606e-002
5964	2.777263152549336e-002	2.818382931264454e-002
6120	2.724454843366275e-002	2.754228703338166e-002
6171	2.569906870947669e-002	2.570395782768863e-002
6283	2.508254986152947e-002	2.511886431509579e-002
6285	2.454160235064773e-002	2.454708915685030e-002
6552	2.387582476811467e-002	2.398832919019490e-002
6698	2.320266802355164e-002	2.344228815319923e-002
6813	2.279984385636846e-002	2.290867652767774e-002
6896	2.221299423590206e-002	2.238721138568340e-002
7746	2.180795954899140e-002	2.187761623949553e-002
7919	2.102481038495074e-002	2.137962089502233e-002
7948	2.040338413381693e-002	2.041737944669530e-002
8156	1.990686204315750e-002	1.995262314968880e-002
8648	1.945749845202127e-002	1.949844599758046e-002
8863	1.886676310307189e-002	1.905460717963247e-002
9011	1.796075483650594e-002	1.819700858609984e-002
9145	1.761546149742144e-002	1.778279410038923e-002
9501	1.733605702002483e-002	1.737800828749376e-002
9692	1.691008890622203e-002	1.698243652461744e-002
9925	1.631737642173570e-002	1.659586907437561e-002
10017	1.603708039593876e-002	1.621810097358930e-002
10319	1.582874108419130e-002	1.584893192461113e-002
10501	1.510755250221285e-002	1.513561248436208e-002
10880	1.470501582052541e-002	1.479108388168207e-002
11483	1.444596109179874e-002	1.445439770745927e-002
12159	1.404982781197595e-002	1.412537544622754e-002
13107	1.370310306584643e-002	1.380384264602885e-002
13607	1.347420161112911e-002	1.348962882591653e-002
14185	1.299530634815038e-002	1.318256738556408e-002
14422	1.258414889671533e-002	1.258925411794168e-002
14780	1.199675166493519e-002	1.202264434617413e-002
15387	1.174575461403116e-002	1.174897554939530e-002
15861	1.145584107216224e-002	1.148153621496883e-002
16304	1.120469245540601e-002	1.122018454301964e-002
16961	1.091279832366621e-002	1.096478196143185e-002
17613	1.071055569173252e-002	1.071519305237607e-002
18751	1.021922595647773e-002	1.023292992280754e-002
20727	9.996034324654235e-003	1.000000000000000e-002
20877	9.725295946371948e-003	9.772372209558112e-003
20992	9.504233573642162e-003	9.549925860214359e-003
22137	9.314629076292436e-003	9.332543007969915e-003
26076	8.859479260200365e-003	8.912509381337459e-003
28608	8.709496027720420e-003	8.709635899560805e-003
30859	8.466688169310510e-003	8.511380382023768e-003
32769	8.303289574748463e-003	8.317637711026709e-003
34546	8.097566357168740e-003	8.128305161640995e-003
36278	7.921805601082910e-003	7.943282347242814e-003
37916	7.684764219535456e-003	7.762471166286920e-003
38859	7.567105612485525e-003	7.585775750291836e-003
42004	7.363250041089064e-003	7.413102413009177e-003
44896	7.136050366376989e-003	7.244359600749898e-003
48885	7.079292359885914e-003	7.079457843841380e-003
52137	6.840353126734367e-003	6.918309709189363e-003
60345	6.760083005105111e-003	6.760829753919818e-003
72314	6.602525961831307e-003	6.606934480075957e-003
107933	6.456314209377312e-003	6.456542290346556e-003
127842	6.307542253859100e-003	6.309573444801930e-003
147149	6.164153420072260e-003	6.165950018614822e-003
149290	6.024109979780645e-003	6.025595860743574e-003
156018	5.887239021989510e-003	5.888436553555890e-003
162216	5.747930767417642e-003	5.754399373371567e-003
168823	5.591759769332350e-003	5.623413251903491e-003
174699	5.469775481658723e-003	5.495408738576248e-003
177742	5.310017888814134e-003	5.370317963702527e-003
183865	5.236460321573100e-003	5.248074602497728e-003
190646	5.119040501851746e-003	5.128613839913648e-003
193794	4.991495118718325e-003	5.011872336272725e-003
194739	4.725666594182942e-003	4.786300923226385e-003
200772	4.674279352233079e-003	4.677351412871981e-003
211731	4.517799091772745e-003	4.570881896148752e-003
219473	4.466473992569164e-003	4.466835921509631e-003
224928	4.352844947281165e-003	4.365158322401661e-003
232161	4.192285306733545e-003	4.265795188015926e-003
236010	4.157454087573287e-003	4.168693834703355e-003
247811	4.009776323332326e-003	4.073802778041126e-003
252179	3.981071381889523e-003	3.981071705534973e-003
266175	3.847336877937257e-003	3.890451449942805e-003
276606	3.788731856189442e-003	3.801893963205613e-003
309986	3.715337074752800e-003	3.715352290971724e-003
347228	3.620617769170664e-003	3.630780547701014e-003
352843	3.451163496245524e-003	3.467368504525317e-003
372437	3.387749266020368e-003	3.388441561392024e-003
380709	3.288189214151083e-003	3.311311214825911e-003
381956	3.122414877354096e-003	3.162277660168379e-003
385750	2.980449549132458e-003	3.019951720402016e-003
388292	2.945312624310859e-003	2.951209226666387e-003
402224	2.884021336702958e-003	2.884031503126606e-003
413144	2.808638571954347e-003	2.818382931264455e-003
421007	2.740053070714010e-003	2.754228703338166e-003
439972	2.648235377140651e-003	2.691534803926917e-003
468288	2.630250223552566e-003	2.630267991895381e-003
500001	2.613372753536347e-003	2.630267991895381e-003
%
% index = 1619, name = bbob_f017_i21_d05__bbob_f021_i22_d05
% instance = 10, reference value = 9.683383752715590e-001
% function evaluation | indicator value | target hit
1	1.168719305295273e+011	1.174897554939530e+011
2	3.706944803930146e+006	3.715352290971728e+006
3	6.393937601789009e+003	6.456542290346556e+003
4	3.624642609341248e+003	3.630780547701014e+003
5	2.422099088219624e+003	2.454708915685031e+003
10	2.876520321725886e+002	2.884031503126606e+002
333	1.013901435096744e+002	1.023292992280754e+002
449	8.041029129409296e+001	8.128305161640991e+001
593	6.762202141238309e+001	6.918309709189366e+001
612	6.426149751353867e+001	6.456542290346556e+001
665	4.008813223332402e+001	4.073802778041128e+001
669	3.886975076583229e+001	3.890451449942807e+001
813	2.088625781411559e+000	2.089296130854040e+000
1031	1.920929079739317e+000	1.949844599758045e+000
1299	1.824857317161475e+000	1.862087136662868e+000
1389	1.800661101472559e+000	1.819700858609983e+000
1434	1.368779330090559e+000	1.380384264602885e+000
1499	9.631112871942443e-001	9.772372209558107e-001
1587	9.155131479657577e-001	9.332543007969910e-001
1621	8.228642348900384e-001	8.317637711026710e-001
1697	7.437483906234014e-001	7.585775750291838e-001
1812	7.405835596563842e-001	7.413102413009175e-001
1813	6.582554050150972e-001	6.606934480075960e-001
1921	5.834715760839386e-001	5.888436553555889e-001
2165	5.150169502112895e-001	5.248074602497725e-001
2276	5.116851397360988e-001	5.128613839913648e-001
2314	4.967873223218459e-001	5.011872336272722e-001
2366	4.260971013150374e-001	4.265795188015927e-001
2532	4.028491747611657e-001	4.073802778041127e-001
2610	3.671306984762832e-001	3.715352290971726e-001
2626	3.622614392418087e-001	3.630780547701014e-001
2638	3.458991035723638e-001	3.467368504525316e-001
2753	3.384207121766852e-001	3.388441561392026e-001
2774	3.219442200732505e-001	3.235936569296283e-001
2862	3.153263445879776e-001	3.162277660168379e-001
3078	3.036509773824070e-001	3.090295432513591e-001
3099	2.981470349551211e-001	3.019951720402016e-001
3162	2.926566172469192e-001	2.951209226666385e-001
3174	2.783646182938703e-001	2.818382931264454e-001
3179	2.443229552670420e-001	2.454708915685031e-001
3219	2.353191044426402e-001	2.398832919019490e-001
3308	2.128607307974132e-001	2.137962089502232e-001
3321	1.996264092722170e-001	2.041737944669530e-001
3331	1.969146507664558e-001	1.995262314968880e-001
3388	1.871086096960378e-001	1.905460717963247e-001
3505	1.431071832947004e-001	1.445439770745928e-001
3646	1.344855164926111e-001	1.348962882591654e-001
3647	1.306753733073393e-001	1.318256738556407e-001
3724	1.251045401130103e-001	1.258925411794167e-001
3803	1.216978257109416e-001	1.230268770812382e-001
3896	1.183085871892623e-001	1.202264434617413e-001
3989	1.141137803754754e-001	1.148153621496883e-001
4111	1.098431851300484e-001	1.122018454301964e-001
4148	1.070607982421599e-001	1.071519305237607e-001
4255	9.767696544701521e-002	9.772372209558107e-002
4358	9.549464504940530e-002	9.549925860214359e-002
4554	9.083643550914977e-002	9.120108393559097e-002
4561	8.893463075653385e-002	8.912509381337455e-002
4579	8.262829508399672e-002	8.317637711026708e-002
4592	7.933199832446247e-002	7.943282347242814e-002
4666	7.429330070423090e-002	7.585775750291836e-002
4720	7.288087465590432e-002	7.413102413009177e-002
4758	6.916502592916130e-002	6.918309709189366e-002
4816	6.581024485235787e-002	6.606934480075961e-002
4870	5.724743100246521e-002	5.754399373371569e-002
4961	5.540105419662544e-002	5.623413251903491e-002
5137	5.148579788906460e-002	5.248074602497726e-002
5169	5.040114820702191e-002	5.128613839913648e-002
5194	4.978377295014536e-002	5.011872336272722e-002
5217	4.792691266269245e-002	4.897788193684461e-002
5237	4.648440517470676e-002	4.677351412871982e-002
5392	4.489093173786696e-002	4.570881896148749e-002
5438	4.391363795910530e-002	4.466835921509630e-002
5492	4.241653167232318e-002	4.265795188015926e-002
5585	3.936874882697605e-002	3.981071705534973e-002
5586	3.875027408541476e-002	3.890451449942807e-002
5706	3.801307692146960e-002	3.801893963205612e-002
5831	3.713134093997994e-002	3.715352290971726e-002
5874	3.626332736394167e-002	3.630780547701014e-002
6310	3.495383657772411e-002	3.548133892335755e-002
6413	3.466941681385527e-002	3.467368504525317e-002
6542	3.366540247080641e-002	3.388441561392026e-002
6683	3.194627395924266e-002	3.235936569296283e-002
6764	3.138842465551550e-002	3.162277660168379e-002
6765	2.930611467449940e-002	2.951209226666385e-002
7057	2.847279623527566e-002	2.884031503126606e-002
7121	2.806424404443275e-002	2.818382931264454e-002
7568	2.724822034503671e-002	2.754228703338166e-002
7589	2.691517263502019e-002	2.691534803926915e-002
7996	2.567091418275125e-002	2.570395782768863e-002
8068	2.510874413552966e-002	2.511886431509579e-002
8844	2.452010979503927e-002	2.454708915685030e-002
9182	2.389608670128340e-002	2.398832919019490e-002
9279	2.279813767174321e-002	2.290867652767774e-002
9613	2.212201007628534e-002	2.238721138568340e-002
9920	2.185325437004204e-002	2.187761623949553e-002
9992	2.132534680862297e-002	2.137962089502233e-002
10373	2.083503233233641e-002	2.089296130854040e-002
10615	2.003032093076984e-002	2.041737944669530e-002
10795	1.990053891860122e-002	1.995262314968880e-002
10830	1.936233389898046e-002	1.949844599758046e-002
11011	1.899353512130486e-002	1.905460717963247e-002
11224	1.820501188580259e-002	1.862087136662868e-002
11233	1.819584874717517e-002	1.819700858609984e-002
11742	1.683570458552264e-002	1.698243652461744e-002
12497	1.654421938719508e-002	1.659586907437561e-002
12755	1.617414195758793e-002	1.621810097358930e-002
13943	1.559297903687762e-002	1.584893192461113e-002
14086	1.541484318998432e-002	1.548816618912481e-002
14539	1.507591559938037e-002	1.513561248436208e-002
14742	1.445925601110776e-002	1.479108388168207e-002
14779	1.443331079633803e-002	1.445439770745927e-002
16334	1.412314666553172e-002	1.412537544622754e-002
17453	1.379752509987164e-002	1.380384264602885e-002
17511	1.314030659905474e-002	1.318256738556408e-002
18282	1.286660686715213e-002	1.288249551693134e-002
18932	1.252988019747692e-002	1.258925411794168e-002
19870	1.228395942193783e-002	1.230268770812382e-002
20754	1.201756652844077e-002	1.202264434617413e-002
21223	1.171962113042890e-002	1.174897554939530e-002
22624	1.146125658339203e-002	1.148153621496883e-002
23308	1.109056545138776e-002	1.122018454301964e-002
23969	1.094705869526191e-002	1.096478196143185e-002
24169	1.062746220587230e-002	1.071519305237607e-002
24418	1.018237515920928e-002	1.023292992280754e-002
25281	9.976921249543080e-003	1.000000000000000e-002
27710	9.772343959234764e-003	9.772372209558112e-003
29742	9.447454236771846e-003	9.549925860214359e-003
29961	9.329719516184443e-003	9.332543007969915e-003
30353	8.934407590283855e-003	9.120108393559097e-003
30420	8.799397408854826e-003	8.912509381337459e-003
33074	8.704399206289848e-003	8.709635899560805e-003
34326	8.511242065761926e-003	8.511380382023768e-003
36596	8.315308954008893e-003	8.317637711026709e-003
38564	8.121220489583525e-003	8.128305161640995e-003
39535	7.850760077978913e-003	7.943282347242814e-003
41384	7.693872871968210e-003	7.762471166286920e-003
42917	7.460384202307435e-003	7.585775750291836e-003
43172	7.399212102857433e-003	7.413102413009177e-003
44449	7.112465713947636e-003	7.244359600749898e-003
45486	7.076416161793331e-003	7.079457843841380e-003
50020	6.910082041573173e-003	6.918309709189363e-003
53555	6.757172950690671e-003	6.760829753919818e-003
57709	6.586634460717722e-003	6.606934480075957e-003
59416	6.451404036118880e-003	6.456542290346556e-003
62475	6.305021704554936e-003	6.309573444801930e-003
65937	6.147563426123215e-003	6.165950018614822e-003
73329	6.025019861462644e-003	6.025595860743574e-003
84747	5.708789011588666e-003	5.754399373371567e-003
90564	5.604523970292541e-003	5.623413251903491e-003
96695	5.491992140945756e-003	5.495408738576248e-003
110702	5.370198386649872e-003	5.370317963702527e-003
117639	5.233236420281950e-003	5.248074602497728e-003
124215	5.128346226645597e-003	5.128613839913648e-003
132220	5.010333155136659e-003	5.011872336272725e-003
134886	4.883323973716269e-003	4.897788193684461e-003
144668	4.639973197129943e-003	4.677351412871981e-003
150488	4.568917532458694e-003	4.570881896148752e-003
155276	4.370619776678852e-003	4.466835921509631e-003
156797	4.363014283964017e-003	4.365158322401661e-003
178844	4.265783573529802e-003	4.265795188015926e-003
188694	4.160480639173181e-003	4.168693834703355e-003
198189	4.069968909976351e-003	4.073802778041126e-003
214829	3.968509719540769e-003	3.981071705534973e-003
226557	3.884419079444368e-003	3.890451449942805e-003
252265	3.787150142052775e-003	3.801893963205613e-003
287787	3.714328445538428e-003	3.715352290971724e-003
341391	3.630142833872863e-003	3.630780547701014e-003
345529	3.546765545900388e-003	3.548133892335753e-003
371870	3.443512008464156e-003	3.467368504525317e-003
381571	3.388161438832582e-003	3.388441561392024e-003
412686	3.311230410584565e-003	3.311311214825911e-003
434184	3.225291164817845e-003	3.235936569296281e-003
468291	3.160653846006944e-003	3.162277660168379e-003
500001	3.125940624011614e-003	3.162277660168379e-003
