%
% index = 650, name = bbob_f002_i02_d03__bbob_f002_i04_d03
% instance = 1, reference value = 8.786212031949640e-001
% function evaluation | indicator value | target hit
1	8.019327266330372e+003	8.128305161640995e+003
2	7.511112298309517e+003	7.585775750291836e+003
3	6.304118933356206e+003	6.309573444801930e+003
4	3.400714283162238e+003	3.467368504525316e+003
5	1.058256485617977e+003	1.071519305237606e+003
6	4.591064734978165e+001	4.677351412871981e+001
7	1.170238243953714e+001	1.174897554939530e+001
25	7.758873671055699e+000	7.762471166286917e+000
113	2.430562230374964e+000	2.454708915685031e+000
210	1.501007843139964e+000	1.513561248436208e+000
316	4.360402983611521e-001	4.365158322401660e-001
465	4.051288859181279e-001	4.073802778041127e-001
523	2.524530545973712e-001	2.570395782768864e-001
539	1.578145317965685e-001	1.584893192461113e-001
588	1.464856404691215e-001	1.479108388168208e-001
623	1.245926199183396e-001	1.258925411794167e-001
683	1.189536122116545e-001	1.202264434617413e-001
684	1.054578749269396e-001	1.071519305237607e-001
688	9.932119461885536e-002	1.000000000000000e-001
710	9.468390357307532e-002	9.549925860214359e-002
717	8.629945062245814e-002	8.709635899560805e-002
721	8.120558418938229e-002	8.128305161640990e-002
724	7.413304929119424e-002	7.585775750291836e-002
745	7.210065301105939e-002	7.244359600749903e-002
762	7.026151185877505e-002	7.079457843841380e-002
772	6.843599023873093e-002	6.918309709189366e-002
779	5.949549465053228e-002	6.025595860743578e-002
787	5.709692530220989e-002	5.754399373371569e-002
793	5.500622741251182e-002	5.623413251903491e-002
796	5.122568216048073e-002	5.128613839913648e-002
827	4.992601093415272e-002	5.011872336272722e-002
834	4.699661362855323e-002	4.786300923226383e-002
842	4.625195222384848e-002	4.677351412871982e-002
862	4.511826024289145e-002	4.570881896148749e-002
871	4.045505299753160e-002	4.073802778041128e-002
875	3.882618162450613e-002	3.890451449942807e-002
888	3.633665907129957e-002	3.715352290971726e-002
893	3.618937285361967e-002	3.630780547701014e-002
904	3.532360222782571e-002	3.548133892335755e-002
941	3.450569434388373e-002	3.467368504525317e-002
945	2.903138655707160e-002	2.951209226666385e-002
947	2.807056464609514e-002	2.818382931264454e-002
948	2.751022059865416e-002	2.754228703338166e-002
952	2.490440120594850e-002	2.511886431509579e-002
970	2.352646173771389e-002	2.398832919019490e-002
976	2.295272667742754e-002	2.344228815319923e-002
979	2.285542500323989e-002	2.290867652767774e-002
983	2.149987421202049e-002	2.187761623949553e-002
986	2.122875732657903e-002	2.137962089502233e-002
990	2.072410649852685e-002	2.089296130854040e-002
997	2.021198644895050e-002	2.041737944669530e-002
1010	1.987369834466668e-002	1.995262314968880e-002
1012	1.937179648731535e-002	1.949844599758046e-002
1026	1.893490326010561e-002	1.905460717963247e-002
1027	1.824923258505717e-002	1.862087136662868e-002
1028	1.805901150137956e-002	1.819700858609984e-002
1031	1.728909308613025e-002	1.737800828749376e-002
1035	1.692039149597946e-002	1.698243652461744e-002
1051	1.656754324793064e-002	1.659586907437561e-002
1054	1.608896769821955e-002	1.621810097358930e-002
1055	1.554985854326252e-002	1.584893192461113e-002
1059	1.504218266606228e-002	1.513561248436208e-002
1064	1.441377353866580e-002	1.445439770745927e-002
1078	1.374044692800391e-002	1.380384264602885e-002
1086	1.347608294583935e-002	1.348962882591653e-002
1097	1.303755623576586e-002	1.318256738556408e-002
1098	1.280886732247599e-002	1.288249551693134e-002
1104	1.241310192685297e-002	1.258925411794168e-002
1111	1.227163506963880e-002	1.230268770812382e-002
1124	1.198180923360914e-002	1.202264434617413e-002
1131	1.160481018811910e-002	1.174897554939530e-002
1134	1.141307518894719e-002	1.148153621496883e-002
1145	1.120569775542368e-002	1.122018454301964e-002
1155	1.088831473866514e-002	1.096478196143185e-002
1165	1.069649702784703e-002	1.071519305237607e-002
1177	1.038523997729535e-002	1.047128548050900e-002
1183	1.010878508974256e-002	1.023292992280754e-002
1187	9.979641594812572e-003	1.000000000000000e-002
1203	9.771114976848350e-003	9.772372209558112e-003
1212	9.356285593495106e-003	9.549925860214359e-003
1214	9.015607157432437e-003	9.120108393559097e-003
1220	8.876335512963518e-003	8.912509381337459e-003
1238	8.696930443151452e-003	8.709635899560805e-003
1246	8.453691451662304e-003	8.511380382023768e-003
1259	8.300750533678514e-003	8.317637711026709e-003
1266	8.060508966108437e-003	8.128305161640995e-003
1277	7.924170018696608e-003	7.943282347242814e-003
1278	7.669308303478006e-003	7.762471166286920e-003
1290	7.559771742670307e-003	7.585775750291836e-003
1297	7.403927422013901e-003	7.413102413009177e-003
1309	7.238192931344645e-003	7.244359600749898e-003
1316	7.012595231387087e-003	7.079457843841380e-003
1317	6.905870235340061e-003	6.918309709189363e-003
1326	6.724204627570618e-003	6.760829753919818e-003
1333	6.571261191525846e-003	6.606934480075957e-003
1342	6.421615130499103e-003	6.456542290346556e-003
1346	6.278106785473803e-003	6.309573444801930e-003
1360	6.165655013679494e-003	6.165950018614822e-003
1376	6.005052112802223e-003	6.025595860743574e-003
1380	5.812660376572354e-003	5.888436553555890e-003
1386	5.714159808089980e-003	5.754399373371567e-003
1396	5.589988533057255e-003	5.623413251903491e-003
1403	5.464822691103488e-003	5.495408738576248e-003
1409	5.361136368842390e-003	5.370317963702527e-003
1430	5.203401891634707e-003	5.248074602497728e-003
1437	5.118270486745513e-003	5.128613839913648e-003
1447	4.979479165111989e-003	5.011872336272725e-003
1457	4.879656726983983e-003	4.897788193684461e-003
1468	4.767800966667180e-003	4.786300923226385e-003
1481	4.632923248271248e-003	4.677351412871981e-003
1490	4.557981021419688e-003	4.570881896148752e-003
1512	4.466618512902087e-003	4.466835921509631e-003
1521	4.364472884943460e-003	4.365158322401661e-003
1526	4.205927443783786e-003	4.265795188015926e-003
1527	4.122255598455249e-003	4.168693834703355e-003
1540	4.073373443252204e-003	4.073802778041126e-003
1564	3.976027876260280e-003	3.981071705534973e-003
1590	3.890346151681157e-003	3.890451449942805e-003
1617	3.774615670444348e-003	3.801893963205613e-003
1635	3.712675543299127e-003	3.715352290971724e-003
1666	3.608485746411261e-003	3.630780547701014e-003
1703	3.546462318033794e-003	3.548133892335753e-003
1747	3.465465608564533e-003	3.467368504525317e-003
1804	3.388153741424649e-003	3.388441561392024e-003
1851	3.310060698664685e-003	3.311311214825911e-003
1906	3.234145847504588e-003	3.235936569296281e-003
2000	3.160984545523160e-003	3.162277660168379e-003
2403	3.090266316560619e-003	3.090295432513592e-003
300001	3.063886087277479e-003	3.090295432513592e-003
%
% index = 651, name = bbob_f002_i03_d03__bbob_f002_i05_d03
% instance = 2, reference value = 8.333342345961600e-001
% function evaluation | indicator value | target hit
1	2.746420791917404e+005	2.754228703338169e+005
2	2.573810349458265e+005	2.630267991895382e+005
3	2.162935352988007e+005	2.187761623949552e+005
4	1.168556830417043e+005	1.174897554939530e+005
5	3.449155978613823e+004	3.467368504525317e+004
6	1.794822485472030e+003	1.819700858609983e+003
7	4.965706618455451e+002	5.011872336272725e+002
25	2.287773224974567e+002	2.290867652767772e+002
113	2.856018627766881e+001	2.884031503126606e+001
209	3.119377815007010e+000	3.162277660168379e+000
520	1.354495762038721e+000	1.380384264602885e+000
573	5.663540471078722e-001	5.754399373371569e-001
615	4.583362127676812e-001	4.677351412871982e-001
757	4.545423638977587e-001	4.570881896148750e-001
871	3.850095815281248e-001	3.890451449942806e-001
882	3.088051391961856e-001	3.090295432513591e-001
955	2.746130409245283e-001	2.754228703338166e-001
971	2.632582186210315e-001	2.691534803926916e-001
980	2.465279233767805e-001	2.511886431509580e-001
983	1.925646665600457e-001	1.949844599758046e-001
1003	1.768370984478853e-001	1.778279410038923e-001
1036	1.555476609990014e-001	1.584893192461113e-001
1059	1.512811549537894e-001	1.513561248436208e-001
1063	1.294585334575092e-001	1.318256738556407e-001
1064	1.252262653474631e-001	1.258925411794167e-001
1117	1.178387686986940e-001	1.202264434617413e-001
1118	1.106655396073853e-001	1.122018454301964e-001
1124	1.069464311228396e-001	1.071519305237607e-001
1138	9.310360320661681e-002	9.332543007969910e-002
1150	8.894104930033708e-002	8.912509381337455e-002
1160	8.135225086971143e-002	8.317637711026708e-002
1175	8.094606779906233e-002	8.128305161640990e-002
1190	6.985070713525488e-002	7.079457843841380e-002
1191	6.895164814371513e-002	6.918309709189366e-002
1205	6.745308479463030e-002	6.760829753919818e-002
1206	6.473734035209722e-002	6.606934480075961e-002
1208	6.430852346033211e-002	6.456542290346556e-002
1210	6.054208527184057e-002	6.165950018614822e-002
1253	5.869334526573100e-002	5.888436553555890e-002
1261	5.673612228382063e-002	5.754399373371569e-002
1270	5.352464062304130e-002	5.370317963702527e-002
1282	5.207238887910770e-002	5.248074602497726e-002
1286	5.114749457710632e-002	5.128613839913648e-002
1304	4.943219035307089e-002	5.011872336272722e-002
1306	4.827219253084047e-002	4.897788193684461e-002
1311	4.679141138523502e-002	4.786300923226383e-002
1315	4.674012866384658e-002	4.677351412871982e-002
1334	4.358524029000577e-002	4.365158322401658e-002
1337	4.246999885476355e-002	4.265795188015926e-002
1349	4.153488176677622e-002	4.168693834703355e-002
1379	3.654396711910590e-002	3.715352290971726e-002
1391	3.603516724419154e-002	3.630780547701014e-002
1399	3.409465055301908e-002	3.467368504525317e-002
1400	3.370967009027281e-002	3.388441561392026e-002
1413	3.308238360200766e-002	3.311311214825911e-002
1433	3.126735409853343e-002	3.162277660168379e-002
1445	3.080158739908745e-002	3.090295432513590e-002
1452	2.919009163227770e-002	2.951209226666385e-002
1457	2.836521669426839e-002	2.884031503126606e-002
1463	2.785102620268887e-002	2.818382931264454e-002
1473	2.745951674873759e-002	2.754228703338166e-002
1488	2.674915712522763e-002	2.691534803926915e-002
1493	2.607305357943213e-002	2.630267991895382e-002
1496	2.490668682505215e-002	2.511886431509579e-002
1502	2.364105733021871e-002	2.398832919019490e-002
1517	2.318554881781554e-002	2.344228815319923e-002
1519	2.283016660262238e-002	2.290867652767774e-002
1526	2.074272506582753e-002	2.089296130854040e-002
1531	1.907094703233325e-002	1.949844599758046e-002
1532	1.903037477307024e-002	1.905460717963247e-002
1554	1.827547139434482e-002	1.862087136662868e-002
1558	1.805425542302497e-002	1.819700858609984e-002
1561	1.711693515060997e-002	1.737800828749376e-002
1563	1.687225890014477e-002	1.698243652461744e-002
1574	1.659197811620727e-002	1.659586907437561e-002
1588	1.620122536931357e-002	1.621810097358930e-002
1592	1.562821745761800e-002	1.584893192461113e-002
1594	1.545685927369289e-002	1.548816618912481e-002
1607	1.503706458454490e-002	1.513561248436208e-002
1617	1.477129910421826e-002	1.479108388168207e-002
1623	1.422094343300540e-002	1.445439770745927e-002
1628	1.405570415785873e-002	1.412537544622754e-002
1666	1.378823860612632e-002	1.380384264602885e-002
1690	1.348192143130544e-002	1.348962882591653e-002
1711	1.315008469832957e-002	1.318256738556408e-002
1713	1.285156806235366e-002	1.288249551693134e-002
1719	1.226735767680820e-002	1.230268770812382e-002
1733	1.199102414272324e-002	1.202264434617413e-002
1740	1.167835121607286e-002	1.174897554939530e-002
1746	1.142958125710980e-002	1.148153621496883e-002
1760	1.119352780229799e-002	1.122018454301964e-002
1763	1.095639214846833e-002	1.096478196143185e-002
1764	1.070038970070586e-002	1.071519305237607e-002
1768	1.032870419330412e-002	1.047128548050900e-002
1769	1.009174961849746e-002	1.023292992280754e-002
1780	9.863713686269038e-003	1.000000000000000e-002
1784	9.641645317929770e-003	9.772372209558112e-003
1792	9.501101081595076e-003	9.549925860214359e-003
1800	9.170270966916472e-003	9.332543007969915e-003
1801	9.078748925899660e-003	9.120108393559097e-003
1814	8.874243661189385e-003	8.912509381337459e-003
1815	8.625765713281886e-003	8.709635899560805e-003
1819	8.492423641440317e-003	8.511380382023768e-003
1824	8.281292102432336e-003	8.317637711026709e-003
1840	8.072123709702117e-003	8.128305161640995e-003
1846	7.934659055975124e-003	7.943282347242814e-003
1860	7.759438364897675e-003	7.762471166286920e-003
1872	7.564387416822638e-003	7.585775750291836e-003
1875	7.364409149268614e-003	7.413102413009177e-003
1877	7.230829099423075e-003	7.244359600749898e-003
1896	7.046642264159964e-003	7.079457843841380e-003
1917	6.902892406683958e-003	6.918309709189363e-003
1944	6.749795371333356e-003	6.760829753919818e-003
1955	6.604846679932219e-003	6.606934480075957e-003
1971	6.449885524327792e-003	6.456542290346556e-003
1993	6.305000554476248e-003	6.309573444801930e-003
2027	6.163452919045409e-003	6.165950018614822e-003
2048	6.025103778140584e-003	6.025595860743574e-003
2063	5.886959445052797e-003	5.888436553555890e-003
2082	5.747697653365358e-003	5.754399373371567e-003
2108	5.621635537269465e-003	5.623413251903491e-003
2128	5.495346293917458e-003	5.495408738576248e-003
2136	5.365205142926599e-003	5.370317963702527e-003
2157	5.231007152845746e-003	5.248074602497728e-003
2193	5.107728629518027e-003	5.128613839913648e-003
2233	5.007966266450503e-003	5.011872336272725e-003
2256	4.896104133851886e-003	4.897788193684461e-003
2305	4.776447151092711e-003	4.786300923226385e-003
2343	4.663180994661786e-003	4.677351412871981e-003
2374	4.562650784728284e-003	4.570881896148752e-003
2421	4.463120526864373e-003	4.466835921509631e-003
2459	4.359844873597862e-003	4.365158322401661e-003
2491	4.259839964586343e-003	4.265795188015926e-003
2516	4.167210040876057e-003	4.168693834703355e-003
2551	4.069047295824912e-003	4.073802778041126e-003
2579	3.981050815266674e-003	3.981071705534973e-003
2625	3.889030535873639e-003	3.890451449942805e-003
2695	3.799609793698533e-003	3.801893963205613e-003
2824	3.714679996219106e-003	3.715352290971724e-003
2992	3.628034993335860e-003	3.630780547701014e-003
4499	3.548132632993584e-003	3.548133892335753e-003
11829	3.466695154843991e-003	3.467368504525317e-003
72089	3.387554860117326e-003	3.388441561392024e-003
300001	3.349886101435495e-003	3.388441561392024e-003
%
% index = 652, name = bbob_f002_i07_d03__bbob_f002_i08_d03
% instance = 3, reference value = 8.273702083069860e-001
% function evaluation | indicator value | target hit
1	1.085740352043475e+003	1.096478196143185e+003
2	1.016108378350666e+003	1.023292992280754e+003
3	8.513115000496763e+002	8.709635899560806e+002
4	4.583241711840657e+002	4.677351412871981e+002
5	1.581887543460287e+002	1.584893192461114e+002
6	5.772696372480946e+000	5.888436553555890e+000
7	1.485620000822486e+000	1.513561248436208e+000
39	1.287140928868986e+000	1.288249551693134e+000
113	1.134332437133486e+000	1.148153621496883e+000
218	3.292446670115141e-001	3.311311214825911e-001
255	2.847919957428630e-001	2.884031503126606e-001
340	2.438772639777671e-001	2.454708915685031e-001
364	2.351175817460414e-001	2.398832919019490e-001
409	2.119943748645179e-001	2.137962089502232e-001
416	2.050473725933728e-001	2.089296130854039e-001
421	1.846331450512884e-001	1.862087136662868e-001
434	1.801815933841213e-001	1.819700858609984e-001
457	1.719752583236953e-001	1.737800828749375e-001
460	1.356806678494509e-001	1.380384264602885e-001
472	1.261959548892447e-001	1.288249551693134e-001
480	1.229221070126467e-001	1.230268770812382e-001
491	1.145060436771611e-001	1.148153621496883e-001
493	1.095286958506311e-001	1.096478196143185e-001
504	1.057562421480418e-001	1.071519305237607e-001
507	1.030733544117343e-001	1.047128548050900e-001
509	1.023002157602173e-001	1.023292992280754e-001
510	9.634399995424614e-002	9.772372209558107e-002
511	9.403431058393930e-002	9.549925860214359e-002
521	9.310969873986075e-002	9.332543007969910e-002
522	7.278277355072249e-002	7.413102413009177e-002
523	6.844853698466458e-002	6.918309709189366e-002
530	6.527280603409402e-002	6.606934480075961e-002
543	6.370929575937057e-002	6.456542290346556e-002
545	6.308201194703356e-002	6.309573444801933e-002
548	5.811954665331842e-002	5.888436553555890e-002
550	4.857271118540829e-002	4.897788193684461e-002
558	4.714703374063856e-002	4.786300923226383e-002
563	4.650096702531326e-002	4.677351412871982e-002
571	4.082086954508668e-002	4.168693834703355e-002
577	3.963876282059187e-002	3.981071705534973e-002
579	3.824174119486867e-002	3.890451449942807e-002
589	3.755128022703580e-002	3.801893963205612e-002
591	3.532535070123910e-002	3.548133892335755e-002
600	3.434246980471023e-002	3.467368504525317e-002
606	3.356726471216698e-002	3.388441561392026e-002
608	3.305605484857843e-002	3.311311214825911e-002
612	2.924744357956421e-002	2.951209226666385e-002
616	2.742698263194165e-002	2.754228703338166e-002
638	2.577961742251278e-002	2.630267991895382e-002
648	2.466099748047745e-002	2.511886431509579e-002
649	2.365171188329274e-002	2.398832919019490e-002
652	2.336428132410240e-002	2.344228815319923e-002
653	2.269795725089396e-002	2.290867652767774e-002
656	2.228340290456465e-002	2.238721138568340e-002
673	2.159915925505451e-002	2.187761623949553e-002
688	2.091387350484575e-002	2.137962089502233e-002
694	2.079138268702407e-002	2.089296130854040e-002
697	2.013299515529821e-002	2.041737944669530e-002
699	1.968112309024339e-002	1.995262314968880e-002
721	1.926716120675043e-002	1.949844599758046e-002
733	1.902717428781064e-002	1.905460717963247e-002
737	1.858177383524684e-002	1.862087136662868e-002
741	1.815914747872338e-002	1.819700858609984e-002
746	1.753332838909338e-002	1.778279410038923e-002
759	1.734892423252066e-002	1.737800828749376e-002
761	1.690826472668661e-002	1.698243652461744e-002
769	1.616769701066279e-002	1.621810097358930e-002
778	1.553361821402544e-002	1.584893192461113e-002
779	1.537916136241446e-002	1.548816618912481e-002
781	1.445884562539779e-002	1.479108388168207e-002
782	1.372172896902291e-002	1.380384264602885e-002
788	1.296266425216408e-002	1.318256738556408e-002
789	1.286555656793598e-002	1.288249551693134e-002
803	1.257214680167740e-002	1.258925411794168e-002
810	1.214275264243114e-002	1.230268770812382e-002
818	1.140470236637947e-002	1.148153621496883e-002
824	1.120564779490363e-002	1.122018454301964e-002
831	1.081802820001254e-002	1.096478196143185e-002
835	1.069992996142588e-002	1.071519305237607e-002
847	1.041894104095809e-002	1.047128548050900e-002
857	1.016074486597018e-002	1.023292992280754e-002
859	9.895184500566923e-003	1.000000000000000e-002
866	9.511468358401887e-003	9.549925860214359e-003
871	8.986980890864804e-003	9.120108393559097e-003
874	8.839450208246280e-003	8.912509381337459e-003
875	8.643346883414838e-003	8.709635899560805e-003
882	8.398156784501731e-003	8.511380382023768e-003
884	8.297135483522955e-003	8.317637711026709e-003
891	7.945981801147695e-003	8.128305161640995e-003
893	7.885128296391430e-003	7.943282347242814e-003
896	7.756184419273171e-003	7.762471166286920e-003
908	7.571940297075308e-003	7.585775750291836e-003
913	7.408602512115725e-003	7.413102413009177e-003
916	6.885609194273612e-003	6.918309709189363e-003
929	6.736851041438285e-003	6.760829753919818e-003
932	6.554693913018106e-003	6.606934480075957e-003
944	6.453513556058610e-003	6.456542290346556e-003
948	6.283294328691125e-003	6.309573444801930e-003
953	6.103845506630901e-003	6.165950018614822e-003
956	5.963135326421898e-003	6.025595860743574e-003
962	5.887387001627387e-003	5.888436553555890e-003
978	5.742231218759830e-003	5.754399373371567e-003
988	5.610585479377983e-003	5.623413251903491e-003
1005	5.493851869240785e-003	5.495408738576248e-003
1016	5.365979763342854e-003	5.370317963702527e-003
1026	5.246164656983798e-003	5.248074602497728e-003
1034	4.918050902566917e-003	5.011872336272725e-003
1040	4.894703476696405e-003	4.897788193684461e-003
1054	4.753800110077977e-003	4.786300923226385e-003
1067	4.673826418676419e-003	4.677351412871981e-003
1068	4.562273168314146e-003	4.570881896148752e-003
1086	4.466047335953460e-003	4.466835921509631e-003
1116	4.365139649569638e-003	4.365158322401661e-003
1155	4.264437533423759e-003	4.265795188015926e-003
1178	4.160812797945557e-003	4.168693834703355e-003
1206	4.072405299252790e-003	4.073802778041126e-003
1280	3.978809991559418e-003	3.981071705534973e-003
1484	3.890206566057430e-003	3.890451449942805e-003
142044	3.801823285430994e-003	3.801893963205613e-003
300001	3.781842756041209e-003	3.801893963205613e-003
%
% index = 653, name = bbob_f002_i09_d03__bbob_f002_i10_d03
% instance = 4, reference value = 8.415242791835240e-001
% function evaluation | indicator value | target hit
1	6.518600622465607e+003	6.606934480075958e+003
2	6.086990602786796e+003	6.165950018614823e+003
3	5.075356135266329e+003	5.128613839913648e+003
4	2.719596229795141e+003	2.754228703338166e+003
5	1.129343543690650e+003	1.148153621496883e+003
6	1.596145031172659e+001	1.621810097358930e+001
7	2.452650667720432e+000	2.454708915685031e+000
39	1.082858573848524e+000	1.096478196143185e+000
235	3.764125859543914e-001	3.801893963205612e-001
430	1.370289003459481e-001	1.380384264602885e-001
507	1.276883885782274e-001	1.288249551693134e-001
603	1.250753706982819e-001	1.258925411794167e-001
609	1.189242584497461e-001	1.202264434617413e-001
673	9.714116851628329e-002	9.772372209558107e-002
687	9.201828815266810e-002	9.332543007969910e-002
702	7.276184513150930e-002	7.413102413009177e-002
709	7.085081995951126e-002	7.244359600749903e-002
712	7.049575394213814e-002	7.079457843841380e-002
738	6.891993557007137e-002	6.918309709189366e-002
762	6.529548598679036e-002	6.606934480075961e-002
764	6.415679001507091e-002	6.456542290346556e-002
783	6.268194141070127e-002	6.309573444801933e-002
787	5.965329154183563e-002	6.025595860743578e-002
802	5.836903239936908e-002	5.888436553555890e-002
826	5.634004172453444e-002	5.754399373371569e-002
828	4.634208742991874e-002	4.677351412871982e-002
832	4.510613229331850e-002	4.570881896148749e-002
833	3.949449497870028e-002	3.981071705534973e-002
839	3.064066898687679e-002	3.090295432513590e-002
861	2.878791230132349e-002	2.884031503126606e-002
866	2.808965402297259e-002	2.818382931264454e-002
875	2.745131829445691e-002	2.754228703338166e-002
888	2.567324161964524e-002	2.570395782768863e-002
895	2.395485434326894e-002	2.398832919019490e-002
912	2.334994826593939e-002	2.344228815319923e-002
927	2.284467234040555e-002	2.290867652767774e-002
943	2.216498930873401e-002	2.238721138568340e-002
953	2.181065571901231e-002	2.187761623949553e-002
960	2.087310285103594e-002	2.089296130854040e-002
966	2.023227241430714e-002	2.041737944669530e-002
979	1.990234578657213e-002	1.995262314968880e-002
989	1.858319459495372e-002	1.862087136662868e-002
991	1.804918006930401e-002	1.819700858609984e-002
997	1.726741429187562e-002	1.737800828749376e-002
1005	1.694326538955859e-002	1.698243652461744e-002
1018	1.648382187932063e-002	1.659586907437561e-002
1022	1.617303716484708e-002	1.621810097358930e-002
1033	1.581932653216545e-002	1.584893192461113e-002
1037	1.530834115168123e-002	1.548816618912481e-002
1044	1.511334651088725e-002	1.513561248436208e-002
1053	1.394205957343864e-002	1.412537544622754e-002
1054	1.377386866586550e-002	1.380384264602885e-002
1056	1.315066792390296e-002	1.318256738556408e-002
1060	1.283741353932766e-002	1.288249551693134e-002
1063	1.258314527082516e-002	1.258925411794168e-002
1069	1.216465314095105e-002	1.230268770812382e-002
1077	1.198136043097231e-002	1.202264434617413e-002
1081	1.173679424499130e-002	1.174897554939530e-002
1083	1.142578116385173e-002	1.148153621496883e-002
1091	1.105680942687792e-002	1.122018454301964e-002
1096	1.081324881477952e-002	1.096478196143185e-002
1100	1.063234760365595e-002	1.071519305237607e-002
1105	1.042414612079556e-002	1.047128548050900e-002
1110	1.004826862659602e-002	1.023292992280754e-002
1115	9.989342602592433e-003	1.000000000000000e-002
1123	9.641932868739045e-003	9.772372209558112e-003
1125	9.486872139273128e-003	9.549925860214359e-003
1131	9.297424293095324e-003	9.332543007969915e-003
1136	8.975654674187483e-003	9.120108393559097e-003
1138	8.907214141632869e-003	8.912509381337459e-003
1140	8.690849880905072e-003	8.709635899560805e-003
1152	8.431654832472990e-003	8.511380382023768e-003
1161	8.186469715374289e-003	8.317637711026709e-003
1164	8.092769308382763e-003	8.128305161640995e-003
1171	7.939659489469952e-003	7.943282347242814e-003
1178	7.755941112437048e-003	7.762471166286920e-003
1185	7.577818379171708e-003	7.585775750291836e-003
1190	7.387660749806568e-003	7.413102413009177e-003
1198	7.192641837219793e-003	7.244359600749898e-003
1203	7.070718263720299e-003	7.079457843841380e-003
1206	6.839889799668208e-003	6.918309709189363e-003
1213	6.645960185262867e-003	6.760829753919818e-003
1218	6.529563191906562e-003	6.606934480075957e-003
1225	6.441345950288335e-003	6.456542290346556e-003
1235	6.244149503141006e-003	6.309573444801930e-003
1241	6.165232041215774e-003	6.165950018614822e-003
1247	6.019853399553465e-003	6.025595860743574e-003
1254	5.816309627294070e-003	5.888436553555890e-003
1255	5.742720545562352e-003	5.754399373371567e-003
1267	5.612600622165953e-003	5.623413251903491e-003
1271	5.488108896711696e-003	5.495408738576248e-003
1280	5.342189325377889e-003	5.370317963702527e-003
1286	5.237099048457261e-003	5.248074602497728e-003
1292	5.126310427881142e-003	5.128613839913648e-003
1305	5.001491579300521e-003	5.011872336272725e-003
1309	4.866546446865350e-003	4.897788193684461e-003
1313	4.785567364550603e-003	4.786300923226385e-003
1321	4.671126887980659e-003	4.677351412871981e-003
1334	4.570861152472627e-003	4.570881896148752e-003
1355	4.466136903788165e-003	4.466835921509631e-003
1374	4.359117148466041e-003	4.365158322401661e-003
1384	4.258711022274930e-003	4.265795188015926e-003
1396	4.167364121970385e-003	4.168693834703355e-003
1411	4.059919387021993e-003	4.073802778041126e-003
1422	3.975248924812380e-003	3.981071705534973e-003
1452	3.880738480135371e-003	3.890451449942805e-003
1471	3.800813779551104e-003	3.801893963205613e-003
1521	3.706346034455188e-003	3.715352290971724e-003
1558	3.629176935262990e-003	3.630780547701014e-003
1594	3.542450538763675e-003	3.548133892335753e-003
1678	3.467132926933014e-003	3.467368504525317e-003
1775	3.386650225784993e-003	3.388441561392024e-003
1982	3.310908923258138e-003	3.311311214825911e-003
21289	3.235878403657688e-003	3.235936569296281e-003
56768	3.161121633490582e-003	3.162277660168379e-003
300001	3.149382456478445e-003	3.162277660168379e-003
%
% index = 654, name = bbob_f002_i11_d03__bbob_f002_i12_d03
% instance = 5, reference value = 7.755810244654450e-001
% function evaluation | indicator value | target hit
1	2.771413560481034e+004	2.818382931264455e+004
2	2.598720023197592e+004	2.630267991895381e+004
3	2.186315485740469e+004	2.187761623949552e+004
4	1.182871818989682e+004	1.202264434617413e+004
5	3.359354327133307e+003	3.388441561392024e+003
6	2.071125729962461e+002	2.089296130854039e+002
7	5.687412361412687e+001	5.754399373371570e+001
25	2.280246721586426e+001	2.290867652767774e+001
113	1.446730682409445e+000	1.479108388168207e+000
426	1.210873464948945e+000	1.230268770812382e+000
525	6.630076452466444e-001	6.760829753919818e-001
612	4.678109264098245e-001	4.786300923226383e-001
650	2.858988230724305e-001	2.884031503126606e-001
660	2.381436493766129e-001	2.398832919019490e-001
713	2.207764009003965e-001	2.238721138568340e-001
723	2.003317359124661e-001	2.041737944669530e-001
779	1.281877245107214e-001	1.288249551693134e-001
830	1.158132523411273e-001	1.174897554939529e-001
871	1.136617996090991e-001	1.148153621496883e-001
878	1.115048657357030e-001	1.122018454301964e-001
901	1.020752033411393e-001	1.023292992280754e-001
913	9.421576035336765e-002	9.549925860214359e-002
918	8.760696812982427e-002	8.912509381337455e-002
943	8.494078704099717e-002	8.511380382023763e-002
955	7.964824766496148e-002	8.128305161640990e-002
961	7.872252543879887e-002	7.943282347242814e-002
982	7.132776144424746e-002	7.244359600749903e-002
996	6.654147160254620e-002	6.760829753919818e-002
999	6.598154230626441e-002	6.606934480075961e-002
1000	5.495879262962988e-002	5.623413251903491e-002
1001	5.458451027316780e-002	5.495408738576246e-002
1029	5.358706636916877e-002	5.370317963702527e-002
1036	5.190969922306454e-002	5.248074602497726e-002
1043	4.997350328607020e-002	5.011872336272722e-002
1047	4.877487470279207e-002	4.897788193684461e-002
1048	4.673556377553589e-002	4.677351412871982e-002
1054	4.326233603850815e-002	4.365158322401658e-002
1059	4.240884717545501e-002	4.265795188015926e-002
1075	4.074947933345396e-002	4.168693834703355e-002
1076	4.029071740722434e-002	4.073802778041128e-002
1090	3.793136574234701e-002	3.801893963205612e-002
1097	3.695094142437994e-002	3.715352290971726e-002
1113	3.608704884365255e-002	3.630780547701014e-002
1118	3.486517179635573e-002	3.548133892335755e-002
1121	3.330597819880832e-002	3.388441561392026e-002
1129	3.271890458792304e-002	3.311311214825911e-002
1133	3.205400786831747e-002	3.235936569296283e-002
1139	3.140048035619303e-002	3.162277660168379e-002
1155	3.067037620951785e-002	3.090295432513590e-002
1158	2.995622107410612e-002	3.019951720402016e-002
1159	2.887970832630926e-002	2.951209226666385e-002
1168	2.883772944221608e-002	2.884031503126606e-002
1180	2.751393541015901e-002	2.754228703338166e-002
1192	2.636960192624405e-002	2.691534803926915e-002
1196	2.630187277283769e-002	2.630267991895382e-002
1206	2.542290663879876e-002	2.570395782768863e-002
1221	2.449719641519010e-002	2.454708915685030e-002
1232	2.374006154632358e-002	2.398832919019490e-002
1233	2.304230903131366e-002	2.344228815319923e-002
1236	2.277571633289222e-002	2.290867652767774e-002
1249	2.219263838759644e-002	2.238721138568340e-002
1258	2.157997959846691e-002	2.187761623949553e-002
1272	2.136853256955318e-002	2.137962089502233e-002
1300	2.087448932716940e-002	2.089296130854040e-002
1309	2.020807756351817e-002	2.041737944669530e-002
1313	1.987905760329700e-002	1.995262314968880e-002
1319	1.617102889729172e-002	1.621810097358930e-002
1326	1.576977664931567e-002	1.584893192461113e-002
1350	1.537330044647356e-002	1.548816618912481e-002
1352	1.442317881982635e-002	1.445439770745927e-002
1358	1.381213243018997e-002	1.412537544622754e-002
1360	1.373018413296157e-002	1.380384264602885e-002
1369	1.346525895487849e-002	1.348962882591653e-002
1372	1.304811044839538e-002	1.318256738556408e-002
1375	1.249681496562149e-002	1.258925411794168e-002
1381	1.228241865312019e-002	1.230268770812382e-002
1382	1.192609260089694e-002	1.202264434617413e-002
1389	1.164200309639984e-002	1.174897554939530e-002
1391	1.147574415939701e-002	1.148153621496883e-002
1395	1.118478088755104e-002	1.122018454301964e-002
1407	1.082299874999027e-002	1.096478196143185e-002
1409	1.066921241073082e-002	1.071519305237607e-002
1420	1.032815806455611e-002	1.047128548050900e-002
1433	1.018460228700768e-002	1.023292992280754e-002
1436	9.977655969778065e-003	1.000000000000000e-002
1456	9.600424623785520e-003	9.772372209558112e-003
1457	9.497827244883239e-003	9.549925860214359e-003
1467	9.131622686977314e-003	9.332543007969915e-003
1468	9.115372075708228e-003	9.120108393559097e-003
1472	8.828928894070276e-003	8.912509381337459e-003
1479	8.652855079793520e-003	8.709635899560805e-003
1483	8.499814827241048e-003	8.511380382023768e-003
1491	8.283757212750653e-003	8.317637711026709e-003
1496	8.015431857563704e-003	8.128305161640995e-003
1504	7.936068062057267e-003	7.943282347242814e-003
1517	7.687163022365495e-003	7.762471166286920e-003
1523	7.577716873182872e-003	7.585775750291836e-003
1525	7.361181600400890e-003	7.413102413009177e-003
1544	7.231802239249463e-003	7.244359600749898e-003
1555	7.068033079057901e-003	7.079457843841380e-003
1564	6.913715289909694e-003	6.918309709189363e-003
1574	6.730232842142470e-003	6.760829753919818e-003
1583	6.580505263967029e-003	6.606934480075957e-003
1585	6.426771674765464e-003	6.456542290346556e-003
1608	6.268301252656983e-003	6.309573444801930e-003
1613	6.144947409702728e-003	6.165950018614822e-003
1618	5.942678876165064e-003	6.025595860743574e-003
1633	5.885692922752095e-003	5.888436553555890e-003
1651	5.753856735150720e-003	5.754399373371567e-003
1662	5.604605657934969e-003	5.623413251903491e-003
1686	5.492357856264896e-003	5.495408738576248e-003
1701	5.319973697683222e-003	5.370317963702527e-003
1714	5.233338493665252e-003	5.248074602497728e-003
1737	5.090598894978871e-003	5.128613839913648e-003
1747	4.965057667141060e-003	5.011872336272725e-003
1771	4.890267326184139e-003	4.897788193684461e-003
1787	4.784026804667829e-003	4.786300923226385e-003
1813	4.670630681123722e-003	4.677351412871981e-003
1826	4.491822441364146e-003	4.570881896148752e-003
1841	4.456138912117491e-003	4.466835921509631e-003
1885	4.364353871028293e-003	4.365158322401661e-003
1921	4.265551065670059e-003	4.265795188015926e-003
1958	4.165882819404110e-003	4.168693834703355e-003
1990	4.073512897668219e-003	4.073802778041126e-003
2080	3.981004503173291e-003	3.981071705534973e-003
2176	3.890320326413788e-003	3.890451449942805e-003
2249	3.794507806912706e-003	3.801893963205613e-003
2360	3.715040931896896e-003	3.715352290971724e-003
300001	3.636825368649621e-003	3.715352290971724e-003
%
% index = 655, name = bbob_f002_i13_d03__bbob_f002_i14_d03
% instance = 6, reference value = 8.293115423600030e-001
% function evaluation | indicator value | target hit
1	4.011825505751550e+002	4.073802778041126e+002
2	3.761365391790244e+002	3.801893963205613e+002
3	3.164395904738595e+002	3.235936569296281e+002
4	1.712404308125520e+002	1.737800828749376e+002
5	5.314900837624531e+001	5.370317963702527e+001
6	3.848366870027503e+000	3.890451449942806e+000
7	9.818684927345029e-001	1.000000000000000e+000
25	6.309193315952724e-001	6.309573444801933e-001
113	3.948991402810077e-001	3.981071705534973e-001
143	3.820678069981736e-001	3.890451449942806e-001
145	3.216727986468622e-001	3.235936569296283e-001
202	3.009705860432725e-001	3.019951720402016e-001
268	2.852715307649444e-001	2.884031503126606e-001
280	2.711836526129471e-001	2.754228703338166e-001
300	1.723624721410076e-001	1.737800828749375e-001
312	1.438319078394761e-001	1.445439770745928e-001
315	1.311613844244890e-001	1.318256738556407e-001
328	1.283182828522494e-001	1.288249551693134e-001
346	9.928519732037078e-002	1.000000000000000e-001
370	9.623437834250259e-002	9.772372209558107e-002
372	8.667616673177403e-002	8.709635899560805e-002
382	8.488874640904653e-002	8.511380382023763e-002
422	7.955182475942157e-002	8.128305161640990e-002
434	7.931730957706373e-002	7.943282347242814e-002
451	7.427273884584040e-002	7.585775750291836e-002
454	7.382519501443174e-002	7.413102413009177e-002
456	7.183295390596711e-002	7.244359600749903e-002
460	6.812580367309207e-002	6.918309709189366e-002
491	6.741105906837042e-002	6.760829753919818e-002
495	6.371678746902121e-002	6.456542290346556e-002
500	5.491149597629685e-002	5.495408738576246e-002
517	5.241214879280820e-002	5.248074602497726e-002
538	5.081072773334283e-002	5.128613839913648e-002
539	4.872771334352588e-002	4.897788193684461e-002
541	4.743695928822844e-002	4.786300923226383e-002
561	4.362592859747982e-002	4.365158322401658e-002
571	4.201820001124124e-002	4.265795188015926e-002
578	4.136826348209532e-002	4.168693834703355e-002
598	4.014276381667803e-002	4.073802778041128e-002
601	3.724120653507990e-002	3.801893963205612e-002
610	3.713263438071934e-002	3.715352290971726e-002
613	3.424543125206403e-002	3.467368504525317e-002
630	3.381283406217306e-002	3.388441561392026e-002
633	3.181031641464027e-002	3.235936569296283e-002
634	3.108670698919447e-002	3.162277660168379e-002
636	2.876742267432564e-002	2.884031503126606e-002
639	2.680890866776009e-002	2.691534803926915e-002
664	2.604129356275586e-002	2.630267991895382e-002
668	2.528501704312236e-002	2.570395782768863e-002
670	2.498104220419395e-002	2.511886431509579e-002
678	2.451153948678209e-002	2.454708915685030e-002
687	2.393822783383770e-002	2.398832919019490e-002
689	2.294715315337070e-002	2.344228815319923e-002
701	2.288479964996992e-002	2.290867652767774e-002
704	2.202008171917025e-002	2.238721138568340e-002
717	2.182646099707952e-002	2.187761623949553e-002
718	2.127770532136830e-002	2.137962089502233e-002
726	2.024615437514543e-002	2.041737944669530e-002
734	1.966861434349287e-002	1.995262314968880e-002
736	1.922325920420553e-002	1.949844599758046e-002
737	1.893323204223796e-002	1.905460717963247e-002
742	1.850756393345632e-002	1.862087136662868e-002
760	1.811775040538222e-002	1.819700858609984e-002
765	1.756440151239125e-002	1.778279410038923e-002
772	1.728749304803123e-002	1.737800828749376e-002
776	1.691383256349766e-002	1.698243652461744e-002
778	1.620926308448811e-002	1.621810097358930e-002
779	1.525064111484631e-002	1.548816618912481e-002
782	1.457523787187220e-002	1.479108388168207e-002
785	1.439041432530053e-002	1.445439770745927e-002
787	1.386670967545345e-002	1.412537544622754e-002
788	1.358977095792302e-002	1.380384264602885e-002
791	1.342923072697044e-002	1.348962882591653e-002
808	1.212234840866433e-002	1.230268770812382e-002
813	1.200990537565783e-002	1.202264434617413e-002
826	1.020429872200501e-002	1.023292992280754e-002
831	9.688481523005277e-003	9.772372209558112e-003
835	9.231503100825433e-003	9.332543007969915e-003
841	9.115512871251452e-003	9.120108393559097e-003
853	8.818098119843465e-003	8.912509381337459e-003
854	8.697278817614396e-003	8.709635899560805e-003
858	8.459094627400021e-003	8.511380382023768e-003
863	7.733340219545415e-003	7.762471166286920e-003
866	7.162515166995842e-003	7.244359600749898e-003
870	7.032429744031066e-003	7.079457843841380e-003
873	6.901561493488306e-003	6.918309709189363e-003
884	6.760008019683239e-003	6.760829753919818e-003
887	6.520750067652847e-003	6.606934480075957e-003
894	6.432702700907567e-003	6.456542290346556e-003
899	6.293951345252569e-003	6.309573444801930e-003
908	6.074448058904891e-003	6.165950018614822e-003
917	6.009602325828145e-003	6.025595860743574e-003
930	5.886905048835045e-003	5.888436553555890e-003
936	5.712611916713462e-003	5.754399373371567e-003
940	5.594569573620034e-003	5.623413251903491e-003
942	5.447276408575008e-003	5.495408738576248e-003
956	5.279301950395721e-003	5.370317963702527e-003
968	5.194547676495964e-003	5.248074602497728e-003
971	5.126869169260306e-003	5.128613839913648e-003
976	4.959474732431968e-003	5.011872336272725e-003
994	4.891687814443047e-003	4.897788193684461e-003
998	4.773422616481060e-003	4.786300923226385e-003
1005	4.660114947714678e-003	4.677351412871981e-003
1029	4.560798538558397e-003	4.570881896148752e-003
1042	4.357256274190924e-003	4.365158322401661e-003
1059	4.248018243023233e-003	4.265795188015926e-003
1067	4.131183822800755e-003	4.168693834703355e-003
1070	4.034364788057521e-003	4.073802778041126e-003
1080	3.976013602862927e-003	3.981071705534973e-003
1085	3.871215549122731e-003	3.890451449942805e-003
1102	3.775441935683577e-003	3.801893963205613e-003
1133	3.713869913236634e-003	3.715352290971724e-003
1179	3.628846979791933e-003	3.630780547701014e-003
1200	3.543379416652615e-003	3.548133892335753e-003
1262	3.465793057453981e-003	3.467368504525317e-003
1447	3.387973783270937e-003	3.388441561392024e-003
300001	3.371619762967293e-003	3.388441561392024e-003
%
% index = 656, name = bbob_f002_i15_d03__bbob_f002_i16_d03
% instance = 7, reference value = 8.341010263973390e-001
% function evaluation | indicator value | target hit
1	8.953805376013696e+002	9.120108393559096e+002
2	8.369187778112014e+002	8.511380382023768e+002
3	6.992626492021547e+002	7.079457843841381e+002
4	3.753794472836356e+002	3.801893963205613e+002
5	1.469682464227079e+002	1.479108388168207e+002
6	3.340235672806839e+000	3.388441561392026e+000
7	7.354611427523333e-001	7.413102413009175e-001
39	5.560625260350272e-001	5.623413251903491e-001
252	2.559468842461110e-001	2.570395782768864e-001
296	1.868301376592637e-001	1.905460717963247e-001
374	1.004313667701358e-001	1.023292992280754e-001
416	9.648041240155747e-002	9.772372209558107e-002
446	7.640103696800671e-002	7.762471166286916e-002
454	7.300445316436399e-002	7.413102413009177e-002
485	7.029037803541971e-002	7.079457843841380e-002
520	6.395737419341885e-002	6.456542290346556e-002
524	6.269917092912147e-002	6.309573444801933e-002
530	5.602220730007645e-002	5.623413251903491e-002
536	5.246244488115426e-002	5.248074602497726e-002
548	5.067565526086804e-002	5.128613839913648e-002
557	4.999331410848495e-002	5.011872336272722e-002
565	4.713247154328459e-002	4.786300923226383e-002
567	4.649392077615833e-002	4.677351412871982e-002
573	4.346250621459713e-002	4.365158322401658e-002
578	3.941369151648555e-002	3.981071705534973e-002
598	3.817954562443859e-002	3.890451449942807e-002
612	3.708413322716020e-002	3.715352290971726e-002
617	3.455908899436155e-002	3.467368504525317e-002
632	3.087799391702162e-002	3.090295432513590e-002
646	2.724751515041879e-002	2.754228703338166e-002
647	2.548649861622931e-002	2.570395782768863e-002
672	2.441410631092167e-002	2.454708915685030e-002
673	2.376346736330270e-002	2.398832919019490e-002
678	2.259373363108352e-002	2.290867652767774e-002
684	2.194517490567272e-002	2.238721138568340e-002
688	2.077423016134850e-002	2.089296130854040e-002
708	2.038045227174623e-002	2.041737944669530e-002
717	1.991137080036620e-002	1.995262314968880e-002
729	1.938369058786660e-002	1.949844599758046e-002
739	1.902731533213364e-002	1.905460717963247e-002
753	1.829669652653143e-002	1.862087136662868e-002
764	1.816679838996194e-002	1.819700858609984e-002
770	1.747506848702340e-002	1.778279410038923e-002
771	1.729184123400829e-002	1.737800828749376e-002
772	1.636408512485443e-002	1.659586907437561e-002
775	1.604155349042269e-002	1.621810097358930e-002
776	1.579951946972946e-002	1.584893192461113e-002
785	1.545389031235755e-002	1.548816618912481e-002
788	1.481029558629443e-002	1.513561248436208e-002
790	1.465342705757922e-002	1.479108388168207e-002
795	1.412306521607332e-002	1.412537544622754e-002
812	1.379102625357731e-002	1.380384264602885e-002
814	1.342911081537057e-002	1.348962882591653e-002
825	1.316723987654778e-002	1.318256738556408e-002
842	1.282994906145785e-002	1.288249551693134e-002
849	1.226261500648240e-002	1.230268770812382e-002
852	1.179827456083005e-002	1.202264434617413e-002
855	1.153247341943098e-002	1.174897554939530e-002
858	1.146256466944629e-002	1.148153621496883e-002
867	1.119560277538445e-002	1.122018454301964e-002
868	1.066950834818981e-002	1.071519305237607e-002
872	1.038730899374429e-002	1.047128548050900e-002
881	1.011597586506652e-002	1.023292992280754e-002
886	9.961964553999780e-003	1.000000000000000e-002
891	9.768163389440199e-003	9.772372209558112e-003
905	9.461654746200754e-003	9.549925860214359e-003
912	9.331619672265590e-003	9.332543007969915e-003
918	9.104630575105133e-003	9.120108393559097e-003
919	8.855118371461468e-003	8.912509381337459e-003
924	8.656929728561025e-003	8.709635899560805e-003
941	8.495567344796839e-003	8.511380382023768e-003
943	8.131334976796634e-003	8.317637711026709e-003
944	7.832998052088480e-003	7.943282347242814e-003
949	7.604198583885946e-003	7.762471166286920e-003
954	7.493937852516175e-003	7.585775750291836e-003
964	7.390419675079030e-003	7.413102413009177e-003
974	7.102349789528506e-003	7.244359600749898e-003
977	7.043447670349257e-003	7.079457843841380e-003
982	6.813962962707421e-003	6.918309709189363e-003
986	6.688767346613611e-003	6.760829753919818e-003
991	6.605629933264412e-003	6.606934480075957e-003
1003	6.445592658087085e-003	6.456542290346556e-003
1006	6.211147677268381e-003	6.309573444801930e-003
1008	6.153545840517416e-003	6.165950018614822e-003
1010	5.970149078038056e-003	6.025595860743574e-003
1012	5.888379452737347e-003	5.888436553555890e-003
1015	5.722710514133644e-003	5.754399373371567e-003
1019	5.621705852482450e-003	5.623413251903491e-003
1026	5.469494127368191e-003	5.495408738576248e-003
1031	5.329944948208598e-003	5.370317963702527e-003
1035	5.186758762097288e-003	5.248074602497728e-003
1043	5.114774096098063e-003	5.128613839913648e-003
1052	5.001723605357444e-003	5.011872336272725e-003
1056	4.877711595083545e-003	4.897788193684461e-003
1059	4.732143253828092e-003	4.786300923226385e-003
1068	4.660954827925501e-003	4.677351412871981e-003
1083	4.548890277271900e-003	4.570881896148752e-003
1095	4.462567980246468e-003	4.466835921509631e-003
1106	4.358288081805273e-003	4.365158322401661e-003
1117	4.264874105018413e-003	4.265795188015926e-003
1126	4.168589658045452e-003	4.168693834703355e-003
1150	4.071345377488989e-003	4.073802778041126e-003
1175	3.976163973902325e-003	3.981071705534973e-003
1208	3.880133110527484e-003	3.890451449942805e-003
1228	3.766877807213298e-003	3.801893963205613e-003
1250	3.710532995676141e-003	3.715352290971724e-003
1304	3.630523437685995e-003	3.630780547701014e-003
1367	3.544370411390774e-003	3.548133892335753e-003
1428	3.466553774606140e-003	3.467368504525317e-003
1484	3.387899407372941e-003	3.388441561392024e-003
1692	3.300980994978775e-003	3.311311214825911e-003
300001	3.258685518640059e-003	3.311311214825911e-003
%
% index = 657, name = bbob_f002_i17_d03__bbob_f002_i18_d03
% instance = 8, reference value = 8.288016086579670e-001
% function evaluation | indicator value | target hit
1	3.475911741051681e+006	3.548133892335753e+006
2	3.259498116866502e+006	3.311311214825908e+006
3	2.743041219832046e+006	2.754228703338169e+006
4	1.484697369641079e+006	1.513561248436207e+006
5	4.156837657524674e+005	4.168693834703355e+005
6	2.684193850346303e+004	2.691534803926914e+004
7	7.601313882355526e+003	7.762471166286920e+003
25	2.648031453799095e+003	2.691534803926917e+003
113	1.821392797665687e+002	1.862087136662867e+002
311	1.698089415784648e+001	1.698243652461744e+001
517	1.141372668721313e+001	1.148153621496883e+001
564	8.003663636667124e+000	8.128305161640993e+000
637	2.723823509317589e+000	2.754228703338166e+000
722	8.100222181791824e-001	8.128305161640993e-001
970	7.760076278420711e-001	7.762471166286917e-001
1106	7.569131572089345e-001	7.585775750291838e-001
1120	6.380640200413291e-001	6.456542290346555e-001
1126	4.705248643702309e-001	4.786300923226383e-001
1173	3.551790547995369e-001	3.630780547701014e-001
1210	3.514986359550503e-001	3.548133892335755e-001
1267	2.904892994567874e-001	2.951209226666385e-001
1328	2.809955273265029e-001	2.818382931264454e-001
1332	2.724176450749101e-001	2.754228703338166e-001
1397	2.091805979259849e-001	2.137962089502232e-001
1406	2.078137519204556e-001	2.089296130854039e-001
1416	2.038462879635674e-001	2.041737944669530e-001
1427	1.864367271975223e-001	1.905460717963247e-001
1433	1.785057105625360e-001	1.819700858609984e-001
1447	1.616065042919133e-001	1.621810097358930e-001
1448	1.262136965733713e-001	1.288249551693134e-001
1465	1.184403191678976e-001	1.202264434617413e-001
1472	1.162407204422934e-001	1.174897554939529e-001
1484	1.137383894000614e-001	1.148153621496883e-001
1520	1.107561020347688e-001	1.122018454301964e-001
1521	1.079129408375918e-001	1.096478196143185e-001
1524	9.469027115001705e-002	9.549925860214359e-002
1525	9.331868926767384e-002	9.332543007969910e-002
1547	8.290327655162966e-002	8.317637711026708e-002
1592	7.880077530769336e-002	7.943282347242814e-002
1602	7.215125783375243e-002	7.244359600749903e-002
1620	7.018020247272738e-002	7.079457843841380e-002
1665	6.889257088220513e-002	6.918309709189366e-002
1667	6.670128390796115e-002	6.760829753919818e-002
1669	6.014395961743579e-002	6.025595860743578e-002
1672	5.645114189803757e-002	5.754399373371569e-002
1688	5.260995009507796e-002	5.370317963702527e-002
1690	5.206350821444639e-002	5.248074602497726e-002
1697	4.903162501722769e-002	5.011872336272722e-002
1700	4.784417690034648e-002	4.786300923226383e-002
1723	4.592398877580339e-002	4.677351412871982e-002
1724	4.562468849250989e-002	4.570881896148749e-002
1728	4.293061072423543e-002	4.365158322401658e-002
1734	4.227795121531230e-002	4.265795188015926e-002
1744	4.147896551830343e-002	4.168693834703355e-002
1778	3.630225626207340e-002	3.630780547701014e-002
1802	3.522078096635639e-002	3.548133892335755e-002
1805	3.447940345134049e-002	3.467368504525317e-002
1806	3.379302288660413e-002	3.388441561392026e-002
1833	3.306017072067224e-002	3.311311214825911e-002
1838	3.109159326713507e-002	3.162277660168379e-002
1846	3.045170929420560e-002	3.090295432513590e-002
1849	2.958635628591533e-002	3.019951720402016e-002
1860	2.927261460204367e-002	2.951209226666385e-002
1869	2.877714926399733e-002	2.884031503126606e-002
1870	2.750252692272148e-002	2.754228703338166e-002
1882	2.657663191290205e-002	2.691534803926915e-002
1889	2.581364531697050e-002	2.630267991895382e-002
1890	2.547435254607977e-002	2.570395782768863e-002
1894	2.510352100828195e-002	2.511886431509579e-002
1913	2.441178903559571e-002	2.454708915685030e-002
1920	2.352963849811862e-002	2.398832919019490e-002
1921	2.333878215591267e-002	2.344228815319923e-002
1931	2.235624845615780e-002	2.238721138568340e-002
1958	2.156752059655975e-002	2.187761623949553e-002
1968	2.134979986628482e-002	2.137962089502233e-002
1993	2.085454834749201e-002	2.089296130854040e-002
2003	2.033042020026654e-002	2.041737944669530e-002
2007	1.937863502078097e-002	1.949844599758046e-002
2021	1.814441373499143e-002	1.819700858609984e-002
2046	1.763934888530627e-002	1.778279410038923e-002
2063	1.733171982312010e-002	1.737800828749376e-002
2068	1.651063933100894e-002	1.659586907437561e-002
2087	1.611415835105934e-002	1.621810097358930e-002
2093	1.563233718251922e-002	1.584893192461113e-002
2100	1.536660023620784e-002	1.548816618912481e-002
2109	1.497939723421338e-002	1.513561248436208e-002
2118	1.464163977560751e-002	1.479108388168207e-002
2126	1.443940220096351e-002	1.445439770745927e-002
2133	1.411913379488727e-002	1.412537544622754e-002
2158	1.377005599862957e-002	1.380384264602885e-002
2177	1.346976079925710e-002	1.348962882591653e-002
2181	1.315069414027270e-002	1.318256738556408e-002
2200	1.279771341582026e-002	1.288249551693134e-002
2217	1.257091014558387e-002	1.258925411794168e-002
2246	1.229885982546908e-002	1.230268770812382e-002
2269	1.195031946356506e-002	1.202264434617413e-002
2289	1.172486355004521e-002	1.174897554939530e-002
2297	1.138789131559881e-002	1.148153621496883e-002
2341	1.121472489969366e-002	1.122018454301964e-002
2370	1.093671926394557e-002	1.096478196143185e-002
2406	1.054271944847829e-002	1.071519305237607e-002
2418	1.041948410698490e-002	1.047128548050900e-002
2450	1.020036640241351e-002	1.023292992280754e-002
2495	9.949990774529294e-003	1.000000000000000e-002
2518	9.748723914511204e-003	9.772372209558112e-003
2538	9.491401930446397e-003	9.549925860214359e-003
2551	9.283517677858955e-003	9.332543007969915e-003
2591	9.091816828079025e-003	9.120108393559097e-003
2607	8.707646892924137e-003	8.709635899560805e-003
2639	8.385619397732080e-003	8.511380382023768e-003
2651	8.285794119881618e-003	8.317637711026709e-003
2671	8.117023604276019e-003	8.128305161640995e-003
2722	7.936971923545366e-003	7.943282347242814e-003
2726	7.615851926506712e-003	7.762471166286920e-003
2750	7.507049184747205e-003	7.585775750291836e-003
2765	7.375325385068576e-003	7.413102413009177e-003
2770	7.234846982606791e-003	7.244359600749898e-003
2787	7.001880419383877e-003	7.079457843841380e-003
2795	6.898650155217623e-003	6.918309709189363e-003
2810	6.756073585798550e-003	6.760829753919818e-003
2837	6.595911195672821e-003	6.606934480075957e-003
2865	6.453627182906652e-003	6.456542290346556e-003
2898	6.273370856911820e-003	6.309573444801930e-003
2906	6.148034848354023e-003	6.165950018614822e-003
2916	5.847735729333725e-003	5.888436553555890e-003
2949	5.722362505710454e-003	5.754399373371567e-003
2976	5.617126338667844e-003	5.623413251903491e-003
3019	5.478219170953813e-003	5.495408738576248e-003
3047	5.363436483204809e-003	5.370317963702527e-003
3088	5.235157091669218e-003	5.248074602497728e-003
3119	5.126534143799266e-003	5.128613839913648e-003
3153	5.005546596213328e-003	5.011872336272725e-003
3228	4.889594627384031e-003	4.897788193684461e-003
3251	4.781120272557948e-003	4.786300923226385e-003
3288	4.676323894440726e-003	4.677351412871981e-003
3330	4.552362766083506e-003	4.570881896148752e-003
3348	4.433221104376939e-003	4.466835921509631e-003
3354	4.364449227557965e-003	4.365158322401661e-003
3395	4.221706380048929e-003	4.265795188015926e-003
3419	4.163324873151630e-003	4.168693834703355e-003
3441	4.072003547318293e-003	4.073802778041126e-003
3495	3.980673341692276e-003	3.981071705534973e-003
3582	3.889415364215165e-003	3.890451449942805e-003
3666	3.797407741001124e-003	3.801893963205613e-003
3768	3.712431142502748e-003	3.715352290971724e-003
3844	3.630578543555973e-003	3.630780547701014e-003
3910	3.547336229991593e-003	3.548133892335753e-003
3944	3.466905859112912e-003	3.467368504525317e-003
4023	3.388293119185204e-003	3.388441561392024e-003
4114	3.298882087562682e-003	3.311311214825911e-003
4164	3.235878772857359e-003	3.235936569296281e-003
4273	3.160692518866970e-003	3.162277660168379e-003
4358	3.082435567899000e-003	3.090295432513592e-003
4441	3.019162779891671e-003	3.019951720402016e-003
4580	2.949322559793410e-003	2.951209226666387e-003
4676	2.883636459318328e-003	2.884031503126606e-003
4794	2.816016713291458e-003	2.818382931264455e-003
5012	2.753770564443259e-003	2.754228703338166e-003
5263	2.685430387891485e-003	2.691534803926917e-003
5521	2.626985262158321e-003	2.630267991895381e-003
5967	2.570346812782787e-003	2.570395782768865e-003
6438	2.511310773954389e-003	2.511886431509579e-003
6836	2.444895025930260e-003	2.454708915685031e-003
7612	2.398234321547954e-003	2.398832919019490e-003
9723	2.344215562616214e-003	2.344228815319923e-003
12715	2.290296321075802e-003	2.290867652767772e-003
19167	2.238676895055081e-003	2.238721138568340e-003
32045	2.187760369200875e-003	2.187761623949552e-003
62739	2.135641594922189e-003	2.137962089502233e-003
83189	2.070700432803552e-003	2.089296130854039e-003
93666	1.980160978497847e-003	1.995262314968879e-003
102880	1.923250844088953e-003	1.949844599758046e-003
103659	1.900515762036537e-003	1.905460717963246e-003
117711	1.861250182499386e-003	1.862087136662868e-003
166424	1.810258702530265e-003	1.819700858609983e-003
300001	1.785131168243304e-003	1.819700858609983e-003
%
% index = 658, name = bbob_f002_i19_d03__bbob_f002_i21_d03
% instance = 9, reference value = 8.240435340747460e-001
% function evaluation | indicator value | target hit
1	6.633971226746943e+002	6.760829753919819e+002
2	6.211334269313843e+002	6.309573444801930e+002
3	5.209654365570692e+002	5.248074602497728e+002
4	2.808408964991618e+002	2.818382931264455e+002
5	9.477157626482736e+001	9.549925860214358e+001
6	4.425819450169714e+000	4.466835921509632e+000
7	1.131104727467246e+000	1.148153621496883e+000
25	1.090184860193246e+000	1.096478196143185e+000
39	1.003607823319746e+000	1.023292992280754e+000
113	7.122862084753270e-001	7.244359600749900e-001
145	5.094213645277058e-001	5.128613839913648e-001
233	4.749700272225522e-001	4.786300923226383e-001
276	4.083373269720204e-001	4.168693834703354e-001
281	4.071423330841993e-001	4.073802778041127e-001
287	1.930711105834315e-001	1.949844599758046e-001
302	1.903424224445505e-001	1.905460717963247e-001
322	1.196534922037993e-001	1.202264434617413e-001
337	1.107105917089473e-001	1.122018454301964e-001
368	1.025969885753005e-001	1.047128548050900e-001
373	1.018353737862500e-001	1.023292992280754e-001
396	8.817665878789593e-002	8.912509381337455e-002
415	7.645585028785040e-002	7.762471166286916e-002
419	7.224576000385363e-002	7.244359600749903e-002
427	6.136350996547302e-002	6.165950018614822e-002
438	5.712442789128724e-002	5.754399373371569e-002
460	5.587242420266647e-002	5.623413251903491e-002
463	5.473940195545468e-002	5.495408738576246e-002
468	5.020017536515897e-002	5.128613839913648e-002
470	5.000323092010273e-002	5.011872336272722e-002
480	4.599012853032380e-002	4.677351412871982e-002
490	4.523193463953035e-002	4.570881896148749e-002
511	4.282180537224933e-002	4.365158322401658e-002
534	3.634538273525656e-002	3.715352290971726e-002
535	3.549775584162396e-002	3.630780547701014e-002
546	3.537684212860992e-002	3.548133892335755e-002
556	3.435337340102396e-002	3.467368504525317e-002
562	2.963349813533278e-002	3.019951720402016e-002
579	2.946545359264463e-002	2.951209226666385e-002
605	2.818695016002837e-002	2.884031503126606e-002
606	2.812378557542061e-002	2.818382931264454e-002
615	2.714355931509804e-002	2.754228703338166e-002
618	2.614940106005126e-002	2.630267991895382e-002
625	2.542405974709594e-002	2.570395782768863e-002
626	2.468173174617705e-002	2.511886431509579e-002
632	2.420315213131030e-002	2.454708915685030e-002
634	2.347462800207201e-002	2.398832919019490e-002
635	2.339683758957023e-002	2.344228815319923e-002
641	2.209302397878843e-002	2.238721138568340e-002
649	2.158342448356498e-002	2.187761623949553e-002
655	2.102132902754683e-002	2.137962089502233e-002
664	2.066559426762549e-002	2.089296130854040e-002
672	2.031910362803380e-002	2.041737944669530e-002
686	1.985855186542784e-002	1.995262314968880e-002
697	1.921258487776212e-002	1.949844599758046e-002
698	1.832117762222818e-002	1.862087136662868e-002
699	1.779327522014085e-002	1.819700858609984e-002
701	1.771012045087816e-002	1.778279410038923e-002
713	1.734943854038729e-002	1.737800828749376e-002
721	1.642390748322997e-002	1.659586907437561e-002
734	1.559558530510630e-002	1.584893192461113e-002
741	1.542457636625416e-002	1.548816618912481e-002
745	1.506094773800515e-002	1.513561248436208e-002
746	1.411323316837454e-002	1.412537544622754e-002
758	1.362641527088115e-002	1.380384264602885e-002
760	1.343137099257474e-002	1.348962882591653e-002
761	1.315694565825298e-002	1.318256738556408e-002
775	1.281332565425453e-002	1.288249551693134e-002
779	1.247352377495103e-002	1.258925411794168e-002
785	1.216881241249157e-002	1.230268770812382e-002
791	1.186205867291246e-002	1.202264434617413e-002
799	1.171731103310603e-002	1.174897554939530e-002
802	1.140613215890562e-002	1.148153621496883e-002
804	1.120392114352486e-002	1.122018454301964e-002
806	1.083633156714092e-002	1.096478196143185e-002
807	1.064907661272629e-002	1.071519305237607e-002
815	1.042543402571883e-002	1.047128548050900e-002
824	1.016368212285823e-002	1.023292992280754e-002
827	9.869431990689348e-003	1.000000000000000e-002
831	9.687118600005151e-003	9.772372209558112e-003
837	9.381146262742002e-003	9.549925860214359e-003
842	9.265615732354959e-003	9.332543007969915e-003
858	9.076732131612086e-003	9.120108393559097e-003
864	8.880505468655486e-003	8.912509381337459e-003
875	8.653699949901172e-003	8.709635899560805e-003
876	8.280993461516006e-003	8.317637711026709e-003
883	8.042291247538080e-003	8.128305161640995e-003
887	7.886389771502911e-003	7.943282347242814e-003
892	7.705441878735120e-003	7.762471166286920e-003
896	7.407784455214062e-003	7.413102413009177e-003
901	7.233020001719659e-003	7.244359600749898e-003
908	7.059150041057838e-003	7.079457843841380e-003
909	6.805740548709638e-003	6.918309709189363e-003
914	6.729984392801591e-003	6.760829753919818e-003
924	6.557354176639385e-003	6.606934480075957e-003
937	6.315265526181557e-003	6.456542290346556e-003
938	6.276782789449653e-003	6.309573444801930e-003
941	6.089368902259085e-003	6.165950018614822e-003
943	5.981730453718970e-003	6.025595860743574e-003
951	5.879679820043005e-003	5.888436553555890e-003
958	5.747773878395979e-003	5.754399373371567e-003
970	5.578181816130234e-003	5.623413251903491e-003
982	5.440210012298219e-003	5.495408738576248e-003
989	5.351380024930741e-003	5.370317963702527e-003
1004	5.234279799319119e-003	5.248074602497728e-003
1013	5.121438602836537e-003	5.128613839913648e-003
1031	5.010852546607492e-003	5.011872336272725e-003
1035	4.876353149510182e-003	4.897788193684461e-003
1044	4.767498960695060e-003	4.786300923226385e-003
1055	4.669563206601612e-003	4.677351412871981e-003
1058	4.546284198478356e-003	4.570881896148752e-003
1067	4.464958747803061e-003	4.466835921509631e-003
1070	4.331334299734757e-003	4.365158322401661e-003
1073	4.264982337976786e-003	4.265795188015926e-003
1097	4.161140056052171e-003	4.168693834703355e-003
1121	4.072826483860870e-003	4.073802778041126e-003
1130	3.979729400193088e-003	3.981071705534973e-003
1142	3.872084565143763e-003	3.890451449942805e-003
1153	3.797072020539249e-003	3.801893963205613e-003
1207	3.613258442148437e-003	3.630780547701014e-003
1235	3.547723832485472e-003	3.548133892335753e-003
1279	3.460862423746436e-003	3.467368504525317e-003
1376	3.384447279988656e-003	3.388441561392024e-003
1502	3.310506452120721e-003	3.311311214825911e-003
1778	3.235922146608949e-003	3.235936569296281e-003
300001	3.207841776442622e-003	3.235936569296281e-003
%
% index = 659, name = bbob_f002_i21_d03__bbob_f002_i22_d03
% instance = 10, reference value = 8.156323229672580e-001
% function evaluation | indicator value | target hit
1	5.449969670857078e+003	5.495408738576249e+003
2	5.091658468946523e+003	5.128613839913648e+003
3	4.249626903915630e+003	4.265795188015925e+003
4	2.279070053706428e+003	2.290867652767772e+003
5	9.058181121320754e+002	9.120108393559096e+002
6	1.530790341504733e+001	1.548816618912481e+001
7	2.342284185484014e+000	2.344228815319922e+000
39	1.347494612041258e+000	1.348962882591654e+000
227	6.368619543428868e-001	6.456542290346555e-001
414	3.976045750257362e-001	3.981071705534973e-001
435	3.782684617134489e-001	3.801893963205612e-001
576	3.551776972045528e-001	3.630780547701014e-001
577	3.212599685436439e-001	3.235936569296283e-001
644	2.984793839569213e-001	3.019951720402016e-001
646	2.409350777313385e-001	2.454708915685031e-001
656	2.393517464547057e-001	2.398832919019490e-001
663	2.243739860567452e-001	2.290867652767773e-001
678	2.201770041174327e-001	2.238721138568340e-001
683	2.088139645686955e-001	2.089296130854039e-001
694	1.537966410527897e-001	1.548816618912481e-001
703	1.419719535853632e-001	1.445439770745928e-001
709	1.172666432616503e-001	1.174897554939529e-001
736	1.058927017742891e-001	1.071519305237607e-001
740	1.019444062834678e-001	1.023292992280754e-001
745	9.787878234638903e-002	1.000000000000000e-001
774	9.256844863366343e-002	9.332543007969910e-002
786	9.111128323865225e-002	9.120108393559097e-002
794	7.355796378158386e-002	7.413102413009177e-002
802	6.543346971968977e-002	6.606934480075961e-002
803	5.055454564162898e-002	5.128613839913648e-002
806	4.931406405031436e-002	5.011872336272722e-002
815	4.885889453456305e-002	4.897788193684461e-002
833	4.575700450890052e-002	4.677351412871982e-002
837	4.508052982327759e-002	4.570881896148749e-002
851	4.404998754132516e-002	4.466835921509630e-002
864	4.240093635280751e-002	4.265795188015926e-002
866	3.955779476256405e-002	3.981071705534973e-002
880	3.840397419126895e-002	3.890451449942807e-002
889	3.683366989374837e-002	3.715352290971726e-002
897	3.583573657024519e-002	3.630780547701014e-002
903	3.498300893499373e-002	3.548133892335755e-002
912	3.433684660740632e-002	3.467368504525317e-002
913	3.339904095628399e-002	3.388441561392026e-002
922	3.174135225864239e-002	3.235936569296283e-002
923	2.918878667985980e-002	2.951209226666385e-002
924	2.797652395498484e-002	2.818382931264454e-002
928	2.711414367983511e-002	2.754228703338166e-002
958	2.477909753437702e-002	2.511886431509579e-002
959	2.427132187367409e-002	2.454708915685030e-002
974	2.351415528292833e-002	2.398832919019490e-002
978	2.321392500427699e-002	2.344228815319923e-002
985	2.284676583553269e-002	2.290867652767774e-002
1033	2.226529038469549e-002	2.238721138568340e-002
1042	2.063366373267306e-002	2.089296130854040e-002
1044	2.010796762815370e-002	2.041737944669530e-002
1046	1.986412365783408e-002	1.995262314968880e-002
1050	1.948735359827003e-002	1.949844599758046e-002
1053	1.894474942070534e-002	1.905460717963247e-002
1069	1.842696844660019e-002	1.862087136662868e-002
1075	1.808180930402814e-002	1.819700858609984e-002
1077	1.773043498259364e-002	1.778279410038923e-002
1086	1.586263557627043e-002	1.621810097358930e-002
1087	1.567131842982650e-002	1.584893192461113e-002
1092	1.538569461632322e-002	1.548816618912481e-002
1094	1.504441154172320e-002	1.513561248436208e-002
1099	1.370798184189004e-002	1.380384264602885e-002
1106	1.331624097289019e-002	1.348962882591653e-002
1108	1.308956028018915e-002	1.318256738556408e-002
1128	1.280917696464479e-002	1.288249551693134e-002
1131	1.248111567243915e-002	1.258925411794168e-002
1134	1.228330408180722e-002	1.230268770812382e-002
1155	1.200993075793633e-002	1.202264434617413e-002
1158	1.117496111596084e-002	1.122018454301964e-002
1163	1.090779741565340e-002	1.096478196143185e-002
1169	1.070797722124017e-002	1.071519305237607e-002
1173	1.046248624023671e-002	1.047128548050900e-002
1181	1.018951187517547e-002	1.023292992280754e-002
1190	9.898990173716094e-003	1.000000000000000e-002
1198	9.720823647281329e-003	9.772372209558112e-003
1210	9.478307608391412e-003	9.549925860214359e-003
1221	9.269079738132180e-003	9.332543007969915e-003
1229	9.084361565470545e-003	9.120108393559097e-003
1236	8.883372543615264e-003	8.912509381337459e-003
1241	8.707820885883510e-003	8.709635899560805e-003
1256	8.495017126789795e-003	8.511380382023768e-003
1267	8.261754780586217e-003	8.317637711026709e-003
1275	8.119287487516891e-003	8.128305161640995e-003
1295	7.938133607406028e-003	7.943282347242814e-003
1302	7.729154816765838e-003	7.762471166286920e-003
1309	7.507045049352956e-003	7.585775750291836e-003
1327	7.368493585264369e-003	7.413102413009177e-003
1344	7.225583840163474e-003	7.244359600749898e-003
1357	7.047550623082377e-003	7.079457843841380e-003
1373	6.917531520261977e-003	6.918309709189363e-003
1393	6.711109554630501e-003	6.760829753919818e-003
1397	6.524229624809030e-003	6.606934480075957e-003
1399	6.448530432132116e-003	6.456542290346556e-003
1415	6.276600144889066e-003	6.309573444801930e-003
1431	6.148394151753167e-003	6.165950018614822e-003
1459	6.020365848779963e-003	6.025595860743574e-003
1480	5.888411596427390e-003	5.888436553555890e-003
1494	5.753273365525669e-003	5.754399373371567e-003
1531	5.622757007807344e-003	5.623413251903491e-003
1549	5.488861992074434e-003	5.495408738576248e-003
1564	5.362107040776443e-003	5.370317963702527e-003
1575	5.240925613646419e-003	5.248074602497728e-003
1591	5.112934719771256e-003	5.128613839913648e-003
1621	5.007708692570390e-003	5.011872336272725e-003
1642	4.891499274211397e-003	4.897788193684461e-003
1661	4.783982001427267e-003	4.786300923226385e-003
1686	4.664404991356119e-003	4.677351412871981e-003
1727	4.541303259791629e-003	4.570881896148752e-003
1766	4.465202785994604e-003	4.466835921509631e-003
1837	4.363516155803215e-003	4.365158322401661e-003
1938	4.260807136644673e-003	4.265795188015926e-003
2086	4.168597795153883e-003	4.168693834703355e-003
300001	4.110769587992502e-003	4.168693834703355e-003
