%
% index = 1750, name = bbob_f002_i02_d10__bbob_f002_i04_d10
% instance = 1, reference value = 8.365925163330720e-001
% function evaluation | indicator value | target hit
1	2.721349524310035e+003	2.754228703338166e+003
2	9.452451254157576e+001	9.549925860214358e+001
14	8.328239860924772e+001	8.511380382023764e+001
29	2.398375852029096e+001	2.398832919019490e+001
210	1.932159208316712e+001	1.949844599758045e+001
472	1.640513089961215e+001	1.659586907437561e+001
474	1.378083607439504e+001	1.380384264602885e+001
521	9.926240475347171e+000	1.000000000000000e+001
560	8.947039844640139e+000	9.120108393559097e+000
566	2.626420616121107e+000	2.630267991895382e+000
990	1.871098639869072e+000	1.905460717963247e+000
1030	1.350564505785572e+000	1.380384264602885e+000
1219	7.725315879625451e-001	7.762471166286917e-001
1319	7.497584922579524e-001	7.585775750291838e-001
1360	7.153142947951315e-001	7.244359600749900e-001
1449	7.071813854993542e-001	7.079457843841379e-001
1458	6.780784156611237e-001	6.918309709189364e-001
1476	6.431444713971322e-001	6.456542290346555e-001
1547	4.749121355235109e-001	4.786300923226383e-001
1556	4.672898627761039e-001	4.677351412871982e-001
1617	4.462509331049542e-001	4.466835921509632e-001
1620	4.031718740473014e-001	4.073802778041127e-001
1738	3.967119976857241e-001	3.981071705534973e-001
1744	3.872983356944766e-001	3.890451449942806e-001
1800	3.714216940991068e-001	3.715352290971726e-001
1801	3.615140478959549e-001	3.630780547701014e-001
1809	3.110083647649831e-001	3.162277660168379e-001
1817	3.042264064444852e-001	3.090295432513591e-001
1859	2.983978244437958e-001	3.019951720402016e-001
1868	2.949656134336957e-001	2.951209226666385e-001
1886	2.850870574275359e-001	2.884031503126606e-001
1897	2.746924312786579e-001	2.754228703338166e-001
1911	2.635385777972027e-001	2.691534803926916e-001
1916	2.625514859638209e-001	2.630267991895382e-001
1938	2.569733337627529e-001	2.570395782768864e-001
1946	2.470227846336066e-001	2.511886431509580e-001
1954	2.260132862530083e-001	2.290867652767773e-001
1984	2.181491909864616e-001	2.187761623949552e-001
1987	2.109141368546157e-001	2.137962089502232e-001
1991	2.086295941092741e-001	2.089296130854039e-001
1996	1.876207784663472e-001	1.905460717963247e-001
2004	1.837521851780267e-001	1.862087136662868e-001
2007	1.811418474144132e-001	1.819700858609984e-001
2034	1.727050520805175e-001	1.737800828749375e-001
2043	1.698142663774885e-001	1.698243652461744e-001
2056	1.622387226595934e-001	1.659586907437561e-001
2060	1.616553397771011e-001	1.621810097358930e-001
2084	1.556833431326996e-001	1.584893192461113e-001
2088	1.547883332949323e-001	1.548816618912481e-001
2097	1.502318716788180e-001	1.513561248436208e-001
2112	1.439840203586718e-001	1.445439770745928e-001
2114	1.376632015061619e-001	1.380384264602885e-001
2173	1.345177473777464e-001	1.348962882591654e-001
2265	1.312606016617465e-001	1.318256738556407e-001
2279	1.247792052341535e-001	1.258925411794167e-001
2307	1.219688324205094e-001	1.230268770812382e-001
2323	1.173002057712209e-001	1.174897554939529e-001
2359	1.122414687322183e-001	1.148153621496883e-001
2365	1.110937856770702e-001	1.122018454301964e-001
2389	1.091823170475453e-001	1.096478196143185e-001
2418	1.067050360852014e-001	1.071519305237607e-001
2434	1.038029614290971e-001	1.047128548050900e-001
2458	1.017314591292177e-001	1.023292992280754e-001
2466	9.896380631456581e-002	1.000000000000000e-001
2505	9.756521347161595e-002	9.772372209558107e-002
2548	9.519661353214504e-002	9.549925860214359e-002
2582	9.207794332320896e-002	9.332543007969910e-002
2594	8.965638064112447e-002	9.120108393559097e-002
2619	8.857964469745849e-002	8.912509381337455e-002
2625	8.671430191463281e-002	8.709635899560805e-002
2637	8.483430176649998e-002	8.511380382023763e-002
2646	8.213255046957535e-002	8.317637711026708e-002
2663	8.078851611423155e-002	8.128305161640990e-002
2682	7.910709425036766e-002	7.943282347242814e-002
2697	7.731434471639387e-002	7.762471166286916e-002
2734	7.477275660411975e-002	7.585775750291836e-002
2749	7.394099771947582e-002	7.413102413009177e-002
2796	7.189467273780592e-002	7.244359600749903e-002
2798	7.075797957799701e-002	7.079457843841380e-002
2817	6.878738689849595e-002	6.918309709189366e-002
2834	6.652287039382920e-002	6.760829753919818e-002
2848	6.603584219702796e-002	6.606934480075961e-002
2878	6.319940369741162e-002	6.456542290346556e-002
2886	6.303298647007061e-002	6.309573444801933e-002
2919	6.150025374244306e-002	6.165950018614822e-002
2936	6.003385736698719e-002	6.025595860743578e-002
2942	5.852912946173150e-002	5.888436553555890e-002
2967	5.714858520588151e-002	5.754399373371569e-002
2986	5.573424755353751e-002	5.623413251903491e-002
3009	5.446979451893086e-002	5.495408738576246e-002
3034	5.364594867499672e-002	5.370317963702527e-002
3065	5.247948104937827e-002	5.248074602497726e-002
3113	5.113411806025192e-002	5.128613839913648e-002
3123	5.000872217764019e-002	5.011872336272722e-002
3142	4.868414845461710e-002	4.897788193684461e-002
3187	4.723455447585445e-002	4.786300923226383e-002
3202	4.670617598568494e-002	4.677351412871982e-002
3215	4.561234063399033e-002	4.570881896148749e-002
3255	4.460242101500023e-002	4.466835921509630e-002
3291	4.344409859198128e-002	4.365158322401658e-002
3307	4.213287759574669e-002	4.265795188015926e-002
3325	4.159901914823205e-002	4.168693834703355e-002
3370	4.072254021797217e-002	4.073802778041128e-002
3398	3.974769288477009e-002	3.981071705534973e-002
3430	3.873538241723085e-002	3.890451449942807e-002
3450	3.794874947501392e-002	3.801893963205612e-002
3479	3.671677729202894e-002	3.715352290971726e-002
3508	3.628269116691052e-002	3.630780547701014e-002
3531	3.500411623068189e-002	3.548133892335755e-002
3545	3.467281466120042e-002	3.467368504525317e-002
3553	3.387225315437625e-002	3.388441561392026e-002
3580	3.290977832016129e-002	3.311311214825911e-002
3606	3.215284668134011e-002	3.235936569296283e-002
3644	3.135303718165938e-002	3.162277660168379e-002
3664	3.088515334787645e-002	3.090295432513590e-002
3683	3.014588937209861e-002	3.019951720402016e-002
3730	2.947000150758328e-002	2.951209226666385e-002
3779	2.882431399447127e-002	2.884031503126606e-002
3828	2.783348243922124e-002	2.818382931264454e-002
3859	2.748567007429736e-002	2.754228703338166e-002
3916	2.687048406566450e-002	2.691534803926915e-002
3969	2.618644915729751e-002	2.630267991895382e-002
3989	2.557013207038217e-002	2.570395782768863e-002
4007	2.499857255811255e-002	2.511886431509579e-002
4050	2.451412384630458e-002	2.454708915685030e-002
4081	2.389591299456551e-002	2.398832919019490e-002
4105	2.342996858046909e-002	2.344228815319923e-002
4183	2.284099981122889e-002	2.290867652767774e-002
4242	2.238246002061917e-002	2.238721138568340e-002
4309	2.187568398626227e-002	2.187761623949553e-002
4349	2.136917266359972e-002	2.137962089502233e-002
4419	2.087093727416534e-002	2.089296130854040e-002
4491	2.033773449802223e-002	2.041737944669530e-002
4502	1.989897679458308e-002	1.995262314968880e-002
4567	1.949431765425813e-002	1.949844599758046e-002
4620	1.898206184956741e-002	1.905460717963247e-002
4672	1.860182509816089e-002	1.862087136662868e-002
4796	1.809942656435581e-002	1.819700858609984e-002
4825	1.777712678101162e-002	1.778279410038923e-002
4991	1.734935440473862e-002	1.737800828749376e-002
5072	1.693539363706442e-002	1.698243652461744e-002
5160	1.657613879386333e-002	1.659586907437561e-002
5323	1.619218860975580e-002	1.621810097358930e-002
5498	1.583789806940483e-002	1.584893192461113e-002
5655	1.548165491791731e-002	1.548816618912481e-002
5984	1.512055182903194e-002	1.513561248436208e-002
6212	1.478473305334982e-002	1.479108388168207e-002
6941	1.445294519560791e-002	1.445439770745927e-002
1000001	1.429854857952084e-002	1.445439770745927e-002
%
% index = 1751, name = bbob_f002_i03_d10__bbob_f002_i05_d10
% instance = 2, reference value = 8.295014197955120e-001
% function evaluation | indicator value | target hit
1	4.411071359427729e+002	4.466835921509630e+002
2	1.522769683200839e+001	1.548816618912481e+001
14	1.446499796614613e+001	1.479108388168207e+001
29	3.883842964369823e+000	3.890451449942806e+000
222	2.159702445058483e+000	2.187761623949553e+000
515	2.069566439662512e+000	2.089296130854040e+000
530	2.035073741053013e+000	2.041737944669529e+000
542	8.085577806946390e-001	8.128305161640993e-001
550	5.429813979662224e-001	5.495408738576245e-001
728	5.236349196848387e-001	5.248074602497725e-001
840	5.030866100505751e-001	5.128613839913648e-001
863	4.767945728033849e-001	4.786300923226383e-001
876	4.570255433106923e-001	4.570881896148750e-001
962	4.438441206420870e-001	4.466835921509632e-001
993	3.418707141645853e-001	3.467368504525316e-001
999	3.094926237502270e-001	3.162277660168379e-001
1003	3.078762875170307e-001	3.090295432513591e-001
1011	2.966503105961705e-001	3.019951720402016e-001
1076	2.928603104760468e-001	2.951209226666385e-001
1101	2.867158989946065e-001	2.884031503126606e-001
1103	2.642181937837421e-001	2.691534803926916e-001
1105	2.564330291708419e-001	2.570395782768864e-001
1210	2.303284132971165e-001	2.344228815319922e-001
1211	2.253382743625007e-001	2.290867652767773e-001
1212	2.112059383763140e-001	2.137962089502232e-001
1229	2.081754974685603e-001	2.089296130854039e-001
1249	2.036473065036225e-001	2.041737944669530e-001
1271	1.900322449018950e-001	1.905460717963247e-001
1345	1.688104282101568e-001	1.698243652461744e-001
1383	1.654932321994336e-001	1.659586907437561e-001
1386	1.613445165786875e-001	1.621810097358930e-001
1407	1.555965263798221e-001	1.584893192461113e-001
1413	1.540533541628946e-001	1.548816618912481e-001
1427	1.404741042543006e-001	1.412537544622755e-001
1472	1.266253666802636e-001	1.288249551693134e-001
1484	1.222421348773911e-001	1.230268770812382e-001
1492	1.108179362576218e-001	1.122018454301964e-001
1500	1.062736879951537e-001	1.071519305237607e-001
1516	1.004738016629134e-001	1.023292992280754e-001
1520	9.655225292331793e-002	9.772372209558107e-002
1576	9.046664900513268e-002	9.120108393559097e-002
1581	8.858040966337666e-002	8.912509381337455e-002
1633	8.696501918068589e-002	8.709635899560805e-002
1650	8.356383525243927e-002	8.511380382023763e-002
1659	8.266442134708174e-002	8.317637711026708e-002
1662	8.013750914574325e-002	8.128305161640990e-002
1673	7.885899187127432e-002	7.943282347242814e-002
1683	7.601855250571388e-002	7.762471166286916e-002
1685	7.508316731456188e-002	7.585775750291836e-002
1686	7.382097624345929e-002	7.413102413009177e-002
1689	7.154740132176152e-002	7.244359600749903e-002
1695	7.077757605614177e-002	7.079457843841380e-002
1749	6.897376542988554e-002	6.918309709189366e-002
1750	6.602462005713594e-002	6.606934480075961e-002
1764	6.453769513251928e-002	6.456542290346556e-002
1772	6.190474225703579e-002	6.309573444801933e-002
1774	5.920809238943758e-002	6.025595860743578e-002
1775	5.879092619750526e-002	5.888436553555890e-002
1797	5.747368236148120e-002	5.754399373371569e-002
1825	5.566732980247025e-002	5.623413251903491e-002
1839	5.404939611787962e-002	5.495408738576246e-002
1852	5.330885468896129e-002	5.370317963702527e-002
1868	5.212383603116488e-002	5.248074602497726e-002
1878	5.045544900610410e-002	5.128613839913648e-002
1883	4.985995651109820e-002	5.011872336272722e-002
1892	4.847572091257857e-002	4.897788193684461e-002
1897	4.761047090824810e-002	4.786300923226383e-002
1919	4.667772868728881e-002	4.677351412871982e-002
1928	4.325025174486918e-002	4.365158322401658e-002
1943	4.241718394460547e-002	4.265795188015926e-002
1973	4.165322218387002e-002	4.168693834703355e-002
1985	4.073288233490902e-002	4.073802778041128e-002
2026	3.975522768103668e-002	3.981071705534973e-002
2039	3.889959661694231e-002	3.890451449942807e-002
2070	3.783492014478107e-002	3.801893963205612e-002
2098	3.699765601160032e-002	3.715352290971726e-002
2109	3.596253554163276e-002	3.630780547701014e-002
2113	3.521929891016029e-002	3.548133892335755e-002
2121	3.455131637997377e-002	3.467368504525317e-002
2142	3.382441016833349e-002	3.388441561392026e-002
2160	3.303785891387812e-002	3.311311214825911e-002
2170	3.210502269860593e-002	3.235936569296283e-002
2183	3.126405656546094e-002	3.162277660168379e-002
2190	3.088744238534835e-002	3.090295432513590e-002
2218	3.017369259153735e-002	3.019951720402016e-002
2233	2.935722324134060e-002	2.951209226666385e-002
2238	2.817468191277639e-002	2.818382931264454e-002
2262	2.733150332918177e-002	2.754228703338166e-002
2289	2.690882852175669e-002	2.691534803926915e-002
2295	2.628163514241688e-002	2.630267991895382e-002
2321	2.562830741143130e-002	2.570395782768863e-002
2365	2.507795575453797e-002	2.511886431509579e-002
2382	2.450241385497243e-002	2.454708915685030e-002
2423	2.398342936646492e-002	2.398832919019490e-002
2459	2.340637343425800e-002	2.344228815319923e-002
2479	2.288551380550996e-002	2.290867652767774e-002
2497	2.227201283797575e-002	2.238721138568340e-002
2507	2.186977780466992e-002	2.187761623949553e-002
2544	2.136227425046100e-002	2.137962089502233e-002
2579	2.086499476329640e-002	2.089296130854040e-002
2615	2.017816296364761e-002	2.041737944669530e-002
2653	1.992538827671608e-002	1.995262314968880e-002
2680	1.932463404590812e-002	1.949844599758046e-002
2711	1.905358537257951e-002	1.905460717963247e-002
2727	1.862037186159249e-002	1.862087136662868e-002
2754	1.819381673624754e-002	1.819700858609984e-002
2808	1.770687650109071e-002	1.778279410038923e-002
2826	1.736420434093522e-002	1.737800828749376e-002
2862	1.677772349053575e-002	1.698243652461744e-002
2896	1.652262307481545e-002	1.659586907437561e-002
2907	1.618680694888852e-002	1.621810097358930e-002
2950	1.575593388336194e-002	1.584893192461113e-002
2989	1.547598740656397e-002	1.548816618912481e-002
3054	1.512488090849806e-002	1.513561248436208e-002
3118	1.478464360836984e-002	1.479108388168207e-002
3173	1.444190047376193e-002	1.445439770745927e-002
3244	1.397570174222740e-002	1.412537544622754e-002
3251	1.365299932088060e-002	1.380384264602885e-002
3281	1.348795999474239e-002	1.348962882591653e-002
3356	1.318031199944025e-002	1.318256738556408e-002
3497	1.288240236694094e-002	1.288249551693134e-002
3607	1.256781398543727e-002	1.258925411794168e-002
3814	1.230222376824419e-002	1.230268770812382e-002
4138	1.202220516114716e-002	1.202264434617413e-002
1000001	1.179713144312777e-002	1.202264434617413e-002
%
% index = 1752, name = bbob_f002_i07_d10__bbob_f002_i08_d10
% instance = 3, reference value = 8.219412328891530e-001
% function evaluation | indicator value | target hit
1	1.510880680002650e+003	1.513561248436209e+003
2	4.741157622184593e+001	4.786300923226383e+001
29	1.744641124051718e+001	1.778279410038923e+001
150	1.286609482762394e+001	1.288249551693134e+001
197	7.750914860802681e+000	7.762471166286917e+000
377	4.201840852671490e+000	4.265795188015927e+000
381	3.769853218748513e+000	3.801893963205612e+000
442	3.405399571886876e+000	3.467368504525317e+000
492	2.622240686126835e+000	2.630267991895382e+000
543	2.237390985090159e+000	2.238721138568339e+000
655	2.118113036585365e+000	2.137962089502232e+000
667	1.556585365397887e+000	1.584893192461114e+000
696	1.463417578527148e+000	1.479108388168207e+000
734	1.413375089534142e+000	1.445439770745927e+000
756	9.077089647931530e-001	9.120108393559098e-001
760	7.771272883392655e-001	7.943282347242815e-001
913	4.809274213201839e-001	4.897788193684462e-001
950	3.821518361032059e-001	3.890451449942806e-001
982	3.444092574961206e-001	3.467368504525316e-001
1104	3.363170628901506e-001	3.388441561392026e-001
1127	3.222563191395940e-001	3.235936569296283e-001
1168	3.159314774167269e-001	3.162277660168379e-001
1221	3.088079900121434e-001	3.090295432513591e-001
1244	2.940162954556977e-001	2.951209226666385e-001
1279	2.760400004712642e-001	2.818382931264454e-001
1282	2.594931264648654e-001	2.630267991895382e-001
1326	2.544799832475971e-001	2.570395782768864e-001
1328	2.441571477299758e-001	2.454708915685031e-001
1349	2.329905829999316e-001	2.344228815319922e-001
1374	2.242064512504891e-001	2.290867652767773e-001
1390	2.236131020483565e-001	2.238721138568340e-001
1426	2.177285801845588e-001	2.187761623949552e-001
1432	1.985516427973918e-001	1.995262314968880e-001
1452	1.925055961924461e-001	1.949844599758046e-001
1466	1.868564165398058e-001	1.905460717963247e-001
1511	1.812857522752582e-001	1.819700858609984e-001
1533	1.742674374572077e-001	1.778279410038923e-001
1544	1.713355096240188e-001	1.737800828749375e-001
1561	1.691272247871987e-001	1.698243652461744e-001
1564	1.650423447763361e-001	1.659586907437561e-001
1576	1.619639079351508e-001	1.621810097358930e-001
1616	1.580696563684574e-001	1.584893192461113e-001
1649	1.504575222258069e-001	1.513561248436208e-001
1655	1.468388739083256e-001	1.479108388168208e-001
1660	1.445214710800618e-001	1.445439770745928e-001
1671	1.409294980141843e-001	1.412537544622755e-001
1672	1.373589167230968e-001	1.380384264602885e-001
1682	1.306959332405939e-001	1.318256738556407e-001
1725	1.277130569527717e-001	1.288249551693134e-001
1768	1.252937252003626e-001	1.258925411794167e-001
1772	1.199749698453194e-001	1.202264434617413e-001
1781	1.141015514230057e-001	1.148153621496883e-001
1789	1.115383312337962e-001	1.122018454301964e-001
1814	1.084704549321728e-001	1.096478196143185e-001
1823	1.063632654517920e-001	1.071519305237607e-001
1827	1.043853303425141e-001	1.047128548050900e-001
1845	1.002333366377565e-001	1.023292992280754e-001
1848	9.979682669974532e-002	1.000000000000000e-001
1877	9.753606569185103e-002	9.772372209558107e-002
1915	9.418957541912587e-002	9.549925860214359e-002
1917	9.315095444549737e-002	9.332543007969910e-002
1919	9.107802261572351e-002	9.120108393559097e-002
1937	8.878074178163842e-002	8.912509381337455e-002
1946	8.648541899853512e-002	8.709635899560805e-002
1970	8.274837765217047e-002	8.317637711026708e-002
1981	8.081099831572847e-002	8.128305161640990e-002
1993	7.737415920922464e-002	7.762471166286916e-002
2018	7.447471251294768e-002	7.585775750291836e-002
2024	7.245272707940043e-002	7.413102413009177e-002
2038	7.239760953233154e-002	7.244359600749903e-002
2063	7.020914018873137e-002	7.079457843841380e-002
2065	6.893447430106803e-002	6.918309709189366e-002
2081	6.745874901831017e-002	6.760829753919818e-002
2104	6.586792575957312e-002	6.606934480075961e-002
2125	6.446157363761562e-002	6.456542290346556e-002
2142	6.202451136781750e-002	6.309573444801933e-002
2154	6.161140662054487e-002	6.165950018614822e-002
2192	5.998302972180070e-002	6.025595860743578e-002
2197	5.864733666467348e-002	5.888436553555890e-002
2219	5.753793453815992e-002	5.754399373371569e-002
2226	5.530131631242863e-002	5.623413251903491e-002
2235	5.494225992946689e-002	5.495408738576246e-002
2275	5.368026137108672e-002	5.370317963702527e-002
2294	5.240882871551755e-002	5.248074602497726e-002
2328	5.111891530827406e-002	5.128613839913648e-002
2341	4.969069535046855e-002	5.011872336272722e-002
2363	4.859743688477680e-002	4.897788193684461e-002
2389	4.752669846778990e-002	4.786300923226383e-002
2416	4.662091537429502e-002	4.677351412871982e-002
2432	4.563573908756713e-002	4.570881896148749e-002
2454	4.466516059833159e-002	4.466835921509630e-002
2476	4.315254089557374e-002	4.365158322401658e-002
2495	4.239995076380276e-002	4.265795188015926e-002
2516	4.161470208986018e-002	4.168693834703355e-002
2544	4.037104359421251e-002	4.073802778041128e-002
2572	3.970458371090657e-002	3.981071705534973e-002
2590	3.884514825883034e-002	3.890451449942807e-002
2624	3.793453595677221e-002	3.801893963205612e-002
2639	3.714803152213930e-002	3.715352290971726e-002
2640	3.585077941044446e-002	3.630780547701014e-002
2656	3.536355195395413e-002	3.548133892335755e-002
2665	3.466884726583286e-002	3.467368504525317e-002
2704	3.387996515705805e-002	3.388441561392026e-002
2740	3.294715187288289e-002	3.311311214825911e-002
2744	3.226499973615560e-002	3.235936569296283e-002
2817	3.153131497846062e-002	3.162277660168379e-002
2837	3.088754273362893e-002	3.090295432513590e-002
2872	3.018420144398337e-002	3.019951720402016e-002
2926	2.920836665330673e-002	2.951209226666385e-002
2947	2.878235217105229e-002	2.884031503126606e-002
2958	2.811828408913253e-002	2.818382931264454e-002
2994	2.722165347568706e-002	2.754228703338166e-002
3027	2.690575543628182e-002	2.691534803926915e-002
3034	2.624158029101376e-002	2.630267991895382e-002
3052	2.561251088580085e-002	2.570395782768863e-002
3078	2.511716422617072e-002	2.511886431509579e-002
3118	2.390901865634776e-002	2.398832919019490e-002
3158	2.338981073171431e-002	2.344228815319923e-002
3193	2.282272970882171e-002	2.290867652767774e-002
3203	2.227990567546678e-002	2.238721138568340e-002
3217	2.179966571725001e-002	2.187761623949553e-002
3245	2.137692719163908e-002	2.137962089502233e-002
3312	2.089254657246098e-002	2.089296130854040e-002
3341	2.039043541878882e-002	2.041737944669530e-002
3382	1.992863684940593e-002	1.995262314968880e-002
3423	1.947569493007340e-002	1.949844599758046e-002
3493	1.904647077034349e-002	1.905460717963247e-002
3536	1.861424270261314e-002	1.862087136662868e-002
3559	1.804066255257664e-002	1.819700858609984e-002
3573	1.758838528829421e-002	1.778279410038923e-002
3584	1.737272592457662e-002	1.737800828749376e-002
3635	1.694133810037579e-002	1.698243652461744e-002
3689	1.658197229322811e-002	1.659586907437561e-002
3735	1.618269982462006e-002	1.621810097358930e-002
3800	1.583294358098297e-002	1.584893192461113e-002
3846	1.546063425512145e-002	1.548816618912481e-002
3898	1.506464591605017e-002	1.513561248436208e-002
3954	1.478610584169193e-002	1.479108388168207e-002
4054	1.445104986330481e-002	1.445439770745927e-002
4127	1.410029081393882e-002	1.412537544622754e-002
4196	1.380246106256411e-002	1.380384264602885e-002
4316	1.348494800127287e-002	1.348962882591653e-002
4394	1.315746335303392e-002	1.318256738556408e-002
4446	1.287878188249869e-002	1.288249551693134e-002
4547	1.258175380764492e-002	1.258925411794168e-002
4658	1.228688932109634e-002	1.230268770812382e-002
4749	1.198935035162974e-002	1.202264434617413e-002
4993	1.174775698086494e-002	1.174897554939530e-002
5234	1.146828217193019e-002	1.148153621496883e-002
5617	1.121974152147265e-002	1.122018454301964e-002
7773	1.096476353143383e-002	1.096478196143185e-002
1000001	1.082096127880272e-002	1.096478196143185e-002
%
% index = 1753, name = bbob_f002_i09_d10__bbob_f002_i10_d10
% instance = 4, reference value = 8.347018741217090e-001
% function evaluation | indicator value | target hit
1	7.345358945909454e+004	7.413102413009177e+004
2	2.394263874807600e+003	2.398832919019490e+003
29	8.890504094786703e+002	8.912509381337459e+002
150	7.259293293876539e+002	7.413102413009177e+002
241	2.282779077069408e+002	2.290867652767772e+002
629	1.924709673396323e+002	1.949844599758046e+002
771	9.257371120872676e+001	9.332543007969910e+001
891	7.503095635134301e+001	7.585775750291836e+001
953	7.259115377540175e+001	7.413102413009177e+001
1001	4.685061703348939e+001	4.786300923226383e+001
1094	4.095050886527131e+001	4.168693834703355e+001
1108	1.598238307555215e+001	1.621810097358930e+001
1424	1.426219118752299e+001	1.445439770745927e+001
1591	9.442059306872258e+000	9.549925860214358e+000
1647	8.050344046558463e+000	8.128305161640993e+000
1728	6.107851924182199e+000	6.165950018614822e+000
1820	5.108785312492703e+000	5.128613839913649e+000
1835	4.670547951093238e+000	4.677351412871983e+000
1839	3.218585074282376e+000	3.235936569296283e+000
1918	2.422188725692893e+000	2.454708915685031e+000
2011	2.172935646592769e+000	2.187761623949553e+000
2130	1.215828269218709e+000	1.230268770812382e+000
2375	1.185166652901209e+000	1.202264434617413e+000
2444	9.993076062962091e-001	1.000000000000000e+000
2480	8.332294670258804e-001	8.511380382023764e-001
2562	7.706223983281120e-001	7.762471166286917e-001
2582	7.279860456030087e-001	7.413102413009175e-001
2606	6.805883583412697e-001	6.918309709189364e-001
2679	6.725733913300307e-001	6.760829753919818e-001
2681	6.102252409138804e-001	6.165950018614822e-001
2692	6.016797064327948e-001	6.025595860743578e-001
2711	5.677766374491235e-001	5.754399373371569e-001
2736	5.386845765024186e-001	5.495408738576245e-001
2827	5.184834258975023e-001	5.248074602497725e-001
2834	5.036677927184963e-001	5.128613839913648e-001
2849	4.918804941028468e-001	5.011872336272722e-001
2855	4.699903007260054e-001	4.786300923226383e-001
2885	4.413007548043110e-001	4.466835921509632e-001
2888	4.356747750060336e-001	4.365158322401660e-001
2899	4.214122005784630e-001	4.265795188015927e-001
2919	4.158830456213274e-001	4.168693834703354e-001
2950	4.072561236920889e-001	4.073802778041127e-001
2959	3.975793938432147e-001	3.981071705534973e-001
2989	3.868768958078896e-001	3.890451449942806e-001
3068	3.667730223582190e-001	3.715352290971726e-001
3075	3.594401098577231e-001	3.630780547701014e-001
3083	3.407048229420797e-001	3.467368504525316e-001
3114	3.287523590870695e-001	3.311311214825911e-001
3169	3.069479299312666e-001	3.090295432513591e-001
3240	2.977261832966656e-001	3.019951720402016e-001
3249	2.852785917435110e-001	2.884031503126606e-001
3256	2.716579205033970e-001	2.754228703338166e-001
3267	2.647008433311060e-001	2.691534803926916e-001
3270	2.520108436135291e-001	2.570395782768864e-001
3296	2.420666863374985e-001	2.454708915685031e-001
3312	2.359303676236900e-001	2.398832919019490e-001
3315	2.315194118747829e-001	2.344228815319922e-001
3323	2.256879607912482e-001	2.290867652767773e-001
3333	2.220977026873180e-001	2.238721138568340e-001
3373	2.185161763990766e-001	2.187761623949552e-001
3410	2.071064273478155e-001	2.089296130854039e-001
3417	1.968071256122600e-001	1.995262314968880e-001
3425	1.948444988128046e-001	1.949844599758046e-001
3427	1.884793843368561e-001	1.905460717963247e-001
3440	1.857730367421404e-001	1.862087136662868e-001
3459	1.814258003016125e-001	1.819700858609984e-001
3467	1.758345943641509e-001	1.778279410038923e-001
3478	1.626787574939999e-001	1.659586907437561e-001
3483	1.595008051424557e-001	1.621810097358930e-001
3489	1.541557519331803e-001	1.548816618912481e-001
3501	1.480178252915343e-001	1.513561248436208e-001
3515	1.416151545768000e-001	1.445439770745928e-001
3535	1.385726225724904e-001	1.412537544622755e-001
3563	1.373551876463213e-001	1.380384264602885e-001
3580	1.341251365592201e-001	1.348962882591654e-001
3589	1.296366373594003e-001	1.318256738556407e-001
3600	1.239110113679989e-001	1.258925411794167e-001
3613	1.206173427633418e-001	1.230268770812382e-001
3635	1.199941258008601e-001	1.202264434617413e-001
3664	1.163101062850210e-001	1.174897554939529e-001
3666	1.116257627182823e-001	1.122018454301964e-001
3690	1.095909160594301e-001	1.096478196143185e-001
3713	1.067636326582534e-001	1.071519305237607e-001
3735	1.046581639231803e-001	1.047128548050900e-001
3786	1.008679276903610e-001	1.023292992280754e-001
3799	9.997577164416704e-002	1.000000000000000e-001
3870	9.677292716213293e-002	9.772372209558107e-002
3893	9.509415761100470e-002	9.549925860214359e-002
3901	9.311803182866263e-002	9.332543007969910e-002
3912	9.112510674545482e-002	9.120108393559097e-002
3940	8.784832560938316e-002	8.912509381337455e-002
3953	8.675172932835384e-002	8.709635899560805e-002
3999	8.376811224746916e-002	8.511380382023763e-002
4008	8.292222356553169e-002	8.317637711026708e-002
4046	8.025323506346294e-002	8.128305161640990e-002
4074	7.813469260043604e-002	7.943282347242814e-002
4102	7.628738769354360e-002	7.762471166286916e-002
4109	7.501542588506471e-002	7.585775750291836e-002
4113	7.411145334499647e-002	7.413102413009177e-002
4125	7.244265967128727e-002	7.244359600749903e-002
4138	7.070886232476792e-002	7.079457843841380e-002
4141	6.882019831090003e-002	6.918309709189366e-002
4153	6.757379001380437e-002	6.760829753919818e-002
4214	6.571464150598561e-002	6.606934480075961e-002
4245	6.443162493629651e-002	6.456542290346556e-002
4290	6.270949164150186e-002	6.309573444801933e-002
4327	6.059906863306708e-002	6.165950018614822e-002
4356	6.019463181689966e-002	6.025595860743578e-002
4363	5.870960634745637e-002	5.888436553555890e-002
4392	5.740660324014169e-002	5.754399373371569e-002
4398	5.610546347798950e-002	5.623413251903491e-002
4454	5.491604204182743e-002	5.495408738576246e-002
4475	5.360203824525089e-002	5.370317963702527e-002
4506	5.245433184344694e-002	5.248074602497726e-002
4521	5.124150923427273e-002	5.128613839913648e-002
4539	4.994374691095238e-002	5.011872336272722e-002
4563	4.762230380058685e-002	4.786300923226383e-002
4572	4.673336335113476e-002	4.677351412871982e-002
4612	4.564543781448838e-002	4.570881896148749e-002
4629	4.465732135796963e-002	4.466835921509630e-002
4652	4.318079043855161e-002	4.365158322401658e-002
4656	4.255979351375949e-002	4.265795188015926e-002
4669	4.074951563735685e-002	4.168693834703355e-002
4679	4.072697005021986e-002	4.073802778041128e-002
4712	3.943958861756602e-002	3.981071705534973e-002
4745	3.886157441203353e-002	3.890451449942807e-002
4757	3.739463964500045e-002	3.801893963205612e-002
4783	3.711642075096078e-002	3.715352290971726e-002
4793	3.591198818311081e-002	3.630780547701014e-002
4795	3.468874695777602e-002	3.548133892335755e-002
4797	3.466933858983157e-002	3.467368504525317e-002
4810	3.329663817788087e-002	3.388441561392026e-002
4842	3.289995840777349e-002	3.311311214825911e-002
4856	3.234334500310787e-002	3.235936569296283e-002
4893	3.143884350355097e-002	3.162277660168379e-002
4942	3.086057220600491e-002	3.090295432513590e-002
4978	3.019656268502957e-002	3.019951720402016e-002
5033	2.867480290846980e-002	2.884031503126606e-002
5072	2.809835067905053e-002	2.818382931264454e-002
5087	2.717230168401408e-002	2.754228703338166e-002
5095	2.667938325838459e-002	2.691534803926915e-002
5143	2.613121671025676e-002	2.630267991895382e-002
5183	2.561263144754633e-002	2.570395782768863e-002
5186	2.470330388400921e-002	2.511886431509579e-002
5207	2.454468752799677e-002	2.454708915685030e-002
5254	2.387085516669341e-002	2.398832919019490e-002
5324	2.342709383272723e-002	2.344228815319923e-002
5344	2.272497965109066e-002	2.290867652767774e-002
5390	2.217236705508430e-002	2.238721138568340e-002
5406	2.180391340457999e-002	2.187761623949553e-002
5461	2.134058302712449e-002	2.137962089502233e-002
5496	2.084440266908838e-002	2.089296130854040e-002
5599	2.040568509373963e-002	2.041737944669530e-002
5668	1.991051491802243e-002	1.995262314968880e-002
5689	1.941741876093095e-002	1.949844599758046e-002
5741	1.904717876440587e-002	1.905460717963247e-002
5900	1.859497407099942e-002	1.862087136662868e-002
5997	1.819636546439807e-002	1.819700858609984e-002
6094	1.774155733399685e-002	1.778279410038923e-002
6132	1.727870785684349e-002	1.737800828749376e-002
6248	1.693397757378523e-002	1.698243652461744e-002
6343	1.654330568253726e-002	1.659586907437561e-002
6448	1.619657990135226e-002	1.621810097358930e-002
6559	1.582653766575914e-002	1.584893192461113e-002
6690	1.544212780472865e-002	1.548816618912481e-002
6776	1.513052799336101e-002	1.513561248436208e-002
6983	1.478037516805686e-002	1.479108388168207e-002
7112	1.444244594066024e-002	1.445439770745927e-002
7422	1.411017431982764e-002	1.412537544622754e-002
7606	1.380086450473539e-002	1.380384264602885e-002
7906	1.348772851349334e-002	1.348962882591653e-002
8428	1.318254176430500e-002	1.318256738556408e-002
1000001	1.290400130158709e-002	1.318256738556408e-002
%
% index = 1754, name = bbob_f002_i11_d10__bbob_f002_i12_d10
% instance = 5, reference value = 8.409119585049720e-001
% function evaluation | indicator value | target hit
1	1.586724597198999e+003	1.621810097358930e+003
2	4.870357783286724e+001	4.897788193684461e+001
29	2.010120857536546e+001	2.041737944669530e+001
150	1.379519103383336e+001	1.380384264602885e+001
286	8.363673833022398e+000	8.511380382023766e+000
403	4.180249683276454e+000	4.265795188015927e+000
448	2.583603538659209e+000	2.630267991895382e+000
618	1.668787715394129e+000	1.698243652461744e+000
724	1.221579335653472e+000	1.230268770812382e+000
926	8.792460784554721e-001	8.912509381337456e-001
961	8.204699696884682e-001	8.317637711026710e-001
1035	8.063229851801254e-001	8.128305161640993e-001
1046	7.438445399341912e-001	7.585775750291838e-001
1132	5.825485248915734e-001	5.888436553555889e-001
1234	5.338539692860120e-001	5.370317963702527e-001
1243	5.031216847919292e-001	5.128613839913648e-001
1248	4.300897931277690e-001	4.365158322401660e-001
1259	4.246516697335615e-001	4.265795188015927e-001
1355	4.027703996227909e-001	4.073802778041127e-001
1415	3.770811816200584e-001	3.801893963205612e-001
1458	3.709780431408998e-001	3.715352290971726e-001
1496	3.078509018065034e-001	3.090295432513591e-001
1512	2.819894781880538e-001	2.884031503126606e-001
1521	2.736297306585321e-001	2.754228703338166e-001
1535	2.686913118517831e-001	2.691534803926916e-001
1555	2.319057996602448e-001	2.344228815319922e-001
1641	2.258921835678189e-001	2.290867652767773e-001
1650	2.019018846340135e-001	2.041737944669530e-001
1671	1.963881621545121e-001	1.995262314968880e-001
1683	1.772346913724181e-001	1.778279410038923e-001
1705	1.725588973946735e-001	1.737800828749375e-001
1729	1.656471029365619e-001	1.659586907437561e-001
1735	1.620553329712318e-001	1.621810097358930e-001
1745	1.575201675262415e-001	1.584893192461113e-001
1766	1.508337977059560e-001	1.513561248436208e-001
1786	1.405465238838957e-001	1.412537544622755e-001
1810	1.349221092823251e-001	1.380384264602885e-001
1850	1.312343770271385e-001	1.318256738556407e-001
1871	1.213437441639098e-001	1.230268770812382e-001
1876	1.185816050278222e-001	1.202264434617413e-001
1912	1.162736491979780e-001	1.174897554939529e-001
1926	1.136299353751710e-001	1.148153621496883e-001
1984	1.119527393959531e-001	1.122018454301964e-001
2011	1.085353547354369e-001	1.096478196143185e-001
2015	1.068903889357803e-001	1.071519305237607e-001
2028	1.045463135668348e-001	1.047128548050900e-001
2065	9.317347455595582e-002	9.332543007969910e-002
2094	8.868946122909716e-002	8.912509381337455e-002
2115	8.707341576451977e-002	8.709635899560805e-002
2119	8.498769151480223e-002	8.511380382023763e-002
2130	8.315701354539518e-002	8.317637711026708e-002
2135	8.119264812574900e-002	8.128305161640990e-002
2153	7.798287112183511e-002	7.943282347242814e-002
2169	7.750057389442022e-002	7.762471166286916e-002
2171	7.472135103093980e-002	7.585775750291836e-002
2188	7.407364044774101e-002	7.413102413009177e-002
2224	7.216441190172163e-002	7.244359600749903e-002
2263	6.984197064119513e-002	7.079457843841380e-002
2278	6.878522750454674e-002	6.918309709189366e-002
2309	6.698896965035017e-002	6.760829753919818e-002
2330	6.586104201425636e-002	6.606934480075961e-002
2347	6.431337265539971e-002	6.456542290346556e-002
2364	6.238143349544878e-002	6.309573444801933e-002
2371	6.010807020478703e-002	6.025595860743578e-002
2379	5.814857579869870e-002	5.888436553555890e-002
2384	5.752200419199505e-002	5.754399373371569e-002
2425	5.565551680861747e-002	5.623413251903491e-002
2431	5.453553485157936e-002	5.495408738576246e-002
2461	5.355991262477267e-002	5.370317963702527e-002
2478	5.176839121517807e-002	5.248074602497726e-002
2494	5.103376865688891e-002	5.128613839913648e-002
2498	5.006024281961474e-002	5.011872336272722e-002
2511	4.831421253348167e-002	4.897788193684461e-002
2515	4.520533094613510e-002	4.570881896148749e-002
2518	4.465468153239871e-002	4.466835921509630e-002
2533	4.328776083371200e-002	4.365158322401658e-002
2571	4.253378658441731e-002	4.265795188015926e-002
2578	4.160490602903622e-002	4.168693834703355e-002
2611	4.027526019827488e-002	4.073802778041128e-002
2659	3.980659079474935e-002	3.981071705534973e-002
2687	3.889609874341049e-002	3.890451449942807e-002
2723	3.787429040051049e-002	3.801893963205612e-002
2733	3.699084479507409e-002	3.715352290971726e-002
2757	3.577867336496066e-002	3.630780547701014e-002
2771	3.490569386529163e-002	3.548133892335755e-002
2784	3.464116730150180e-002	3.467368504525317e-002
2846	3.372921752351388e-002	3.388441561392026e-002
2909	3.304575888111561e-002	3.311311214825911e-002
2950	3.228563221372560e-002	3.235936569296283e-002
2952	3.149476049373257e-002	3.162277660168379e-002
2962	3.089395229714587e-002	3.090295432513590e-002
2985	2.993891383337277e-002	3.019951720402016e-002
3000	2.922271645933072e-002	2.951209226666385e-002
3021	2.870439043010586e-002	2.884031503126606e-002
3048	2.775566721934220e-002	2.818382931264454e-002
3067	2.708416266013369e-002	2.754228703338166e-002
3081	2.687935793771823e-002	2.691534803926915e-002
3113	2.627309013278234e-002	2.630267991895382e-002
3124	2.563121485785858e-002	2.570395782768863e-002
3134	2.501227137875406e-002	2.511886431509579e-002
3205	2.449673227937088e-002	2.454708915685030e-002
3251	2.393550240638542e-002	2.398832919019490e-002
3290	2.343740204030997e-002	2.344228815319923e-002
3342	2.281091986959294e-002	2.290867652767774e-002
3366	2.215547884486013e-002	2.238721138568340e-002
3391	2.169888478634896e-002	2.187761623949553e-002
3396	2.128567358212108e-002	2.137962089502233e-002
3424	2.088487651041882e-002	2.089296130854040e-002
3451	2.031961002108873e-002	2.041737944669530e-002
3497	1.989346842649109e-002	1.995262314968880e-002
3535	1.936243529004578e-002	1.949844599758046e-002
3555	1.904877345134581e-002	1.905460717963247e-002
3564	1.852808362628799e-002	1.862087136662868e-002
3586	1.819421650165054e-002	1.819700858609984e-002
3640	1.764317324321163e-002	1.778279410038923e-002
3663	1.716633841730242e-002	1.737800828749376e-002
3709	1.692762827818017e-002	1.698243652461744e-002
3762	1.655925796675084e-002	1.659586907437561e-002
3827	1.618308594578410e-002	1.621810097358930e-002
3893	1.579843574754769e-002	1.584893192461113e-002
4002	1.547453509361108e-002	1.548816618912481e-002
4081	1.506137310446420e-002	1.513561248436208e-002
4153	1.467761322326366e-002	1.479108388168207e-002
4223	1.444912281084620e-002	1.445439770745927e-002
4314	1.408691948548946e-002	1.412537544622754e-002
4406	1.376374449901685e-002	1.380384264602885e-002
4524	1.348941947954119e-002	1.348962882591653e-002
4632	1.318105293976157e-002	1.318256738556408e-002
4749	1.285582731571444e-002	1.288249551693134e-002
4843	1.258261158705032e-002	1.258925411794168e-002
5011	1.228159240675453e-002	1.230268770812382e-002
5181	1.201297743768603e-002	1.202264434617413e-002
5489	1.174699798894430e-002	1.174897554939530e-002
5956	1.148100667151286e-002	1.148153621496883e-002
6256	1.121962214255401e-002	1.122018454301964e-002
7782	1.096476994326112e-002	1.096478196143185e-002
1000001	1.093847917989788e-002	1.096478196143185e-002
%
% index = 1755, name = bbob_f002_i13_d10__bbob_f002_i14_d10
% instance = 6, reference value = 8.342818885904910e-001
% function evaluation | indicator value | target hit
1	4.260178823627599e+002	4.265795188015925e+002
2	1.448436053904587e+001	1.479108388168207e+001
29	3.654212977743863e+000	3.715352290971725e+000
359	3.070740523587467e+000	3.090295432513591e+000
411	2.806250836305003e+000	2.818382931264454e+000
512	2.244241887191982e+000	2.290867652767773e+000
567	2.189905225085064e+000	2.238721138568339e+000
575	1.838949283563491e+000	1.862087136662868e+000
589	1.424019821644491e+000	1.445439770745927e+000
705	7.342180249512206e-001	7.413102413009175e-001
870	7.193585584467658e-001	7.244359600749900e-001
931	6.856197338703667e-001	6.918309709189364e-001
934	6.542461708946868e-001	6.606934480075960e-001
962	6.054808289886664e-001	6.165950018614822e-001
966	4.887722497661391e-001	4.897788193684462e-001
983	3.895928276948228e-001	3.981071705534973e-001
995	3.706180874848383e-001	3.715352290971726e-001
1084	3.415131663147984e-001	3.467368504525316e-001
1234	3.236266065432162e-001	3.311311214825911e-001
1241	2.966754212859264e-001	3.019951720402016e-001
1282	2.917683764847505e-001	2.951209226666385e-001
1308	2.675852100946717e-001	2.691534803926916e-001
1320	2.598121173476075e-001	2.630267991895382e-001
1339	2.462238893539547e-001	2.511886431509580e-001
1345	2.085221202229347e-001	2.089296130854039e-001
1383	2.037684278788042e-001	2.041737944669530e-001
1390	1.966817291282542e-001	1.995262314968880e-001
1398	1.922779049665867e-001	1.949844599758046e-001
1426	1.858720076936113e-001	1.862087136662868e-001
1453	1.814033446139998e-001	1.819700858609984e-001
1457	1.727369514902303e-001	1.737800828749375e-001
1466	1.572899507030354e-001	1.584893192461113e-001
1489	1.521508565701280e-001	1.548816618912481e-001
1509	1.495912396981285e-001	1.513561248436208e-001
1512	1.398425271031366e-001	1.412537544622755e-001
1544	1.359196177150134e-001	1.380384264602885e-001
1564	1.278620691208974e-001	1.288249551693134e-001
1587	1.241971341230347e-001	1.258925411794167e-001
1604	1.206382534091904e-001	1.230268770812382e-001
1605	1.198264064613137e-001	1.202264434617413e-001
1625	1.157568363015673e-001	1.174897554939529e-001
1634	1.137371931764755e-001	1.148153621496883e-001
1646	1.121107664630270e-001	1.122018454301964e-001
1656	1.080755980069337e-001	1.096478196143185e-001
1675	9.943251471780890e-002	1.000000000000000e-001
1682	9.767977060859989e-002	9.772372209558107e-002
1688	9.465977303011341e-002	9.549925860214359e-002
1736	9.317677769065869e-002	9.332543007969910e-002
1746	9.091944057513268e-002	9.120108393559097e-002
1751	8.618058685018037e-002	8.709635899560805e-002
1754	8.363675458459674e-002	8.511380382023763e-002
1770	8.304211402837891e-002	8.317637711026708e-002
1773	8.073383069169671e-002	8.128305161640990e-002
1788	7.921916426870124e-002	7.943282347242814e-002
1804	7.733623664094902e-002	7.762471166286916e-002
1828	7.548347451986881e-002	7.585775750291836e-002
1849	7.309647058329205e-002	7.413102413009177e-002
1850	7.073314741727499e-002	7.079457843841380e-002
1886	6.841179115583440e-002	6.918309709189366e-002
1889	6.751929164355297e-002	6.760829753919818e-002
1901	6.594242542803142e-002	6.606934480075961e-002
1902	6.404158490910572e-002	6.456542290346556e-002
1926	6.306852276043018e-002	6.309573444801933e-002
1930	6.163550250433814e-002	6.165950018614822e-002
1954	5.983501081685494e-002	6.025595860743578e-002
1965	5.809078792996159e-002	5.888436553555890e-002
1969	5.739987828409010e-002	5.754399373371569e-002
1976	5.557927696544673e-002	5.623413251903491e-002
1978	5.402670057624659e-002	5.495408738576246e-002
1983	5.359818477054090e-002	5.370317963702527e-002
1986	5.242558437917066e-002	5.248074602497726e-002
1996	5.070739047472150e-002	5.128613839913648e-002
2006	4.878818810266328e-002	4.897788193684461e-002
2030	4.703343008512284e-002	4.786300923226383e-002
2045	4.667773081340854e-002	4.677351412871982e-002
2055	4.558490359238121e-002	4.570881896148749e-002
2073	4.335493766820797e-002	4.365158322401658e-002
2088	4.252883062804458e-002	4.265795188015926e-002
2097	4.008090925994190e-002	4.073802778041128e-002
2102	3.972561867304048e-002	3.981071705534973e-002
2142	3.882737662395497e-002	3.890451449942807e-002
2169	3.786652420425429e-002	3.801893963205612e-002
2202	3.692131554958600e-002	3.715352290971726e-002
2217	3.621174171962827e-002	3.630780547701014e-002
2227	3.540105565469431e-002	3.548133892335755e-002
2244	3.296465907650070e-002	3.311311214825911e-002
2249	3.227848389293897e-002	3.235936569296283e-002
2263	3.158194954893756e-002	3.162277660168379e-002
2295	3.084201692352129e-002	3.090295432513590e-002
2304	2.985490186907436e-002	3.019951720402016e-002
2326	2.895669178407934e-002	2.951209226666385e-002
2330	2.878849370571479e-002	2.884031503126606e-002
2364	2.801068284295993e-002	2.818382931264454e-002
2385	2.733771349325453e-002	2.754228703338166e-002
2400	2.684591894330124e-002	2.691534803926915e-002
2414	2.608055799371378e-002	2.630267991895382e-002
2427	2.512840890820778e-002	2.570395782768863e-002
2428	2.504315093753973e-002	2.511886431509579e-002
2464	2.436963569030559e-002	2.454708915685030e-002
2481	2.397181787356351e-002	2.398832919019490e-002
2513	2.332171057405552e-002	2.344228815319923e-002
2539	2.241190064532173e-002	2.290867652767774e-002
2541	2.232989688432863e-002	2.238721138568340e-002
2578	2.169851401794776e-002	2.187761623949553e-002
2584	2.137960729382848e-002	2.137962089502233e-002
2630	2.080049781213911e-002	2.089296130854040e-002
2650	2.014310224594829e-002	2.041737944669530e-002
2661	1.975895930221416e-002	1.995262314968880e-002
2685	1.949006327135128e-002	1.949844599758046e-002
2732	1.890686386475338e-002	1.905460717963247e-002
2760	1.857532453289112e-002	1.862087136662868e-002
2779	1.815333434506783e-002	1.819700858609984e-002
2792	1.773397942664601e-002	1.778279410038923e-002
2811	1.737058773173783e-002	1.737800828749376e-002
2857	1.696145946721139e-002	1.698243652461744e-002
2918	1.655628713736834e-002	1.659586907437561e-002
2939	1.613103409233330e-002	1.621810097358930e-002
2971	1.584830257610914e-002	1.584893192461113e-002
2992	1.543311076493625e-002	1.548816618912481e-002
3040	1.511094173251404e-002	1.513561248436208e-002
3077	1.468375907660457e-002	1.479108388168207e-002
3093	1.444689344969885e-002	1.445439770745927e-002
3130	1.408904517013776e-002	1.412537544622754e-002
3187	1.374103255303560e-002	1.380384264602885e-002
3209	1.346752812265206e-002	1.348962882591653e-002
3232	1.316271476459141e-002	1.318256738556408e-002
3265	1.281255387905012e-002	1.288249551693134e-002
3302	1.258230874679200e-002	1.258925411794168e-002
3335	1.228244963210523e-002	1.230268770812382e-002
3379	1.201724075566635e-002	1.202264434617413e-002
3422	1.174650605441741e-002	1.174897554939530e-002
3487	1.148114940531597e-002	1.148153621496883e-002
3596	1.121961014964357e-002	1.122018454301964e-002
3728	1.096312209783457e-002	1.096478196143185e-002
3921	1.071402868937399e-002	1.071519305237607e-002
4419	1.047121451286004e-002	1.047128548050900e-002
1000001	1.027890410552523e-002	1.047128548050900e-002
%
% index = 1756, name = bbob_f002_i15_d10__bbob_f002_i16_d10
% instance = 7, reference value = 8.285652356592490e-001
% function evaluation | indicator value | target hit
1	1.653953855696042e+003	1.659586907437561e+003
2	5.058481873243003e+001	5.128613839913648e+001
29	2.125925892002844e+001	2.137962089502232e+001
150	1.439746515466035e+001	1.445439770745927e+001
292	9.394081213092688e+000	9.549925860214358e+000
434	6.922380242540037e+000	7.079457843841379e+000
540	6.026737650289225e+000	6.165950018614822e+000
608	4.268635310997706e+000	4.365158322401660e+000
626	1.841999896642425e+000	1.862087136662868e+000
744	1.745341924149749e+000	1.778279410038923e+000
767	1.341939672804749e+000	1.348962882591654e+000
876	1.281615361369911e+000	1.288249551693134e+000
934	8.763759546487491e-001	8.912509381337456e-001
989	7.491201037139138e-001	7.585775750291838e-001
1135	7.264148304238355e-001	7.413102413009175e-001
1176	6.150017154407448e-001	6.165950018614822e-001
1198	5.776039039053418e-001	5.888436553555889e-001
1223	5.735136662327524e-001	5.754399373371569e-001
1245	4.810304562893761e-001	4.897788193684462e-001
1266	4.647666612743526e-001	4.677351412871982e-001
1406	3.907188579936977e-001	3.981071705534973e-001
1412	3.835905159202810e-001	3.890451449942806e-001
1444	3.722696814442306e-001	3.801893963205612e-001
1453	3.492913597095678e-001	3.548133892335755e-001
1471	3.193796803601724e-001	3.235936569296283e-001
1496	3.048131811609222e-001	3.090295432513591e-001
1499	2.952393573977256e-001	3.019951720402016e-001
1503	2.896094546662739e-001	2.951209226666385e-001
1528	2.881524827448453e-001	2.884031503126606e-001
1552	2.809399206270469e-001	2.818382931264454e-001
1573	2.748858690432146e-001	2.754228703338166e-001
1587	2.663843342514932e-001	2.691534803926916e-001
1608	2.593262011733121e-001	2.630267991895382e-001
1616	2.434025037125953e-001	2.454708915685031e-001
1639	2.396221614499734e-001	2.398832919019490e-001
1670	1.910292479634099e-001	1.949844599758046e-001
1694	1.905148088756155e-001	1.905460717963247e-001
1701	1.732472977192108e-001	1.737800828749375e-001
1728	1.690105024690984e-001	1.698243652461744e-001
1734	1.652004360055861e-001	1.659586907437561e-001
1769	1.608823679304293e-001	1.621810097358930e-001
1792	1.557593462925684e-001	1.584893192461113e-001
1800	1.543717980558373e-001	1.548816618912481e-001
1807	1.513001156218257e-001	1.513561248436208e-001
1850	1.477200794919535e-001	1.479108388168208e-001
1874	1.431752896167214e-001	1.445439770745928e-001
1909	1.303213074917275e-001	1.318256738556407e-001
1924	1.267233775621562e-001	1.288249551693134e-001
1960	1.243919349109627e-001	1.258925411794167e-001
1961	1.228605568630942e-001	1.230268770812382e-001
1986	1.131621561422405e-001	1.148153621496883e-001
2006	1.121729119177188e-001	1.122018454301964e-001
2031	1.079262894664889e-001	1.096478196143185e-001
2034	1.066960259840556e-001	1.071519305237607e-001
2075	1.027806485257344e-001	1.047128548050900e-001
2080	1.020491133604468e-001	1.023292992280754e-001
2093	9.607736641006381e-002	9.772372209558107e-002
2102	9.525381200267968e-002	9.549925860214359e-002
2117	9.308288089236083e-002	9.332543007969910e-002
2134	9.050902534758143e-002	9.120108393559097e-002
2145	8.520761277006306e-002	8.709635899560805e-002
2162	8.453255143753058e-002	8.511380382023763e-002
2187	8.294227323719772e-002	8.317637711026708e-002
2195	8.121129694072049e-002	8.128305161640990e-002
2206	7.843140284912342e-002	7.943282347242814e-002
2218	7.326435007254073e-002	7.413102413009177e-002
2230	7.161088089888312e-002	7.244359600749903e-002
2248	6.912886935244866e-002	6.918309709189366e-002
2263	6.755981247206511e-002	6.760829753919818e-002
2274	6.497083667923931e-002	6.606934480075961e-002
2278	6.311929343153244e-002	6.456542290346556e-002
2281	6.233433431452695e-002	6.309573444801933e-002
2301	6.165386218837143e-002	6.165950018614822e-002
2327	5.994833660417775e-002	6.025595860743578e-002
2338	5.529818249105856e-002	5.623413251903491e-002
2350	5.494850907381543e-002	5.495408738576246e-002
2371	5.367386961014553e-002	5.370317963702527e-002
2387	5.198094998580627e-002	5.248074602497726e-002
2407	5.117370363029794e-002	5.128613839913648e-002
2432	4.899876019702898e-002	5.011872336272722e-002
2442	4.834134554315139e-002	4.897788193684461e-002
2455	4.784756263150891e-002	4.786300923226383e-002
2463	4.668654953827101e-002	4.677351412871982e-002
2497	4.550323935413658e-002	4.570881896148749e-002
2513	4.424357309028693e-002	4.466835921509630e-002
2524	4.339226703237353e-002	4.365158322401658e-002
2533	4.218030224153435e-002	4.265795188015926e-002
2544	4.149331330179895e-002	4.168693834703355e-002
2574	4.060598261920234e-002	4.073802778041128e-002
2585	3.980032444103054e-002	3.981071705534973e-002
2588	3.775180954810575e-002	3.801893963205612e-002
2630	3.694044406719321e-002	3.715352290971726e-002
2636	3.610897045418227e-002	3.630780547701014e-002
2640	3.455888985325828e-002	3.467368504525317e-002
2647	3.361063411430620e-002	3.388441561392026e-002
2672	3.304019595638497e-002	3.311311214825911e-002
2712	3.226503231269973e-002	3.235936569296283e-002
2731	3.161821873401383e-002	3.162277660168379e-002
2740	3.077313995923148e-002	3.090295432513590e-002
2756	3.009571438555092e-002	3.019951720402016e-002
2768	2.925059228946847e-002	2.951209226666385e-002
2782	2.876158223198955e-002	2.884031503126606e-002
2819	2.792797114311518e-002	2.818382931264454e-002
2820	2.684692942425582e-002	2.691534803926915e-002
2843	2.629879989892137e-002	2.630267991895382e-002
2855	2.520122007286807e-002	2.570395782768863e-002
2863	2.484572054962786e-002	2.511886431509579e-002
2883	2.447392249513702e-002	2.454708915685030e-002
2929	2.396223043707280e-002	2.398832919019490e-002
2942	2.332238093957229e-002	2.344228815319923e-002
2980	2.290023938626518e-002	2.290867652767774e-002
3047	2.188040589742002e-002	2.238721138568340e-002
3048	2.186706797939098e-002	2.187761623949553e-002
3102	2.121959155861686e-002	2.137962089502233e-002
3115	2.078523833830359e-002	2.089296130854040e-002
3141	2.025518779269109e-002	2.041737944669530e-002
3158	1.975868369945077e-002	1.995262314968880e-002
3176	1.937999122935086e-002	1.949844599758046e-002
3215	1.905181723852589e-002	1.905460717963247e-002
3242	1.861831082346321e-002	1.862087136662868e-002
3266	1.814573082603344e-002	1.819700858609984e-002
3334	1.770517491354684e-002	1.778279410038923e-002
3381	1.737376696896942e-002	1.737800828749376e-002
3431	1.697423640573759e-002	1.698243652461744e-002
3559	1.659410687199447e-002	1.659586907437561e-002
3677	1.617691534931531e-002	1.621810097358930e-002
3740	1.584098381360710e-002	1.584893192461113e-002
3849	1.548002003425697e-002	1.548816618912481e-002
3903	1.513136617772215e-002	1.513561248436208e-002
4024	1.478280804836984e-002	1.479108388168207e-002
4235	1.445236193966859e-002	1.445439770745927e-002
4504	1.411929848443050e-002	1.412537544622754e-002
4792	1.380299274625574e-002	1.380384264602885e-002
5310	1.348921577804130e-002	1.348962882591653e-002
1000001	1.320141594342639e-002	1.348962882591653e-002
%
% index = 1757, name = bbob_f002_i17_d10__bbob_f002_i18_d10
% instance = 8, reference value = 8.376317894270200e-001
% function evaluation | indicator value | target hit
1	1.017635923265096e+003	1.023292992280754e+003
2	3.438859109255952e+001	3.467368504525317e+001
29	9.559063201317500e+000	9.772372209558107e+000
150	9.314143314739800e+000	9.332543007969910e+000
201	8.885269487097709e+000	8.912509381337454e+000
273	4.457655282620369e+000	4.466835921509632e+000
298	1.926157486641938e+000	1.949844599758045e+000
301	1.847746208220020e+000	1.862087136662868e+000
551	1.337565828592824e+000	1.348962882591654e+000
570	9.698984170735199e-001	9.772372209558107e-001
670	8.358198388067427e-001	8.511380382023764e-001
723	8.317564667172801e-001	8.317637711026710e-001
849	8.091834850150309e-001	8.128305161640993e-001
858	6.874404471042314e-001	6.918309709189364e-001
923	6.749876755757139e-001	6.760829753919818e-001
945	6.247871973516457e-001	6.309573444801933e-001
985	5.961934145404929e-001	6.025595860743578e-001
988	5.568099794936191e-001	5.623413251903491e-001
989	5.468899226625346e-001	5.495408738576245e-001
1052	5.354073189308722e-001	5.370317963702527e-001
1079	4.932450472971180e-001	5.011872336272722e-001
1104	4.675426828057848e-001	4.677351412871982e-001
1108	4.553114656133566e-001	4.570881896148750e-001
1164	4.354276011339273e-001	4.365158322401660e-001
1215	4.188123566683343e-001	4.265795188015927e-001
1243	4.117991430176307e-001	4.168693834703354e-001
1271	3.913377379291937e-001	3.981071705534973e-001
1280	3.870776783340332e-001	3.890451449942806e-001
1283	3.756560330427915e-001	3.801893963205612e-001
1291	2.952061873809971e-001	3.019951720402016e-001
1295	2.938551325269720e-001	2.951209226666385e-001
1320	2.792195732756815e-001	2.818382931264454e-001
1328	2.480392371199123e-001	2.511886431509580e-001
1396	2.451654686984758e-001	2.454708915685031e-001
1451	2.335786773372112e-001	2.344228815319922e-001
1472	2.203929516951817e-001	2.238721138568340e-001
1491	2.187318290037987e-001	2.187761623949552e-001
1502	2.069227869871119e-001	2.089296130854039e-001
1539	2.030149840035522e-001	2.041737944669530e-001
1545	1.917516372862216e-001	1.949844599758046e-001
1552	1.841284019953021e-001	1.862087136662868e-001
1565	1.722919316929503e-001	1.737800828749375e-001
1575	1.680533424673935e-001	1.698243652461744e-001
1599	1.631740282836675e-001	1.659586907437561e-001
1607	1.620599949940593e-001	1.621810097358930e-001
1631	1.551504651863884e-001	1.584893192461113e-001
1641	1.547340520717147e-001	1.548816618912481e-001
1655	1.501081271164946e-001	1.513561248436208e-001
1705	1.456240850101948e-001	1.479108388168208e-001
1706	1.444161621661244e-001	1.445439770745928e-001
1728	1.201157209914592e-001	1.202264434617413e-001
1781	1.174221424664426e-001	1.174897554939529e-001
1804	1.098932184125497e-001	1.122018454301964e-001
1810	1.084870327565440e-001	1.096478196143185e-001
1827	1.048399404533763e-001	1.071519305237607e-001
1828	1.045842695386577e-001	1.047128548050900e-001
1845	1.007041863863377e-001	1.023292992280754e-001
1886	9.678174674685180e-002	9.772372209558107e-002
1898	9.206573633382920e-002	9.332543007969910e-002
1899	9.090897767026962e-002	9.120108393559097e-002
1954	8.521824004465595e-002	8.709635899560805e-002
1958	8.453902355648901e-002	8.511380382023763e-002
1992	8.215997248695539e-002	8.317637711026708e-002
1998	7.829597568651647e-002	7.943282347242814e-002
2015	7.722756918862561e-002	7.762471166286916e-002
2054	7.579969066723613e-002	7.585775750291836e-002
2076	7.395116483053299e-002	7.413102413009177e-002
2078	7.212768768335487e-002	7.244359600749903e-002
2081	6.950807735040743e-002	7.079457843841380e-002
2088	6.749302022220016e-002	6.760829753919818e-002
2104	6.588106560898854e-002	6.606934480075961e-002
2115	6.411040563497761e-002	6.456542290346556e-002
2132	6.141342737639610e-002	6.165950018614822e-002
2144	6.010341008022524e-002	6.025595860743578e-002
2158	5.869153585997899e-002	5.888436553555890e-002
2204	5.635705578462313e-002	5.754399373371569e-002
2209	5.614347577029455e-002	5.623413251903491e-002
2222	5.466859304140270e-002	5.495408738576246e-002
2229	5.346697561060509e-002	5.370317963702527e-002
2274	5.246705331278656e-002	5.248074602497726e-002
2291	5.092496400614621e-002	5.128613839913648e-002
2315	4.921994587263634e-002	5.011872336272722e-002
2324	4.869611014624653e-002	4.897788193684461e-002
2341	4.761218200345407e-002	4.786300923226383e-002
2356	4.671383293602649e-002	4.677351412871982e-002
2393	4.540948144391754e-002	4.570881896148749e-002
2413	4.445453803772093e-002	4.466835921509630e-002
2422	4.344451146800610e-002	4.365158322401658e-002
2433	4.252196111728346e-002	4.265795188015926e-002
2477	4.165372902170605e-002	4.168693834703355e-002
2526	3.989556953004636e-002	4.073802778041128e-002
2532	3.937866776461163e-002	3.981071705534973e-002
2544	3.855351789859030e-002	3.890451449942807e-002
2555	3.798766443190771e-002	3.801893963205612e-002
2560	3.601840156348524e-002	3.630780547701014e-002
2573	3.533149618764186e-002	3.548133892335755e-002
2594	3.454154847789714e-002	3.467368504525317e-002
2613	3.346242105920960e-002	3.388441561392026e-002
2642	3.293563062492366e-002	3.311311214825911e-002
2671	3.235888749731009e-002	3.235936569296283e-002
2730	3.122889724093270e-002	3.162277660168379e-002
2749	3.047637489786059e-002	3.090295432513590e-002
2765	3.017328615775927e-002	3.019951720402016e-002
2808	2.930587251090877e-002	2.951209226666385e-002
2820	2.816393221489821e-002	2.818382931264454e-002
2872	2.746724043772730e-002	2.754228703338166e-002
2914	2.691089657477896e-002	2.691534803926915e-002
2955	2.622580441783728e-002	2.630267991895382e-002
2968	2.565163054230979e-002	2.570395782768863e-002
3011	2.510764460351711e-002	2.511886431509579e-002
3025	2.446370488349203e-002	2.454708915685030e-002
3035	2.374231199739463e-002	2.398832919019490e-002
3052	2.337654361692487e-002	2.344228815319923e-002
3085	2.279859197559020e-002	2.290867652767774e-002
3132	2.223552244715255e-002	2.238721138568340e-002
3136	2.184183303215947e-002	2.187761623949553e-002
3191	2.125952565920908e-002	2.137962089502233e-002
3219	2.089082606456394e-002	2.089296130854040e-002
3224	2.040685808142506e-002	2.041737944669530e-002
3276	1.991503908678549e-002	1.995262314968880e-002
3302	1.949427094641765e-002	1.949844599758046e-002
3329	1.905049875606535e-002	1.905460717963247e-002
3354	1.858548655029568e-002	1.862087136662868e-002
3382	1.817305864276875e-002	1.819700858609984e-002
3424	1.775134065622941e-002	1.778279410038923e-002
3478	1.716891700483059e-002	1.737800828749376e-002
3499	1.698200861851840e-002	1.698243652461744e-002
3539	1.658899299849803e-002	1.659586907437561e-002
3564	1.617064453373374e-002	1.621810097358930e-002
3608	1.581032139656879e-002	1.584893192461113e-002
3653	1.548616293090932e-002	1.548816618912481e-002
3705	1.512898846181321e-002	1.513561248436208e-002
3744	1.479099968414266e-002	1.479108388168207e-002
3777	1.442573143703962e-002	1.445439770745927e-002
3841	1.411677676529033e-002	1.412537544622754e-002
3916	1.376601717412951e-002	1.380384264602885e-002
3921	1.348368519359522e-002	1.348962882591653e-002
3955	1.315182197667353e-002	1.318256738556408e-002
4036	1.286550807625897e-002	1.288249551693134e-002
4166	1.253629137322465e-002	1.258925411794168e-002
4263	1.230243462872427e-002	1.230268770812382e-002
4363	1.201799267711767e-002	1.202264434617413e-002
4445	1.174218357030010e-002	1.174897554939530e-002
4528	1.147157564378842e-002	1.148153621496883e-002
4650	1.121781163227742e-002	1.122018454301964e-002
4820	1.096216058336463e-002	1.096478196143185e-002
5000	1.071457043703450e-002	1.071519305237607e-002
5359	1.046863513494878e-002	1.047128548050900e-002
5658	1.023249488413236e-002	1.023292992280754e-002
6012	9.999219019423244e-003	1.000000000000000e-002
312357	9.772362126117540e-003	9.772372209558112e-003
642182	9.527181252335204e-003	9.549925860214359e-003
1000001	9.384256788433465e-003	9.549925860214359e-003
%
% index = 1758, name = bbob_f002_i19_d10__bbob_f002_i21_d10
% instance = 9, reference value = 8.244416372943020e-001
% function evaluation | indicator value | target hit
1	1.457799927327189e+003	1.479108388168207e+003
2	4.819320472679522e+001	4.897788193684461e+001
29	1.262314749350773e+001	1.288249551693134e+001
260	7.178839212900346e+000	7.244359600749901e+000
348	6.065211432735346e+000	6.165950018614822e+000
440	5.110249740732484e+000	5.128613839913649e+000
725	4.807170173813930e+000	4.897788193684462e+000
782	3.427070209463385e+000	3.467368504525317e+000
830	3.096976476476613e+000	3.162277660168379e+000
892	1.326563164687302e+000	1.348962882591654e+000
1049	1.135611507122802e+000	1.148153621496883e+000
1067	8.889893814603020e-001	8.912509381337456e-001
1072	8.202762217982360e-001	8.317637711026710e-001
1089	7.885889645414396e-001	7.943282347242815e-001
1304	7.418782935263869e-001	7.585775750291838e-001
1310	6.296665065919962e-001	6.309573444801933e-001
1443	5.759168572380589e-001	5.888436553555889e-001
1463	5.331928529496949e-001	5.370317963702527e-001
1465	3.573570690602427e-001	3.630780547701014e-001
1500	3.451662627061289e-001	3.467368504525316e-001
1539	3.360162680503772e-001	3.388441561392026e-001
1603	3.256556355283811e-001	3.311311214825911e-001
1673	3.197912104301171e-001	3.235936569296283e-001
1688	3.103633622439919e-001	3.162277660168379e-001
1727	2.983870880668129e-001	3.019951720402016e-001
1783	2.563708134846358e-001	2.570395782768864e-001
1795	2.170495831501765e-001	2.187761623949552e-001
1806	2.132905393705555e-001	2.137962089502232e-001
1847	2.064160857756697e-001	2.089296130854039e-001
1875	2.037222424318741e-001	2.041737944669530e-001
1885	1.933583593523339e-001	1.949844599758046e-001
1901	1.889965917910670e-001	1.905460717963247e-001
1910	1.859794567973448e-001	1.862087136662868e-001
1925	1.767707742337786e-001	1.778279410038923e-001
1977	1.681068812968363e-001	1.698243652461744e-001
1989	1.630666398375141e-001	1.659586907437561e-001
2006	1.592029799219817e-001	1.621810097358930e-001
2012	1.532689018046165e-001	1.548816618912481e-001
2019	1.408853346735184e-001	1.412537544622755e-001
2060	1.316333724699678e-001	1.318256738556407e-001
2069	1.277854881680833e-001	1.288249551693134e-001
2102	1.254675885249159e-001	1.258925411794167e-001
2103	1.224649142699147e-001	1.230268770812382e-001
2135	1.153029038800577e-001	1.174897554939529e-001
2138	1.136808903161982e-001	1.148153621496883e-001
2152	1.121516937462481e-001	1.122018454301964e-001
2160	1.062941016340826e-001	1.071519305237607e-001
2223	1.046972144274787e-001	1.047128548050900e-001
2232	1.018435275294176e-001	1.023292992280754e-001
2248	9.588005502353392e-002	9.772372209558107e-002
2250	9.423848673910540e-002	9.549925860214359e-002
2258	9.272328775829219e-002	9.332543007969910e-002
2262	9.085381961745331e-002	9.120108393559097e-002
2276	8.693946809016684e-002	8.709635899560805e-002
2292	8.406693443044422e-002	8.511380382023763e-002
2299	8.287934181513568e-002	8.317637711026708e-002
2312	8.072977863484077e-002	8.128305161640990e-002
2333	7.940117888142750e-002	7.943282347242814e-002
2358	7.752228035958442e-002	7.762471166286916e-002
2383	7.542196976554838e-002	7.585775750291836e-002
2390	7.250076661070137e-002	7.413102413009177e-002
2391	7.236765401465983e-002	7.244359600749903e-002
2413	7.046224213284613e-002	7.079457843841380e-002
2433	6.737597737161094e-002	6.760829753919818e-002
2462	6.593348694548407e-002	6.606934480075961e-002
2475	6.432783910622175e-002	6.456542290346556e-002
2524	6.299833392633647e-002	6.309573444801933e-002
2536	5.984952138358191e-002	6.025595860743578e-002
2546	5.877412219973055e-002	5.888436553555890e-002
2558	5.618064610891360e-002	5.623413251903491e-002
2583	5.470965707436393e-002	5.495408738576246e-002
2593	5.328043418708017e-002	5.370317963702527e-002
2600	4.951749950558060e-002	5.011872336272722e-002
2605	4.836796549597522e-002	4.897788193684461e-002
2609	4.723185872545155e-002	4.786300923226383e-002
2620	4.615954621404850e-002	4.677351412871982e-002
2632	4.520476636844861e-002	4.570881896148749e-002
2649	4.404493113289532e-002	4.466835921509630e-002
2652	4.326416420387391e-002	4.365158322401658e-002
2659	4.227464741678266e-002	4.265795188015926e-002
2676	4.142364575257873e-002	4.168693834703355e-002
2690	4.072573055283124e-002	4.073802778041128e-002
2705	3.979468471293735e-002	3.981071705534973e-002
2731	3.839417492822039e-002	3.890451449942807e-002
2732	3.783096234785810e-002	3.801893963205612e-002
2762	3.713932376817397e-002	3.715352290971726e-002
2786	3.619841567146909e-002	3.630780547701014e-002
2836	3.543070906507917e-002	3.548133892335755e-002
2879	3.453142923675923e-002	3.467368504525317e-002
2928	3.386576273752229e-002	3.388441561392026e-002
2952	3.291493284620872e-002	3.311311214825911e-002
2957	3.188375717999037e-002	3.235936569296283e-002
2964	3.155622448486350e-002	3.162277660168379e-002
2981	3.087670354389771e-002	3.090295432513590e-002
2987	3.018735723516131e-002	3.019951720402016e-002
3005	2.928544609652728e-002	2.951209226666385e-002
3011	2.835819486077595e-002	2.884031503126606e-002
3019	2.815505016228348e-002	2.818382931264454e-002
3044	2.753731487210220e-002	2.754228703338166e-002
3096	2.686133715058958e-002	2.691534803926915e-002
3129	2.616247330001120e-002	2.630267991895382e-002
3165	2.556962850922306e-002	2.570395782768863e-002
3191	2.509994650637348e-002	2.511886431509579e-002
3217	2.438093349033388e-002	2.454708915685030e-002
3229	2.372629482368927e-002	2.398832919019490e-002
3238	2.334648248380211e-002	2.344228815319923e-002
3253	2.287926223818937e-002	2.290867652767774e-002
3275	2.228125047352447e-002	2.238721138568340e-002
3297	2.177189259976409e-002	2.187761623949553e-002
3303	2.137101464418179e-002	2.137962089502233e-002
3349	2.061089450549947e-002	2.089296130854040e-002
3391	2.038334536402064e-002	2.041737944669530e-002
3408	1.991235890374299e-002	1.995262314968880e-002
3441	1.949605421992640e-002	1.949844599758046e-002
3483	1.895877497711462e-002	1.905460717963247e-002
3527	1.844235026611552e-002	1.862087136662868e-002
3535	1.819293887821549e-002	1.819700858609984e-002
3564	1.769667142893372e-002	1.778279410038923e-002
3581	1.735649053038213e-002	1.737800828749376e-002
3618	1.697773839957328e-002	1.698243652461744e-002
3654	1.633419375778933e-002	1.659586907437561e-002
3684	1.621716733349143e-002	1.621810097358930e-002
3720	1.584477038690790e-002	1.584893192461113e-002
3753	1.544877062090944e-002	1.548816618912481e-002
3767	1.510578188235257e-002	1.513561248436208e-002
3826	1.478894311055223e-002	1.479108388168207e-002
3839	1.421865914070875e-002	1.445439770745927e-002
3848	1.411231387545098e-002	1.412537544622754e-002
3898	1.379358734475145e-002	1.380384264602885e-002
3959	1.348900816667031e-002	1.348962882591653e-002
4012	1.318176754288680e-002	1.318256738556408e-002
4051	1.276684346814350e-002	1.288249551693134e-002
4104	1.255993908641839e-002	1.258925411794168e-002
4177	1.230161091199333e-002	1.230268770812382e-002
4234	1.195698684187241e-002	1.202264434617413e-002
4312	1.174150976932098e-002	1.174897554939530e-002
4371	1.146354911611580e-002	1.148153621496883e-002
4517	1.120276161617018e-002	1.122018454301964e-002
4630	1.095281056133957e-002	1.096478196143185e-002
4774	1.070966206041635e-002	1.071519305237607e-002
4936	1.046499545753177e-002	1.047128548050900e-002
5203	1.023255612017571e-002	1.023292992280754e-002
45409	9.999998117599884e-003	1.000000000000000e-002
1000001	9.883289246798821e-003	1.000000000000000e-002
%
% index = 1759, name = bbob_f002_i21_d10__bbob_f002_i22_d10
% instance = 10, reference value = 8.453023546953320e-001
% function evaluation | indicator value | target hit
1	2.969585199979904e+003	3.019951720402016e+003
2	9.554208423708137e+001	9.772372209558107e+001
29	3.004130218098109e+001	3.019951720402016e+001
150	2.442134141287760e+001	2.454708915685030e+001
344	1.349122093929306e+001	1.380384264602885e+001
562	3.212766753498603e+000	3.235936569296283e+000
676	2.370068165056905e+000	2.398832919019490e+000
919	1.492936761952210e+000	1.513561248436208e+000
1036	1.478417719635766e+000	1.479108388168207e+000
1039	8.658508368103319e-001	8.709635899560806e-001
1311	7.553069529258319e-001	7.585775750291838e-001
1330	7.007999361660030e-001	7.079457843841379e-001
1460	6.295713653956536e-001	6.309573444801933e-001
1540	6.103303073307245e-001	6.165950018614822e-001
1598	5.882910205686921e-001	5.888436553555889e-001
1613	5.678688422183053e-001	5.754399373371569e-001
1615	5.472213808399740e-001	5.495408738576245e-001
1619	4.222274469539208e-001	4.265795188015927e-001
1621	4.153400680495918e-001	4.168693834703354e-001
1627	3.789548063436213e-001	3.801893963205612e-001
1646	3.667337369884606e-001	3.715352290971726e-001
1680	3.586667240593904e-001	3.630780547701014e-001
1689	3.160054914879102e-001	3.162277660168379e-001
1772	3.080996068583517e-001	3.090295432513591e-001
1783	2.964100120978601e-001	3.019951720402016e-001
1784	2.928439190858314e-001	2.951209226666385e-001
1792	2.696789458992204e-001	2.754228703338166e-001
1805	2.639765971948471e-001	2.691534803926916e-001
1847	2.552328101898225e-001	2.570395782768864e-001
1877	2.497778174173018e-001	2.511886431509580e-001
1892	2.263080502769803e-001	2.290867652767773e-001
1909	2.234859655905626e-001	2.238721138568340e-001
1955	2.149189491166464e-001	2.187761623949552e-001
1974	2.120019590333890e-001	2.137962089502232e-001
2002	1.997353834476567e-001	2.041737944669530e-001
2009	1.971564781876949e-001	1.995262314968880e-001
2019	1.947116914483035e-001	1.949844599758046e-001
2096	1.882151216216327e-001	1.905460717963247e-001
2130	1.803980694339191e-001	1.819700858609984e-001
2171	1.743015575391566e-001	1.778279410038923e-001
2179	1.736258316739751e-001	1.737800828749375e-001
2185	1.667290104802239e-001	1.698243652461744e-001
2194	1.589620999031806e-001	1.621810097358930e-001
2198	1.544659916785728e-001	1.548816618912481e-001
2228	1.512571142726771e-001	1.513561248436208e-001
2230	1.404320703017892e-001	1.412537544622755e-001
2237	1.360854121719719e-001	1.380384264602885e-001
2240	1.282330359424737e-001	1.288249551693134e-001
2292	1.230672321706766e-001	1.258925411794167e-001
2297	1.191581789767159e-001	1.202264434617413e-001
2320	1.118571812596417e-001	1.122018454301964e-001
2394	1.083769563513011e-001	1.096478196143185e-001
2395	1.065579924656933e-001	1.071519305237607e-001
2433	1.033172417895388e-001	1.047128548050900e-001
2479	1.022558679836475e-001	1.023292992280754e-001
2489	9.939838079717478e-002	1.000000000000000e-001
2514	9.745804407321379e-002	9.772372209558107e-002
2516	9.355099534623679e-002	9.549925860214359e-002
2521	9.176679201451699e-002	9.332543007969910e-002
2536	9.071254633595083e-002	9.120108393559097e-002
2547	8.852920433395750e-002	8.912509381337455e-002
2568	8.524512635993498e-002	8.709635899560805e-002
2570	8.462920980487465e-002	8.511380382023763e-002
2580	8.295394391743949e-002	8.317637711026708e-002
2584	8.121645250204879e-002	8.128305161640990e-002
2590	7.904990287858671e-002	7.943282347242814e-002
2600	7.711494022041998e-002	7.762471166286916e-002
2620	7.520709030931616e-002	7.585775750291836e-002
2633	7.205266471805671e-002	7.244359600749903e-002
2637	6.949272254349859e-002	7.079457843841380e-002
2647	6.802691490926838e-002	6.918309709189366e-002
2676	6.678947831193871e-002	6.760829753919818e-002
2690	6.456741693490953e-002	6.606934480075961e-002
2711	6.391605895999375e-002	6.456542290346556e-002
2731	6.288001437382840e-002	6.309573444801933e-002
2746	6.136575951574463e-002	6.165950018614822e-002
2763	6.023597192163710e-002	6.025595860743578e-002
2805	5.852846970585190e-002	5.888436553555890e-002
2830	5.748291417441498e-002	5.754399373371569e-002
2846	5.544043973808255e-002	5.623413251903491e-002
2848	5.424798833780009e-002	5.495408738576246e-002
2881	5.298618763704155e-002	5.370317963702527e-002
2920	5.248038210889505e-002	5.248074602497726e-002
2949	5.082074517397961e-002	5.128613839913648e-002
2976	4.947137672963309e-002	5.011872336272722e-002
2978	4.894678896173221e-002	4.897788193684461e-002
3010	4.748107295601733e-002	4.786300923226383e-002
3021	4.639153101890348e-002	4.677351412871982e-002
3048	4.554961186379447e-002	4.570881896148749e-002
3074	4.415393269137824e-002	4.466835921509630e-002
3100	4.311301953042857e-002	4.365158322401658e-002
3108	4.263054806874533e-002	4.265795188015926e-002
3131	4.115131290423846e-002	4.168693834703355e-002
3136	3.996232670630795e-002	4.073802778041128e-002
3145	3.880658252941294e-002	3.890451449942807e-002
3183	3.782517892749970e-002	3.801893963205612e-002
3211	3.712262942051514e-002	3.715352290971726e-002
3232	3.606117297574829e-002	3.630780547701014e-002
3249	3.539438210925350e-002	3.548133892335755e-002
3286	3.421806702972075e-002	3.467368504525317e-002
3298	3.371333053252312e-002	3.388441561392026e-002
3314	3.277847676482804e-002	3.311311214825911e-002
3347	3.174194939114006e-002	3.235936569296283e-002
3349	3.158709863778786e-002	3.162277660168379e-002
3372	3.089964986257343e-002	3.090295432513590e-002
3396	3.019079222994203e-002	3.019951720402016e-002
3435	2.945097835419197e-002	2.951209226666385e-002
3446	2.881398183200790e-002	2.884031503126606e-002
3470	2.802441604376615e-002	2.818382931264454e-002
3542	2.748872957236226e-002	2.754228703338166e-002
3544	2.691091254635425e-002	2.691534803926915e-002
3560	2.630188914219822e-002	2.630267991895382e-002
3592	2.570135400944595e-002	2.570395782768863e-002
3654	2.508615739468223e-002	2.511886431509579e-002
3664	2.433040720788537e-002	2.454708915685030e-002
3702	2.392591145269674e-002	2.398832919019490e-002
3727	2.339296781375222e-002	2.344228815319923e-002
3769	2.290766216850360e-002	2.290867652767774e-002
3780	2.237947119447570e-002	2.238721138568340e-002
3812	2.187126562794151e-002	2.187761623949553e-002
3825	2.133943551127959e-002	2.137962089502233e-002
3861	2.082945735510855e-002	2.089296130854040e-002
3879	2.031865078421591e-002	2.041737944669530e-002
3883	1.971090379639895e-002	1.995262314968880e-002
3888	1.946712799045658e-002	1.949844599758046e-002
3922	1.896785154903191e-002	1.905460717963247e-002
3934	1.858691531126544e-002	1.862087136662868e-002
3962	1.763842738560151e-002	1.778279410038923e-002
4011	1.737591005718298e-002	1.737800828749376e-002
4075	1.690852016399347e-002	1.698243652461744e-002
4102	1.656997715955710e-002	1.659586907437561e-002
4140	1.609410113829590e-002	1.621810097358930e-002
4176	1.580345380735659e-002	1.584893192461113e-002
4246	1.541644853782842e-002	1.548816618912481e-002
4301	1.510670034347772e-002	1.513561248436208e-002
4383	1.474701100494358e-002	1.479108388168207e-002
4420	1.442970682673506e-002	1.445439770745927e-002
4465	1.411130794783555e-002	1.412537544622754e-002
4585	1.378993657789684e-002	1.380384264602885e-002
4730	1.348456801839160e-002	1.348962882591653e-002
4814	1.318233594367002e-002	1.318256738556408e-002
5001	1.276799970729914e-002	1.288249551693134e-002
5124	1.258799135499256e-002	1.258925411794168e-002
5592	1.230260831229135e-002	1.230268770812382e-002
1000001	1.208347047997316e-002	1.230268770812382e-002
