%
% index = 1460, name = bbob_f013_i02_d05__bbob_f015_i04_d05
% instance = 1, reference value = 8.351690735816920e-001
% function evaluation | indicator value | target hit
1	3.731495485591050e+004	3.801893963205613e+004
3	1.967956072537665e+004	1.995262314968879e+004
4	2.736446238902049e+002	2.754228703338166e+002
10	2.977467470197312e+001	3.019951720402016e+001
536	2.140877463877324e+001	2.187761623949553e+001
543	2.135633708212658e+001	2.137962089502232e+001
576	1.821329996387509e+001	1.862087136662868e+001
673	1.744145016034567e+001	1.778279410038923e+001
677	1.102202008082787e+001	1.122018454301964e+001
744	1.044339928895696e+001	1.047128548050900e+001
771	7.671808291090231e+000	7.762471166286917e+000
847	7.422446755611484e+000	7.585775750291838e+000
901	4.831361145935057e+000	4.897788193684462e+000
1080	3.706674129082233e+000	3.715352290971725e+000
1213	2.205286511677347e+000	2.238721138568339e+000
1248	1.473659362544192e+000	1.479108388168207e+000
1298	8.254874450194422e-001	8.317637711026710e-001
1342	7.922200940888181e-001	7.943282347242815e-001
1382	7.303874007158526e-001	7.413102413009175e-001
1751	6.461982899111012e-001	6.606934480075960e-001
1756	5.965101198661708e-001	6.025595860743578e-001
1776	5.856450048641962e-001	5.888436553555889e-001
1860	5.670416130179626e-001	5.754399373371569e-001
1874	5.338160737836111e-001	5.370317963702527e-001
1951	5.132650197634014e-001	5.248074602497725e-001
1974	4.914192673827588e-001	5.011872336272722e-001
1977	4.560420937026528e-001	4.570881896148750e-001
2106	4.285827541855125e-001	4.365158322401660e-001
2128	4.238940159268379e-001	4.265795188015927e-001
2129	3.868113621925212e-001	3.890451449942806e-001
2193	3.785201495179224e-001	3.801893963205612e-001
2203	3.711310221501455e-001	3.715352290971726e-001
2217	3.526697513516865e-001	3.548133892335755e-001
2305	3.464626315177437e-001	3.467368504525316e-001
2367	3.381083640814815e-001	3.388441561392026e-001
2410	3.232181107121549e-001	3.235936569296283e-001
2459	3.075230763525634e-001	3.090295432513591e-001
2463	2.897442420709959e-001	2.951209226666385e-001
2464	2.829247628931749e-001	2.884031503126606e-001
2486	2.643322112329262e-001	2.691534803926916e-001
2502	2.623882851832441e-001	2.630267991895382e-001
2528	2.563203649939319e-001	2.570395782768864e-001
2570	2.511569887127817e-001	2.511886431509580e-001
2597	2.283699802515671e-001	2.290867652767773e-001
2689	2.232140246712373e-001	2.238721138568340e-001
2773	2.162149152400529e-001	2.187761623949552e-001
2804	1.847114695446465e-001	1.862087136662868e-001
2943	1.805811651931255e-001	1.819700858609984e-001
3094	1.748430590521044e-001	1.778279410038923e-001
3168	1.707290991660662e-001	1.737800828749375e-001
3193	1.682291012933730e-001	1.698243652461744e-001
3218	1.637705079581960e-001	1.659586907437561e-001
3263	1.589447773863481e-001	1.621810097358930e-001
3373	1.580245582170224e-001	1.584893192461113e-001
3438	1.483085249985671e-001	1.513561248436208e-001
3643	1.467505076258270e-001	1.479108388168208e-001
3818	1.398225368265974e-001	1.412537544622755e-001
3820	1.364397768867147e-001	1.380384264602885e-001
3910	1.331827948779722e-001	1.348962882591654e-001
4021	1.314033064775163e-001	1.318256738556407e-001
4529	1.242607122978767e-001	1.258925411794167e-001
5016	1.194837347797172e-001	1.202264434617413e-001
5495	1.173139424386995e-001	1.174897554939529e-001
6392	1.146263218576137e-001	1.148153621496883e-001
6750	1.117824842578553e-001	1.122018454301964e-001
7311	1.093461012876141e-001	1.096478196143185e-001
7660	1.070352390850710e-001	1.071519305237607e-001
8107	1.037193781323986e-001	1.047128548050900e-001
8135	9.887943228856522e-002	1.000000000000000e-001
8285	9.662056580432454e-002	9.772372209558107e-002
9107	9.514801961626895e-002	9.549925860214359e-002
9531	9.320485833746506e-002	9.332543007969910e-002
10130	9.113586581198663e-002	9.120108393559097e-002
10808	8.839797199845834e-002	8.912509381337455e-002
11102	8.652246709468325e-002	8.709635899560805e-002
11440	8.000243413197417e-002	8.128305161640990e-002
11687	7.864557020723306e-002	7.943282347242814e-002
11706	7.488470714753248e-002	7.585775750291836e-002
12199	7.228159413549584e-002	7.244359600749903e-002
12628	7.065671003268903e-002	7.079457843841380e-002
13866	6.860937624985886e-002	6.918309709189366e-002
14123	6.753232252584718e-002	6.760829753919818e-002
15485	6.597145028756912e-002	6.606934480075961e-002
15981	6.348313348938184e-002	6.456542290346556e-002
16126	6.113622680242625e-002	6.165950018614822e-002
16517	6.014143281057827e-002	6.025595860743578e-002
17643	5.855457832682265e-002	5.888436553555890e-002
17897	5.754027025058628e-002	5.754399373371569e-002
18451	5.621496047664454e-002	5.623413251903491e-002
18776	5.487875544339138e-002	5.495408738576246e-002
19615	5.281193652972649e-002	5.370317963702527e-002
19896	5.246997187662950e-002	5.248074602497726e-002
20463	5.048138783557665e-002	5.128613839913648e-002
20490	4.980835752686297e-002	5.011872336272722e-002
21338	4.866634981808737e-002	4.897788193684461e-002
21689	4.733351710205824e-002	4.786300923226383e-002
21740	4.652839435977874e-002	4.677351412871982e-002
21882	4.570170272445884e-002	4.570881896148749e-002
22823	4.334700644488732e-002	4.365158322401658e-002
22945	4.264665102958853e-002	4.265795188015926e-002
23495	4.120832938896202e-002	4.168693834703355e-002
23691	4.043799037394091e-002	4.073802778041128e-002
24167	3.974557332684348e-002	3.981071705534973e-002
24742	3.856289129599400e-002	3.890451449942807e-002
25044	3.789058440041260e-002	3.801893963205612e-002
25992	3.714770501176379e-002	3.715352290971726e-002
26638	3.576297266034989e-002	3.630780547701014e-002
26891	3.547507456950982e-002	3.548133892335755e-002
28079	3.457750718687735e-002	3.467368504525317e-002
28795	3.323351532777796e-002	3.388441561392026e-002
28911	3.308492468199864e-002	3.311311214825911e-002
29489	3.198460452180241e-002	3.235936569296283e-002
30027	3.115301917808033e-002	3.162277660168379e-002
30664	3.043307324078637e-002	3.090295432513590e-002
31092	3.019897813419126e-002	3.019951720402016e-002
32129	2.939105453977320e-002	2.951209226666385e-002
32822	2.873337272165655e-002	2.884031503126606e-002
33880	2.807815950303261e-002	2.818382931264454e-002
34268	2.691255708769902e-002	2.691534803926915e-002
35562	2.630016514445099e-002	2.630267991895382e-002
36206	2.570326677286905e-002	2.570395782768863e-002
37390	2.511516642396150e-002	2.511886431509579e-002
39744	2.396938415206174e-002	2.398832919019490e-002
41656	2.343197158364951e-002	2.344228815319923e-002
44295	2.268422097241674e-002	2.290867652767774e-002
45362	2.216709000209849e-002	2.238721138568340e-002
45518	2.119803285102295e-002	2.137962089502233e-002
47113	2.085340988340190e-002	2.089296130854040e-002
48660	2.032128793091381e-002	2.041737944669530e-002
50565	1.995255724525991e-002	1.995262314968880e-002
53379	1.949630264672619e-002	1.949844599758046e-002
59114	1.904967772295685e-002	1.905460717963247e-002
64504	1.861704950488863e-002	1.862087136662868e-002
68517	1.817892431412094e-002	1.819700858609984e-002
69637	1.763977040538500e-002	1.778279410038923e-002
70747	1.737563484892690e-002	1.737800828749376e-002
72356	1.681747012886292e-002	1.698243652461744e-002
78009	1.659532481434023e-002	1.659586907437561e-002
82416	1.621034234015673e-002	1.621810097358930e-002
96961	1.584412034507354e-002	1.584893192461113e-002
115593	1.540875936512676e-002	1.548816618912481e-002
122353	1.513262575784125e-002	1.513561248436208e-002
135507	1.479021847429818e-002	1.479108388168207e-002
142158	1.444742074022287e-002	1.445439770745927e-002
166223	1.411775072022992e-002	1.412537544622754e-002
259392	1.380382905153221e-002	1.380384264602885e-002
500001	1.362939464718516e-002	1.380384264602885e-002
%
% index = 1461, name = bbob_f013_i03_d05__bbob_f015_i05_d05
% instance = 2, reference value = 9.296958333511440e-001
% function evaluation | indicator value | target hit
1	2.135343218355206e+006	2.137962089502233e+006
2	1.507140079608964e+005	1.513561248436207e+005
3	1.498556502841606e+002	1.513561248436209e+002
5	5.836757591697056e+001	5.888436553555890e+001
6	1.063106486206423e+001	1.071519305237607e+001
267	8.677720320112538e+000	8.709635899560805e+000
462	6.137289285965147e+000	6.165950018614822e+000
576	4.692617960448288e+000	4.786300923226384e+000
639	3.924439100878110e+000	3.981071705534972e+000
670	2.242494032148536e+000	2.290867652767773e+000
854	1.479205345148144e+000	1.513561248436208e+000
894	8.461931836308064e-001	8.511380382023764e-001
1278	8.183027412487258e-001	8.317637711026710e-001
1295	6.846657610247311e-001	6.918309709189364e-001
1345	6.658485039309112e-001	6.760829753919818e-001
1403	5.467920265461970e-001	5.495408738576245e-001
1422	5.179302622892288e-001	5.248074602497725e-001
1488	4.356788178775785e-001	4.365158322401660e-001
1512	3.976948339140677e-001	3.981071705534973e-001
1580	3.499632052115937e-001	3.548133892335755e-001
1680	2.490798455186697e-001	2.511886431509580e-001
1705	2.452809925966807e-001	2.454708915685031e-001
1733	2.272815656804162e-001	2.290867652767773e-001
1739	2.235727930227575e-001	2.238721138568340e-001
1771	2.167120846288700e-001	2.187761623949552e-001
1846	1.983576207692757e-001	1.995262314968880e-001
1910	1.930927381837840e-001	1.949844599758046e-001
1931	1.904698830684261e-001	1.905460717963247e-001
1944	1.847489495896085e-001	1.862087136662868e-001
2050	1.757427241411537e-001	1.778279410038923e-001
2054	1.556935993342385e-001	1.584893192461113e-001
2099	1.540151902521305e-001	1.548816618912481e-001
2135	1.489347163746280e-001	1.513561248436208e-001
2182	1.442854341057850e-001	1.445439770745928e-001
2207	1.387439323768187e-001	1.412537544622755e-001
2254	1.362116363773551e-001	1.380384264602885e-001
2313	1.344969457846106e-001	1.348962882591654e-001
2334	1.262867472842049e-001	1.288249551693134e-001
2337	1.244588729117309e-001	1.258925411794167e-001
2346	1.228623930116295e-001	1.230268770812382e-001
2364	1.167911692074641e-001	1.174897554939529e-001
2404	1.147866774523010e-001	1.148153621496883e-001
2444	1.107385123854092e-001	1.122018454301964e-001
2589	1.075915712746770e-001	1.096478196143185e-001
2607	1.039228407799975e-001	1.047128548050900e-001
2645	1.021536455956845e-001	1.023292992280754e-001
2709	9.934852515160353e-002	1.000000000000000e-001
2741	9.526454516565863e-002	9.549925860214359e-002
2759	9.111496546061682e-002	9.120108393559097e-002
2786	8.817305206412196e-002	8.912509381337455e-002
2818	8.504439499846761e-002	8.511380382023763e-002
3019	8.307995965724591e-002	8.317637711026708e-002
3168	8.011393972371117e-002	8.128305161640990e-002
3200	7.916281681708837e-002	7.943282347242814e-002
3219	7.473631917482382e-002	7.585775750291836e-002
3284	7.388489905176410e-002	7.413102413009177e-002
3288	7.213409192482356e-002	7.244359600749903e-002
3674	7.010968398649242e-002	7.079457843841380e-002
3909	6.893344984303462e-002	6.918309709189366e-002
4309	6.460955795649981e-002	6.606934480075961e-002
4338	6.420799740204108e-002	6.456542290346556e-002
4507	6.194944249973733e-002	6.309573444801933e-002
4541	6.141655393269385e-002	6.165950018614822e-002
4705	5.991320234115893e-002	6.025595860743578e-002
4757	5.640636921723585e-002	5.754399373371569e-002
4999	5.614118631862453e-002	5.623413251903491e-002
5074	5.302442263938234e-002	5.370317963702527e-002
5728	5.217848908695877e-002	5.248074602497726e-002
6424	4.718666782794823e-002	4.786300923226383e-002
6455	4.664958534427632e-002	4.677351412871982e-002
6576	4.530390108587101e-002	4.570881896148749e-002
6929	4.465962240668453e-002	4.466835921509630e-002
7724	4.273611871405403e-002	4.365158322401658e-002
7794	4.241603344828404e-002	4.265795188015926e-002
8122	4.162847595549468e-002	4.168693834703355e-002
8274	4.070733803570314e-002	4.073802778041128e-002
9132	3.748453551928610e-002	3.801893963205612e-002
9297	3.705231955163502e-002	3.715352290971726e-002
9732	3.583660644032627e-002	3.630780547701014e-002
9799	3.417722204643303e-002	3.467368504525317e-002
9897	3.383015942567591e-002	3.388441561392026e-002
10863	3.308600332614564e-002	3.311311214825911e-002
11955	3.230307291599288e-002	3.235936569296283e-002
12091	3.147417620375714e-002	3.162277660168379e-002
12562	2.912367337257582e-002	2.951209226666385e-002
13215	2.856565877402573e-002	2.884031503126606e-002
13742	2.813633532084281e-002	2.818382931264454e-002
14383	2.745848471331502e-002	2.754228703338166e-002
16470	2.691463066520428e-002	2.691534803926915e-002
17954	2.627082358556865e-002	2.630267991895382e-002
18680	2.564716502273179e-002	2.570395782768863e-002
19063	2.509975179619850e-002	2.511886431509579e-002
21060	2.448808356907861e-002	2.454708915685030e-002
22516	2.397894794661293e-002	2.398832919019490e-002
24362	2.332613761005176e-002	2.344228815319923e-002
25665	2.289975834753144e-002	2.290867652767774e-002
30345	2.238633691616943e-002	2.238721138568340e-002
33141	2.185269004402946e-002	2.187761623949553e-002
33634	2.008452986940901e-002	2.041737944669530e-002
34230	1.994494471630026e-002	1.995262314968880e-002
34338	1.864370070565269e-002	1.905460717963247e-002
34384	1.860338147991381e-002	1.862087136662868e-002
34978	1.818861964033502e-002	1.819700858609984e-002
36741	1.776997018212101e-002	1.778279410038923e-002
38310	1.698969856775079e-002	1.737800828749376e-002
38637	1.698119025046230e-002	1.698243652461744e-002
40723	1.653918104607632e-002	1.659586907437561e-002
41469	1.619055579370632e-002	1.621810097358930e-002
44100	1.568233228215521e-002	1.584893192461113e-002
45026	1.539313225233396e-002	1.548816618912481e-002
46677	1.503465485069244e-002	1.513561248436208e-002
48276	1.479028760027878e-002	1.479108388168207e-002
48780	1.411858477992145e-002	1.412537544622754e-002
49290	1.337968049433647e-002	1.348962882591653e-002
52439	1.318191917885336e-002	1.318256738556408e-002
58013	1.278021876411439e-002	1.288249551693134e-002
61101	1.258057547155844e-002	1.258925411794168e-002
64439	1.228689702835051e-002	1.230268770812382e-002
69742	1.192339578902746e-002	1.202264434617413e-002
75027	1.174430017599915e-002	1.174897554939530e-002
84647	1.145487538102785e-002	1.148153621496883e-002
91006	1.121830044431071e-002	1.122018454301964e-002
96655	1.069086169398692e-002	1.071519305237607e-002
102646	1.046710647113991e-002	1.047128548050900e-002
121253	1.023047932425880e-002	1.023292992280754e-002
140641	9.837566707771250e-003	1.000000000000000e-002
140843	9.622411792650221e-003	9.772372209558112e-003
147732	9.170769520186695e-003	9.332543007969915e-003
149390	9.105158978190531e-003	9.120108393559097e-003
149492	8.806557980160612e-003	8.912509381337459e-003
150941	8.701732026151654e-003	8.709635899560805e-003
156868	8.293457326018938e-003	8.317637711026709e-003
164401	8.127393782159431e-003	8.128305161640995e-003
192809	7.943187468962054e-003	7.943282347242814e-003
201257	7.758261177549519e-003	7.762471166286920e-003
202241	7.561290113551444e-003	7.585775750291836e-003
205537	7.406702911641139e-003	7.413102413009177e-003
211697	7.225104205979105e-003	7.244359600749898e-003
216593	7.070878003111014e-003	7.079457843841380e-003
220493	6.872332841665663e-003	6.918309709189363e-003
232233	6.755788816858566e-003	6.760829753919818e-003
252667	6.605874142586177e-003	6.606934480075957e-003
311071	6.456424648377035e-003	6.456542290346556e-003
500001	6.343358104663355e-003	6.456542290346556e-003
%
% index = 1462, name = bbob_f013_i07_d05__bbob_f015_i08_d05
% instance = 3, reference value = 8.411369493983130e-001
% function evaluation | indicator value | target hit
1	3.131580404183821e+014	3.162277660168379e+014
2	4.010397993448141e+004	4.073802778041131e+004
4	6.374217594570511e+002	6.456542290346556e+002
5	1.871002992355265e+002	1.905460717963246e+002
17	1.596868304360936e+002	1.621810097358930e+002
22	4.939153836823570e+001	5.011872336272722e+001
37	4.300643179943701e+001	4.365158322401658e+001
331	3.997663053253523e+001	4.073802778041128e+001
370	3.278047662303383e+001	3.311311214825911e+001
509	2.834972546199077e+001	2.884031503126606e+001
568	1.570825102839120e+001	1.584893192461113e+001
593	1.252974339180030e+001	1.258925411794168e+001
610	1.136966782200977e+001	1.148153621496883e+001
939	7.992190908099818e+000	8.128305161640993e+000
1024	6.531616570312021e+000	6.606934480075959e+000
1035	5.868993665919479e+000	5.888436553555890e+000
1083	4.531215652828868e+000	4.570881896148751e+000
1163	4.103618170896459e+000	4.168693834703354e+000
1193	3.846261376086115e+000	3.890451449942806e+000
1234	2.460980252220424e+000	2.511886431509580e+000
1597	1.229068431363813e+000	1.230268770812382e+000
1723	1.125608492192813e+000	1.148153621496883e+000
1749	1.044088787489041e+000	1.047128548050900e+000
1848	6.698569530897135e-001	6.760829753919818e-001
1928	6.547563831503872e-001	6.606934480075960e-001
2005	4.641437271828044e-001	4.677351412871982e-001
2105	4.461883355295524e-001	4.466835921509632e-001
2158	3.764259626626649e-001	3.801893963205612e-001
2209	3.699220674773129e-001	3.715352290971726e-001
2301	3.483170652001575e-001	3.548133892335755e-001
2329	3.450863245086634e-001	3.467368504525316e-001
2449	3.284695387291262e-001	3.311311214825911e-001
2574	3.108650291833740e-001	3.162277660168379e-001
2580	3.083521626086415e-001	3.090295432513591e-001
2588	3.005431707723199e-001	3.019951720402016e-001
2662	2.919654688412063e-001	2.951209226666385e-001
2743	2.812548621291771e-001	2.818382931264454e-001
2805	2.745654636585762e-001	2.754228703338166e-001
2813	2.635960680663594e-001	2.691534803926916e-001
2814	2.441983744752396e-001	2.454708915685031e-001
2977	2.207009725281486e-001	2.238721138568340e-001
2982	2.174448889780418e-001	2.187761623949552e-001
3006	2.097677378005510e-001	2.137962089502232e-001
3034	2.005914693640840e-001	2.041737944669530e-001
3057	1.980243415416196e-001	1.995262314968880e-001
3152	1.910659154278648e-001	1.949844599758046e-001
3215	1.888524989062418e-001	1.905460717963247e-001
3313	1.841507873537812e-001	1.862087136662868e-001
3381	1.809355197425413e-001	1.819700858609984e-001
3486	1.750099859126827e-001	1.778279410038923e-001
3562	1.731348450669081e-001	1.737800828749375e-001
3573	1.688450701473373e-001	1.698243652461744e-001
3619	1.477665613006494e-001	1.479108388168208e-001
3700	1.440570506219508e-001	1.445439770745928e-001
3727	1.405561258096977e-001	1.412537544622755e-001
3791	1.357319385915681e-001	1.380384264602885e-001
3798	1.340716105170715e-001	1.348962882591654e-001
3881	1.301248479068506e-001	1.318256738556407e-001
3912	1.287351727054223e-001	1.288249551693134e-001
4043	1.249227982219346e-001	1.258925411794167e-001
4165	1.187448350524525e-001	1.202264434617413e-001
4243	1.168133813527383e-001	1.174897554939529e-001
4375	1.035201568484768e-001	1.047128548050900e-001
4446	9.946255353450306e-002	1.000000000000000e-001
4838	9.768019561293384e-002	9.772372209558107e-002
5018	9.545755561854197e-002	9.549925860214359e-002
5143	9.326578383106610e-002	9.332543007969910e-002
5610	9.022193708586823e-002	9.120108393559097e-002
5809	8.867165679137101e-002	8.912509381337455e-002
6180	8.689810978642176e-002	8.709635899560805e-002
6367	8.431879122585284e-002	8.511380382023763e-002
6633	8.215040056375722e-002	8.317637711026708e-002
6985	8.120470257218038e-002	8.128305161640990e-002
7528	7.929400624765270e-002	7.943282347242814e-002
7530	7.733725887958531e-002	7.762471166286916e-002
7609	7.438044835658919e-002	7.585775750291836e-002
7746	7.407059474800337e-002	7.413102413009177e-002
7953	7.171299383281182e-002	7.244359600749903e-002
8011	7.066083409107049e-002	7.079457843841380e-002
8306	6.566764169866390e-002	6.606934480075961e-002
8476	6.387236069395774e-002	6.456542290346556e-002
8666	6.217235361400963e-002	6.309573444801933e-002
8898	6.124603198953582e-002	6.165950018614822e-002
9294	5.909483578018238e-002	6.025595860743578e-002
9320	5.844398156810948e-002	5.888436553555890e-002
9382	5.367875742393435e-002	5.370317963702527e-002
9553	5.244011027097451e-002	5.248074602497726e-002
9601	5.031204944412138e-002	5.128613839913648e-002
9655	4.990184362065531e-002	5.011872336272722e-002
9907	4.880352292349299e-002	4.897788193684461e-002
10428	4.769128534085820e-002	4.786300923226383e-002
10846	4.670096164162807e-002	4.677351412871982e-002
11340	4.558336983774769e-002	4.570881896148749e-002
11693	4.431663874565928e-002	4.466835921509630e-002
11906	4.123065560609540e-002	4.168693834703355e-002
12686	4.048416716446734e-002	4.073802778041128e-002
12795	3.970997904387397e-002	3.981071705534973e-002
13167	3.888766486689621e-002	3.890451449942807e-002
13674	3.800211113942364e-002	3.801893963205612e-002
14201	3.714117658546134e-002	3.715352290971726e-002
14445	3.621933741147876e-002	3.630780547701014e-002
14636	3.529568505513647e-002	3.548133892335755e-002
15041	3.466317820718501e-002	3.467368504525317e-002
15811	3.388309940746925e-002	3.388441561392026e-002
16622	3.310486875844587e-002	3.311311214825911e-002
16957	3.234557397491078e-002	3.235936569296283e-002
17619	3.160085962999237e-002	3.162277660168379e-002
18851	3.089767355831852e-002	3.090295432513590e-002
19582	2.992118614003703e-002	3.019951720402016e-002
20059	2.950184433565239e-002	2.951209226666385e-002
21234	2.883034402402662e-002	2.884031503126606e-002
22264	2.802215354683380e-002	2.818382931264454e-002
23145	2.730252453497117e-002	2.754228703338166e-002
24353	2.654114731905000e-002	2.691534803926915e-002
25306	2.629686814352705e-002	2.630267991895382e-002
25778	2.545885681176718e-002	2.570395782768863e-002
26308	2.508138861839437e-002	2.511886431509579e-002
27562	2.454593011150597e-002	2.454708915685030e-002
28754	2.396139758534399e-002	2.398832919019490e-002
29596	2.334219707956342e-002	2.344228815319923e-002
31456	2.289374020294621e-002	2.290867652767774e-002
33177	2.233347493673477e-002	2.238721138568340e-002
34259	2.186611484448420e-002	2.187761623949553e-002
34853	2.125840396265666e-002	2.137962089502233e-002
36068	2.084066689047504e-002	2.089296130854040e-002
39909	2.036309820345095e-002	2.041737944669530e-002
42127	1.991864340068006e-002	1.995262314968880e-002
43450	1.943791349784108e-002	1.949844599758046e-002
47324	1.905438856930697e-002	1.905460717963247e-002
50811	1.859287817160948e-002	1.862087136662868e-002
57670	1.819294785810111e-002	1.819700858609984e-002
65722	1.777780141980800e-002	1.778279410038923e-002
69129	1.736921251889612e-002	1.737800828749376e-002
78034	1.697081598783901e-002	1.698243652461744e-002
100619	1.659500576739337e-002	1.659586907437561e-002
145273	1.609141313726070e-002	1.621810097358930e-002
149984	1.567213785497479e-002	1.584893192461113e-002
168063	1.546902449734722e-002	1.548816618912481e-002
195437	1.511811506783278e-002	1.513561248436208e-002
235430	1.479106725280910e-002	1.479108388168207e-002
264608	1.435390294942307e-002	1.445439770745927e-002
274151	1.411855185612143e-002	1.412537544622754e-002
287948	1.380375576362858e-002	1.380384264602885e-002
320392	1.348885804461975e-002	1.348962882591653e-002
500001	1.324664136073717e-002	1.348962882591653e-002
%
% index = 1463, name = bbob_f013_i09_d05__bbob_f015_i10_d05
% instance = 4, reference value = 7.674399945975150e-001
% function evaluation | indicator value | target hit
1	1.240485672713446e+004	1.258925411794166e+004
2	1.590139004206988e+002	1.621810097358930e+002
6	1.272024971655910e+002	1.288249551693134e+002
37	5.855702825877381e+001	5.888436553555890e+001
41	1.945262483477515e+001	1.949844599758045e+001
365	1.027088198952353e+001	1.047128548050900e+001
459	5.725470379112097e+000	5.754399373371570e+000
572	1.869428303044812e+000	1.905460717963247e+000
1146	1.076462964845567e+000	1.096478196143185e+000
1231	8.185261084620150e-001	8.317637711026710e-001
1357	7.340559305116181e-001	7.413102413009175e-001
1474	6.420137422883757e-001	6.456542290346555e-001
1516	6.088485678816522e-001	6.165950018614822e-001
1540	5.867988119459355e-001	5.888436553555889e-001
1582	5.725814280320538e-001	5.754399373371569e-001
1714	4.719271214392464e-001	4.786300923226383e-001
1746	3.844604521626502e-001	3.890451449942806e-001
1803	3.788210277826359e-001	3.801893963205612e-001
1885	3.613566603549059e-001	3.630780547701014e-001
2032	3.523369872652731e-001	3.548133892335755e-001
2086	3.262302637663825e-001	3.311311214825911e-001
2126	3.197378774046403e-001	3.235936569296283e-001
2128	3.062137018231123e-001	3.090295432513591e-001
2206	2.944974400593062e-001	2.951209226666385e-001
2257	2.826841790860162e-001	2.884031503126606e-001
2266	2.813511159748495e-001	2.818382931264454e-001
2296	2.710194756380831e-001	2.754228703338166e-001
2330	2.684177606501625e-001	2.691534803926916e-001
2386	2.529963810687399e-001	2.570395782768864e-001
2404	2.439537965016946e-001	2.454708915685031e-001
2414	2.233279261265454e-001	2.238721138568340e-001
2439	2.175324718774871e-001	2.187761623949552e-001
2445	2.132542334182694e-001	2.137962089502232e-001
2501	2.070424171615564e-001	2.089296130854039e-001
2505	2.038200268638120e-001	2.041737944669530e-001
2551	1.968412205827970e-001	1.995262314968880e-001
2568	1.941203750479695e-001	1.949844599758046e-001
2569	1.761157852061432e-001	1.778279410038923e-001
2605	1.625038702647795e-001	1.659586907437561e-001
2623	1.609263858386668e-001	1.621810097358930e-001
2638	1.576610590789691e-001	1.584893192461113e-001
2657	1.548015546486529e-001	1.548816618912481e-001
2681	1.510146327722245e-001	1.513561248436208e-001
2698	1.476729299006591e-001	1.479108388168208e-001
2744	1.440795592215516e-001	1.445439770745928e-001
2775	1.397550507843368e-001	1.412537544622755e-001
2786	1.376341622837654e-001	1.380384264602885e-001
2811	1.336268312015165e-001	1.348962882591654e-001
2862	1.317155878812811e-001	1.318256738556407e-001
2867	1.282057831619753e-001	1.288249551693134e-001
2918	1.228186507433398e-001	1.230268770812382e-001
2947	1.171622677322146e-001	1.174897554939529e-001
3000	1.143203501103551e-001	1.148153621496883e-001
3029	1.120040655423317e-001	1.122018454301964e-001
3061	1.089242853568264e-001	1.096478196143185e-001
3125	1.069674923795279e-001	1.071519305237607e-001
3152	1.036733734630163e-001	1.047128548050900e-001
3172	1.005863429173014e-001	1.023292992280754e-001
3218	9.899728588061718e-002	1.000000000000000e-001
3237	9.752602425719437e-002	9.772372209558107e-002
3257	9.522686254310542e-002	9.549925860214359e-002
3285	9.230642285627821e-002	9.332543007969910e-002
3331	9.050944918837711e-002	9.120108393559097e-002
3382	8.910280034700235e-002	8.912509381337455e-002
3445	8.699349348544927e-002	8.709635899560805e-002
3553	8.443663457294026e-002	8.511380382023763e-002
3583	8.085719009470060e-002	8.128305161640990e-002
3589	7.872082410552872e-002	7.943282347242814e-002
3648	7.741562055437212e-002	7.762471166286916e-002
3717	7.544865505499354e-002	7.585775750291836e-002
3738	7.410079802456215e-002	7.413102413009177e-002
3857	7.240683335294695e-002	7.244359600749903e-002
4038	7.075058287803504e-002	7.079457843841380e-002
4260	6.797714972000302e-002	6.918309709189366e-002
4352	6.563204961952596e-002	6.606934480075961e-002
4434	6.426291085530744e-002	6.456542290346556e-002
4600	6.281392096951699e-002	6.309573444801933e-002
4707	6.164674021385341e-002	6.165950018614822e-002
4800	6.013644269059471e-002	6.025595860743578e-002
4871	5.804740459226443e-002	5.888436553555890e-002
4929	5.745527012716944e-002	5.754399373371569e-002
4964	5.378366506072430e-002	5.495408738576246e-002
4972	5.349095681029115e-002	5.370317963702527e-002
5143	5.210614418926463e-002	5.248074602497726e-002
5353	5.066377615486872e-002	5.128613839913648e-002
5354	5.011576583580701e-002	5.011872336272722e-002
5738	4.890097772545432e-002	4.897788193684461e-002
5932	4.779183210632110e-002	4.786300923226383e-002
6270	4.660337176524598e-002	4.677351412871982e-002
6423	4.537233495635140e-002	4.570881896148749e-002
6750	4.421036013397894e-002	4.466835921509630e-002
6757	4.363093442013555e-002	4.365158322401658e-002
7104	4.263967557962456e-002	4.265795188015926e-002
7704	4.160164278717182e-002	4.168693834703355e-002
8572	4.036959008372387e-002	4.073802778041128e-002
8789	3.971516176391365e-002	3.981071705534973e-002
8941	3.883741134690177e-002	3.890451449942807e-002
9204	3.800596621619901e-002	3.801893963205612e-002
9230	3.689868235976990e-002	3.715352290971726e-002
9821	3.629593740472537e-002	3.630780547701014e-002
10285	3.538282516400826e-002	3.548133892335755e-002
10390	3.453950326950139e-002	3.467368504525317e-002
10678	3.386133332686481e-002	3.388441561392026e-002
11231	3.305869909947767e-002	3.311311214825911e-002
11399	3.226242448977790e-002	3.235936569296283e-002
11796	3.107300822885095e-002	3.162277660168379e-002
12068	3.082274568161036e-002	3.090295432513590e-002
12417	3.008757193442069e-002	3.019951720402016e-002
13338	2.948911129560539e-002	2.951209226666385e-002
13612	2.880746346266339e-002	2.884031503126606e-002
13830	2.805275512399719e-002	2.818382931264454e-002
14058	2.749226032864516e-002	2.754228703338166e-002
14627	2.680198584212079e-002	2.691534803926915e-002
15199	2.628327479924331e-002	2.630267991895382e-002
16006	2.566125505267292e-002	2.570395782768863e-002
16530	2.507012566906741e-002	2.511886431509579e-002
17373	2.453026484737753e-002	2.454708915685030e-002
17932	2.396561704389677e-002	2.398832919019490e-002
18691	2.342098659478975e-002	2.344228815319923e-002
19411	2.287722519734325e-002	2.290867652767774e-002
19696	2.156949909390182e-002	2.187761623949553e-002
20107	2.133827105302932e-002	2.137962089502233e-002
21248	2.088562471845235e-002	2.089296130854040e-002
21949	2.017468328617278e-002	2.041737944669530e-002
22257	1.994995442910985e-002	1.995262314968880e-002
23699	1.934817970393332e-002	1.949844599758046e-002
24410	1.902937756572543e-002	1.905460717963247e-002
26121	1.858013503322487e-002	1.862087136662868e-002
27172	1.815612427775948e-002	1.819700858609984e-002
29423	1.776721258422531e-002	1.778279410038923e-002
31381	1.735590716475788e-002	1.737800828749376e-002
32734	1.660175151758747e-002	1.698243652461744e-002
32948	1.659547083633706e-002	1.659586907437561e-002
34427	1.620275318259079e-002	1.621810097358930e-002
36364	1.584718519098838e-002	1.584893192461113e-002
40000	1.547737709545249e-002	1.548816618912481e-002
40199	1.494416723111036e-002	1.513561248436208e-002
41597	1.477372625255957e-002	1.479108388168207e-002
44248	1.444194052907288e-002	1.445439770745927e-002
48911	1.411193657408172e-002	1.412537544622754e-002
53101	1.379518109460820e-002	1.380384264602885e-002
57502	1.348884831508079e-002	1.348962882591653e-002
61629	1.318238379484427e-002	1.318256738556408e-002
68080	1.288211093591440e-002	1.288249551693134e-002
72830	1.258227436776294e-002	1.258925411794168e-002
83951	1.225939909712814e-002	1.230268770812382e-002
99616	1.198559231307705e-002	1.202264434617413e-002
116828	1.174783415968872e-002	1.174897554939530e-002
128078	1.145872991843677e-002	1.148153621496883e-002
142619	1.121448340696929e-002	1.122018454301964e-002
159749	1.096194844455822e-002	1.096478196143185e-002
185354	1.071482269930191e-002	1.071519305237607e-002
208206	1.046123972050872e-002	1.047128548050900e-002
229144	1.010457930262598e-002	1.023292992280754e-002
237053	9.845841014960111e-003	1.000000000000000e-002
246099	9.757974337742614e-003	9.772372209558112e-003
293806	9.549699519750043e-003	9.549925860214359e-003
349123	9.332477386705840e-003	9.332543007969915e-003
417438	9.114827790900448e-003	9.120108393559097e-003
465137	8.909294187682382e-003	8.912509381337459e-003
500001	8.728638742794392e-003	8.912509381337459e-003
%
% index = 1464, name = bbob_f013_i11_d05__bbob_f015_i12_d05
% instance = 5, reference value = 8.376782165676340e-001
% function evaluation | indicator value | target hit
1	1.365505335834692e+003	1.380384264602885e+003
4	3.398310041116660e+002	3.467368504525317e+002
6	4.217673400894346e+001	4.265795188015925e+001
10	2.825699512226648e+001	2.884031503126606e+001
379	1.603811173163250e+001	1.621810097358930e+001
771	1.269100451298402e+001	1.288249551693134e+001
787	9.305219143086298e+000	9.332543007969910e+000
808	7.338718211180558e+000	7.413102413009175e+000
1101	2.534056245456598e+000	2.570395782768864e+000
1338	2.029298500249215e+000	2.041737944669529e+000
1531	1.370961894090634e+000	1.380384264602885e+000
1557	8.264319464357173e-001	8.317637711026710e-001
1836	7.918702525605270e-001	7.943282347242815e-001
2034	7.527033742689766e-001	7.585775750291838e-001
2101	7.373325468312483e-001	7.413102413009175e-001
2178	6.674853394052207e-001	6.760829753919818e-001
2188	6.146429959262945e-001	6.165950018614822e-001
2280	5.916533973931448e-001	6.025595860743578e-001
2286	5.782033609469844e-001	5.888436553555889e-001
2297	4.794771199188374e-001	4.897788193684462e-001
2379	4.710778203477667e-001	4.786300923226383e-001
2425	4.644377471236069e-001	4.677351412871982e-001
2446	4.455038421333112e-001	4.466835921509632e-001
2479	4.360444896462336e-001	4.365158322401660e-001
2535	4.100844475135070e-001	4.168693834703354e-001
2540	4.030799490078386e-001	4.073802778041127e-001
2612	3.921968238193304e-001	3.981071705534973e-001
2641	3.770361524861890e-001	3.801893963205612e-001
2655	3.704039945698610e-001	3.715352290971726e-001
2676	3.628676101868728e-001	3.630780547701014e-001
2739	3.055126372496468e-001	3.090295432513591e-001
2760	3.012411792318865e-001	3.019951720402016e-001
2831	2.834720188935911e-001	2.884031503126606e-001
2840	2.687797107384913e-001	2.691534803926916e-001
2843	2.555335754728625e-001	2.570395782768864e-001
2863	2.493563673667848e-001	2.511886431509580e-001
2900	2.451288839607702e-001	2.454708915685031e-001
2932	2.292699789319728e-001	2.344228815319922e-001
2943	2.244192440817645e-001	2.290867652767773e-001
2978	2.229734779845216e-001	2.238721138568340e-001
2986	2.184679019540008e-001	2.187761623949552e-001
3106	2.128054174880258e-001	2.137962089502232e-001
3151	2.075122294779158e-001	2.089296130854039e-001
3225	2.040088740090358e-001	2.041737944669530e-001
3289	1.993692384373785e-001	1.995262314968880e-001
3334	1.949277746758160e-001	1.949844599758046e-001
3426	1.905344005117112e-001	1.905460717963247e-001
3452	1.840559014679579e-001	1.862087136662868e-001
3453	1.799543704826524e-001	1.819700858609984e-001
3467	1.740130255677346e-001	1.778279410038923e-001
3484	1.716532555620549e-001	1.737800828749375e-001
3490	1.618738458119936e-001	1.621810097358930e-001
3522	1.446578698222970e-001	1.479108388168208e-001
3524	1.433617794424755e-001	1.445439770745928e-001
3743	1.411595776426773e-001	1.412537544622755e-001
3800	1.376181126977105e-001	1.380384264602885e-001
3837	1.277333250281905e-001	1.288249551693134e-001
3871	1.226576223274174e-001	1.230268770812382e-001
4016	1.197848370717550e-001	1.202264434617413e-001
4092	1.124601901626545e-001	1.148153621496883e-001
4155	1.108676073025379e-001	1.122018454301964e-001
4170	1.094382212632969e-001	1.096478196143185e-001
4374	1.069404345892083e-001	1.071519305237607e-001
4681	1.017425468776135e-001	1.023292992280754e-001
4920	9.857983910000012e-002	1.000000000000000e-001
5004	9.505924338871197e-002	9.549925860214359e-002
5086	9.049380281266140e-002	9.120108393559097e-002
5165	8.901688989329393e-002	8.912509381337455e-002
5208	8.369237833872634e-002	8.511380382023763e-002
5282	8.296274065431764e-002	8.317637711026708e-002
5443	7.862005065251898e-002	7.943282347242814e-002
5582	7.746602224012700e-002	7.762471166286916e-002
5674	7.465220794472549e-002	7.585775750291836e-002
5722	7.372350728821087e-002	7.413102413009177e-002
6048	7.095115559421772e-002	7.244359600749903e-002
6132	7.062168326456131e-002	7.079457843841380e-002
6554	6.886654946938942e-002	6.918309709189366e-002
7390	6.750947636366778e-002	6.760829753919818e-002
7761	6.596816072490463e-002	6.606934480075961e-002
8303	6.433421815877261e-002	6.456542290346556e-002
8395	6.296172708895964e-002	6.309573444801933e-002
9237	6.073918946867885e-002	6.165950018614822e-002
9445	6.011506420662127e-002	6.025595860743578e-002
9642	5.787727665839815e-002	5.888436553555890e-002
9832	5.734346361246989e-002	5.754399373371569e-002
9953	5.279226465887354e-002	5.370317963702527e-002
10129	5.209504328214820e-002	5.248074602497726e-002
10381	5.107963135569815e-002	5.128613839913648e-002
10677	4.929829146349818e-002	5.011872336272722e-002
10874	4.864438655699610e-002	4.897788193684461e-002
11098	4.782539458885360e-002	4.786300923226383e-002
11867	4.613031131961731e-002	4.677351412871982e-002
11886	4.487489856514970e-002	4.570881896148749e-002
11993	4.421342426891128e-002	4.466835921509630e-002
12414	4.364648631750501e-002	4.365158322401658e-002
13222	4.264457330718363e-002	4.265795188015926e-002
13797	4.151295527294485e-002	4.168693834703355e-002
14366	4.057419776196491e-002	4.073802778041128e-002
15098	3.956666765166828e-002	3.981071705534973e-002
15878	3.889257278946445e-002	3.890451449942807e-002
16539	3.787843324849960e-002	3.801893963205612e-002
16606	3.571333954181011e-002	3.630780547701014e-002
16660	3.539216674667967e-002	3.548133892335755e-002
17832	3.455967377208336e-002	3.467368504525317e-002
18105	3.332216523932363e-002	3.388441561392026e-002
18337	3.309650673435638e-002	3.311311214825911e-002
19049	3.233095035720035e-002	3.235936569296283e-002
19250	3.093789276844960e-002	3.162277660168379e-002
19496	3.086976419369192e-002	3.090295432513590e-002
19708	3.019478099958728e-002	3.019951720402016e-002
21656	2.949769058640206e-002	2.951209226666385e-002
22018	2.857034014082327e-002	2.884031503126606e-002
22862	2.815192007010725e-002	2.818382931264454e-002
24615	2.716114325717856e-002	2.754228703338166e-002
25619	2.555638656780124e-002	2.570395782768863e-002
26090	2.506568206525572e-002	2.511886431509579e-002
26277	2.447315397842942e-002	2.454708915685030e-002
26290	2.358463448329007e-002	2.398832919019490e-002
26763	2.308654841983793e-002	2.344228815319923e-002
27842	2.290849765772862e-002	2.290867652767774e-002
28031	2.220586015532200e-002	2.238721138568340e-002
30399	2.180961461936781e-002	2.187761623949553e-002
33822	2.136621807434291e-002	2.137962089502233e-002
36010	1.788714476169517e-002	1.819700858609984e-002
36390	1.748056691288302e-002	1.778279410038923e-002
37702	1.737492931474560e-002	1.737800828749376e-002
40751	1.697995337117220e-002	1.698243652461744e-002
43202	1.632742002146770e-002	1.659586907437561e-002
43994	1.621525172181049e-002	1.621810097358930e-002
46282	1.580919427512084e-002	1.584893192461113e-002
48598	1.523679530567246e-002	1.548816618912481e-002
50520	1.513279650126354e-002	1.513561248436208e-002
56404	1.478995880282641e-002	1.479108388168207e-002
61305	1.436968806223282e-002	1.445439770745927e-002
65807	1.412256452071115e-002	1.412537544622754e-002
69512	1.380344759328622e-002	1.380384264602885e-002
73485	1.348866847893693e-002	1.348962882591653e-002
81461	1.313059383813786e-002	1.318256738556408e-002
87105	1.269266582056772e-002	1.288249551693134e-002
89012	1.256683341015541e-002	1.258925411794168e-002
98504	1.230212479645410e-002	1.230268770812382e-002
109338	1.202243492855548e-002	1.202264434617413e-002
125008	1.174871361999785e-002	1.174897554939530e-002
150709	1.147847657453238e-002	1.148153621496883e-002
199560	1.121619944291341e-002	1.122018454301964e-002
320823	1.096243955123710e-002	1.096478196143185e-002
329350	1.063414842224530e-002	1.071519305237607e-002
500001	1.049678833863177e-002	1.071519305237607e-002
%
% index = 1465, name = bbob_f013_i13_d05__bbob_f015_i14_d05
% instance = 6, reference value = 8.735073208739030e-001
% function evaluation | indicator value | target hit
1	2.433907120136761e+003	2.454708915685031e+003
5	2.294172844223686e+002	2.344228815319923e+002
6	9.558924803558355e+001	9.772372209558107e+001
37	3.552953855759225e+001	3.630780547701014e+001
87	3.106598261751624e+001	3.162277660168379e+001
322	9.919057077479954e+000	1.000000000000000e+001
677	8.543596724168244e+000	8.709635899560805e+000
705	8.072922115417912e+000	8.128305161640993e+000
727	6.399865799211565e+000	6.456542290346556e+000
807	5.331535603292995e+000	5.370317963702528e+000
816	2.143372087131903e+000	2.187761623949553e+000
1251	1.563869271014403e+000	1.584893192461114e+000
1358	1.447354533502903e+000	1.479108388168207e+000
1388	1.360663165879085e+000	1.380384264602885e+000
1435	9.205462300349030e-001	9.332543007969910e-001
1582	6.871057503904674e-001	6.918309709189364e-001
1607	6.696563919216522e-001	6.760829753919818e-001
1613	6.070312430434133e-001	6.165950018614822e-001
1747	5.461219822837726e-001	5.495408738576245e-001
1879	5.154500524273362e-001	5.248074602497725e-001
1899	5.122819770948410e-001	5.128613839913648e-001
1932	4.822261486215604e-001	4.897788193684462e-001
1960	4.708372080063936e-001	4.786300923226383e-001
1971	4.675743714971125e-001	4.677351412871982e-001
2078	4.312790366565351e-001	4.365158322401660e-001
2097	4.233916035791478e-001	4.265795188015927e-001
2132	4.034868732656544e-001	4.073802778041127e-001
2143	3.837092220540492e-001	3.890451449942806e-001
2240	3.711812370642471e-001	3.715352290971726e-001
2259	3.574559337922956e-001	3.630780547701014e-001
2268	3.193468927036158e-001	3.235936569296283e-001
2290	3.143178425649156e-001	3.162277660168379e-001
2307	2.887435238778178e-001	2.951209226666385e-001
2310	2.786371691767159e-001	2.818382931264454e-001
2346	2.741170621789001e-001	2.754228703338166e-001
2395	2.654800774459244e-001	2.691534803926916e-001
2467	2.526868897590214e-001	2.570395782768864e-001
2499	2.489724988309746e-001	2.511886431509580e-001
2501	2.348444570218815e-001	2.398832919019490e-001
2510	2.055296050366654e-001	2.089296130854039e-001
2554	2.036001276713956e-001	2.041737944669530e-001
2595	1.892639902117280e-001	1.905460717963247e-001
2641	1.832392848765563e-001	1.862087136662868e-001
2676	1.817790483690515e-001	1.819700858609984e-001
2728	1.770510432608664e-001	1.778279410038923e-001
2768	1.615034737600890e-001	1.621810097358930e-001
2855	1.483231436465866e-001	1.513561248436208e-001
2857	1.441122449703124e-001	1.445439770745928e-001
2877	1.402668640923878e-001	1.412537544622755e-001
2939	1.376626219303112e-001	1.380384264602885e-001
2991	1.343597576675341e-001	1.348962882591654e-001
3025	1.309088824893752e-001	1.318256738556407e-001
3133	1.279443582366078e-001	1.288249551693134e-001
3182	1.250349579314493e-001	1.258925411794167e-001
3210	1.172893048680243e-001	1.174897554939529e-001
3259	1.139804851299823e-001	1.148153621496883e-001
3408	1.120559706178340e-001	1.122018454301964e-001
3453	1.091331206797110e-001	1.096478196143185e-001
3544	1.069102570421107e-001	1.071519305237607e-001
3563	1.044715554669877e-001	1.047128548050900e-001
3566	1.019535926106190e-001	1.023292992280754e-001
3693	9.859137770530346e-002	1.000000000000000e-001
3733	9.767347058412146e-002	9.772372209558107e-002
3815	9.478849131714096e-002	9.549925860214359e-002
3866	9.308294215040525e-002	9.332543007969910e-002
3969	9.023277454301715e-002	9.120108393559097e-002
4019	8.877949684938236e-002	8.912509381337455e-002
4033	8.341612363609741e-002	8.511380382023763e-002
4042	8.304505902195802e-002	8.317637711026708e-002
4199	8.126633026168006e-002	8.128305161640990e-002
4249	7.917102440608581e-002	7.943282347242814e-002
4336	7.635121548783741e-002	7.762471166286916e-002
4364	7.580120998581197e-002	7.585775750291836e-002
4524	7.408299460223322e-002	7.413102413009177e-002
4657	7.131874891298951e-002	7.244359600749903e-002
4661	7.063945759443024e-002	7.079457843841380e-002
4769	6.913993351680325e-002	6.918309709189366e-002
4927	6.735295093356619e-002	6.760829753919818e-002
4969	6.556598155402726e-002	6.606934480075961e-002
5020	5.818750164765996e-002	5.888436553555890e-002
5093	5.753776793141863e-002	5.754399373371569e-002
5191	5.619789801400710e-002	5.623413251903491e-002
5252	5.470561083578307e-002	5.495408738576246e-002
5336	5.356455016376815e-002	5.370317963702527e-002
5552	5.245553413902848e-002	5.248074602497726e-002
5761	5.128175660610923e-002	5.128613839913648e-002
5915	5.005220932258825e-002	5.011872336272722e-002
5960	4.893871185904297e-002	4.897788193684461e-002
6010	4.784893957512160e-002	4.786300923226383e-002
6255	4.616624771439026e-002	4.677351412871982e-002
6291	4.544572955796000e-002	4.570881896148749e-002
6330	4.415844978990469e-002	4.466835921509630e-002
6418	4.357094711533271e-002	4.365158322401658e-002
6578	4.233000968136280e-002	4.265795188015926e-002
6844	4.160045161964354e-002	4.168693834703355e-002
7050	4.067073899258000e-002	4.073802778041128e-002
7302	3.971148109072986e-002	3.981071705534973e-002
7478	3.882484353286864e-002	3.890451449942807e-002
7820	3.799440346407768e-002	3.801893963205612e-002
8308	3.661575827110020e-002	3.715352290971726e-002
8441	3.626478156607671e-002	3.630780547701014e-002
8747	3.546202264933129e-002	3.548133892335755e-002
9037	3.464949407084450e-002	3.467368504525317e-002
9330	3.370114154348158e-002	3.388441561392026e-002
9688	3.217944173680187e-002	3.235936569296283e-002
9955	3.152397179017086e-002	3.162277660168379e-002
10009	2.925909449612429e-002	2.951209226666385e-002
10554	2.883931122808847e-002	2.884031503126606e-002
11279	2.817419602783322e-002	2.818382931264454e-002
11685	2.713010171773844e-002	2.754228703338166e-002
11789	2.688823539326046e-002	2.691534803926915e-002
12267	2.627688651093085e-002	2.630267991895382e-002
12584	2.533754404670696e-002	2.570395782768863e-002
12969	2.485537153558048e-002	2.511886431509579e-002
13445	2.449506300126170e-002	2.454708915685030e-002
13887	2.366817016465117e-002	2.398832919019490e-002
14072	2.337171967252394e-002	2.344228815319923e-002
14889	2.290157432210438e-002	2.290867652767774e-002
15538	2.236284858329896e-002	2.238721138568340e-002
16088	2.187362716704333e-002	2.187761623949553e-002
17301	2.056988651682024e-002	2.089296130854040e-002
17583	2.041673229033780e-002	2.041737944669530e-002
19359	1.995071772097301e-002	1.995262314968880e-002
20101	1.908680738905244e-002	1.949844599758046e-002
20226	1.905327377860944e-002	1.905460717963247e-002
21081	1.853202939791798e-002	1.862087136662868e-002
21668	1.677425604584903e-002	1.698243652461744e-002
22236	1.634815001175283e-002	1.659586907437561e-002
22783	1.618693356559453e-002	1.621810097358930e-002
24819	1.541942028393084e-002	1.548816618912481e-002
26154	1.511600691678727e-002	1.513561248436208e-002
28511	1.477576307763884e-002	1.479108388168207e-002
30043	1.434040190786912e-002	1.445439770745927e-002
30616	1.404449299950428e-002	1.412537544622754e-002
31462	1.369916543188365e-002	1.380384264602885e-002
33808	1.348962657596065e-002	1.348962882591653e-002
36447	1.317729166985771e-002	1.318256738556408e-002
40630	1.287645353516409e-002	1.288249551693134e-002
41568	1.258798388215410e-002	1.258925411794168e-002
45717	1.230197671235278e-002	1.230268770812382e-002
48135	1.197185536521384e-002	1.202264434617413e-002
53029	1.169911569729198e-002	1.174897554939530e-002
56151	1.135939182165635e-002	1.148153621496883e-002
57204	1.116368588875649e-002	1.122018454301964e-002
63777	1.091532103778081e-002	1.096478196143185e-002
70282	1.071457505756535e-002	1.071519305237607e-002
87460	1.047104642791807e-002	1.047128548050900e-002
100764	1.019469645146509e-002	1.023292992280754e-002
123097	9.998043665854883e-003	1.000000000000000e-002
152285	9.771555428924827e-003	9.772372209558112e-003
216902	9.547234140818706e-003	9.549925860214359e-003
384872	9.330157957941676e-003	9.332543007969915e-003
500001	9.231067789147285e-003	9.332543007969915e-003
%
% index = 1466, name = bbob_f013_i15_d05__bbob_f015_i16_d05
% instance = 7, reference value = 8.548142038460370e-001
% function evaluation | indicator value | target hit
1	6.545904686350552e+002	6.606934480075958e+002
6	1.051572524579953e+001	1.071519305237607e+001
10	9.309567562323307e+000	9.332543007969910e+000
12	8.898190415391575e+000	8.912509381337454e+000
37	4.592988523916493e+000	4.677351412871983e+000
48	4.100718449828512e+000	4.168693834703354e+000
168	3.761572879674199e+000	3.801893963205612e+000
188	2.883758008777919e+000	2.884031503126606e+000
357	1.492997565404537e+000	1.513561248436208e+000
774	1.429182115894037e+000	1.445439770745927e+000
940	1.295545910634537e+000	1.318256738556407e+000
992	7.786482245665979e-001	7.943282347242815e-001
1221	5.283343835532390e-001	5.370317963702527e-001
1266	5.215953289381030e-001	5.248074602497725e-001
1377	5.085943953645832e-001	5.128613839913648e-001
1421	4.127004142374732e-001	4.168693834703354e-001
1493	3.435428487839644e-001	3.467368504525316e-001
1509	3.266064667567717e-001	3.311311214825911e-001
1523	3.149502198785482e-001	3.162277660168379e-001
1596	3.086993235948439e-001	3.090295432513591e-001
1617	3.011377886865853e-001	3.019951720402016e-001
1652	2.915079193802805e-001	2.951209226666385e-001
1674	2.883675802845511e-001	2.884031503126606e-001
1676	2.731474410169444e-001	2.754228703338166e-001
1681	2.482884643413125e-001	2.511886431509580e-001
1726	2.451909383364470e-001	2.454708915685031e-001
1735	2.243742687623811e-001	2.290867652767773e-001
1775	2.227873646547712e-001	2.238721138568340e-001
1780	2.161931200959588e-001	2.187761623949552e-001
1806	2.070314687172438e-001	2.089296130854039e-001
1849	2.032343481914953e-001	2.041737944669530e-001
1857	1.899438932759859e-001	1.905460717963247e-001
1889	1.815298120661704e-001	1.819700858609984e-001
1920	1.772618519063094e-001	1.778279410038923e-001
1926	1.737217616545896e-001	1.737800828749375e-001
1950	1.693325593216025e-001	1.698243652461744e-001
1984	1.655684807611595e-001	1.659586907437561e-001
2002	1.475094032300143e-001	1.479108388168208e-001
2030	1.292719648373027e-001	1.318256738556407e-001
2047	1.240217796812702e-001	1.258925411794167e-001
2059	1.219733337002115e-001	1.230268770812382e-001
2084	1.200231098696829e-001	1.202264434617413e-001
2110	9.769539932046745e-002	9.772372209558107e-002
2137	9.512769607817373e-002	9.549925860214359e-002
2140	9.150475546701575e-002	9.332543007969910e-002
2141	9.082558297451693e-002	9.120108393559097e-002
2180	8.912489833142712e-002	8.912509381337455e-002
2192	8.263766423831276e-002	8.317637711026708e-002
2197	7.746098997858819e-002	7.762471166286916e-002
2246	7.574432420081134e-002	7.585775750291836e-002
2296	7.260970766792407e-002	7.413102413009177e-002
2300	7.079817229112029e-002	7.244359600749903e-002
2328	7.044092008026170e-002	7.079457843841380e-002
2369	6.159579803536053e-002	6.165950018614822e-002
2401	6.021916786592063e-002	6.025595860743578e-002
2426	5.798316911332091e-002	5.888436553555890e-002
2430	5.713614963966662e-002	5.754399373371569e-002
2484	5.619882338436699e-002	5.623413251903491e-002
2557	5.459302481208361e-002	5.495408738576246e-002
2572	5.364921010301371e-002	5.370317963702527e-002
2636	5.242424486349362e-002	5.248074602497726e-002
2663	5.113186865029351e-002	5.128613839913648e-002
2679	4.964205943662925e-002	5.011872336272722e-002
2711	4.692328640830912e-002	4.786300923226383e-002
2737	4.674492448692447e-002	4.677351412871982e-002
2761	4.473476289081380e-002	4.570881896148749e-002
2765	4.445511884938791e-002	4.466835921509630e-002
2809	4.363839848360718e-002	4.365158322401658e-002
2820	4.259768564328403e-002	4.265795188015926e-002
2821	4.102277953424949e-002	4.168693834703355e-002
2859	3.712582713094181e-002	3.715352290971726e-002
2908	3.574173518390855e-002	3.630780547701014e-002
2939	3.548069968382639e-002	3.548133892335755e-002
3105	3.466434523086637e-002	3.467368504525317e-002
3140	3.382469830002000e-002	3.388441561392026e-002
3247	3.251840481049884e-002	3.311311214825911e-002
3280	3.235660736360657e-002	3.235936569296283e-002
3302	3.157928495429363e-002	3.162277660168379e-002
3410	3.089678994633638e-002	3.090295432513590e-002
3454	3.008008033546783e-002	3.019951720402016e-002
3499	2.951131602107815e-002	2.951209226666385e-002
3702	2.882703801867104e-002	2.884031503126606e-002
3737	2.787547151199243e-002	2.818382931264454e-002
3801	2.739471595224208e-002	2.754228703338166e-002
3836	2.680900666314090e-002	2.691534803926915e-002
3920	2.623721189206818e-002	2.630267991895382e-002
4014	2.564414599106546e-002	2.570395782768863e-002
4194	2.508612720367232e-002	2.511886431509579e-002
4301	2.422111180339559e-002	2.454708915685030e-002
4398	2.391088545048370e-002	2.398832919019490e-002
4444	2.330633168790852e-002	2.344228815319923e-002
4500	2.290752335338164e-002	2.290867652767774e-002
4558	2.092473269187689e-002	2.137962089502233e-002
4566	2.086568533805178e-002	2.089296130854040e-002
4691	2.038103243236333e-002	2.041737944669530e-002
4889	1.995198000582998e-002	1.995262314968880e-002
4973	1.732858354829103e-002	1.737800828749376e-002
5002	1.678344920200414e-002	1.698243652461744e-002
5093	1.656256817556812e-002	1.659586907437561e-002
5276	1.594454254219102e-002	1.621810097358930e-002
5339	1.574902883275786e-002	1.584893192461113e-002
5483	1.548617378931716e-002	1.548816618912481e-002
5691	1.513447004929502e-002	1.513561248436208e-002
5830	1.468449704577990e-002	1.479108388168207e-002
6046	1.445438398469112e-002	1.445439770745927e-002
6262	1.412041367643424e-002	1.412537544622754e-002
6360	1.369743386268885e-002	1.380384264602885e-002
6691	1.348271628361375e-002	1.348962882591653e-002
7145	1.316894385250700e-002	1.318256738556408e-002
7473	1.287116264918553e-002	1.288249551693134e-002
8064	1.258613411861087e-002	1.258925411794168e-002
8859	1.229510359918329e-002	1.230268770812382e-002
9486	1.153660497158560e-002	1.174897554939530e-002
9572	1.146998744286754e-002	1.148153621496883e-002
10173	1.121317278934930e-002	1.122018454301964e-002
10772	1.092544405887974e-002	1.096478196143185e-002
11956	1.071355555129416e-002	1.071519305237607e-002
12910	1.046789819767513e-002	1.047128548050900e-002
13672	1.013656124269857e-002	1.023292992280754e-002
14042	9.972412714653323e-003	1.000000000000000e-002
15600	9.772248548012730e-003	9.772372209558112e-003
17026	9.526827380489933e-003	9.549925860214359e-003
20161	9.329434053618524e-003	9.332543007969915e-003
22705	9.119806200816427e-003	9.120108393559097e-003
26869	8.904593398259220e-003	8.912509381337459e-003
32189	8.708610240676484e-003	8.709635899560805e-003
36542	8.510011683300012e-003	8.511380382023768e-003
44039	8.283488014485418e-003	8.317637711026709e-003
54325	8.121267153882505e-003	8.128305161640995e-003
64131	7.929248603291916e-003	7.943282347242814e-003
76351	7.760297899316093e-003	7.762471166286920e-003
91312	7.585410662405812e-003	7.585775750291836e-003
112307	7.384202824648245e-003	7.413102413009177e-003
146449	7.241664227160438e-003	7.244359600749898e-003
211293	7.077907713824216e-003	7.079457843841380e-003
307158	6.918304389262997e-003	6.918309709189363e-003
312105	6.748200399260829e-003	6.760829753919818e-003
456916	6.604591269116944e-003	6.606934480075957e-003
500001	6.531979327355386e-003	6.606934480075957e-003
%
% index = 1467, name = bbob_f013_i17_d05__bbob_f015_i18_d05
% instance = 8, reference value = 8.774270332008940e-001
% function evaluation | indicator value | target hit
1	1.356486742981660e+008	1.380384264602887e+008
2	4.576835445915082e+002	4.677351412871981e+002
6	1.409795478037972e+002	1.412537544622754e+002
41	4.183822626441300e+001	4.265795188015925e+001
206	3.033195672036404e+001	3.090295432513591e+001
532	2.929068513105962e+001	2.951209226666386e+001
549	2.857781654368227e+001	2.884031503126606e+001
567	2.273940200098740e+001	2.290867652767774e+001
584	1.311193981231423e+001	1.318256738556407e+001
644	1.271877380067025e+001	1.288249551693134e+001
665	4.233221564841513e+000	4.265795188015927e+000
989	3.850729546980887e+000	3.890451449942806e+000
1073	1.883371640620135e+000	1.905460717963247e+000
1138	1.439596287151394e+000	1.445439770745927e+000
1354	9.201384620633939e-001	9.332543007969910e-001
1508	8.642998805715407e-001	8.709635899560806e-001
1629	7.492275684954363e-001	7.585775750291838e-001
1685	5.817698052601618e-001	5.888436553555889e-001
1880	5.631114541774214e-001	5.754399373371569e-001
1943	5.438734377213521e-001	5.495408738576245e-001
1950	5.319188382697622e-001	5.370317963702527e-001
1963	4.377993844207920e-001	4.466835921509632e-001
2010	4.078049101535579e-001	4.168693834703354e-001
2112	4.000329210596051e-001	4.073802778041127e-001
2167	3.694267426005847e-001	3.715352290971726e-001
2208	3.626834925447358e-001	3.630780547701014e-001
2234	3.538703448267491e-001	3.548133892335755e-001
2289	3.204037258498884e-001	3.235936569296283e-001
2351	3.158154592517165e-001	3.162277660168379e-001
2485	3.034491825280120e-001	3.090295432513591e-001
2499	3.010925025484172e-001	3.019951720402016e-001
2502	2.863425746305187e-001	2.884031503126606e-001
2524	2.796274803019259e-001	2.818382931264454e-001
2550	2.483226591348013e-001	2.511886431509580e-001
2598	2.452856212229450e-001	2.454708915685031e-001
2649	2.392825358341195e-001	2.398832919019490e-001
2679	2.191045797471902e-001	2.238721138568340e-001
2694	2.186744780243083e-001	2.187761623949552e-001
2882	2.134090032491461e-001	2.137962089502232e-001
2932	2.087845575754389e-001	2.089296130854039e-001
2961	1.976835894301998e-001	1.995262314968880e-001
3209	1.943952773982471e-001	1.949844599758046e-001
3232	1.897222786961228e-001	1.905460717963247e-001
3266	1.835347590216767e-001	1.862087136662868e-001
3275	1.812950743075117e-001	1.819700858609984e-001
3412	1.773165441231231e-001	1.778279410038923e-001
3536	1.736037036841993e-001	1.737800828749375e-001
3564	1.588017975737652e-001	1.621810097358930e-001
3575	1.580164142765546e-001	1.584893192461113e-001
3647	1.541747989979683e-001	1.548816618912481e-001
3778	1.479480828453939e-001	1.513561248436208e-001
3788	1.478047300208500e-001	1.479108388168208e-001
3831	1.439286687200897e-001	1.445439770745928e-001
3928	1.408223713980593e-001	1.412537544622755e-001
4024	1.380194389232137e-001	1.380384264602885e-001
4105	1.334412002739849e-001	1.348962882591654e-001
4460	1.256314439040822e-001	1.258925411794167e-001
4860	1.226482416684619e-001	1.230268770812382e-001
5076	1.192630831074888e-001	1.202264434617413e-001
5353	1.163108529364744e-001	1.174897554939529e-001
5508	1.134905702955562e-001	1.148153621496883e-001
5726	1.116538777868746e-001	1.122018454301964e-001
5809	1.093579353119261e-001	1.096478196143185e-001
6437	1.061838257369606e-001	1.071519305237607e-001
6456	1.042382300873482e-001	1.047128548050900e-001
6595	1.012944825989492e-001	1.023292992280754e-001
6642	9.592027997669006e-002	9.772372209558107e-002
6657	9.473846751006521e-002	9.549925860214359e-002
7187	9.314285345435081e-002	9.332543007969910e-002
8134	9.114229985682254e-002	9.120108393559097e-002
8443	8.894274947054826e-002	8.912509381337455e-002
8655	8.491784821961068e-002	8.511380382023763e-002
8677	8.178765013980793e-002	8.317637711026708e-002
9025	8.114533545847058e-002	8.128305161640990e-002
9933	7.843018281664704e-002	7.943282347242814e-002
9990	7.714310930501189e-002	7.762471166286916e-002
10022	7.485335171879681e-002	7.585775750291836e-002
10252	7.209943324565105e-002	7.244359600749903e-002
10273	6.640963613035256e-002	6.760829753919818e-002
10278	6.543893840758952e-002	6.606934480075961e-002
10561	6.423701174126240e-002	6.456542290346556e-002
11717	6.282355787627914e-002	6.309573444801933e-002
11844	6.066162237020689e-002	6.165950018614822e-002
12125	5.936482577960600e-002	6.025595860743578e-002
12353	5.887678712864874e-002	5.888436553555890e-002
13138	5.707056988496240e-002	5.754399373371569e-002
13590	5.600196118600098e-002	5.623413251903491e-002
13964	5.109352855388871e-002	5.128613839913648e-002
14861	4.967704421990349e-002	5.011872336272722e-002
14974	4.845061028435227e-002	4.897788193684461e-002
15028	4.727152584587868e-002	4.786300923226383e-002
15549	4.676488927837996e-002	4.677351412871982e-002
16223	4.545893837096293e-002	4.570881896148749e-002
16618	4.459079001416699e-002	4.466835921509630e-002
17410	4.358329664899818e-002	4.365158322401658e-002
18318	4.265664996209950e-002	4.265795188015926e-002
18583	3.976445585363453e-002	3.981071705534973e-002
19310	3.888413145394243e-002	3.890451449942807e-002
19720	3.788361900587489e-002	3.801893963205612e-002
20734	3.713031450211790e-002	3.715352290971726e-002
21772	3.627845200464974e-002	3.630780547701014e-002
21823	3.089912604012768e-002	3.090295432513590e-002
21848	3.013928469618066e-002	3.019951720402016e-002
23201	2.941297498544981e-002	2.951209226666385e-002
24232	2.841899962706451e-002	2.884031503126606e-002
25001	2.814258712119688e-002	2.818382931264454e-002
29185	2.752103457268529e-002	2.754228703338166e-002
32434	2.689820916128649e-002	2.691534803926915e-002
33522	2.612452414766919e-002	2.630267991895382e-002
34943	2.558669688398740e-002	2.570395782768863e-002
36758	2.494881261213966e-002	2.511886431509579e-002
39653	2.438600448586770e-002	2.454708915685030e-002
40394	2.396645791624341e-002	2.398832919019490e-002
41699	2.327066441595727e-002	2.344228815319923e-002
44089	2.279907365023226e-002	2.290867652767774e-002
44775	2.238559312972821e-002	2.238721138568340e-002
48287	2.185466451767670e-002	2.187761623949553e-002
48859	2.135421931077508e-002	2.137962089502233e-002
51805	2.086373256893659e-002	2.089296130854040e-002
58655	2.041225014015857e-002	2.041737944669530e-002
65142	1.994919993886202e-002	1.995262314968880e-002
72453	1.944981286877112e-002	1.949844599758046e-002
74878	1.903236640699602e-002	1.905460717963247e-002
84188	1.861988868380637e-002	1.862087136662868e-002
94703	1.817300579269165e-002	1.819700858609984e-002
121401	1.777835175224207e-002	1.778279410038923e-002
151228	1.728297868645246e-002	1.737800828749376e-002
163187	1.690396089212232e-002	1.698243652461744e-002
204871	1.659312234956833e-002	1.659586907437561e-002
215096	1.578896514019468e-002	1.584893192461113e-002
217037	1.546583437064586e-002	1.548816618912481e-002
241014	1.509082867611178e-002	1.513561248436208e-002
244461	1.476617786568901e-002	1.479108388168207e-002
245230	1.393686101556757e-002	1.412537544622754e-002
245372	1.370838623777582e-002	1.380384264602885e-002
268739	1.348834538335964e-002	1.348962882591653e-002
444045	1.317836105527559e-002	1.318256738556408e-002
500001	1.295476677103924e-002	1.318256738556408e-002
%
% index = 1468, name = bbob_f013_i19_d05__bbob_f015_i21_d05
% instance = 9, reference value = 8.775917835977920e-001
% function evaluation | indicator value | target hit
1	3.623449599492660e+014	3.630780547701018e+014
2	1.251773083568112e+009	1.258925411794166e+009
3	8.031826034136403e+006	8.128305161640995e+006
4	3.755208170425830e+006	3.801893963205613e+006
5	1.175303811091530e+005	1.202264434617413e+005
6	3.035598217857253e+002	3.090295432513592e+002
19	1.980964211630874e+002	1.995262314968879e+002
28	4.700571468215276e+001	4.786300923226383e+001
37	1.301082596301963e+001	1.318256738556407e+001
41	7.482084259614103e+000	7.585775750291838e+000
465	5.599432452361359e+000	5.623413251903491e+000
720	4.991922493052080e+000	5.011872336272722e+000
726	4.479263860267812e+000	4.570881896148751e+000
753	3.972641021958470e+000	3.981071705534972e+000
762	2.002145013555828e+000	2.041737944669529e+000
1083	1.197162526062792e+000	1.202264434617413e+000
1347	8.771721144395988e-001	8.912509381337456e-001
1507	6.350116052670418e-001	6.456542290346555e-001
1620	5.640929466463778e-001	5.754399373371569e-001
1632	5.311536582360044e-001	5.370317963702527e-001
1638	5.159459860179568e-001	5.248074602497725e-001
1692	4.685542737747103e-001	4.786300923226383e-001
1763	4.440948594375423e-001	4.466835921509632e-001
1837	4.363263911738899e-001	4.365158322401660e-001
1860	4.248805734022016e-001	4.265795188015927e-001
1876	4.010998040405338e-001	4.073802778041127e-001
1904	3.869778468038975e-001	3.890451449942806e-001
2048	3.278887894482973e-001	3.311311214825911e-001
2077	3.235655554394852e-001	3.235936569296283e-001
2106	2.907321568061150e-001	2.951209226666385e-001
2108	2.807468242997619e-001	2.818382931264454e-001
2267	2.687874153043207e-001	2.691534803926916e-001
2314	2.615570507447909e-001	2.630267991895382e-001
2401	2.520800313589576e-001	2.570395782768864e-001
2408	2.493814278052685e-001	2.511886431509580e-001
2428	2.440708155619197e-001	2.454708915685031e-001
2439	2.370081856120485e-001	2.398832919019490e-001
2440	2.343951773274660e-001	2.344228815319922e-001
2565	2.272214437774021e-001	2.290867652767773e-001
2600	2.227685869614227e-001	2.238721138568340e-001
2615	2.108748791368232e-001	2.137962089502232e-001
2627	2.081981589021538e-001	2.089296130854039e-001
2638	1.861531872936139e-001	1.862087136662868e-001
2648	1.798960809477661e-001	1.819700858609984e-001
2748	1.777287125244728e-001	1.778279410038923e-001
2759	1.628061279608969e-001	1.659586907437561e-001
2820	1.616882197408246e-001	1.621810097358930e-001
2855	1.531826451319069e-001	1.548816618912481e-001
2924	1.511062162594634e-001	1.513561248436208e-001
3090	1.478135648471590e-001	1.479108388168208e-001
3138	1.445436084757774e-001	1.445439770745928e-001
3221	1.410867226975197e-001	1.412537544622755e-001
3278	1.377780168074950e-001	1.380384264602885e-001
3369	1.348786369230248e-001	1.348962882591654e-001
3428	1.316498081096920e-001	1.318256738556407e-001
3454	1.271272486793800e-001	1.288249551693134e-001
3467	1.213005750012905e-001	1.230268770812382e-001
3477	1.152585290280003e-001	1.174897554939529e-001
3485	1.146551531300957e-001	1.148153621496883e-001
3504	1.119899609512400e-001	1.122018454301964e-001
3520	1.022121501956191e-001	1.023292992280754e-001
3576	9.958142079060905e-002	1.000000000000000e-001
3671	9.740226371951166e-002	9.772372209558107e-002
3683	9.379751536629399e-002	9.549925860214359e-002
3685	9.067637087130853e-002	9.120108393559097e-002
3727	8.869906663712357e-002	8.912509381337455e-002
3926	8.632537166127519e-002	8.709635899560805e-002
3996	8.498386458832663e-002	8.511380382023763e-002
4023	8.298089953934218e-002	8.317637711026708e-002
4080	8.125231440988723e-002	8.128305161640990e-002
4275	7.783334541641485e-002	7.943282347242814e-002
4289	7.750078854709142e-002	7.762471166286916e-002
4473	7.501535554601235e-002	7.585775750291836e-002
4562	7.368446879286172e-002	7.413102413009177e-002
4569	7.179962077719837e-002	7.244359600749903e-002
4648	7.013400559811045e-002	7.079457843841380e-002
4790	6.861593715209002e-002	6.918309709189366e-002
4900	6.601740942546619e-002	6.606934480075961e-002
5017	6.432653939786304e-002	6.456542290346556e-002
5069	5.805852387420829e-002	5.888436553555890e-002
5149	5.753740586346434e-002	5.754399373371569e-002
5194	5.600627799493085e-002	5.623413251903491e-002
5688	5.492841718111441e-002	5.495408738576246e-002
5751	5.275074541793723e-002	5.370317963702527e-002
6025	5.241353362596890e-002	5.248074602497726e-002
6195	5.098143975133584e-002	5.128613839913648e-002
6453	4.950921605513126e-002	5.011872336272722e-002
6658	4.877030692766338e-002	4.897788193684461e-002
6824	4.769524465075214e-002	4.786300923226383e-002
6941	4.521485691443994e-002	4.570881896148749e-002
7133	4.371765847922304e-002	4.466835921509630e-002
7327	4.364933179891117e-002	4.365158322401658e-002
8075	4.257488017799238e-002	4.265795188015926e-002
8244	4.135269635615768e-002	4.168693834703355e-002
8770	4.067586842211501e-002	4.073802778041128e-002
9093	3.979648454690166e-002	3.981071705534973e-002
9394	3.887012781460320e-002	3.890451449942807e-002
9734	3.790882355252034e-002	3.801893963205612e-002
9997	3.713255844439301e-002	3.715352290971726e-002
10164	3.625797991416846e-002	3.630780547701014e-002
10325	3.540835966119171e-002	3.548133892335755e-002
10367	3.005586623004275e-002	3.019951720402016e-002
10736	2.950789665054154e-002	2.951209226666385e-002
11491	2.879191296926298e-002	2.884031503126606e-002
11817	2.816484656396789e-002	2.818382931264454e-002
12350	2.745253334864772e-002	2.754228703338166e-002
12712	2.687212772532066e-002	2.691534803926915e-002
13467	2.630255116707581e-002	2.630267991895382e-002
14818	2.561188622184585e-002	2.570395782768863e-002
15092	2.511554306086716e-002	2.511886431509579e-002
15829	2.368711652296540e-002	2.398832919019490e-002
16174	2.340526384255759e-002	2.344228815319923e-002
16308	2.025445388342217e-002	2.041737944669530e-002
16508	1.993776714716367e-002	1.995262314968880e-002
17316	1.949604624752110e-002	1.949844599758046e-002
17964	1.857019981144714e-002	1.862087136662868e-002
18357	1.811298608257950e-002	1.819700858609984e-002
19692	1.777749112385119e-002	1.778279410038923e-002
21016	1.731591396713883e-002	1.737800828749376e-002
22178	1.691465774434642e-002	1.698243652461744e-002
24070	1.651944412548834e-002	1.659586907437561e-002
25135	1.616299247540098e-002	1.621810097358930e-002
26602	1.584792636165988e-002	1.584893192461113e-002
27816	1.545257391658550e-002	1.548816618912481e-002
29672	1.511748836833249e-002	1.513561248436208e-002
32364	1.474945299306629e-002	1.479108388168207e-002
35513	1.442978664494499e-002	1.445439770745927e-002
37180	1.411526300743293e-002	1.412537544622754e-002
38118	1.377902294201505e-002	1.380384264602885e-002
39664	1.347875645856933e-002	1.348962882591653e-002
41515	1.310839950074949e-002	1.318256738556408e-002
42900	1.288123646999173e-002	1.288249551693134e-002
43703	1.255057673269544e-002	1.258925411794168e-002
45189	1.229467498394010e-002	1.230268770812382e-002
48596	1.201762898092817e-002	1.202264434617413e-002
53795	1.174238085795742e-002	1.174897554939530e-002
57532	1.148030279796708e-002	1.148153621496883e-002
60226	1.111212264162065e-002	1.122018454301964e-002
61759	1.096379721123308e-002	1.096478196143185e-002
65116	1.071476632588508e-002	1.071519305237607e-002
70092	1.047126367041129e-002	1.047128548050900e-002
73976	1.022970451086280e-002	1.023292992280754e-002
81079	9.998954914223757e-003	1.000000000000000e-002
85376	9.423774334821999e-003	9.549925860214359e-003
88212	9.325739412122114e-003	9.332543007969915e-003
88358	9.064354099663996e-003	9.120108393559097e-003
91262	8.904719909453296e-003	8.912509381337459e-003
98568	8.656804917493544e-003	8.709635899560805e-003
107613	8.453171539435922e-003	8.511380382023768e-003
117044	8.293414458668602e-003	8.317637711026709e-003
127371	8.121287526299481e-003	8.128305161640995e-003
141230	7.934709557404607e-003	7.943282347242814e-003
154062	7.747361895873106e-003	7.762471166286920e-003
162604	7.584342373901043e-003	7.585775750291836e-003
190986	7.409774798369018e-003	7.413102413009177e-003
208703	7.241170634659344e-003	7.244359600749898e-003
243233	7.079104609834519e-003	7.079457843841380e-003
294205	6.847089487733826e-003	6.918309709189363e-003
302710	6.760737294868480e-003	6.760829753919818e-003
329345	6.605159720265319e-003	6.606934480075957e-003
412684	6.421320800067076e-003	6.456542290346556e-003
500001	6.319471675020116e-003	6.456542290346556e-003
%
% index = 1469, name = bbob_f013_i21_d05__bbob_f015_i22_d05
% instance = 10, reference value = 7.801369887356890e-001
% function evaluation | indicator value | target hit
1	3.540986919041399e+006	3.548133892335753e+006
2	8.283878051684890e+004	8.317637711026709e+004
4	2.902639615992645e+004	2.951209226666384e+004
6	2.933673089548704e+002	2.951209226666387e+002
27	2.512561084712750e+002	2.570395782768865e+002
34	1.543392586390254e+002	1.548816618912481e+002
37	4.180856140262726e+001	4.265795188015925e+001
41	3.793516588546397e+001	3.801893963205612e+001
476	3.288003825082328e+001	3.311311214825911e+001
741	2.301547600844179e+001	2.344228815319923e+001
748	1.564275708105463e+001	1.584893192461113e+001
874	1.335998114193789e+001	1.348962882591653e+001
922	5.460922185616703e+000	5.495408738576245e+000
1229	4.888103769308883e+000	4.897788193684462e+000
1413	4.060054669445133e+000	4.073802778041127e+000
1417	2.348476370626609e+000	2.398832919019490e+000
1533	2.164479518366689e+000	2.187761623949553e+000
1554	1.879304778839957e+000	1.905460717963247e+000
1592	1.317615054949233e+000	1.318256738556407e+000
1634	1.141832515564189e+000	1.148153621496883e+000
1743	7.235812607428755e-001	7.244359600749900e-001
1919	5.304021483197769e-001	5.370317963702527e-001
2055	5.048511783268682e-001	5.128613839913648e-001
2059	4.574312999100128e-001	4.677351412871982e-001
2064	4.436539306353925e-001	4.466835921509632e-001
2081	4.307647502225905e-001	4.365158322401660e-001
2163	4.239060371522292e-001	4.265795188015927e-001
2240	4.124019516573333e-001	4.168693834703354e-001
2290	4.021479890483122e-001	4.073802778041127e-001
2295	3.818355583770174e-001	3.890451449942806e-001
2296	3.392856782204610e-001	3.467368504525316e-001
2332	3.312208350190045e-001	3.388441561392026e-001
2338	3.310024655345003e-001	3.311311214825911e-001
2376	3.229308441693109e-001	3.235936569296283e-001
2393	2.959170651993358e-001	3.019951720402016e-001
2403	2.939335680285133e-001	2.951209226666385e-001
2511	2.843138242211950e-001	2.884031503126606e-001
2648	2.807124881246726e-001	2.818382931264454e-001
2653	2.695487321301116e-001	2.754228703338166e-001
2683	2.691448997108606e-001	2.691534803926916e-001
2714	2.629045316193159e-001	2.630267991895382e-001
2715	2.554712894464893e-001	2.570395782768864e-001
2766	2.509269238696142e-001	2.511886431509580e-001
2879	2.452092312442934e-001	2.454708915685031e-001
2888	2.378285638931990e-001	2.398832919019490e-001
2909	2.325397446642431e-001	2.344228815319922e-001
2916	2.277309754264626e-001	2.290867652767773e-001
2937	2.236167624354994e-001	2.238721138568340e-001
2981	2.186037514084193e-001	2.187761623949552e-001
3015	2.109891046088303e-001	2.137962089502232e-001
3047	2.043107472792304e-001	2.089296130854039e-001
3055	2.002616699341806e-001	2.041737944669530e-001
3068	1.954936641867879e-001	1.995262314968880e-001
3081	1.942248130319643e-001	1.949844599758046e-001
3150	1.884595538019563e-001	1.905460717963247e-001
3235	1.814965634459512e-001	1.819700858609984e-001
3437	1.777240791027376e-001	1.778279410038923e-001
3599	1.706211417531370e-001	1.737800828749375e-001
3695	1.626876014686043e-001	1.659586907437561e-001
3879	1.585841808144824e-001	1.621810097358930e-001
3894	1.573231670184146e-001	1.584893192461113e-001
4157	1.536242052312909e-001	1.548816618912481e-001
4328	1.513035740074895e-001	1.513561248436208e-001
4488	1.469274978586561e-001	1.479108388168208e-001
4547	1.438681189582916e-001	1.445439770745928e-001
4725	1.399451676053802e-001	1.412537544622755e-001
4798	1.362627844024875e-001	1.380384264602885e-001
5122	1.340329018235615e-001	1.348962882591654e-001
5424	1.295863345957302e-001	1.318256738556407e-001
5435	1.279609681717152e-001	1.288249551693134e-001
5457	1.218723381251707e-001	1.230268770812382e-001
5608	1.188576335848501e-001	1.202264434617413e-001
5925	1.174224489736324e-001	1.174897554939529e-001
6099	1.147853156360791e-001	1.148153621496883e-001
6654	1.121712164996250e-001	1.122018454301964e-001
7112	1.082471010277074e-001	1.096478196143185e-001
7146	1.041013393325465e-001	1.047128548050900e-001
7340	1.021623227980283e-001	1.023292992280754e-001
7425	9.707853813415834e-002	9.772372209558107e-002
7813	9.493136548121994e-002	9.549925860214359e-002
7844	9.282697698452758e-002	9.332543007969910e-002
8771	9.036694250903132e-002	9.120108393559097e-002
8999	8.899344281751931e-002	8.912509381337455e-002
9238	8.699141901589791e-002	8.709635899560805e-002
10087	8.489854887792736e-002	8.511380382023763e-002
10367	8.310076898775920e-002	8.317637711026708e-002
10433	8.095124394702435e-002	8.128305161640990e-002
10769	7.879821528592901e-002	7.943282347242814e-002
10895	7.754945709530392e-002	7.762471166286916e-002
11169	7.572448088076678e-002	7.585775750291836e-002
11183	6.323598487672655e-002	6.456542290346556e-002
11219	6.307483400772151e-002	6.309573444801933e-002
11799	6.149718616347055e-002	6.165950018614822e-002
12296	5.924237972695146e-002	6.025595860743578e-002
12686	5.876891607497925e-002	5.888436553555890e-002
12937	5.751443874284068e-002	5.754399373371569e-002
13017	5.566431286524387e-002	5.623413251903491e-002
13851	5.447308774709159e-002	5.495408738576246e-002
14184	5.368330132125043e-002	5.370317963702527e-002
14399	5.149709555779525e-002	5.248074602497726e-002
14413	5.100299735768188e-002	5.128613839913648e-002
14792	5.008372994223931e-002	5.011872336272722e-002
15165	4.893897491664112e-002	4.897788193684461e-002
15880	4.775916166219263e-002	4.786300923226383e-002
16714	4.671106112473888e-002	4.677351412871982e-002
18170	4.558332119935604e-002	4.570881896148749e-002
18727	4.464251510174666e-002	4.466835921509630e-002
19668	4.355430537992433e-002	4.365158322401658e-002
20811	4.102405392543262e-002	4.168693834703355e-002
21179	4.069294319144778e-002	4.073802778041128e-002
22072	3.957612696351476e-002	3.981071705534973e-002
23401	3.889555823161317e-002	3.890451449942807e-002
25365	3.800946824874252e-002	3.801893963205612e-002
26428	3.704217878121241e-002	3.715352290971726e-002
27511	3.622227543690848e-002	3.630780547701014e-002
29692	3.548006340719945e-002	3.548133892335755e-002
31312	3.456158338778936e-002	3.467368504525317e-002
32468	3.386738129739131e-002	3.388441561392026e-002
34150	3.307040511777259e-002	3.311311214825911e-002
36275	3.235577010919699e-002	3.235936569296283e-002
40576	3.162208635902419e-002	3.162277660168379e-002
45207	3.090244793753683e-002	3.090295432513590e-002
51451	3.019721271310538e-002	3.019951720402016e-002
58031	2.923514858242127e-002	2.951209226666385e-002
63532	2.883900916245796e-002	2.884031503126606e-002
69852	2.813312299949233e-002	2.818382931264454e-002
72367	2.616672379397633e-002	2.630267991895382e-002
75520	2.557311531818973e-002	2.570395782768863e-002
78476	2.495060381532022e-002	2.511886431509579e-002
79585	2.368290612939139e-002	2.398832919019490e-002
79929	2.317708768717797e-002	2.344228815319923e-002
84943	2.290270317211618e-002	2.290867652767774e-002
87059	2.197747435385555e-002	2.238721138568340e-002
87994	2.154226130895143e-002	2.187761623949553e-002
93147	2.130687143401511e-002	2.137962089502233e-002
99230	2.089027698495982e-002	2.089296130854040e-002
103159	2.000223822665492e-002	2.041737944669530e-002
104721	1.983525863331814e-002	1.995262314968880e-002
107911	1.947275359663792e-002	1.949844599758046e-002
111601	1.844645171318549e-002	1.862087136662868e-002
118541	1.814454248775732e-002	1.819700858609984e-002
125010	1.767731483174340e-002	1.778279410038923e-002
136109	1.734298066656947e-002	1.737800828749376e-002
138579	1.666998496040184e-002	1.698243652461744e-002
139484	1.659569585861576e-002	1.659586907437561e-002
147635	1.621359470858375e-002	1.621810097358930e-002
160089	1.572371844301279e-002	1.584893192461113e-002
165081	1.547471825721491e-002	1.548816618912481e-002
180389	1.483672553821003e-002	1.513561248436208e-002
180488	1.475161961427829e-002	1.479108388168207e-002
187627	1.444660064441050e-002	1.445439770745927e-002
200328	1.411927827291237e-002	1.412537544622754e-002
220928	1.376357938085737e-002	1.380384264602885e-002
230403	1.308565742576473e-002	1.318256738556408e-002
258481	1.287219735002798e-002	1.288249551693134e-002
268970	1.251489298770414e-002	1.258925411794168e-002
290458	1.224606250756122e-002	1.230268770812382e-002
319392	1.202237087967228e-002	1.202264434617413e-002
420567	1.174845225554133e-002	1.174897554939530e-002
500001	1.166672581497530e-002	1.174897554939530e-002
