%
% index = 610, name = bbob_f001_i02_d03__bbob_f015_i04_d03
% instance = 1, reference value = 9.375717835232990e-001
% function evaluation | indicator value | target hit
1	4.741789137279291e+003	4.786300923226385e+003
6	2.920430320582914e+001	2.951209226666386e+001
339	1.554633896207218e+001	1.584893192461113e+001
368	1.147107080496493e+001	1.148153621496883e+001
452	2.128079638518949e+000	2.137962089502232e+000
785	1.525044236921975e+000	1.548816618912481e+000
889	1.189831479041299e+000	1.202264434617413e+000
977	7.136865939667818e-001	7.244359600749900e-001
997	6.739678475898254e-001	6.760829753919818e-001
1159	5.155400222676716e-001	5.248074602497725e-001
1162	3.812211434737379e-001	3.890451449942806e-001
1173	1.654339626558422e-001	1.659586907437561e-001
1205	1.608795095230824e-001	1.621810097358930e-001
1248	1.531346722626450e-001	1.548816618912481e-001
1520	1.440562857242290e-001	1.445439770745928e-001
1545	1.404628689567111e-001	1.412537544622755e-001
1600	1.366742480045585e-001	1.380384264602885e-001
1688	1.340180144751918e-001	1.348962882591654e-001
1696	1.219704893154006e-001	1.230268770812382e-001
1770	9.766147390211810e-002	9.772372209558107e-002
1809	9.476564750312977e-002	9.549925860214359e-002
1857	9.301157011115691e-002	9.332543007969910e-002
1926	8.998052353328123e-002	9.120108393559097e-002
1943	8.869605483824961e-002	8.912509381337455e-002
2072	8.492210076672613e-002	8.511380382023763e-002
2111	8.305379966064219e-002	8.317637711026708e-002
2145	8.015279438594070e-002	8.128305161640990e-002
2198	7.877654309042514e-002	7.943282347242814e-002
2236	7.744794516065912e-002	7.762471166286916e-002
2511	7.574839831203639e-002	7.585775750291836e-002
2615	7.065689116565332e-002	7.079457843841380e-002
2735	6.810577029741072e-002	6.918309709189366e-002
2750	6.603156685063516e-002	6.606934480075961e-002
2939	6.455854147536888e-002	6.456542290346556e-002
3068	4.805525690525592e-002	4.897788193684461e-002
3176	4.784686639494995e-002	4.786300923226383e-002
3217	4.192720291794527e-002	4.265795188015926e-002
3393	4.130286312377707e-002	4.168693834703355e-002
3423	3.854938589699231e-002	3.890451449942807e-002
3588	3.754724889993155e-002	3.801893963205612e-002
3615	3.394772168662785e-002	3.467368504525317e-002
3691	3.320386386394381e-002	3.388441561392026e-002
3697	3.297566819752351e-002	3.311311214825911e-002
3891	3.177395337999422e-002	3.235936569296283e-002
4001	3.097724236293364e-002	3.162277660168379e-002
4029	3.088338976595750e-002	3.090295432513590e-002
4094	3.002763095675554e-002	3.019951720402016e-002
4175	2.919692138953822e-002	2.951209226666385e-002
4316	2.880814969434520e-002	2.884031503126606e-002
4632	2.774338574611501e-002	2.818382931264454e-002
4655	2.739426235241127e-002	2.754228703338166e-002
5115	2.691341865447494e-002	2.691534803926915e-002
5702	2.450998506692870e-002	2.454708915685030e-002
6651	2.375048028471449e-002	2.398832919019490e-002
7413	2.343454113352361e-002	2.344228815319923e-002
9196	2.290613019568399e-002	2.290867652767774e-002
11014	2.212150739006802e-002	2.238721138568340e-002
11690	2.168255684825293e-002	2.187761623949553e-002
13745	2.137825841015228e-002	2.137962089502233e-002
15455	2.041233685660726e-002	2.041737944669530e-002
16725	1.585736838029117e-002	1.621810097358930e-002
16732	1.579015244398663e-002	1.584893192461113e-002
17781	1.453203615658250e-002	1.479108388168207e-002
17885	1.167866038150700e-002	1.174897554939530e-002
22211	1.122927890944092e-002	1.148153621496883e-002
22411	1.119610095523560e-002	1.122018454301964e-002
24021	1.042157884385120e-002	1.047128548050900e-002
25221	7.494416438487583e-003	7.585775750291836e-003
25377	7.362925935253784e-003	7.413102413009177e-003
29053	6.510042360337365e-003	6.606934480075957e-003
30207	5.536102665919418e-003	5.623413251903491e-003
30242	5.467339147033345e-003	5.495408738576248e-003
30918	4.920441144590337e-003	5.011872336272725e-003
31025	4.894291891899716e-003	4.897788193684461e-003
32421	4.664548405037605e-003	4.677351412871981e-003
33459	4.518746439177268e-003	4.570881896148752e-003
33525	4.432049564493390e-003	4.466835921509631e-003
34590	4.351179435407859e-003	4.365158322401661e-003
36420	4.156095307737195e-003	4.168693834703355e-003
39229	4.073501687592906e-003	4.073802778041126e-003
40999	3.498176987212331e-003	3.548133892335753e-003
41139	3.457753020854715e-003	3.467368504525317e-003
43114	3.180716491778868e-003	3.235936569296281e-003
43869	3.161247486710317e-003	3.162277660168379e-003
48731	3.046859932195667e-003	3.090295432513592e-003
50764	2.952462770407394e-003	3.019951720402016e-003
51379	2.949257174504449e-003	2.951209226666387e-003
55122	2.883566275344474e-003	2.884031503126606e-003
58809	2.706859219754776e-003	2.754228703338166e-003
61980	2.688362941442257e-003	2.691534803926917e-003
63618	2.542961128606414e-003	2.570395782768865e-003
66429	2.510367421374227e-003	2.511886431509579e-003
69896	2.171455138613165e-003	2.187761623949552e-003
75460	2.007909746922110e-003	2.041737944669530e-003
76028	1.991301975285187e-003	1.995262314968879e-003
77782	1.546898069230251e-003	1.548816618912481e-003
78484	1.512314177823493e-003	1.513561248436209e-003
80200	1.478565244076635e-003	1.479108388168207e-003
80275	1.431675249045861e-003	1.445439770745928e-003
84031	1.405777932145025e-003	1.412537544622754e-003
86721	1.380379431509149e-003	1.380384264602885e-003
98777	1.348962831572820e-003	1.348962882591653e-003
116130	1.318140326948547e-003	1.318256738556408e-003
133504	1.288206518077928e-003	1.288249551693134e-003
141113	1.240817699993957e-003	1.258925411794168e-003
145648	1.218427062181449e-003	1.230268770812381e-003
146345	1.122837542578359e-003	1.148153621496883e-003
147338	1.099519961010209e-003	1.122018454301963e-003
149378	1.096138921268586e-003	1.096478196143185e-003
149699	1.027869133709447e-003	1.047128548050900e-003
152654	1.004404548392013e-003	1.023292992280754e-003
153318	9.979657191906410e-004	1.000000000000000e-003
153646	9.753695324387079e-004	9.772372209558111e-004
157031	9.284808836480529e-004	9.332543007969915e-004
158717	9.099014232275549e-004	9.120108393559096e-004
161758	8.903996396383285e-004	8.912509381337459e-004
178612	8.709546650573774e-004	8.709635899560805e-004
197386	8.510664444366656e-004	8.511380382023768e-004
219486	8.315952151978223e-004	8.317637711026709e-004
236283	8.106490878703188e-004	8.128305161640995e-004
264121	7.937502404895547e-004	7.943282347242813e-004
300001	7.850152644081065e-004	7.943282347242813e-004
%
% index = 611, name = bbob_f001_i03_d03__bbob_f015_i05_d03
% instance = 2, reference value = 9.237614237401480e-001
% function evaluation | indicator value | target hit
1	4.943427067883742e+013	5.011872336272715e+013
2	5.780185929605897e+005	5.888436553555884e+005
3	8.120132696978310e+002	8.128305161640996e+002
5	2.916523367713811e+002	2.951209226666387e+002
18	2.450569466249457e+002	2.454708915685031e+002
22	1.273180572553877e+002	1.288249551693134e+002
37	6.071414597786850e+001	6.165950018614822e+001
41	5.335600178700502e+001	5.370317963702527e+001
171	3.840677292312457e+001	3.890451449942807e+001
194	3.446634383850884e+001	3.467368504525317e+001
234	6.076054863914211e+000	6.165950018614822e+000
413	2.193079215823970e+000	2.238721138568339e+000
669	1.460342213246710e+000	1.479108388168207e+000
719	1.308990285828148e+000	1.318256738556407e+000
772	9.213114482276779e-001	9.332543007969910e-001
857	8.529937925891478e-001	8.709635899560806e-001
861	7.967183274071523e-001	8.128305161640993e-001
940	7.695154832432384e-001	7.762471166286917e-001
962	6.132008384704520e-001	6.165950018614822e-001
978	5.902846035057923e-001	6.025595860743578e-001
1005	5.598257752948748e-001	5.623413251903491e-001
1023	4.627619989952124e-001	4.677351412871982e-001
1039	2.930502245195804e-001	2.951209226666385e-001
1094	2.882783308979118e-001	2.884031503126606e-001
1098	2.807489698625806e-001	2.818382931264454e-001
1135	2.606311761666890e-001	2.630267991895382e-001
1140	1.976900321117584e-001	1.995262314968880e-001
1158	1.780155018723039e-001	1.819700858609984e-001
1202	1.767293581811470e-001	1.778279410038923e-001
1258	1.713445624102615e-001	1.737800828749375e-001
1267	1.680688034855713e-001	1.698243652461744e-001
1287	1.551791418584529e-001	1.584893192461113e-001
1302	1.538653281716601e-001	1.548816618912481e-001
1372	1.486443142148529e-001	1.513561248436208e-001
1388	1.338675417210330e-001	1.348962882591654e-001
1409	1.230842132650156e-001	1.258925411794167e-001
1459	1.217382789744486e-001	1.230268770812382e-001
1464	1.189954575218729e-001	1.202264434617413e-001
1477	1.165676344227448e-001	1.174897554939529e-001
1481	1.140944344667064e-001	1.148153621496883e-001
1506	1.115484783316705e-001	1.122018454301964e-001
1519	1.079464346879149e-001	1.096478196143185e-001
1537	1.005793374410797e-001	1.023292992280754e-001
1539	9.817825539587444e-002	1.000000000000000e-001
1541	9.624227502392724e-002	9.772372209558107e-002
1557	7.823214114957133e-002	7.943282347242814e-002
1597	6.607645937303097e-002	6.760829753919818e-002
1598	6.478698605581923e-002	6.606934480075961e-002
1603	6.430388641009499e-002	6.456542290346556e-002
1618	5.685710009549450e-002	5.754399373371569e-002
1681	5.542490622144758e-002	5.623413251903491e-002
1688	5.484976799453079e-002	5.495408738576246e-002
1718	5.015464743619613e-002	5.128613839913648e-002
1735	5.007251996883233e-002	5.011872336272722e-002
1842	4.881092570028667e-002	4.897788193684461e-002
1910	4.750971594080033e-002	4.786300923226383e-002
1986	4.641849804667164e-002	4.677351412871982e-002
2020	4.479838420165605e-002	4.570881896148749e-002
2030	4.465851942456545e-002	4.466835921509630e-002
2060	4.352878294792950e-002	4.365158322401658e-002
2188	4.233567182053377e-002	4.265795188015926e-002
2229	4.069678688162770e-002	4.073802778041128e-002
2309	3.816369932495789e-002	3.890451449942807e-002
2344	3.791336555361680e-002	3.801893963205612e-002
2619	3.712006102879328e-002	3.715352290971726e-002
2641	3.556196372163123e-002	3.630780547701014e-002
2678	3.063784052995910e-002	3.090295432513590e-002
2751	3.017738637709433e-002	3.019951720402016e-002
2862	2.920917134131207e-002	2.951209226666385e-002
2937	2.872696832951638e-002	2.884031503126606e-002
2970	2.732112286347199e-002	2.754228703338166e-002
3235	2.690415317082751e-002	2.691534803926915e-002
3263	2.602746328499461e-002	2.630267991895382e-002
3412	2.569496933033189e-002	2.570395782768863e-002
3788	2.511217390550924e-002	2.511886431509579e-002
3988	2.057437188091127e-002	2.089296130854040e-002
4100	2.026644686928159e-002	2.041737944669530e-002
4215	1.886084923999754e-002	1.905460717963247e-002
4506	1.832772579713704e-002	1.862087136662868e-002
4876	1.815803775854175e-002	1.819700858609984e-002
5110	1.683101607229576e-002	1.698243652461744e-002
5394	1.656682095797735e-002	1.659586907437561e-002
6863	1.621692134833563e-002	1.621810097358930e-002
7242	1.561269166282930e-002	1.584893192461113e-002
7440	1.442646704874606e-002	1.445439770745927e-002
9096	1.403742012517384e-002	1.412537544622754e-002
10320	1.379862369552554e-002	1.380384264602885e-002
10616	1.299604343412530e-002	1.318256738556408e-002
11725	1.288212407920120e-002	1.288249551693134e-002
12013	1.201783267541778e-002	1.202264434617413e-002
12611	1.138026433081218e-002	1.148153621496883e-002
13228	1.121679296278932e-002	1.122018454301964e-002
13954	1.096335659263825e-002	1.096478196143185e-002
15787	1.069980336004284e-002	1.071519305237607e-002
18424	1.047086342581738e-002	1.047128548050900e-002
20886	1.021512866839136e-002	1.023292992280754e-002
21908	9.730208824628384e-003	9.772372209558112e-003
26094	9.419212086703155e-003	9.549925860214359e-003
28273	9.328011439729056e-003	9.332543007969915e-003
30013	8.906902539684070e-003	8.912509381337459e-003
31020	8.666438833085488e-003	8.709635899560805e-003
31977	8.501958969394874e-003	8.511380382023768e-003
33589	7.998996927210844e-003	8.128305161640995e-003
34418	7.942845070958771e-003	7.943282347242814e-003
37525	7.714764618365178e-003	7.762471166286920e-003
37625	7.536021663249515e-003	7.585775750291836e-003
42099	7.224231136664039e-003	7.244359600749898e-003
44717	7.063826770280612e-003	7.079457843841380e-003
47453	6.909394959854875e-003	6.918309709189363e-003
51861	6.743703643768306e-003	6.760829753919818e-003
57084	6.474015466868099e-003	6.606934480075957e-003
58359	6.270813596580438e-003	6.309573444801930e-003
59503	6.149250926345773e-003	6.165950018614822e-003
62592	5.938232579196345e-003	6.025595860743574e-003
63903	5.884504614928177e-003	5.888436553555890e-003
66360	4.528467249807044e-003	4.570881896148752e-003
71215	4.466708584604073e-003	4.466835921509631e-003
79177	4.344987551695101e-003	4.365158322401661e-003
80408	4.248131631269803e-003	4.265795188015926e-003
84992	4.166593189729673e-003	4.168693834703355e-003
97240	1.767746090966860e-003	1.778279410038923e-003
99806	1.737328470289401e-003	1.737800828749376e-003
103329	1.687848169233841e-003	1.698243652461744e-003
105030	1.632332130498848e-003	1.659586907437561e-003
108300	1.621735819512082e-003	1.621810097358930e-003
109122	1.575569611414140e-003	1.584893192461114e-003
111340	1.545158330195862e-003	1.548816618912481e-003
118984	1.508557043158221e-003	1.513561248436209e-003
122312	1.471633626782043e-003	1.479108388168207e-003
126628	1.433813118075111e-003	1.445439770745928e-003
129650	1.392792352891470e-003	1.412537544622754e-003
129947	1.366833743389306e-003	1.380384264602885e-003
134634	1.346628007678263e-003	1.348962882591653e-003
135118	1.313503433237551e-003	1.318256738556408e-003
139703	1.281335272665607e-003	1.288249551693134e-003
140364	1.241095730739938e-003	1.258925411794168e-003
144667	1.225555864862726e-003	1.230268770812381e-003
149386	1.196283370071161e-003	1.202264434617413e-003
150385	1.154456150228467e-003	1.174897554939529e-003
156481	1.094516624226105e-003	1.096478196143185e-003
161745	1.067479746617361e-003	1.071519305237606e-003
166504	1.045947239410316e-003	1.047128548050900e-003
170292	1.002623939266201e-003	1.023292992280754e-003
171697	9.988793815363106e-004	1.000000000000000e-003
172402	8.356260970870943e-004	8.511380382023768e-004
173198	8.306765768620883e-004	8.317637711026709e-004
180877	8.108328901715867e-004	8.128305161640995e-004
190270	7.803805506948480e-004	7.943282347242813e-004
192355	7.732516056229155e-004	7.762471166286919e-004
199020	7.475802816416799e-004	7.585775750291835e-004
202620	7.408696548885096e-004	7.413102413009177e-004
207557	7.231509934041425e-004	7.244359600749898e-004
221442	6.448664969053164e-004	6.456542290346556e-004
225762	6.306408944604103e-004	6.309573444801930e-004
226275	6.091492842857926e-004	6.165950018614822e-004
228673	5.611261144754520e-004	5.623413251903491e-004
237620	5.428732558829807e-004	5.495408738576249e-004
240551	5.365759893268818e-004	5.370317963702527e-004
247328	4.726509760570874e-004	4.786300923226385e-004
252061	4.662451250762034e-004	4.677351412871981e-004
259274	4.567462958068314e-004	4.570881896148752e-004
266087	4.466805050120648e-004	4.466835921509631e-004
271602	4.315150192462092e-004	4.365158322401661e-004
275243	4.149119514781363e-004	4.168693834703355e-004
278800	4.073103010091561e-004	4.073802778041126e-004
283244	3.943499379560622e-004	3.981071705534974e-004
291058	3.882841009591465e-004	3.890451449942804e-004
295117	3.766270762030066e-004	3.801893963205612e-004
300001	3.729664904094099e-004	3.801893963205612e-004
%
% index = 612, name = bbob_f001_i07_d03__bbob_f015_i08_d03
% instance = 3, reference value = 9.213982104999960e-001
% function evaluation | indicator value | target hit
1	2.171270073335964e+007	2.187761623949552e+007
2	1.475492668602050e+003	1.479108388168207e+003
6	5.308232332377516e+001	5.370317963702527e+001
150	5.070487088565121e+001	5.128613839913648e+001
326	4.503363092017994e+001	4.570881896148750e+001
340	2.743493617132939e+001	2.754228703338166e+001
382	2.188219190858623e+001	2.238721138568340e+001
444	1.716081778012044e+001	1.737800828749375e+001
507	1.376504708118322e+001	1.380384264602885e+001
586	7.765037967962369e+000	7.943282347242816e+000
660	1.399472528952096e+000	1.412537544622754e+000
987	9.614927993614961e-001	9.772372209558107e-001
1005	9.483486579819960e-001	9.549925860214360e-001
1065	7.095725485345839e-001	7.244359600749900e-001
1197	6.338755210754850e-001	6.456542290346555e-001
1218	5.814028893121370e-001	5.888436553555889e-001
1293	2.803094963967889e-001	2.818382931264454e-001
1312	2.527374263483553e-001	2.570395782768864e-001
1399	2.508054571072147e-001	2.511886431509580e-001
1442	2.390008326536940e-001	2.398832919019490e-001
1455	2.330416375968076e-001	2.344228815319922e-001
1523	1.951533637736297e-001	1.995262314968880e-001
1573	1.926643484736484e-001	1.949844599758046e-001
1576	1.896838020249763e-001	1.905460717963247e-001
1594	1.826749692659475e-001	1.862087136662868e-001
1607	1.816479792579466e-001	1.819700858609984e-001
1616	1.756463647672479e-001	1.778279410038923e-001
1707	1.692881728294685e-001	1.698243652461744e-001
1712	1.655811511475138e-001	1.659586907437561e-001
1717	1.322034853316894e-001	1.348962882591654e-001
1754	8.834692325566151e-002	8.912509381337455e-002
1790	8.336716727047955e-002	8.511380382023763e-002
1863	7.384403405407247e-002	7.413102413009177e-002
1922	7.121756556389880e-002	7.244359600749903e-002
1929	6.993174517110401e-002	7.079457843841380e-002
2009	6.789109876228305e-002	6.918309709189366e-002
2348	6.742329438155192e-002	6.760829753919818e-002
2573	6.555072575202714e-002	6.606934480075961e-002
2916	5.607474728711903e-002	5.623413251903491e-002
2999	3.739562434982624e-002	3.801893963205612e-002
3100	3.580023563015700e-002	3.630780547701014e-002
3232	3.023830122392590e-002	3.090295432513590e-002
3270	2.952437292055155e-002	3.019951720402016e-002
3321	2.948593214114381e-002	2.951209226666385e-002
3623	2.872130172814302e-002	2.884031503126606e-002
3859	2.733481150250938e-002	2.754228703338166e-002
4104	2.645690047511162e-002	2.691534803926915e-002
4174	2.620666539313654e-002	2.630267991895382e-002
4738	2.568027391803840e-002	2.570395782768863e-002
4839	2.410860403437365e-002	2.454708915685030e-002
5026	2.335761464339115e-002	2.344228815319923e-002
5105	2.167087448993577e-002	2.187761623949553e-002
5322	2.125318509439989e-002	2.137962089502233e-002
5459	2.082919518017967e-002	2.089296130854040e-002
5959	2.036151486906945e-002	2.041737944669530e-002
7217	1.918648985425020e-002	1.949844599758046e-002
7670	1.904747523515138e-002	1.905460717963247e-002
8438	1.860085094072950e-002	1.862087136662868e-002
9041	1.816717340977470e-002	1.819700858609984e-002
10126	1.777958279316350e-002	1.778279410038923e-002
11302	1.732731036971780e-002	1.737800828749376e-002
12132	1.688031980293170e-002	1.698243652461744e-002
13209	1.657751988750167e-002	1.659586907437561e-002
15991	1.620967908507587e-002	1.621810097358930e-002
17367	1.584862973522072e-002	1.584893192461113e-002
20466	1.434078106593462e-002	1.445439770745927e-002
24592	1.412527577573020e-002	1.412537544622754e-002
31537	1.379836464211937e-002	1.380384264602885e-002
61259	1.348013749640964e-002	1.348962882591653e-002
75263	1.308771578067602e-002	1.318256738556408e-002
75292	1.192870225169340e-002	1.202264434617413e-002
82656	1.149218254403484e-002	1.174897554939530e-002
83402	1.071448984780998e-002	1.071519305237607e-002
87029	1.024884299967321e-002	1.047128548050900e-002
88700	9.860874845858181e-003	1.000000000000000e-002
89571	9.520556030221061e-003	9.549925860214359e-003
97173	9.328171667434382e-003	9.332543007969915e-003
98460	8.784203816849412e-003	8.912509381337459e-003
113765	8.705591965320503e-003	8.709635899560805e-003
143853	8.508558650726195e-003	8.511380382023768e-003
194225	8.205373211049083e-003	8.317637711026709e-003
198748	8.125758514156423e-003	8.128305161640995e-003
214828	7.897404382771867e-003	7.943282347242814e-003
225144	7.761434040409077e-003	7.762471166286920e-003
226400	7.111006896284078e-003	7.244359600749898e-003
226908	7.079442932982127e-003	7.079457843841380e-003
229717	6.627030966331771e-003	6.760829753919818e-003
231622	6.552351322650751e-003	6.606934480075957e-003
231812	4.989622611515143e-003	5.011872336272725e-003
232774	2.558394482989224e-003	2.570395782768865e-003
233812	2.438439713522866e-003	2.454708915685031e-003
234012	2.376911807787097e-003	2.398832919019490e-003
234335	2.260643971446319e-003	2.290867652767772e-003
234837	2.211936161846562e-003	2.238721138568340e-003
234838	2.132616710312951e-003	2.137962089502233e-003
234963	2.030933181700889e-003	2.041737944669530e-003
235430	1.993354120917612e-003	1.995262314968879e-003
236075	1.926317190379168e-003	1.949844599758046e-003
236248	1.859697455712350e-003	1.862087136662868e-003
237035	1.769339797559777e-003	1.778279410038923e-003
239586	1.730399979774311e-003	1.737800828749376e-003
240813	1.635756317692971e-003	1.659586907437561e-003
241632	1.606076150966529e-003	1.621810097358930e-003
241832	1.342742476438730e-003	1.348962882591653e-003
241917	1.314804719994234e-003	1.318256738556408e-003
242885	1.278215663446436e-003	1.288249551693134e-003
243066	1.257496222400678e-003	1.258925411794168e-003
244445	1.122382847327241e-003	1.148153621496883e-003
244558	1.120476301831652e-003	1.122018454301963e-003
246272	1.072717111802124e-003	1.096478196143185e-003
246589	1.057801029824335e-003	1.071519305237606e-003
246730	1.044166280058323e-003	1.047128548050900e-003
247279	9.866436465933992e-004	1.000000000000000e-003
247894	9.764827687795963e-004	9.772372209558111e-004
248377	9.438679391109428e-004	9.549925860214359e-004
249123	9.324825259580116e-004	9.332543007969915e-004
250916	9.076663697995535e-004	9.120108393559096e-004
251457	8.900728450962347e-004	8.912509381337459e-004
252824	6.487699264337010e-004	6.606934480075958e-004
253133	6.447183906588272e-004	6.456542290346556e-004
254855	6.309083183904107e-004	6.309573444801930e-004
255723	6.154894681131840e-004	6.165950018614822e-004
257235	6.017892953622539e-004	6.025595860743575e-004
257642	5.875873029312917e-004	5.888436553555889e-004
257924	5.519312611199645e-004	5.623413251903491e-004
257963	5.446657614113226e-004	5.495408738576249e-004
258870	5.356110221544919e-004	5.370317963702527e-004
259836	5.093385880490242e-004	5.128613839913648e-004
260199	5.002269242840862e-004	5.011872336272725e-004
260864	4.896806816175880e-004	4.897788193684461e-004
261950	4.768110395197978e-004	4.786300923226385e-004
262241	4.202324544828606e-004	4.265795188015926e-004
262594	4.163003687652767e-004	4.168693834703355e-004
262991	3.973425657518570e-004	3.981071705534974e-004
263690	3.889841946382866e-004	3.890451449942804e-004
263919	3.708619661831891e-004	3.715352290971724e-004
264484	3.628524271505063e-004	3.630780547701014e-004
265870	3.516708312029104e-004	3.548133892335753e-004
266765	3.415762394217703e-004	3.467368504525317e-004
267301	3.384757128784832e-004	3.388441561392024e-004
267555	3.248332928628139e-004	3.311311214825911e-004
268224	3.173488443907191e-004	3.235936569296281e-004
268537	3.153365841330746e-004	3.162277660168379e-004
269418	3.087574815849870e-004	3.090295432513592e-004
271712	2.895107448447343e-004	2.951209226666387e-004
272540	2.883746959133626e-004	2.884031503126606e-004
273842	2.707596257146561e-004	2.754228703338166e-004
274569	2.685715301343761e-004	2.691534803926917e-004
274790	2.591636742826919e-004	2.630267991895381e-004
274854	2.503289105247886e-004	2.511886431509580e-004
275922	2.442215080885601e-004	2.454708915685031e-004
276286	2.398094164858255e-004	2.398832919019490e-004
276813	2.322032691218778e-004	2.344228815319923e-004
277331	2.290779271896248e-004	2.290867652767772e-004
278786	2.227556160219191e-004	2.238721138568340e-004
278910	2.179215310527116e-004	2.187761623949552e-004
279619	2.099012641035847e-004	2.137962089502232e-004
280323	2.085368313494707e-004	2.089296130854039e-004
281386	2.041550012460425e-004	2.041737944669530e-004
282354	1.986331887323667e-004	1.995262314968879e-004
283045	1.926470524125090e-004	1.949844599758046e-004
283401	1.901850295967789e-004	1.905460717963246e-004
285411	1.859659274288106e-004	1.862087136662868e-004
286027	1.767501129392723e-004	1.778279410038923e-004
286266	1.722089249096559e-004	1.737800828749376e-004
287109	1.658191120523789e-004	1.659586907437562e-004
288612	1.607761293932475e-004	1.621810097358930e-004
290979	1.581422028911206e-004	1.584893192461114e-004
292225	1.535433259280961e-004	1.548816618912481e-004
293403	1.510030439750842e-004	1.513561248436209e-004
293775	1.440888007575580e-004	1.445439770745928e-004
294961	1.411840340251880e-004	1.412537544622754e-004
297434	1.348312711386690e-004	1.348962882591653e-004
298445	1.313931821826930e-004	1.318256738556407e-004
299187	1.235583409483487e-004	1.258925411794167e-004
299370	1.226915305833076e-004	1.230268770812381e-004
300001	1.215713587479073e-004	1.230268770812381e-004
%
% index = 613, name = bbob_f001_i09_d03__bbob_f015_i10_d03
% instance = 4, reference value = 9.339824871614390e-001
% function evaluation | indicator value | target hit
1	5.321791052817044e+002	5.370317963702527e+002
6	7.513919867829438e+000	7.585775750291838e+000
203	6.932270106686938e+000	7.079457843841379e+000
241	4.476471217945939e+000	4.570881896148751e+000
352	2.892292933948939e+000	2.951209226666386e+000
362	1.301944452343939e+000	1.318256738556407e+000
563	6.669707512991430e-001	6.760829753919818e-001
597	3.161826933093394e-001	3.162277660168379e-001
688	2.687293117317267e-001	2.691534803926916e-001
820	2.217070367614017e-001	2.238721138568340e-001
829	1.986260736718978e-001	1.995262314968880e-001
861	1.935565751335179e-001	1.949844599758046e-001
875	1.756117052766100e-001	1.778279410038923e-001
903	1.594011617368299e-001	1.621810097358930e-001
911	1.405885535336287e-001	1.412537544622755e-001
950	1.372430552121041e-001	1.380384264602885e-001
965	1.220391211853782e-001	1.230268770812382e-001
999	1.087473393197210e-001	1.096478196143185e-001
1076	8.681966382182405e-002	8.709635899560805e-002
1097	8.432745101278139e-002	8.511380382023763e-002
1123	7.568435732905354e-002	7.585775750291836e-002
1132	7.264485044506930e-002	7.413102413009177e-002
1146	6.869276389607892e-002	6.918309709189366e-002
1158	6.467006857799973e-002	6.606934480075961e-002
1177	6.422722087197941e-002	6.456542290346556e-002
1204	6.090948608304625e-002	6.165950018614822e-002
1223	5.684701284686844e-002	5.754399373371569e-002
1248	4.275671609598131e-002	4.365158322401658e-002
1253	4.222580054778058e-002	4.265795188015926e-002
1260	4.104828790459270e-002	4.168693834703355e-002
1261	4.024274824656426e-002	4.073802778041128e-002
1274	3.924871358980986e-002	3.981071705534973e-002
1280	3.805496019864207e-002	3.890451449942807e-002
1285	3.796830377602201e-002	3.801893963205612e-002
1287	3.492546906126270e-002	3.548133892335755e-002
1293	3.438833579560729e-002	3.467368504525317e-002
1295	3.364626548934491e-002	3.388441561392026e-002
1315	3.304973150470314e-002	3.311311214825911e-002
1323	3.189056554860836e-002	3.235936569296283e-002
1341	3.109434415342294e-002	3.162277660168379e-002
1345	3.077800218380400e-002	3.090295432513590e-002
1369	2.953391962364460e-002	3.019951720402016e-002
1372	2.938274715833933e-002	2.951209226666385e-002
1375	2.882952858224253e-002	2.884031503126606e-002
1411	2.626538220188168e-002	2.630267991895382e-002
1446	2.550872638532364e-002	2.570395782768863e-002
1464	2.505494917485274e-002	2.511886431509579e-002
1470	2.448974303051199e-002	2.454708915685030e-002
1478	2.363304317041481e-002	2.398832919019490e-002
1481	2.335689450615408e-002	2.344228815319923e-002
1500	2.277059457327391e-002	2.290867652767774e-002
1517	2.237254739983674e-002	2.238721138568340e-002
1530	2.153928188386700e-002	2.187761623949553e-002
1546	2.134830304359670e-002	2.137962089502233e-002
1547	2.076836938059923e-002	2.089296130854040e-002
1560	2.025140077516485e-002	2.041737944669530e-002
1607	1.993169897087110e-002	1.995262314968880e-002
1610	1.912060208603494e-002	1.949844599758046e-002
1618	1.897544640712612e-002	1.905460717963247e-002
1620	1.658629863096051e-002	1.659586907437561e-002
1621	1.599419027089200e-002	1.621810097358930e-002
1635	1.582557138243967e-002	1.584893192461113e-002
1670	1.540561521846540e-002	1.548816618912481e-002
1685	1.511536867992624e-002	1.513561248436208e-002
1692	1.462024001969575e-002	1.479108388168207e-002
1704	1.432253070350265e-002	1.445439770745927e-002
1710	1.411751985673060e-002	1.412537544622754e-002
1727	1.378133956695393e-002	1.380384264602885e-002
1730	1.346918779007256e-002	1.348962882591653e-002
1742	1.291725476676975e-002	1.318256738556408e-002
1746	1.274763977409887e-002	1.288249551693134e-002
1755	1.223596281139272e-002	1.230268770812382e-002
1776	1.189289440140173e-002	1.202264434617413e-002
1782	1.174525074211485e-002	1.174897554939530e-002
1807	1.143633295266000e-002	1.148153621496883e-002
1850	1.121641894726666e-002	1.122018454301964e-002
1883	1.095067806914118e-002	1.096478196143185e-002
1928	1.071323702540517e-002	1.071519305237607e-002
1945	1.045318934306316e-002	1.047128548050900e-002
1974	1.023033499004411e-002	1.023292992280754e-002
1991	9.395645333108105e-003	9.549925860214359e-003
1999	9.294087425226083e-003	9.332543007969915e-003
2014	8.996841654095644e-003	9.120108393559097e-003
2028	8.847069865054680e-003	8.912509381337459e-003
2033	8.685377193108801e-003	8.709635899560805e-003
2067	8.413322806223311e-003	8.511380382023768e-003
2088	8.308836173584355e-003	8.317637711026709e-003
2135	8.070073375724074e-003	8.128305161640995e-003
2138	7.841800080964689e-003	7.943282347242814e-003
2143	7.756542305402348e-003	7.762471166286920e-003
2171	7.575101601733802e-003	7.585775750291836e-003
2216	7.363848016568753e-003	7.413102413009177e-003
2223	7.233828513538043e-003	7.244359600749898e-003
2247	7.078188074946312e-003	7.079457843841380e-003
2292	6.856856354590435e-003	6.918309709189363e-003
2297	6.748217535519907e-003	6.760829753919818e-003
2312	6.592480465077544e-003	6.606934480075957e-003
2334	6.454200352224215e-003	6.456542290346556e-003
2368	6.309417319470323e-003	6.309573444801930e-003
2426	6.157628302797757e-003	6.165950018614822e-003
2463	6.020561011425896e-003	6.025595860743574e-003
2493	5.887926216161410e-003	5.888436553555890e-003
2512	5.492449182971093e-003	5.495408738576248e-003
2556	5.346997053467750e-003	5.370317963702527e-003
2615	5.245395357353910e-003	5.248074602497728e-003
2670	5.124952622241441e-003	5.128613839913648e-003
2728	5.009101197619992e-003	5.011872336272725e-003
2805	4.885947359919207e-003	4.897788193684461e-003
2897	4.785097882915257e-003	4.786300923226385e-003
2963	4.676340895943376e-003	4.677351412871981e-003
3028	4.564800503399358e-003	4.570881896148752e-003
3100	4.465042510958250e-003	4.466835921509631e-003
3173	4.340203735066939e-003	4.365158322401661e-003
3228	4.147449498569045e-003	4.168693834703355e-003
3356	4.073375627595022e-003	4.073802778041126e-003
3427	3.979389115406740e-003	3.981071705534973e-003
3447	3.875505947122493e-003	3.890451449942805e-003
3535	3.792308011234646e-003	3.801893963205613e-003
3596	3.704420975830569e-003	3.715352290971724e-003
3695	3.624087632940087e-003	3.630780547701014e-003
3760	3.537656470777417e-003	3.548133892335753e-003
3822	3.424603819550565e-003	3.467368504525317e-003
3845	3.387250957490373e-003	3.388441561392024e-003
3938	3.258331717083451e-003	3.311311214825911e-003
3977	3.205908346822994e-003	3.235936569296281e-003
4005	3.158547281513768e-003	3.162277660168379e-003
4066	3.089046988385968e-003	3.090295432513592e-003
4110	2.977870560794016e-003	3.019951720402016e-003
4211	2.944573351336577e-003	2.951209226666387e-003
4285	2.838290721021042e-003	2.884031503126606e-003
4339	2.817221860903163e-003	2.818382931264455e-003
4449	2.744472589410796e-003	2.754228703338166e-003
4528	2.674885121719317e-003	2.691534803926917e-003
4607	2.628837051741995e-003	2.630267991895381e-003
4767	2.569903811019514e-003	2.570395782768865e-003
4877	2.497734432851395e-003	2.511886431509579e-003
4994	2.441123666907297e-003	2.454708915685031e-003
5241	2.393186753422039e-003	2.398832919019490e-003
5551	2.341010181143632e-003	2.344228815319923e-003
5829	2.288100918369174e-003	2.290867652767772e-003
5930	2.236399001412925e-003	2.238721138568340e-003
6306	2.184814081214070e-003	2.187761623949552e-003
6578	2.135442284783684e-003	2.137962089502233e-003
6929	2.087396838604039e-003	2.089296130854039e-003
7143	2.036018082991697e-003	2.041737944669530e-003
7337	1.982333807297509e-003	1.995262314968879e-003
7682	1.948767179441591e-003	1.949844599758046e-003
8129	1.902924128615369e-003	1.905460717963246e-003
8673	1.861935556481953e-003	1.862087136662868e-003
9238	1.819106722125041e-003	1.819700858609983e-003
9621	1.777605251191750e-003	1.778279410038923e-003
9840	1.731295157869739e-003	1.737800828749376e-003
10478	1.692387389662819e-003	1.698243652461744e-003
10872	1.659467450769170e-003	1.659586907437561e-003
11636	1.525374029146764e-003	1.548816618912481e-003
12100	1.513507896809929e-003	1.513561248436209e-003
12865	1.478629177076751e-003	1.479108388168207e-003
13537	1.436902966990727e-003	1.445439770745928e-003
14104	1.410700407568744e-003	1.412537544622754e-003
15073	1.378889936583305e-003	1.380384264602885e-003
15896	1.348961748456334e-003	1.348962882591653e-003
16057	1.317668886647971e-003	1.318256738556408e-003
16265	1.253396780960925e-003	1.258925411794168e-003
17016	1.229974052065486e-003	1.230268770812381e-003
18397	1.200219374378864e-003	1.202264434617413e-003
19188	1.173721926847837e-003	1.174897554939529e-003
19936	1.138013652407177e-003	1.148153621496883e-003
20270	1.121912489462251e-003	1.122018454301963e-003
22176	1.095194721509762e-003	1.096478196143185e-003
23898	1.070312399282125e-003	1.071519305237606e-003
25354	1.046243212999620e-003	1.047128548050900e-003
27336	1.022618197382808e-003	1.023292992280754e-003
29521	9.998057104033675e-004	1.000000000000000e-003
30482	9.769463203972428e-004	9.772372209558111e-004
32824	9.545559151854510e-004	9.549925860214359e-004
34598	9.325401149394841e-004	9.332543007969915e-004
35280	9.034687477792458e-004	9.120108393559096e-004
36322	8.895358520577545e-004	8.912509381337459e-004
38917	8.704287943320788e-004	8.709635899560805e-004
39844	8.454937694774012e-004	8.511380382023768e-004
41222	8.316275702212606e-004	8.317637711026709e-004
44562	8.119077573682798e-004	8.128305161640995e-004
47069	7.933520728903298e-004	7.943282347242813e-004
49623	7.740512869802707e-004	7.762471166286919e-004
53824	7.585188459930947e-004	7.585775750291835e-004
56304	7.395492680771776e-004	7.413102413009177e-004
57162	7.243508665324416e-004	7.244359600749898e-004
59239	7.044330373919827e-004	7.079457843841380e-004
63044	6.909061294972929e-004	6.918309709189362e-004
67219	6.757656348395091e-004	6.760829753919819e-004
69838	6.605353680283477e-004	6.606934480075958e-004
73045	6.451340052732180e-004	6.456542290346556e-004
76166	6.301657373559699e-004	6.309573444801930e-004
81869	6.165381718949980e-004	6.165950018614822e-004
84748	5.922755931150325e-004	6.025595860743575e-004
86293	5.881432365286710e-004	5.888436553555889e-004
87710	5.742411793855373e-004	5.754399373371566e-004
92139	5.494963947005882e-004	5.495408738576249e-004
95736	5.368824123982430e-004	5.370317963702527e-004
101537	5.245224420888928e-004	5.248074602497728e-004
107297	5.127480263908968e-004	5.128613839913648e-004
111311	5.011747665264466e-004	5.011872336272725e-004
120443	4.897769104524885e-004	4.897788193684461e-004
123167	4.767598903863135e-004	4.786300923226385e-004
126896	4.676923711407488e-004	4.677351412871981e-004
131474	4.568273955040114e-004	4.570881896148752e-004
136596	4.465733186296284e-004	4.466835921509631e-004
142854	4.352718358469065e-004	4.365158322401661e-004
150391	4.254623116193290e-004	4.265795188015926e-004
157382	4.168693417844205e-004	4.168693834703355e-004
165561	4.050299750377739e-004	4.073802778041126e-004
168516	3.980554198527164e-004	3.981071705534974e-004
180165	3.890224639754303e-004	3.890451449942804e-004
188130	3.801276640242879e-004	3.801893963205612e-004
201332	3.693818610912558e-004	3.715352290971724e-004
208332	3.630531519277502e-004	3.630780547701014e-004
216735	3.491730555478245e-004	3.548133892335753e-004
219768	3.467326358611578e-004	3.467368504525317e-004
231956	3.388327887432485e-004	3.388441561392024e-004
241983	3.310957263414904e-004	3.311311214825911e-004
245350	3.235934344388847e-004	3.235936569296281e-004
263221	3.161870701458014e-004	3.162277660168379e-004
278195	2.982132086500888e-004	3.019951720402016e-004
283137	2.854078487831702e-004	2.884031503126606e-004
291746	2.817837288409120e-004	2.818382931264455e-004
297207	2.753752363992001e-004	2.754228703338166e-004
300001	2.736623259573801e-004	2.754228703338166e-004
%
% index = 614, name = bbob_f001_i11_d03__bbob_f015_i12_d03
% instance = 5, reference value = 8.876287045176190e-001
% function evaluation | indicator value | target hit
1	3.842812342101724e+009	3.890451449942805e+009
2	1.091706484429982e+005	1.096478196143185e+005
3	8.121520907269765e+004	8.128305161640995e+004
5	1.857591405817819e+002	1.862087136662867e+002
6	1.355315987061950e+002	1.380384264602885e+002
9	3.693023530817871e+001	3.715352290971726e+001
37	2.252140383122251e+001	2.290867652767774e+001
143	2.195126380701357e+001	2.238721138568340e+001
234	1.327400519632556e+001	1.348962882591653e+001
311	2.128560826588619e+000	2.137962089502232e+000
398	7.377720466324538e-001	7.413102413009175e-001
674	6.942485188325640e-001	7.079457843841379e-001
713	5.267418928597597e-001	5.370317963702527e-001
800	5.096247934817348e-001	5.128613839913648e-001
822	4.050107144165505e-001	4.073802778041127e-001
920	3.933525103855916e-001	3.981071705534973e-001
992	3.799683376672757e-001	3.801893963205612e-001
1002	3.468082773598066e-001	3.548133892335755e-001
1030	2.920328909425922e-001	2.951209226666385e-001
1035	2.512090983623947e-001	2.570395782768864e-001
1083	2.295862708528074e-001	2.344228815319922e-001
1165	2.003610195461217e-001	2.041737944669530e-001
1223	1.965032505076976e-001	1.995262314968880e-001
1227	1.835330135874546e-001	1.862087136662868e-001
1265	1.781681638643010e-001	1.819700858609984e-001
1276	1.687977681014647e-001	1.698243652461744e-001
1318	1.626210220928369e-001	1.659586907437561e-001
1329	1.552272664510201e-001	1.584893192461113e-001
1337	1.513554776024564e-001	1.513561248436208e-001
1385	1.467787985505747e-001	1.479108388168208e-001
1389	1.424499560716576e-001	1.445439770745928e-001
1402	1.332576854535238e-001	1.348962882591654e-001
1417	1.317735044032571e-001	1.318256738556407e-001
1435	1.155380989009378e-001	1.174897554939529e-001
1450	1.119919720223744e-001	1.122018454301964e-001
1456	1.074011297913189e-001	1.096478196143185e-001
1478	9.997288676620864e-002	1.000000000000000e-001
1539	9.511870512007259e-002	9.549925860214359e-002
1562	9.075462074878371e-002	9.120108393559097e-002
1581	8.458935986039429e-002	8.511380382023763e-002
1604	8.285130741561853e-002	8.317637711026708e-002
1617	8.095515696087219e-002	8.128305161640990e-002
1629	7.838959281970603e-002	7.943282347242814e-002
1642	7.675296080022187e-002	7.762471166286916e-002
1649	7.512484902799133e-002	7.585775750291836e-002
1663	7.235234072585595e-002	7.244359600749903e-002
1675	6.932149631741036e-002	7.079457843841380e-002
1678	6.878234221146695e-002	6.918309709189366e-002
1697	6.757671787746700e-002	6.760829753919818e-002
1729	6.582693709192777e-002	6.606934480075961e-002
1744	6.440101399694032e-002	6.456542290346556e-002
1795	6.209991181473384e-002	6.309573444801933e-002
1805	5.885131619446193e-002	5.888436553555890e-002
1824	5.613431294796945e-002	5.623413251903491e-002
1883	5.478863657253830e-002	5.495408738576246e-002
1896	5.051785093036698e-002	5.128613839913648e-002
1921	5.008269944666977e-002	5.011872336272722e-002
1972	4.884716128364020e-002	4.897788193684461e-002
2030	4.780632521831940e-002	4.786300923226383e-002
2122	4.676161665999623e-002	4.677351412871982e-002
2158	4.372060090207708e-002	4.466835921509630e-002
2187	4.315943448218962e-002	4.365158322401658e-002
2224	4.191209458003931e-002	4.265795188015926e-002
2314	4.150217513704491e-002	4.168693834703355e-002
2370	4.024117314498865e-002	4.073802778041128e-002
2394	3.947405049531649e-002	3.981071705534973e-002
2570	3.811370473312303e-002	3.890451449942807e-002
2574	3.801691406073715e-002	3.801893963205612e-002
2774	3.558123731545659e-002	3.630780547701014e-002
2837	3.364460097730404e-002	3.388441561392026e-002
2859	2.713658375785932e-002	2.754228703338166e-002
2948	2.683719840083398e-002	2.691534803926915e-002
2993	2.529062937756477e-002	2.570395782768863e-002
3048	2.467839531719696e-002	2.511886431509579e-002
3084	2.427503403678921e-002	2.454708915685030e-002
3248	2.183024506879128e-002	2.187761623949553e-002
3359	2.105140798466221e-002	2.137962089502233e-002
3421	2.072569773315125e-002	2.089296130854040e-002
3478	2.018756507378805e-002	2.041737944669530e-002
3675	1.990353232105491e-002	1.995262314968880e-002
3748	1.873075444783934e-002	1.905460717963247e-002
3858	1.851063526033692e-002	1.862087136662868e-002
3971	1.815883914673655e-002	1.819700858609984e-002
4066	1.775359914755015e-002	1.778279410038923e-002
4214	1.704147673384981e-002	1.737800828749376e-002
4233	1.610878751287270e-002	1.621810097358930e-002
4370	1.570564782300177e-002	1.584893192461113e-002
4673	1.528631811571724e-002	1.548816618912481e-002
4723	1.500239867849262e-002	1.513561248436208e-002
4844	1.447862386408616e-002	1.479108388168207e-002
4917	1.420468807672670e-002	1.445439770745927e-002
4928	1.398653718336174e-002	1.412537544622754e-002
5045	1.379652086855043e-002	1.380384264602885e-002
5258	1.333959274031682e-002	1.348962882591653e-002
5725	1.317628071779331e-002	1.318256738556408e-002
5914	1.261165403331355e-002	1.288249551693134e-002
5953	1.258729741111087e-002	1.258925411794168e-002
6289	1.226561493995138e-002	1.230268770812382e-002
6601	1.199878993239678e-002	1.202264434617413e-002
7155	1.170757157546809e-002	1.174897554939530e-002
7299	1.121256173325225e-002	1.122018454301964e-002
7411	1.057462892155536e-002	1.071519305237607e-002
7588	1.047027221885666e-002	1.047128548050900e-002
7936	1.021469364952188e-002	1.023292992280754e-002
8181	9.941654332117356e-003	1.000000000000000e-002
8642	9.771834484310848e-003	9.772372209558112e-003
8865	9.377366168119017e-003	9.549925860214359e-003
8902	9.298715373517008e-003	9.332543007969915e-003
9543	8.991735352262720e-003	9.120108393559097e-003
10122	8.876453633308912e-003	8.912509381337459e-003
10510	8.509877480151085e-003	8.511380382023768e-003
10558	8.100659167213364e-003	8.128305161640995e-003
11282	7.896245995684836e-003	7.943282347242814e-003
11392	7.657861440766967e-003	7.762471166286920e-003
11668	7.387377992740474e-003	7.413102413009177e-003
11692	7.220420213885803e-003	7.244359600749898e-003
12075	7.074098664597295e-003	7.079457843841380e-003
12497	6.880371403191421e-003	6.918309709189363e-003
12698	6.758603657597284e-003	6.760829753919818e-003
13601	6.601992256273004e-003	6.606934480075957e-003
14122	6.448577168608249e-003	6.456542290346556e-003
14411	6.304918705429152e-003	6.309573444801930e-003
14728	6.138840376700983e-003	6.165950018614822e-003
14929	5.834059584278184e-003	5.888436553555890e-003
15218	5.742275469495461e-003	5.754399373371567e-003
15409	5.616735446152821e-003	5.623413251903491e-003
15627	5.345366429845511e-003	5.370317963702527e-003
15762	5.107332270941400e-003	5.128613839913648e-003
15917	5.004158985955853e-003	5.011872336272725e-003
16288	4.870013980470933e-003	4.897788193684461e-003
17247	4.632708927726492e-003	4.677351412871981e-003
17332	4.546592868639121e-003	4.570881896148752e-003
18439	4.443913279839395e-003	4.466835921509631e-003
19469	4.360612540052378e-003	4.365158322401661e-003
20625	4.265494008971138e-003	4.265795188015926e-003
21125	4.166967316941106e-003	4.168693834703355e-003
21361	4.033829345102991e-003	4.073802778041126e-003
21466	3.692094188760597e-003	3.715352290971724e-003
22212	3.349045749578505e-003	3.388441561392024e-003
22481	3.305436389855254e-003	3.311311214825911e-003
23557	3.223435461258362e-003	3.235936569296281e-003
24613	3.144579161839300e-003	3.162277660168379e-003
24899	3.088513285989136e-003	3.090295432513592e-003
26064	3.014890123184344e-003	3.019951720402016e-003
27662	2.950543450202514e-003	2.951209226666387e-003
28577	2.879653521040360e-003	2.884031503126606e-003
30035	2.816924283944422e-003	2.818382931264455e-003
31636	2.741973996872482e-003	2.754228703338166e-003
32987	2.666537004845759e-003	2.691534803926917e-003
34065	2.615225423217460e-003	2.630267991895381e-003
34722	2.563686550603794e-003	2.570395782768865e-003
37123	2.511286194706197e-003	2.511886431509579e-003
37964	2.449491899433665e-003	2.454708915685031e-003
39190	2.389127121788959e-003	2.398832919019490e-003
39419	2.326593313807912e-003	2.344228815319923e-003
40045	2.287036332135450e-003	2.290867652767772e-003
40684	2.237996031418610e-003	2.238721138568340e-003
42128	2.186438989151274e-003	2.187761623949552e-003
42439	2.095921289107516e-003	2.137962089502233e-003
42753	2.089084748320369e-003	2.089296130854039e-003
43898	2.026627606038334e-003	2.041737944669530e-003
44978	1.993516385018213e-003	1.995262314968879e-003
48042	1.941169173894308e-003	1.949844599758046e-003
49908	1.894378108242334e-003	1.905460717963246e-003
51144	1.854492051706402e-003	1.862087136662868e-003
54054	1.802632833303841e-003	1.819700858609983e-003
55617	1.772029569976574e-003	1.778279410038923e-003
59291	1.734835370985621e-003	1.737800828749376e-003
61443	1.640676368973248e-003	1.659586907437561e-003
63032	1.621613522453380e-003	1.621810097358930e-003
64398	1.584518723335870e-003	1.584893192461114e-003
66526	1.527608199793806e-003	1.548816618912481e-003
67161	1.499095763593861e-003	1.513561248436209e-003
70546	1.479033774700933e-003	1.479108388168207e-003
72143	1.426768989762017e-003	1.445439770745928e-003
72914	1.395724561413680e-003	1.412537544622754e-003
74162	1.376723618044640e-003	1.380384264602885e-003
75533	1.346369831375816e-003	1.348962882591653e-003
77331	1.303584768611366e-003	1.318256738556408e-003
77353	1.268086495276877e-003	1.288249551693134e-003
77794	1.254870842530953e-003	1.258925411794168e-003
79242	1.228396301467760e-003	1.230268770812381e-003
80116	1.201768262004133e-003	1.202264434617413e-003
83756	1.174846244091921e-003	1.174897554939529e-003
87786	1.148076988320090e-003	1.148153621496883e-003
89185	1.115571318680009e-003	1.122018454301963e-003
90727	1.076980898716218e-003	1.096478196143185e-003
91945	1.070110541956049e-003	1.071519305237606e-003
94948	1.047043944670478e-003	1.047128548050900e-003
99556	1.015600397614280e-003	1.023292992280754e-003
100931	9.999878022411979e-004	1.000000000000000e-003
105533	9.767704139653777e-004	9.772372209558111e-004
107904	9.490960778018032e-004	9.549925860214359e-004
111625	9.328652920871372e-004	9.332543007969915e-004
112852	9.065617502348466e-004	9.120108393559096e-004
115884	8.900399870788167e-004	8.912509381337459e-004
118519	8.643957601562891e-004	8.709635899560805e-004
124351	8.508539755540667e-004	8.511380382023768e-004
129419	8.267924794879145e-004	8.317637711026709e-004
129931	8.084048585058623e-004	8.128305161640995e-004
132490	7.937707699116059e-004	7.943282347242813e-004
137794	7.749474856642014e-004	7.762471166286919e-004
144394	7.514318171820689e-004	7.585775750291835e-004
148076	7.411151090112034e-004	7.413102413009177e-004
151183	7.243394180002083e-004	7.244359600749898e-004
154387	7.072394897537082e-004	7.079457843841380e-004
156729	6.890348259869228e-004	6.918309709189362e-004
160669	6.732920807291931e-004	6.760829753919819e-004
163542	6.563190162016674e-004	6.606934480075958e-004
168635	6.438281168031912e-004	6.456542290346556e-004
172824	6.300767210165592e-004	6.309573444801930e-004
174259	6.144413343995847e-004	6.165950018614822e-004
178350	6.018537807470636e-004	6.025595860743575e-004
184163	5.871328179833935e-004	5.888436553555889e-004
191668	5.753305610670667e-004	5.754399373371566e-004
195440	5.611250058960016e-004	5.623413251903491e-004
201083	5.494708342577148e-004	5.495408738576249e-004
206201	5.368062688272390e-004	5.370317963702527e-004
215156	5.246744641468348e-004	5.248074602497728e-004
226023	5.105864122763038e-004	5.128613839913648e-004
233884	5.011038094729914e-004	5.011872336272725e-004
237562	4.888937797307147e-004	4.897788193684461e-004
239230	4.773967038670390e-004	4.786300923226385e-004
251681	4.677295514816660e-004	4.677351412871981e-004
254276	4.553129693187774e-004	4.570881896148752e-004
264106	4.465253525539614e-004	4.466835921509631e-004
273812	4.346711247962265e-004	4.365158322401661e-004
276596	4.233757431852947e-004	4.265795188015926e-004
284677	4.168368874301054e-004	4.168693834703355e-004
293154	4.069471994452290e-004	4.073802778041126e-004
300001	4.036159917234494e-004	4.073802778041126e-004
%
% index = 615, name = bbob_f001_i13_d03__bbob_f015_i14_d03
% instance = 6, reference value = 9.459429001736650e-001
% function evaluation | indicator value | target hit
1	1.474657559695454e+004	1.479108388168207e+004
6	1.564975094386993e+002	1.584893192461114e+002
319	1.198845690912974e+002	1.202264434617413e+002
403	1.106581624895633e+001	1.122018454301964e+001
892	3.300466596422587e+000	3.311311214825911e+000
918	9.368879624876888e-001	9.549925860214360e-001
1015	4.313174449033951e-001	4.365158322401660e-001
1338	4.101115849558725e-001	4.168693834703354e-001
1441	3.762676214045004e-001	3.801893963205612e-001
1493	3.615262848838149e-001	3.630780547701014e-001
1543	3.449398378579981e-001	3.467368504525316e-001
1616	3.318118554205674e-001	3.388441561392026e-001
1651	3.245161097708716e-001	3.311311214825911e-001
1681	3.207437037902362e-001	3.235936569296283e-001
1705	3.051772359080729e-001	3.090295432513591e-001
1735	1.866113500515239e-001	1.905460717963247e-001
1758	1.857809200996562e-001	1.862087136662868e-001
1775	1.806088483054921e-001	1.819700858609984e-001
1808	1.776405178230979e-001	1.778279410038923e-001
1870	1.691799080912094e-001	1.698243652461744e-001
1889	1.633298611890923e-001	1.659586907437561e-001
1958	1.354460616443100e-001	1.380384264602885e-001
1990	1.148486795109946e-001	1.174897554939529e-001
2002	1.147500960312976e-001	1.148153621496883e-001
2267	1.105395834435703e-001	1.122018454301964e-001
2293	1.035847214860216e-001	1.047128548050900e-001
2318	1.020952143972675e-001	1.023292992280754e-001
2415	9.392543602302628e-002	9.549925860214359e-002
2444	9.250134564421886e-002	9.332543007969910e-002
2655	8.999174824350109e-002	9.120108393559097e-002
2676	6.554962221566596e-002	6.606934480075961e-002
2909	5.377630770303010e-002	5.495408738576246e-002
2942	5.363660652870839e-002	5.370317963702527e-002
2981	4.836095960135500e-002	4.897788193684461e-002
2988	4.641167561262583e-002	4.677351412871982e-002
3069	4.569391153396951e-002	4.570881896148749e-002
3141	4.031297939100254e-002	4.073802778041128e-002
3231	3.839874413282607e-002	3.890451449942807e-002
3254	3.799464592297241e-002	3.801893963205612e-002
3348	1.979412328201968e-002	1.995262314968880e-002
3417	1.946999771788160e-002	1.949844599758046e-002
3592	1.672965499739565e-002	1.698243652461744e-002
3641	1.600622487325643e-002	1.621810097358930e-002
3692	1.560375498304212e-002	1.584893192461113e-002
3712	1.547242394371540e-002	1.548816618912481e-002
3743	1.392791742643773e-002	1.412537544622754e-002
3774	1.379106001343244e-002	1.380384264602885e-002
3894	1.195030389948915e-002	1.202264434617413e-002
4032	1.174840365748697e-002	1.174897554939530e-002
4255	1.144702639805295e-002	1.148153621496883e-002
4472	1.121984163919509e-002	1.122018454301964e-002
4637	1.048582970968681e-002	1.071519305237607e-002
4647	1.041679579191479e-002	1.047128548050900e-002
4883	9.655030139891774e-003	9.772372209558112e-003
5046	9.549663796250996e-003	9.549925860214359e-003
5409	8.834479855364230e-003	8.912509381337459e-003
5630	8.685785746492813e-003	8.709635899560805e-003
5902	8.510994712814579e-003	8.511380382023768e-003
7148	7.014458326811135e-003	7.079457843841380e-003
7577	6.058056598039041e-003	6.165950018614822e-003
7606	4.901541287348543e-003	5.011872336272725e-003
7609	4.896973046514930e-003	4.897788193684461e-003
7650	4.786144566296224e-003	4.786300923226385e-003
7790	4.602919217042478e-003	4.677351412871981e-003
8053	4.330109526984982e-003	4.365158322401661e-003
8759	4.264733142439026e-003	4.265795188015926e-003
9035	3.731856831246327e-003	3.801893963205613e-003
9261	3.713787976975524e-003	3.715352290971724e-003
9542	3.630750933877769e-003	3.630780547701014e-003
10853	3.541617913737083e-003	3.548133892335753e-003
12003	3.466194648385379e-003	3.467368504525317e-003
12269	2.330047191944740e-003	2.344228815319923e-003
13762	2.289926531690245e-003	2.290867652767772e-003
14741	2.091715248995429e-003	2.137962089502233e-003
14969	2.089227644234692e-003	2.089296130854039e-003
15640	1.995150250527766e-003	1.995262314968879e-003
15788	1.949758317932093e-003	1.949844599758046e-003
16183	1.904115242546300e-003	1.905460717963246e-003
18988	1.711629856901986e-003	1.737800828749376e-003
20154	1.691521421353759e-003	1.698243652461744e-003
21687	1.618479568690656e-003	1.621810097358930e-003
22336	1.559090368790317e-003	1.584893192461114e-003
22440	1.426032909871311e-003	1.445439770745928e-003
24332	1.406347909366446e-003	1.412537544622754e-003
24641	1.369150863136270e-003	1.380384264602885e-003
27391	1.348883905667897e-003	1.348962882591653e-003
30712	1.318211931822244e-003	1.318256738556408e-003
33398	1.243302189786855e-003	1.258925411794168e-003
33734	1.204217902539995e-003	1.230268770812381e-003
34217	1.200231396980889e-003	1.202264434617413e-003
37550	1.174865357575161e-003	1.174897554939529e-003
39743	1.148135831037789e-003	1.148153621496883e-003
40300	1.107751580758931e-003	1.122018454301963e-003
43316	1.096429568690605e-003	1.096478196143185e-003
57094	1.071511667331548e-003	1.071519305237606e-003
64257	1.013020529760711e-003	1.023292992280754e-003
78219	9.999913495951640e-004	1.000000000000000e-003
81497	9.585562955598537e-004	9.772372209558111e-004
84017	9.538517142955172e-004	9.549925860214359e-004
111635	9.256802516185436e-004	9.332543007969915e-004
124771	9.044012824067638e-004	9.120108393559096e-004
159434	8.883761013683822e-004	8.912509381337459e-004
300001	8.768853382522535e-004	8.912509381337459e-004
%
% index = 616, name = bbob_f001_i15_d03__bbob_f015_i16_d03
% instance = 7, reference value = 9.111709017264270e-001
% function evaluation | indicator value | target hit
1	5.473104298401304e+010	5.495408738576248e+010
2	2.421010354672533e+006	2.454708915685029e+006
3	2.774253898188009e+005	2.818382931264455e+005
4	2.142197391436205e+003	2.187761623949552e+003
5	3.486159772584128e+002	3.548133892335753e+002
6	2.944601713926167e+001	2.951209226666386e+001
297	9.962425466555715e+000	1.000000000000000e+001
454	5.331907484416425e+000	5.370317963702528e+000
455	1.192821538565927e+000	1.202264434617413e+000
638	6.386883681438946e-001	6.456542290346555e-001
942	5.488880296747825e-001	5.495408738576245e-001
1061	5.153051001924005e-001	5.248074602497725e-001
1079	3.404165481158018e-001	3.467368504525316e-001
1100	3.281844873958504e-001	3.311311214825911e-001
1207	3.163390867851567e-001	3.235936569296283e-001
1210	2.913554421776274e-001	2.951209226666385e-001
1214	2.641795042058271e-001	2.691534803926916e-001
1222	2.569258716993960e-001	2.570395782768864e-001
1248	2.477273067234337e-001	2.511886431509580e-001
1257	2.124816503259931e-001	2.137962089502232e-001
1332	2.010364056904047e-001	2.041737944669530e-001
1333	1.953243213846019e-001	1.995262314968880e-001
1348	1.938223165647872e-001	1.949844599758046e-001
1365	1.903850771428222e-001	1.905460717963247e-001
1371	1.849615417889249e-001	1.862087136662868e-001
1375	1.697592207447149e-001	1.698243652461744e-001
1397	1.656172011071987e-001	1.659586907437561e-001
1424	1.570930754445670e-001	1.584893192461113e-001
1439	1.352075547989420e-001	1.380384264602885e-001
1444	1.244214287612606e-001	1.258925411794167e-001
1463	1.138816825913683e-001	1.148153621496883e-001
1474	1.084876938675644e-001	1.096478196143185e-001
1479	1.045102743472319e-001	1.047128548050900e-001
1491	9.679279983719780e-002	9.772372209558107e-002
1541	8.825924268918139e-002	8.912509381337455e-002
1613	8.419038658981415e-002	8.511380382023763e-002
1663	7.741998330469957e-002	7.762471166286916e-002
1676	7.249353598380059e-002	7.413102413009177e-002
1680	7.097083391535175e-002	7.244359600749903e-002
1688	7.029254865305690e-002	7.079457843841380e-002
1727	6.814846958322740e-002	6.918309709189366e-002
1739	5.423827474708365e-002	5.495408738576246e-002
1757	5.294401115608627e-002	5.370317963702527e-002
1768	5.217740908611257e-002	5.248074602497726e-002
1775	4.822985003824709e-002	4.897788193684461e-002
1794	4.692290271826649e-002	4.786300923226383e-002
1803	4.618937858184291e-002	4.677351412871982e-002
1838	4.546637044233803e-002	4.570881896148749e-002
1848	4.440819895428483e-002	4.466835921509630e-002
1876	4.337677124683648e-002	4.365158322401658e-002
1885	4.135205546319964e-002	4.168693834703355e-002
1939	3.877699811099544e-002	3.890451449942807e-002
2031	3.785428514567413e-002	3.801893963205612e-002
2151	3.695821271341482e-002	3.715352290971726e-002
2168	3.285785131571462e-002	3.311311214825911e-002
2195	2.993957541586345e-002	3.019951720402016e-002
2260	2.907925785361154e-002	2.951209226666385e-002
2289	2.866228706518226e-002	2.884031503126606e-002
2333	2.815687254605293e-002	2.818382931264454e-002
2409	2.752005421535964e-002	2.754228703338166e-002
2442	2.671642477044967e-002	2.691534803926915e-002
2500	2.626871104303918e-002	2.630267991895382e-002
2579	2.564169032574493e-002	2.570395782768863e-002
2657	2.498662737084234e-002	2.511886431509579e-002
2677	2.428750693572535e-002	2.454708915685030e-002
2833	2.381412228547619e-002	2.398832919019490e-002
2930	2.341379308819713e-002	2.344228815319923e-002
2974	2.223702285891593e-002	2.238721138568340e-002
2984	2.184641266763632e-002	2.187761623949553e-002
3081	2.121727025507814e-002	2.137962089502233e-002
3194	2.078213415859531e-002	2.089296130854040e-002
3229	2.041390308015079e-002	2.041737944669530e-002
3659	1.994715050831908e-002	1.995262314968880e-002
3916	1.939650656923619e-002	1.949844599758046e-002
4307	1.903680341118053e-002	1.905460717963247e-002
4637	1.852153338733475e-002	1.862087136662868e-002
4729	1.808147105614555e-002	1.819700858609984e-002
4810	1.774731841263222e-002	1.778279410038923e-002
4855	1.735224556463411e-002	1.737800828749376e-002
5179	1.670499575080198e-002	1.698243652461744e-002
5307	1.655793749400636e-002	1.659586907437561e-002
5453	1.574132819533880e-002	1.584893192461113e-002
5754	1.543444430553898e-002	1.548816618912481e-002
5945	1.489121011838768e-002	1.513561248436208e-002
6285	1.478002147863444e-002	1.479108388168207e-002
7710	1.443879688596894e-002	1.445439770745927e-002
8594	1.410577013219105e-002	1.412537544622754e-002
8828	1.324449581424947e-002	1.348962882591653e-002
8917	1.313970189941882e-002	1.318256738556408e-002
10529	1.279582829413972e-002	1.288249551693134e-002
10621	1.258477123397583e-002	1.258925411794168e-002
10895	1.201525191936836e-002	1.202264434617413e-002
11357	1.169440845116465e-002	1.174897554939530e-002
12621	1.143974439114015e-002	1.148153621496883e-002
13691	1.120250742722595e-002	1.122018454301964e-002
15741	1.087334510150018e-002	1.096478196143185e-002
16639	1.024949717730195e-002	1.047128548050900e-002
16773	1.021345400008600e-002	1.023292992280754e-002
16878	9.616073272940451e-003	9.772372209558112e-003
17052	9.510141980927034e-003	9.549925860214359e-003
18015	9.329701902655363e-003	9.332543007969915e-003
19935	9.055890256798649e-003	9.120108393559097e-003
20191	8.856900544265356e-003	8.912509381337459e-003
21261	8.666238865621456e-003	8.709635899560805e-003
21806	8.501114233477658e-003	8.511380382023768e-003
23316	8.315635703054602e-003	8.317637711026709e-003
24697	8.122063785509726e-003	8.128305161640995e-003
26658	7.918251408220445e-003	7.943282347242814e-003
28676	7.761257757340490e-003	7.762471166286920e-003
29299	7.478307283534824e-003	7.585775750291836e-003
29478	7.182718043019176e-003	7.244359600749898e-003
30632	7.072350051436471e-003	7.079457843841380e-003
31193	6.842393521319767e-003	6.918309709189363e-003
31984	6.739818308392431e-003	6.760829753919818e-003
32745	6.534497759875690e-003	6.606934480075957e-003
34954	6.456250269837982e-003	6.456542290346556e-003
35969	6.177577364105402e-003	6.309573444801930e-003
36451	6.161258621892762e-003	6.165950018614822e-003
39967	6.023156449418865e-003	6.025595860743574e-003
46342	5.888182271915676e-003	5.888436553555890e-003
49669	5.753193589388861e-003	5.754399373371567e-003
52767	5.509090308455478e-003	5.623413251903491e-003
53341	5.495256411348515e-003	5.495408738576248e-003
55551	5.350424677356691e-003	5.370317963702527e-003
62536	4.916746691843610e-003	5.011872336272725e-003
64409	4.859009429948435e-003	4.897788193684461e-003
69257	4.583104852728837e-003	4.677351412871981e-003
70827	4.567296961207057e-003	4.570881896148752e-003
77226	4.211636463865465e-003	4.265795188015926e-003
79580	4.156443135772570e-003	4.168693834703355e-003
83121	4.069737808449547e-003	4.073802778041126e-003
88919	3.764589173785193e-003	3.801893963205613e-003
94809	3.713363053406638e-003	3.715352290971724e-003
114558	3.630333747961734e-003	3.630780547701014e-003
115568	3.517809385438109e-003	3.548133892335753e-003
135504	3.465382530201677e-003	3.467368504525317e-003
161871	3.384982228862854e-003	3.388441561392024e-003
195411	3.309798089461857e-003	3.311311214825911e-003
259563	2.655649079877809e-003	2.691534803926917e-003
270308	2.352583112723905e-003	2.398832919019490e-003
273659	2.320411127371691e-003	2.344228815319923e-003
275687	2.233412086360187e-003	2.238721138568340e-003
287566	2.187755809711756e-003	2.187761623949552e-003
291489	2.106843806783054e-003	2.137962089502233e-003
297435	2.087594771917001e-003	2.089296130854039e-003
300001	2.065160230124707e-003	2.089296130854039e-003
%
% index = 617, name = bbob_f001_i17_d03__bbob_f015_i18_d03
% instance = 8, reference value = 9.095602731348340e-001
% function evaluation | indicator value | target hit
1	9.474081491939422e+003	9.549925860214360e+003
4	4.599307232834995e+002	4.677351412871981e+002
5	2.532397417929680e+002	2.570395782768865e+002
6	9.030001606191314e+000	9.120108393559097e+000
210	7.463526272036941e+000	7.585775750291838e+000
262	5.543172356556038e+000	5.623413251903491e+000
410	4.507643544716032e+000	4.570881896148751e+000
442	2.533295858591834e+000	2.570395782768864e+000
531	7.643836050566999e-001	7.762471166286917e-001
791	6.537191047146849e-001	6.606934480075960e-001
827	5.798943359464492e-001	5.888436553555889e-001
842	4.977610595058832e-001	5.011872336272722e-001
906	4.696874643989101e-001	4.786300923226383e-001
946	2.865289786674778e-001	2.884031503126606e-001
970	2.276815116812324e-001	2.290867652767773e-001
973	1.981580325461126e-001	1.995262314968880e-001
995	1.828345818389479e-001	1.862087136662868e-001
1079	1.671387827482811e-001	1.698243652461744e-001
1146	1.468178852864366e-001	1.479108388168208e-001
1168	1.439184527044159e-001	1.445439770745928e-001
1209	1.361894290150768e-001	1.380384264602885e-001
1257	1.309809757269309e-001	1.318256738556407e-001
1259	1.281792584789365e-001	1.288249551693134e-001
1273	1.235536324546723e-001	1.258925411794167e-001
1302	1.227933737040752e-001	1.230268770812382e-001
1317	1.186234631640091e-001	1.202264434617413e-001
1325	1.174723424744777e-001	1.174897554939529e-001
1327	1.108807851434572e-001	1.122018454301964e-001
1344	1.077514145932617e-001	1.096478196143185e-001
1348	1.055342806119791e-001	1.071519305237607e-001
1349	1.022049982588004e-001	1.023292992280754e-001
1363	9.978692462328542e-002	1.000000000000000e-001
1376	9.439738556875743e-002	9.549925860214359e-002
1381	9.320052010825242e-002	9.332543007969910e-002
1412	8.557017047489801e-002	8.709635899560805e-002
1422	8.491527944280675e-002	8.511380382023763e-002
1442	8.241573372095401e-002	8.317637711026708e-002
1456	8.050632723141915e-002	8.128305161640990e-002
1468	7.876200901033748e-002	7.943282347242814e-002
1473	7.623094037661216e-002	7.762471166286916e-002
1484	7.300496069414209e-002	7.413102413009177e-002
1497	7.100142951591648e-002	7.244359600749903e-002
1498	7.064668234848637e-002	7.079457843841380e-002
1501	5.796224455421062e-002	5.888436553555890e-002
1502	5.435983937207345e-002	5.495408738576246e-002
1516	5.367719173481300e-002	5.370317963702527e-002
1551	5.221719978252881e-002	5.248074602497726e-002
1591	5.104117169534217e-002	5.128613839913648e-002
1632	5.005324756126073e-002	5.011872336272722e-002
1637	4.810208617102751e-002	4.897788193684461e-002
1649	4.724677382998421e-002	4.786300923226383e-002
1658	4.652731664550946e-002	4.677351412871982e-002
1666	4.550079547478414e-002	4.570881896148749e-002
1683	4.415275064739521e-002	4.466835921509630e-002
1687	4.347839275662035e-002	4.365158322401658e-002
1739	4.248920809899781e-002	4.265795188015926e-002
1754	4.160394719899563e-002	4.168693834703355e-002
1760	3.964967184184520e-002	3.981071705534973e-002
1784	3.871765639721925e-002	3.890451449942807e-002
1848	3.770715251548307e-002	3.801893963205612e-002
1899	3.512712770074478e-002	3.548133892335755e-002
1961	3.435722628235882e-002	3.467368504525317e-002
2026	3.385118326870806e-002	3.388441561392026e-002
2092	3.278699186910739e-002	3.311311214825911e-002
2137	2.971988340317311e-002	3.019951720402016e-002
2184	2.909746802051860e-002	2.951209226666385e-002
2196	2.878678331617091e-002	2.884031503126606e-002
2242	2.803874247179483e-002	2.818382931264454e-002
2333	2.743895961026210e-002	2.754228703338166e-002
2348	2.159484495767672e-002	2.187761623949553e-002
2368	2.113450571190245e-002	2.137962089502233e-002
2425	2.087236394724912e-002	2.089296130854040e-002
2506	2.020706594090327e-002	2.041737944669530e-002
2552	1.993607067765391e-002	1.995262314968880e-002
2570	1.899530456466059e-002	1.905460717963247e-002
2615	1.567619886374050e-002	1.584893192461113e-002
2680	1.541432045883351e-002	1.548816618912481e-002
2826	1.502742785239863e-002	1.513561248436208e-002
2909	1.475479328080098e-002	1.479108388168207e-002
3108	1.375438454782862e-002	1.380384264602885e-002
3194	1.344297135145833e-002	1.348962882591653e-002
3319	1.316050294288484e-002	1.318256738556408e-002
3417	1.286490150015196e-002	1.288249551693134e-002
3635	1.256142226576051e-002	1.258925411794168e-002
3899	1.227677611726730e-002	1.230268770812382e-002
4069	1.199360884733003e-002	1.202264434617413e-002
4124	1.109341090976312e-002	1.122018454301964e-002
4220	1.093986045969619e-002	1.096478196143185e-002
4390	1.060807678451325e-002	1.071519305237607e-002
4446	1.046020271876702e-002	1.047128548050900e-002
4468	1.022479061250792e-002	1.023292992280754e-002
4937	9.954874814433468e-003	1.000000000000000e-002
5134	9.741832281075169e-003	9.772372209558112e-003
5619	9.546961866119808e-003	9.549925860214359e-003
5742	9.310460708816359e-003	9.332543007969915e-003
5990	9.034345415492973e-003	9.120108393559097e-003
6322	8.625723963706977e-003	8.709635899560805e-003
6334	8.485170982412749e-003	8.511380382023768e-003
6668	7.520539571103990e-003	7.585775750291836e-003
7103	7.398904501005998e-003	7.413102413009177e-003
7725	7.238630068285401e-003	7.244359600749898e-003
7940	7.060563065469205e-003	7.079457843841380e-003
8089	6.918003827501851e-003	6.918309709189363e-003
8527	6.619938459068941e-003	6.760829753919818e-003
8585	6.554355450570815e-003	6.606934480075957e-003
8819	6.354124658028981e-003	6.456542290346556e-003
9353	6.005394583850077e-003	6.025595860743574e-003
9716	5.888134292745928e-003	5.888436553555890e-003
10380	5.723941567024049e-003	5.754399373371567e-003
10956	5.600543199391850e-003	5.623413251903491e-003
11139	5.349016394723183e-003	5.370317963702527e-003
12152	5.246429949406606e-003	5.248074602497728e-003
12922	5.109458715031545e-003	5.128613839913648e-003
13583	5.010435181507678e-003	5.011872336272725e-003
14882	4.841547604877206e-003	4.897788193684461e-003
15581	4.778604010660770e-003	4.786300923226385e-003
16726	4.656891193227986e-003	4.677351412871981e-003
17400	4.565031968720379e-003	4.570881896148752e-003
18661	4.432972754966902e-003	4.466835921509631e-003
19253	4.111627989407118e-003	4.168693834703355e-003
19578	4.069871277602832e-003	4.073802778041126e-003
20479	3.979300537724217e-003	3.981071705534973e-003
21100	3.890195548173936e-003	3.890451449942805e-003
21984	3.794857014217334e-003	3.801893963205613e-003
22991	3.694001456423957e-003	3.715352290971724e-003
23348	3.595908012498983e-003	3.630780547701014e-003
23785	3.491074388139337e-003	3.548133892335753e-003
23981	3.446275498776630e-003	3.467368504525317e-003
24650	3.371131233064872e-003	3.388441561392024e-003
25907	3.288201666736934e-003	3.311311214825911e-003
27142	3.221092437793338e-003	3.235936569296281e-003
27669	3.157843232571511e-003	3.162277660168379e-003
28571	3.086332179825235e-003	3.090295432513592e-003
30486	3.014268842991053e-003	3.019951720402016e-003
32053	2.949475150310077e-003	2.951209226666387e-003
32819	2.863472561706604e-003	2.884031503126606e-003
35315	2.644600445688594e-003	2.691534803926917e-003
35762	2.626640540984049e-003	2.630267991895381e-003
37621	2.562289377007532e-003	2.570395782768865e-003
40083	2.511036367289554e-003	2.511886431509579e-003
42123	2.454472847308598e-003	2.454708915685031e-003
43244	2.130753129899632e-003	2.137962089502233e-003
44861	2.060755235438583e-003	2.089296130854039e-003
47427	2.040288304507198e-003	2.041737944669530e-003
50172	1.984502743979988e-003	1.995262314968879e-003
51754	1.931884581618970e-003	1.949844599758046e-003
52511	1.902587166909719e-003	1.905460717963246e-003
54782	1.836003819314702e-003	1.862087136662868e-003
55200	1.815666205355559e-003	1.819700858609983e-003
55929	1.764154464542478e-003	1.778279410038923e-003
57615	1.736467328439351e-003	1.737800828749376e-003
59328	1.697158987142400e-003	1.698243652461744e-003
59684	1.602978323452575e-003	1.621810097358930e-003
60774	1.578375715827640e-003	1.584893192461114e-003
60944	1.497314182662191e-003	1.513561248436209e-003
62115	1.467667167623254e-003	1.479108388168207e-003
63406	1.445082725885172e-003	1.445439770745928e-003
65135	1.402736923327708e-003	1.412537544622754e-003
67463	1.372445336978223e-003	1.380384264602885e-003
70683	1.346689808533808e-003	1.348962882591653e-003
73922	1.315701800577718e-003	1.318256738556408e-003
77520	1.285517057484142e-003	1.288249551693134e-003
79101	1.239868441802572e-003	1.258925411794168e-003
79795	1.228986255302655e-003	1.230268770812381e-003
84990	1.200195633474399e-003	1.202264434617413e-003
90935	1.164041193502552e-003	1.174897554939529e-003
92893	1.072180780995247e-003	1.096478196143185e-003
93057	1.071226583194362e-003	1.071519305237606e-003
99254	1.046027069032895e-003	1.047128548050900e-003
101674	9.292022438001091e-004	9.332543007969915e-004
107923	9.061555775103924e-004	9.120108393559096e-004
111400	8.861772740259566e-004	8.912509381337459e-004
114752	8.708534677525082e-004	8.709635899560805e-004
119058	8.270250520561184e-004	8.317637711026709e-004
125473	8.104974488383210e-004	8.128305161640995e-004
126648	7.941356352271223e-004	7.943282347242813e-004
133752	7.759591059758320e-004	7.762471166286919e-004
137430	7.551816839658221e-004	7.585775750291835e-004
137512	7.091290215136548e-004	7.244359600749898e-004
138024	7.075837278335273e-004	7.079457843841380e-004
147337	6.914863141511685e-004	6.918309709189362e-004
152722	6.760476289184858e-004	6.760829753919819e-004
163625	6.606754314616437e-004	6.606934480075958e-004
176668	6.456457842474173e-004	6.456542290346556e-004
188371	6.306689801750531e-004	6.309573444801930e-004
202397	6.125734227916402e-004	6.165950018614822e-004
215536	6.013554816133304e-004	6.025595860743575e-004
218975	5.888291198038465e-004	5.888436553555889e-004
235553	5.754285884913557e-004	5.754399373371566e-004
267300	5.623343386460533e-004	5.623413251903491e-004
295844	5.495361794748410e-004	5.495408738576249e-004
300001	5.484904013418612e-004	5.495408738576249e-004
%
% index = 618, name = bbob_f001_i19_d03__bbob_f015_i21_d03
% instance = 9, reference value = 9.286949385244510e-001
% function evaluation | indicator value | target hit
1	6.817791345301686e+013	6.918309709189363e+013
2	9.444280251783111e+004	9.549925860214369e+004
3	4.267657794276228e+002	4.365158322401661e+002
4	3.489010111733797e+002	3.548133892335753e+002
5	2.531034462556274e+002	2.570395782768865e+002
9	2.175074870735060e+002	2.187761623949552e+002
17	1.953161876724051e+002	1.995262314968879e+002
22	8.182868796855524e+001	8.317637711026708e+001
37	3.613350508865599e+001	3.630780547701014e+001
250	2.490787783280118e+001	2.511886431509580e+001
253	4.333829708515109e+000	4.365158322401660e+000
308	4.051181266874836e+000	4.073802778041127e+000
328	1.947402426083664e+000	1.949844599758045e+000
514	9.026846968343276e-001	9.120108393559098e-001
564	5.286354116613856e-001	5.370317963702527e-001
708	4.770887634319804e-001	4.786300923226383e-001
752	4.226664143094687e-001	4.265795188015927e-001
857	3.874350270681390e-001	3.890451449942806e-001
910	3.766528849608148e-001	3.801893963205612e-001
916	3.263156149737964e-001	3.311311214825911e-001
967	2.314195478171747e-001	2.344228815319922e-001
976	2.207630470728998e-001	2.238721138568340e-001
980	2.152625132541826e-001	2.187761623949552e-001
1002	1.962061193413367e-001	1.995262314968880e-001
1023	1.947392761679561e-001	1.949844599758046e-001
1050	1.761372885134567e-001	1.778279410038923e-001
1084	1.708253399259477e-001	1.737800828749375e-001
1091	1.323398057175246e-001	1.348962882591654e-001
1106	1.302294320020591e-001	1.318256738556407e-001
1165	1.275334946051170e-001	1.288249551693134e-001
1194	1.207200417201350e-001	1.230268770812382e-001
1197	1.154580822491802e-001	1.174897554939529e-001
1256	1.111982934900649e-001	1.122018454301964e-001
1268	1.094399549588609e-001	1.096478196143185e-001
1297	1.044097009402998e-001	1.047128548050900e-001
1337	9.831367185355433e-002	1.000000000000000e-001
1358	9.771681067556126e-002	9.772372209558107e-002
1414	7.564059461399086e-002	7.585775750291836e-002
1441	7.284922089171908e-002	7.413102413009177e-002
1447	6.737855546432148e-002	6.760829753919818e-002
1471	5.827795168878502e-002	5.888436553555890e-002
1536	5.743322057724354e-002	5.754399373371569e-002
1537	5.482301501655229e-002	5.495408738576246e-002
1566	5.343899140417008e-002	5.370317963702527e-002
1634	5.209583704570753e-002	5.248074602497726e-002
1638	5.090012457470738e-002	5.128613839913648e-002
1697	4.800803941346221e-002	4.897788193684461e-002
1704	4.660117115519558e-002	4.677351412871982e-002
1740	4.506153434890070e-002	4.570881896148749e-002
1772	4.418796591513496e-002	4.466835921509630e-002
1781	4.218090650213136e-002	4.265795188015926e-002
1838	4.103739636137249e-002	4.168693834703355e-002
1857	4.065680233382074e-002	4.073802778041128e-002
1900	3.915941195962336e-002	3.981071705534973e-002
1955	3.851557342415812e-002	3.890451449942807e-002
2009	3.790093357246926e-002	3.801893963205612e-002
2089	3.614486808907713e-002	3.630780547701014e-002
2100	3.537227765888784e-002	3.548133892335755e-002
2152	3.441725922645567e-002	3.467368504525317e-002
2170	3.342930323057791e-002	3.388441561392026e-002
2188	3.292634807310846e-002	3.311311214825911e-002
2217	3.152710301666939e-002	3.162277660168379e-002
2287	2.986471271249191e-002	3.019951720402016e-002
2304	2.927642707001987e-002	2.951209226666385e-002
2341	2.883727824621529e-002	2.884031503126606e-002
2343	2.453807676390274e-002	2.454708915685030e-002
2511	2.375253099705343e-002	2.398832919019490e-002
2528	2.309230703832443e-002	2.344228815319923e-002
2545	2.256124043097363e-002	2.290867652767774e-002
2565	2.229519217139209e-002	2.238721138568340e-002
2705	2.187627566613115e-002	2.187761623949553e-002
2719	2.071023530720217e-002	2.089296130854040e-002
2830	2.041591384729058e-002	2.041737944669530e-002
2877	1.885500559682019e-002	1.905460717963247e-002
2966	1.858055069131848e-002	1.862087136662868e-002
3122	1.816205872878918e-002	1.819700858609984e-002
3278	1.778272701357153e-002	1.778279410038923e-002
3435	1.730976640705650e-002	1.737800828749376e-002
3563	1.696770217131338e-002	1.698243652461744e-002
3641	1.657332330842409e-002	1.659586907437561e-002
3781	1.617437312788206e-002	1.621810097358930e-002
4306	1.288634288924917e-002	1.318256738556408e-002
4307	1.264921056009538e-002	1.288249551693134e-002
4466	1.257310345173068e-002	1.258925411794168e-002
4558	1.225326094437840e-002	1.230268770812382e-002
4652	1.185164040115816e-002	1.202264434617413e-002
4808	1.174825370083976e-002	1.174897554939530e-002
5413	1.138318204888011e-002	1.148153621496883e-002
5990	1.116170720766629e-002	1.122018454301964e-002
6228	1.092232567147022e-002	1.096478196143185e-002
6253	9.039543313825615e-003	9.120108393559097e-003
6541	8.830154177786542e-003	8.912509381337459e-003
6845	8.677866557988301e-003	8.709635899560805e-003
7283	8.334382129326579e-003	8.511380382023768e-003
7439	8.313369847360197e-003	8.317637711026709e-003
8033	8.126640949881359e-003	8.128305161640995e-003
8756	7.880921924079631e-003	7.943282347242814e-003
8943	7.696891908844261e-003	7.762471166286920e-003
9426	7.584704749449944e-003	7.585775750291836e-003
9692	7.040339946446261e-003	7.079457843841380e-003
10802	6.917682953706539e-003	6.918309709189363e-003
11162	6.759505403870381e-003	6.760829753919818e-003
12005	6.489520176310881e-003	6.606934480075957e-003
12032	6.435041090900207e-003	6.456542290346556e-003
12452	6.193158632361806e-003	6.309573444801930e-003
12609	6.164506918488688e-003	6.165950018614822e-003
13003	6.024863442673278e-003	6.025595860743574e-003
14287	5.846141311763642e-003	5.888436553555890e-003
15115	5.742574639218345e-003	5.754399373371567e-003
15488	5.612691521949542e-003	5.623413251903491e-003
16013	5.466371051821684e-003	5.495408738576248e-003
17248	4.950377896143277e-003	5.011872336272725e-003
17837	4.895377663680089e-003	4.897788193684461e-003
19059	4.718641259552903e-003	4.786300923226385e-003
20294	4.674225736263971e-003	4.677351412871981e-003
21730	4.563869784910191e-003	4.570881896148752e-003
22777	4.461292342943568e-003	4.466835921509631e-003
24187	4.364849413603711e-003	4.365158322401661e-003
25013	4.260761844922634e-003	4.265795188015926e-003
27724	4.166132660574196e-003	4.168693834703355e-003
28059	4.072307072557124e-003	4.073802778041126e-003
28938	3.915095772156874e-003	3.981071705534973e-003
30445	3.890130056852792e-003	3.890451449942805e-003
33444	3.801692932561496e-003	3.801893963205613e-003
37094	3.713798040041683e-003	3.715352290971724e-003
37459	3.581373035939195e-003	3.630780547701014e-003
38775	3.517859595456918e-003	3.548133892335753e-003
40488	3.447253162451980e-003	3.467368504525317e-003
43211	3.374688592146735e-003	3.388441561392024e-003
45586	3.280114654025113e-003	3.311311214825911e-003
45954	2.193531456998188e-003	2.238721138568340e-003
46155	2.187492392587420e-003	2.187761623949552e-003
49514	2.134082917660374e-003	2.137962089502233e-003
50674	2.087053276092821e-003	2.089296130854039e-003
50891	1.992525758227948e-003	1.995262314968879e-003
53531	1.946544777656545e-003	1.949844599758046e-003
54697	1.903314108633980e-003	1.905460717963246e-003
57018	1.859038124627843e-003	1.862087136662868e-003
57043	1.685932521528266e-003	1.698243652461744e-003
57391	1.659527891927359e-003	1.659586907437561e-003
60460	1.615772479258815e-003	1.621810097358930e-003
65163	1.583403364616487e-003	1.584893192461114e-003
66539	1.538004596716380e-003	1.548816618912481e-003
67661	1.461922192503407e-003	1.479108388168207e-003
68868	1.440646772353338e-003	1.445439770745928e-003
73006	1.412243280745185e-003	1.412537544622754e-003
75472	1.362941668922479e-003	1.380384264602885e-003
76551	1.339199738592534e-003	1.348962882591653e-003
79038	1.314202274481424e-003	1.318256738556408e-003
84241	1.287054292190559e-003	1.288249551693134e-003
88529	1.258525264766441e-003	1.258925411794168e-003
90203	1.212658726145732e-003	1.230268770812381e-003
93578	1.202123937328770e-003	1.202264434617413e-003
95122	1.170912294690130e-003	1.174897554939529e-003
101135	1.148074682137068e-003	1.148153621496883e-003
107084	1.121861023826054e-003	1.122018454301963e-003
118068	1.096142560611080e-003	1.096478196143185e-003
126565	1.071134045281363e-003	1.071519305237606e-003
129503	1.040205309552733e-003	1.047128548050900e-003
139160	1.023221490802140e-003	1.023292992280754e-003
159034	9.959938781076705e-004	1.000000000000000e-003
172466	9.769994255892645e-004	9.772372209558111e-004
178019	9.549923035787611e-004	9.549925860214359e-004
192943	9.261186270485000e-004	9.332543007969915e-004
195671	9.097929232110280e-004	9.120108393559096e-004
212093	8.911478590024613e-004	8.912509381337459e-004
228161	8.705872338938825e-004	8.709635899560805e-004
239627	8.388667348019352e-004	8.511380382023768e-004
241864	7.982441875733493e-004	8.128305161640995e-004
250076	7.942997978807043e-004	7.943282347242813e-004
253739	7.731450221567515e-004	7.762471166286919e-004
277280	7.547216217307362e-004	7.585775750291835e-004
280382	7.336035798751750e-004	7.413102413009177e-004
281740	7.231489520311829e-004	7.244359600749898e-004
288985	6.329789459204038e-004	6.456542290346556e-004
289517	5.732405866829549e-004	5.754399373371566e-004
292462	5.465628948355672e-004	5.495408738576249e-004
296208	4.948733196545874e-004	5.011872336272725e-004
299237	4.840288123534320e-004	4.897788193684461e-004
300001	4.839232311597552e-004	4.897788193684461e-004
%
% index = 619, name = bbob_f001_i21_d03__bbob_f015_i22_d03
% instance = 10, reference value = 9.203441409182041e-001
% function evaluation | indicator value | target hit
1	3.098744406642813e+012	3.162277660168379e+012
2	2.272328148416038e+003	2.290867652767772e+003
3	1.981082557736201e+003	1.995262314968879e+003
4	1.353490588551427e+003	1.380384264602885e+003
5	6.862303793029914e+002	6.918309709189363e+002
17	6.504203620466949e+002	6.606934480075958e+002
18	5.127525932471133e+002	5.128613839913649e+002
22	1.527398919487198e+002	1.548816618912481e+002
37	7.442133397546937e+001	7.585775750291836e+001
171	6.157427406284000e+000	6.165950018614822e+000
417	3.221797580407206e+000	3.235936569296283e+000
579	1.757567672056740e+000	1.778279410038923e+000
710	1.294308645592204e+000	1.318256738556407e+000
993	1.037960434596704e+000	1.047128548050900e+000
1054	9.529491105427039e-001	9.549925860214360e-001
1076	9.070329995130190e-001	9.120108393559098e-001
1088	7.901859547577425e-001	7.943282347242815e-001
1092	7.675610014688864e-001	7.762471166286917e-001
1122	4.028650065346567e-001	4.073802778041127e-001
1238	3.969013666090615e-001	3.981071705534973e-001
1363	3.677241230618907e-001	3.715352290971726e-001
1381	3.630649933967550e-001	3.630780547701014e-001
1382	3.495112841249591e-001	3.548133892335755e-001
1434	3.461298096364291e-001	3.467368504525316e-001
1515	3.271624193794862e-001	3.311311214825911e-001
1627	3.094099561979484e-001	3.162277660168379e-001
1642	2.620130699753698e-001	2.630267991895382e-001
1692	2.156127485281787e-001	2.187761623949552e-001
1798	2.098864144876002e-001	2.137962089502232e-001
1805	2.076722187960850e-001	2.089296130854039e-001
1876	2.023166644319441e-001	2.041737944669530e-001
1921	1.958296780615183e-001	1.995262314968880e-001
1935	1.785732121183350e-001	1.819700858609984e-001
1990	1.778219327471816e-001	1.778279410038923e-001
1993	1.572908075536726e-001	1.584893192461113e-001
2026	1.538026150234205e-001	1.548816618912481e-001
2032	1.511202509085922e-001	1.513561248436208e-001
2103	1.477003383217945e-001	1.479108388168208e-001
2297	1.440715611208852e-001	1.445439770745928e-001
2426	1.184120865508033e-001	1.202264434617413e-001
2469	1.168371076938992e-001	1.174897554939529e-001
2486	1.127339891917764e-001	1.148153621496883e-001
2614	1.120640553133931e-001	1.122018454301964e-001
2777	9.323457089431086e-002	9.332543007969910e-002
3023	9.117228840855507e-002	9.120108393559097e-002
3918	8.903460305025535e-002	8.912509381337455e-002
4256	6.661992990999210e-002	6.760829753919818e-002
4277	5.732501332821360e-002	5.754399373371569e-002
4815	5.579568093346543e-002	5.623413251903491e-002
4921	5.324785510474583e-002	5.370317963702527e-002
4958	5.197370034411686e-002	5.248074602497726e-002
5411	5.088512602871509e-002	5.128613839913648e-002
5590	4.858440333846359e-002	4.897788193684461e-002
5652	4.652855325719552e-002	4.677351412871982e-002
5840	4.563218135047564e-002	4.570881896148749e-002
5990	4.466821609980831e-002	4.466835921509630e-002
6145	4.355259253657695e-002	4.365158322401658e-002
6598	4.255540571398397e-002	4.265795188015926e-002
7403	4.168123464269491e-002	4.168693834703355e-002
8325	3.893240969276601e-002	3.981071705534973e-002
8373	3.671218304189639e-002	3.715352290971726e-002
8703	3.305084639946143e-002	3.311311214825911e-002
10892	3.234962958831178e-002	3.235936569296283e-002
11670	3.104833520024353e-002	3.162277660168379e-002
12539	3.089917848364732e-002	3.090295432513590e-002
12711	2.647817135139341e-002	2.691534803926915e-002
12779	2.473992124167401e-002	2.511886431509579e-002
13637	2.444017023212142e-002	2.454708915685030e-002
13776	2.282867885890350e-002	2.290867652767774e-002
14237	2.237400716123705e-002	2.238721138568340e-002
16438	2.163065768646444e-002	2.187761623949553e-002
17294	2.137327594850302e-002	2.137962089502233e-002
18604	2.069562110932743e-002	2.089296130854040e-002
19750	2.034109224967173e-002	2.041737944669530e-002
20571	1.847980796233673e-002	1.862087136662868e-002
21091	1.819113868124678e-002	1.819700858609984e-002
21280	1.758812623594752e-002	1.778279410038923e-002
22100	1.730656200445802e-002	1.737800828749376e-002
23614	1.698223148665956e-002	1.698243652461744e-002
25536	1.640994843352295e-002	1.659586907437561e-002
26773	1.621759238351517e-002	1.621810097358930e-002
26870	1.532830528821072e-002	1.548816618912481e-002
28319	1.479206987561277e-002	1.513561248436208e-002
28447	1.478776170520024e-002	1.479108388168207e-002
35438	1.431590613875389e-002	1.445439770745927e-002
43224	1.412282557011024e-002	1.412537544622754e-002
60800	1.380359588110547e-002	1.380384264602885e-002
185795	1.335408141742878e-002	1.348962882591653e-002
187516	1.301458128243505e-002	1.318256738556408e-002
188899	1.270898522591224e-002	1.288249551693134e-002
189486	1.255536627843235e-002	1.258925411794168e-002
190665	1.172235374401143e-002	1.174897554939530e-002
194285	1.147254537988107e-002	1.148153621496883e-002
195042	9.650384901010556e-003	9.772372209558112e-003
198544	9.528428173036674e-003	9.549925860214359e-003
199065	9.204730792172988e-003	9.332543007969915e-003
199093	9.094553394274674e-003	9.120108393559097e-003
201965	8.405362379011239e-003	8.511380382023768e-003
206167	8.296581152480886e-003	8.317637711026709e-003
206205	7.856603235134152e-003	7.943282347242814e-003
208064	7.602519106586936e-003	7.762471166286920e-003
208124	7.396571455273393e-003	7.413102413009177e-003
208525	6.988866009528083e-003	7.079457843841380e-003
208666	6.613290311487385e-003	6.760829753919818e-003
209106	6.606253618822611e-003	6.606934480075957e-003
212635	6.425727471221499e-003	6.456542290346556e-003
216428	4.826727251130314e-003	4.897788193684461e-003
219005	4.727904806908656e-003	4.786300923226385e-003
220132	4.286675746985269e-003	4.365158322401661e-003
220537	4.259782674293611e-003	4.265795188015926e-003
222891	4.130639426520588e-003	4.168693834703355e-003
225386	3.683879289678171e-003	3.715352290971724e-003
226598	3.606608974553449e-003	3.630780547701014e-003
229936	3.435658877849135e-003	3.467368504525317e-003
234588	3.388377999841041e-003	3.388441561392024e-003
244903	3.156820309747510e-003	3.162277660168379e-003
283388	3.089835430812205e-003	3.090295432513592e-003
300001	3.082168490602166e-003	3.090295432513592e-003
