%
% index = 170, name = bbob_f002_i02_d02__bbob_f020_i04_d02
% instance = 1, reference value = 9.692049554635810e-001
% function evaluation | indicator value | target hit
1	1.143849807981787e+003	1.148153621496883e+003
2	1.271942173317421e+002	1.288249551693134e+002
6	1.757085742329132e+001	1.778279410038923e+001
10	9.206912255999081e+000	9.332543007969910e+000
51	9.058964243362082e+000	9.120108393559097e+000
96	2.633499778116240e+000	2.691534803926916e+000
178	9.669197249870853e-001	9.772372209558107e-001
244	7.885848286139794e-001	7.943282347242815e-001
362	4.669242823307913e-001	4.677351412871982e-001
404	4.083854100025778e-001	4.168693834703354e-001
505	2.287096557646274e-001	2.290867652767773e-001
513	1.033150614752006e-001	1.047128548050900e-001
645	9.105096193652729e-002	9.120108393559097e-002
646	6.374139569066750e-002	6.456542290346556e-002
700	5.776440397368188e-002	5.888436553555890e-002
702	5.581461405445265e-002	5.623413251903491e-002
713	5.460838154576675e-002	5.495408738576246e-002
736	5.237404409544799e-002	5.248074602497726e-002
744	5.118660529052288e-002	5.128613839913648e-002
769	2.491547809032690e-002	2.511886431509579e-002
781	2.438761209676699e-002	2.454708915685030e-002
866	2.324929093258177e-002	2.344228815319923e-002
867	2.240305427109568e-002	2.290867652767774e-002
904	2.194549669612234e-002	2.238721138568340e-002
914	2.175382305257467e-002	2.187761623949553e-002
922	1.978211317362244e-002	1.995262314968880e-002
994	1.694247716259023e-002	1.698243652461744e-002
1049	1.537360458035342e-002	1.548816618912481e-002
1061	1.382851803065133e-002	1.412537544622754e-002
1070	1.361620127590235e-002	1.380384264602885e-002
1071	1.257549873004249e-002	1.258925411794168e-002
1077	1.213169958931637e-002	1.230268770812382e-002
1084	1.143680166161853e-002	1.148153621496883e-002
1101	1.114879614198261e-002	1.122018454301964e-002
1107	1.088425031806151e-002	1.096478196143185e-002
1111	1.053508328739938e-002	1.071519305237607e-002
1122	9.985770373647895e-003	1.000000000000000e-002
1131	9.411218239308017e-003	9.549925860214359e-003
1137	8.984881097227504e-003	9.120108393559097e-003
1140	8.815111042848711e-003	8.912509381337459e-003
1161	8.402373192007540e-003	8.511380382023768e-003
1191	8.271877503370662e-003	8.317637711026709e-003
1198	8.101306438309308e-003	8.128305161640995e-003
1207	7.506548550218706e-003	7.585775750291836e-003
1209	7.379999563570161e-003	7.413102413009177e-003
1225	7.111500658710912e-003	7.244359600749898e-003
1227	6.708082716900377e-003	6.760829753919818e-003
1234	6.311228137634850e-003	6.456542290346556e-003
1235	6.223310601329524e-003	6.309573444801930e-003
1266	6.152872440608026e-003	6.165950018614822e-003
1273	5.773869852585545e-003	5.888436553555890e-003
1275	5.554540379448136e-003	5.623413251903491e-003
1299	5.456718115808168e-003	5.495408738576248e-003
1300	5.048264614860298e-003	5.128613839913648e-003
1308	4.844656142635295e-003	4.897788193684461e-003
1318	4.440483554420061e-003	4.466835921509631e-003
1330	3.770331129468341e-003	3.801893963205613e-003
1335	3.694066561947818e-003	3.715352290971724e-003
1337	3.567349216040627e-003	3.630780547701014e-003
1343	3.544728403986119e-003	3.548133892335753e-003
1345	3.410603123511491e-003	3.467368504525317e-003
1352	3.342805395325499e-003	3.388441561392024e-003
1353	3.291620328206402e-003	3.311311214825911e-003
1357	3.192410430649106e-003	3.235936569296281e-003
1359	3.128493048263348e-003	3.162277660168379e-003
1372	2.966600366148375e-003	3.019951720402016e-003
1379	2.949974348142814e-003	2.951209226666387e-003
1382	2.868457691667659e-003	2.884031503126606e-003
1384	2.788842286382209e-003	2.818382931264455e-003
1390	2.736061279108970e-003	2.754228703338166e-003
1396	2.673102019591922e-003	2.691534803926917e-003
1404	2.621191035298010e-003	2.630267991895381e-003
1406	2.507985401317248e-003	2.511886431509579e-003
1407	2.414186967183207e-003	2.454708915685031e-003
1420	2.376269048470103e-003	2.398832919019490e-003
1427	2.332684475426117e-003	2.344228815319923e-003
1442	2.290402395642155e-003	2.290867652767772e-003
1447	2.121341445057379e-003	2.137962089502233e-003
1451	2.082660340103515e-003	2.089296130854039e-003
1462	2.026077400494875e-003	2.041737944669530e-003
1466	1.993551115124226e-003	1.995262314968879e-003
1475	1.922060117426461e-003	1.949844599758046e-003
1476	1.803127576668895e-003	1.819700858609983e-003
1490	1.768445824652298e-003	1.778279410038923e-003
1498	1.727509244064951e-003	1.737800828749376e-003
1505	1.693109132417159e-003	1.698243652461744e-003
1521	1.649849816927507e-003	1.659586907437561e-003
1524	1.610398290433079e-003	1.621810097358930e-003
1528	1.584607098069846e-003	1.584893192461114e-003
1535	1.544415165642299e-003	1.548816618912481e-003
1538	1.512187234501639e-003	1.513561248436209e-003
1544	1.463085090140370e-003	1.479108388168207e-003
1551	1.415729237950192e-003	1.445439770745928e-003
1552	1.358477028588490e-003	1.380384264602885e-003
1553	1.342010615251632e-003	1.348962882591653e-003
1557	1.234914244583329e-003	1.258925411794168e-003
1563	1.224678061651496e-003	1.230268770812381e-003
1574	1.197282375149600e-003	1.202264434617413e-003
1578	1.156582414536311e-003	1.174897554939529e-003
1581	1.141009610589938e-003	1.148153621496883e-003
1587	1.111841558445570e-003	1.122018454301963e-003
1600	1.095118260174055e-003	1.096478196143185e-003
1602	1.071487627516743e-003	1.071519305237606e-003
1607	1.021399451317628e-003	1.023292992280754e-003
1612	9.997003703966501e-004	1.000000000000000e-003
1617	9.771245051657385e-004	9.772372209558111e-004
1623	9.506487730872593e-004	9.549925860214359e-004
1629	9.322042983294088e-004	9.332543007969915e-004
1644	9.036751872468773e-004	9.120108393559096e-004
1652	8.885351019237708e-004	8.912509381337459e-004
1666	8.643078267809301e-004	8.709635899560805e-004
1668	8.417781234905108e-004	8.511380382023768e-004
1678	8.297883903631842e-004	8.317637711026709e-004
1689	8.119401204647048e-004	8.128305161640995e-004
1703	7.935987092007046e-004	7.943282347242813e-004
1714	7.761859219383993e-004	7.762471166286919e-004
1732	7.569325412090100e-004	7.585775750291835e-004
1761	7.378117051803912e-004	7.413102413009177e-004
1780	7.218957200690879e-004	7.244359600749898e-004
1838	7.071346183823435e-004	7.079457843841380e-004
1893	6.910565980376981e-004	6.918309709189362e-004
2290	6.760823149911666e-004	6.760829753919819e-004
200001	6.757059434006063e-004	6.760829753919819e-004
%
% index = 171, name = bbob_f002_i03_d02__bbob_f020_i05_d02
% instance = 2, reference value = 9.534096727835330e-001
% function evaluation | indicator value | target hit
1	4.893479302857726e+002	4.897788193684461e+002
2	2.191506004903695e+002	2.238721138568340e+002
3	5.016693321942263e+001	5.128613839913648e+001
4	4.141977233133717e+001	4.168693834703355e+001
15	2.260119742266835e+001	2.290867652767774e+001
27	1.655097831473564e+001	1.659586907437561e+001
28	6.531772486175033e+000	6.606934480075959e+000
38	4.457593626095346e+000	4.466835921509632e+000
62	1.552487064546033e+000	1.584893192461114e+000
106	3.580089293295544e-001	3.630780547701014e-001
299	1.704054276864319e-001	1.737800828749375e-001
315	1.372314426618047e-001	1.380384264602885e-001
394	1.223689544643782e-001	1.230268770812382e-001
435	1.095436598984707e-001	1.096478196143185e-001
440	7.486000863968023e-002	7.585775750291836e-002
456	7.311495641248245e-002	7.413102413009177e-002
560	5.591262499536975e-002	5.623413251903491e-002
571	4.928747312291748e-002	5.011872336272722e-002
574	4.882445035823624e-002	4.897788193684461e-002
591	4.623733379931572e-002	4.677351412871982e-002
605	4.439976732267092e-002	4.466835921509630e-002
619	4.216986266510292e-002	4.265795188015926e-002
645	3.649594400843859e-002	3.715352290971726e-002
676	3.349004838654146e-002	3.388441561392026e-002
711	3.286362023251133e-002	3.311311214825911e-002
722	3.056884103411151e-002	3.090295432513590e-002
746	2.842588408607238e-002	2.884031503126606e-002
755	2.463616256261259e-002	2.511886431509579e-002
765	2.396975301758586e-002	2.398832919019490e-002
771	2.256872867519533e-002	2.290867652767774e-002
774	2.051506923611568e-002	2.089296130854040e-002
788	2.022727904719723e-002	2.041737944669530e-002
808	1.988759915104066e-002	1.995262314968880e-002
814	1.914863863662808e-002	1.949844599758046e-002
823	1.893099176757018e-002	1.905460717963247e-002
834	1.801450485616318e-002	1.819700858609984e-002
838	1.660842509253702e-002	1.698243652461744e-002
843	1.604807807590902e-002	1.621810097358930e-002
853	1.519124715222109e-002	1.548816618912481e-002
858	1.507369113632895e-002	1.513561248436208e-002
874	1.444899418471723e-002	1.445439770745927e-002
889	1.311226982612535e-002	1.318256738556408e-002
911	1.266024288617174e-002	1.288249551693134e-002
916	1.231320164973349e-002	1.258925411794168e-002
918	1.221100605353342e-002	1.230268770812382e-002
926	1.182775086694821e-002	1.202264434617413e-002
936	1.101365111135122e-002	1.122018454301964e-002
938	8.859348732247696e-003	8.912509381337459e-003
941	8.394321044155273e-003	8.511380382023768e-003
942	8.199249896472804e-003	8.317637711026709e-003
956	7.940451215356803e-003	7.943282347242814e-003
1002	7.577637094805301e-003	7.585775750291836e-003
1005	7.280030795186687e-003	7.413102413009177e-003
1010	7.233110109342023e-003	7.244359600749898e-003
1035	6.946806090948221e-003	7.079457843841380e-003
1036	6.795256602759592e-003	6.918309709189363e-003
1038	6.651924987060576e-003	6.760829753919818e-003
1054	6.472755858183854e-003	6.606934480075957e-003
1055	6.307380440684796e-003	6.309573444801930e-003
1061	6.131541658892181e-003	6.165950018614822e-003
1066	5.998798134720151e-003	6.025595860743574e-003
1073	5.807235641689834e-003	5.888436553555890e-003
1083	5.731527783880752e-003	5.754399373371567e-003
1088	5.621871697008563e-003	5.623413251903491e-003
1096	5.459124133560533e-003	5.495408738576248e-003
1099	5.324075492716074e-003	5.370317963702527e-003
1104	5.127194153558778e-003	5.128613839913648e-003
1118	4.994657730181484e-003	5.011872336272725e-003
1124	4.725203085860996e-003	4.786300923226385e-003
1138	4.486200026419418e-003	4.570881896148752e-003
1140	4.405060853689635e-003	4.466835921509631e-003
1146	4.326194428565966e-003	4.365158322401661e-003
1148	3.581921064942262e-003	3.630780547701014e-003
1151	3.427087046259714e-003	3.467368504525317e-003
1154	3.290504868450728e-003	3.311311214825911e-003
1163	3.223968612623862e-003	3.235936569296281e-003
1166	3.145247024717968e-003	3.162277660168379e-003
1180	3.085386455319972e-003	3.090295432513592e-003
1191	3.009272642413352e-003	3.019951720402016e-003
1193	2.894468010191997e-003	2.951209226666387e-003
1196	2.873741430493459e-003	2.884031503126606e-003
1198	2.816284395132040e-003	2.818382931264455e-003
1203	2.750756935224086e-003	2.754228703338166e-003
1209	2.516134858256969e-003	2.570395782768865e-003
1212	2.504678976661956e-003	2.511886431509579e-003
1223	2.446506524876102e-003	2.454708915685031e-003
1230	2.386322670263619e-003	2.398832919019490e-003
1239	2.338166753682480e-003	2.344228815319923e-003
1252	2.287753195286846e-003	2.290867652767772e-003
1255	2.201567647214908e-003	2.238721138568340e-003
1262	2.174910409260100e-003	2.187761623949552e-003
1269	2.136760601621379e-003	2.137962089502233e-003
1278	2.078918022094256e-003	2.089296130854039e-003
1290	2.035885115146741e-003	2.041737944669530e-003
1300	1.992304511196363e-003	1.995262314968879e-003
1302	1.922508566560177e-003	1.949844599758046e-003
1305	1.898119691858713e-003	1.905460717963246e-003
1323	1.860325881992364e-003	1.862087136662868e-003
1333	1.813191610333997e-003	1.819700858609983e-003
1341	1.761267978333092e-003	1.778279410038923e-003
1350	1.735009996417403e-003	1.737800828749376e-003
1359	1.689535288164401e-003	1.698243652461744e-003
1360	1.653098982013934e-003	1.659586907437561e-003
1368	1.621089995583747e-003	1.621810097358930e-003
1374	1.582812022718816e-003	1.584893192461114e-003
1379	1.545383707674430e-003	1.548816618912481e-003
1399	1.512737069642389e-003	1.513561248436209e-003
1414	1.475929664982778e-003	1.479108388168207e-003
1454	1.444919647872078e-003	1.445439770745928e-003
1486	1.412464519153889e-003	1.412537544622754e-003
1518	1.370632245787817e-003	1.380384264602885e-003
1555	1.348269301965521e-003	1.348962882591653e-003
1627	1.317385923181202e-003	1.318256738556408e-003
200001	1.289703901676709e-003	1.318256738556408e-003
%
% index = 172, name = bbob_f002_i07_d02__bbob_f020_i08_d02
% instance = 3, reference value = 9.994034741001230e-001
% function evaluation | indicator value | target hit
1	2.052475394125334e+006	2.089296130854041e+006
2	1.856771278798983e+004	1.862087136662866e+004
9	4.598041629615780e+003	4.677351412871981e+003
10	2.649995811670493e+003	2.691534803926917e+003
37	1.689148487077422e+003	1.698243652461744e+003
153	1.169308713119577e+003	1.174897554939529e+003
264	5.155839406644579e+001	5.248074602497726e+001
566	1.618554312661262e+001	1.621810097358930e+001
750	9.595867707222999e-001	9.772372209558107e-001
927	8.436580457351492e-001	8.511380382023764e-001
928	3.454098736513277e-001	3.467368504525316e-001
997	3.314129066610707e-001	3.388441561392026e-001
1067	3.086117235705290e-001	3.090295432513591e-001
1101	3.191241949757639e-002	3.235936569296283e-002
1117	2.596879240628125e-002	2.630267991895382e-002
1157	2.379672708609815e-002	2.398832919019490e-002
1279	1.455377598437668e-002	1.479108388168207e-002
1401	9.220362868343823e-003	9.332543007969915e-003
1521	4.686736961879046e-003	4.786300923226385e-003
1568	4.330095886467156e-003	4.365158322401661e-003
1603	3.613362817967869e-003	3.630780547701014e-003
1661	3.520182465548860e-003	3.548133892335753e-003
1759	3.452115089003116e-003	3.467368504525317e-003
1762	3.233736537450516e-003	3.235936569296281e-003
1770	2.676653548689734e-003	2.691534803926917e-003
1810	2.070405800223885e-003	2.089296130854039e-003
1820	1.807435873206975e-003	1.819700858609983e-003
1891	1.516824786395588e-003	1.548816618912481e-003
1909	1.416443018219527e-003	1.445439770745928e-003
1925	1.133285933259454e-003	1.148153621496883e-003
1982	1.009438259386708e-003	1.023292992280754e-003
2003	9.754504435495193e-004	9.772372209558111e-004
2174	9.542649194044239e-004	9.549925860214359e-004
2179	9.108657510800144e-004	9.120108393559096e-004
2213	5.957577358275401e-004	6.025595860743575e-004
2251	5.492961657894702e-004	5.495408738576249e-004
2283	5.313095762534692e-004	5.370317963702527e-004
2370	5.217427302089961e-004	5.248074602497728e-004
2371	5.117974049546614e-004	5.128613839913648e-004
2378	4.981490715325609e-004	5.011872336272725e-004
2385	4.669031595645468e-004	4.677351412871981e-004
2393	3.839375132612677e-004	3.890451449942804e-004
2507	3.718328045345665e-004	3.801893963205612e-004
2515	3.714252877474733e-004	3.715352290971724e-004
2691	3.581551906151059e-004	3.630780547701014e-004
2716	3.471373392395227e-004	3.548133892335753e-004
2721	3.465284980345151e-004	3.467368504525317e-004
2726	2.822299286140417e-004	2.884031503126606e-004
2734	2.805549647726391e-004	2.818382931264455e-004
2750	2.660572886280521e-004	2.691534803926917e-004
2756	2.546310309857747e-004	2.570395782768865e-004
2812	2.373898209677705e-004	2.398832919019490e-004
2820	2.180981676127569e-004	2.187761623949552e-004
2848	2.128772773455356e-004	2.137962089502232e-004
2885	1.969785386340961e-004	1.995262314968879e-004
2906	1.942620012499452e-004	1.949844599758046e-004
2960	1.900920064817901e-004	1.905460717963246e-004
3036	1.829120120939720e-004	1.862087136662868e-004
3039	1.784945394991411e-004	1.819700858609983e-004
3043	1.699196396551805e-004	1.737800828749376e-004
3063	1.697642611809824e-004	1.698243652461744e-004
3080	1.458389109159075e-004	1.479108388168207e-004
3120	1.413363855665706e-004	1.445439770745928e-004
3125	1.410133616470688e-004	1.412537544622754e-004
3132	1.367306521111722e-004	1.380384264602885e-004
3139	1.348082695041830e-004	1.348962882591653e-004
3148	1.311737972166105e-004	1.318256738556407e-004
3170	1.275039488040086e-004	1.288249551693134e-004
3181	1.070569656174136e-004	1.071519305237606e-004
3212	1.046431756178690e-004	1.047128548050900e-004
3230	1.022234943111045e-004	1.023292992280754e-004
3275	9.087757862891177e-005	9.120108393559096e-005
3286	8.581207700431026e-005	8.709635899560814e-005
3298	8.083639392375552e-005	8.128305161640995e-005
3303	7.439945998510833e-005	7.585775750291836e-005
3307	7.375234106010709e-005	7.413102413009178e-005
3318	7.090309261326144e-005	7.244359600749906e-005
3325	7.079200007109598e-005	7.079457843841373e-005
3326	6.742793168046379e-005	6.760829753919819e-005
3345	6.605221314859300e-005	6.606934480075965e-005
3350	6.393952762673294e-005	6.456542290346549e-005
3375	6.307704943864234e-005	6.309573444801929e-005
3388	6.088619251187755e-005	6.165950018614822e-005
3390	5.972874739690326e-005	6.025595860743581e-005
3404	5.838452658990523e-005	5.888436553555884e-005
3423	5.722393793838876e-005	5.754399373371566e-005
3441	5.608085565589338e-005	5.623413251903491e-005
3448	5.356845475090744e-005	5.370317963702533e-005
3499	5.247027962074213e-005	5.248074602497723e-005
3514	5.104198300109886e-005	5.128613839913648e-005
3532	4.984927858131538e-005	5.011872336272725e-005
3547	4.892141654977422e-005	4.897788193684466e-005
3646	4.784662012025098e-005	4.786300923226380e-005
3719	4.677162753874420e-005	4.677351412871981e-005
3839	4.560885491200484e-005	4.570881896148752e-005
4094	4.466317244633533e-005	4.466835921509635e-005
4496	4.363394982798141e-005	4.365158322401657e-005
4728	4.260218759000178e-005	4.265795188015926e-005
4874	4.166639419012075e-005	4.168693834703355e-005
4889	4.047719802446892e-005	4.073802778041130e-005
5161	3.979728830660889e-005	3.981071705534970e-005
5848	3.889150873703784e-005	3.890451449942805e-005
5920	3.606886270290932e-005	3.630780547701010e-005
5927	3.531670485290572e-005	3.548133892335753e-005
5977	3.460803903332366e-005	3.467368504525317e-005
6856	2.978043252221951e-005	3.019951720402019e-005
8108	2.951168979592467e-005	2.951209226666384e-005
11062	2.871965472506233e-005	2.884031503126606e-005
12282	2.783613368462223e-005	2.818382931264455e-005
14519	2.472100086647888e-005	2.511886431509582e-005
16315	2.454522863082342e-005	2.454708915685029e-005
19565	2.338510195876165e-005	2.344228815319923e-005
20971	2.289538410615855e-005	2.290867652767775e-005
25340	2.238667681431217e-005	2.238721138568338e-005
29475	2.142279095884714e-005	2.187761623949552e-005
30884	1.931428230395049e-005	1.949844599758046e-005
31324	1.895119014783120e-005	1.905460717963248e-005
32138	1.579998247858150e-005	1.584893192461114e-005
32445	1.476900523278424e-005	1.479108388168207e-005
35596	1.441866831364269e-005	1.445439770745928e-005
36047	1.364176766593950e-005	1.380384264602884e-005
36438	1.240548705527811e-005	1.258925411794166e-005
36530	1.215035036261636e-005	1.230268770812381e-005
36774	1.135246888839259e-005	1.148153621496882e-005
38666	1.118022466350954e-005	1.122018454301963e-005
39812	1.086718469900383e-005	1.096478196143185e-005
41740	1.071372566952000e-005	1.071519305237607e-005
45723	1.047128052844570e-005	1.047128548050899e-005
49982	1.022802677919099e-005	1.023292992280754e-005
52771	9.895943515747518e-006	1.000000000000000e-005
53134	8.784739147671417e-006	8.912509381337460e-006
53156	8.660715769437388e-006	8.709635899560814e-006
53358	8.442843895783980e-006	8.511380382023760e-006
56086	8.305304742162178e-006	8.317637711026709e-006
56810	7.891341351151660e-006	7.943282347242822e-006
57210	7.529166847985991e-006	7.585775750291836e-006
57388	7.380493993514037e-006	7.413102413009177e-006
58335	7.206500594825194e-006	7.244359600749906e-006
58799	6.983291102047318e-006	7.079457843841373e-006
59780	6.895017754970922e-006	6.918309709189363e-006
60397	6.750791725296246e-006	6.760829753919819e-006
75201	5.909343569809877e-006	6.025595860743581e-006
79324	5.862119029087509e-006	5.888436553555884e-006
80589	5.659927656109787e-006	5.754399373371567e-006
82481	5.618700158138701e-006	5.623413251903490e-006
98698	5.476993267250485e-006	5.495408738576249e-006
111525	5.302567845477668e-006	5.370317963702533e-006
114070	5.234935765097148e-006	5.248074602497723e-006
114216	5.000686144840394e-006	5.011872336272725e-006
119202	4.757642572905674e-006	4.786300923226380e-006
123537	4.669735338636016e-006	4.677351412871981e-006
123589	4.568975119245700e-006	4.570881896148752e-006
128742	4.414567243427037e-006	4.466835921509635e-006
128875	4.354260909056329e-006	4.365158322401657e-006
130859	4.265568081529558e-006	4.265795188015926e-006
132272	4.165091737062809e-006	4.168693834703355e-006
134063	4.056794058238111e-006	4.073802778041131e-006
142856	3.975899204200495e-006	3.981071705534969e-006
148071	3.801730855124141e-006	3.801893963205613e-006
156577	3.709206710000856e-006	3.715352290971728e-006
162217	3.302063046106696e-006	3.311311214825908e-006
166101	3.219587746960961e-006	3.235936569296281e-006
177311	3.155937665089148e-006	3.162277660168379e-006
184286	3.039404861238104e-006	3.090295432513592e-006
187063	3.019908120349690e-006	3.019951720402019e-006
190042	2.919005966495192e-006	2.951209226666384e-006
199354	2.880678430905448e-006	2.884031503126606e-006
200001	2.880084883694067e-006	2.884031503126606e-006
%
% index = 173, name = bbob_f002_i09_d02__bbob_f020_i10_d02
% instance = 4, reference value = 9.900150096604560e-001
% function evaluation | indicator value | target hit
1	1.329028968226031e+005	1.348962882591653e+005
2	1.395631115872484e+004	1.412537544622756e+004
6	2.328610850907083e+003	2.344228815319923e+003
10	1.638421320017877e+003	1.659586907437561e+003
13	1.345744302209253e+003	1.348962882591653e+003
24	9.642607689484910e+002	9.772372209558112e+002
51	5.393920131714963e+002	5.495408738576248e+002
96	1.956252102590081e+002	1.995262314968879e+002
292	1.238211519530500e+002	1.258925411794168e+002
319	9.144924987017745e+001	9.332543007969910e+001
361	5.177786138139295e+001	5.248074602497726e+001
386	4.759670841932085e+001	4.786300923226383e+001
426	6.120296034541793e+000	6.165950018614822e+000
467	1.535933666144956e+000	1.548816618912481e+000
500	5.307156256401191e-001	5.370317963702527e-001
676	5.075191535042348e-001	5.128613839913648e-001
706	1.594371518900045e-001	1.621810097358930e-001
843	3.487077512420722e-002	3.548133892335755e-002
967	3.418194996546486e-002	3.467368504525317e-002
974	3.079330495869892e-002	3.090295432513590e-002
1058	2.998594984367398e-002	3.019951720402016e-002
1060	2.672672416912136e-002	2.691534803926915e-002
1100	2.395740340554309e-002	2.398832919019490e-002
1174	2.229751512979594e-002	2.238721138568340e-002
1298	2.158345944071027e-002	2.187761623949553e-002
1322	2.076048536229092e-002	2.089296130854040e-002
1342	1.849247081216499e-002	1.862087136662868e-002
1392	1.676679097412337e-002	1.698243652461744e-002
1406	1.182616862219543e-002	1.202264434617413e-002
1410	1.089639614849169e-002	1.096478196143185e-002
1416	9.225763736863124e-003	9.332543007969915e-003
1428	8.962387164385688e-003	9.120108393559097e-003
1456	6.850555882804921e-003	6.918309709189363e-003
1464	6.696347400734881e-003	6.760829753919818e-003
1480	6.291121099988861e-003	6.309573444801930e-003
1484	5.334656720356712e-003	5.370317963702527e-003
1489	5.082318624556326e-003	5.128613839913648e-003
1581	4.948987745211686e-003	5.011872336272725e-003
1584	4.853584186325977e-003	4.897788193684461e-003
1598	4.777661865418392e-003	4.786300923226385e-003
1625	4.629774205135884e-003	4.677351412871981e-003
1627	4.560794979159510e-003	4.570881896148752e-003
1631	4.252295259520089e-003	4.265795188015926e-003
1636	4.130063338701806e-003	4.168693834703355e-003
1651	3.965640255230163e-003	3.981071705534973e-003
1662	3.621111075646111e-003	3.630780547701014e-003
1664	3.176033814008217e-003	3.235936569296281e-003
1667	3.138635836572146e-003	3.162277660168379e-003
1671	2.718439638139558e-003	2.754228703338166e-003
1681	2.643791498869841e-003	2.691534803926917e-003
1689	2.565465336655026e-003	2.570395782768865e-003
1694	2.506159252573248e-003	2.511886431509579e-003
1696	2.453736225296654e-003	2.454708915685031e-003
1710	2.339304301593015e-003	2.344228815319923e-003
1720	2.285693665876942e-003	2.290867652767772e-003
1723	2.201768297258377e-003	2.238721138568340e-003
1737	2.174512273687590e-003	2.187761623949552e-003
1748	2.124218154138990e-003	2.137962089502233e-003
1759	2.086459129597484e-003	2.089296130854039e-003
1782	2.011932791891269e-003	2.041737944669530e-003
1791	1.989721240765241e-003	1.995262314968879e-003
1800	1.944257567952801e-003	1.949844599758046e-003
1821	1.864303212325669e-003	1.905460717963246e-003
1832	1.861344242917062e-003	1.862087136662868e-003
1846	1.817551405189799e-003	1.819700858609983e-003
1861	1.762982838473981e-003	1.778279410038923e-003
1872	1.720208987946781e-003	1.737800828749376e-003
1882	1.696106876486470e-003	1.698243652461744e-003
1887	1.644190994871342e-003	1.659586907437561e-003
1889	1.614392629762707e-003	1.621810097358930e-003
1902	1.580411033131557e-003	1.584893192461114e-003
1959	1.548121279540404e-003	1.548816618912481e-003
1981	1.508659850001926e-003	1.513561248436209e-003
2003	1.477008397728019e-003	1.479108388168207e-003
2023	1.442737954077900e-003	1.445439770745928e-003
2068	1.410484281094138e-003	1.412537544622754e-003
2108	1.379951315780392e-003	1.380384264602885e-003
2146	1.347099035936772e-003	1.348962882591653e-003
2198	1.316674312062727e-003	1.318256738556408e-003
2368	1.288082208879660e-003	1.288249551693134e-003
200001	1.262847962543390e-003	1.288249551693134e-003
%
% index = 174, name = bbob_f002_i11_d02__bbob_f020_i12_d02
% instance = 5, reference value = 9.999353480383471e-001
% function evaluation | indicator value | target hit
1	6.567245125365063e+003	6.606934480075958e+003
2	5.247169597901593e+002	5.248074602497728e+002
6	9.253327581581290e+001	9.332543007969910e+001
9	5.311269302784236e+001	5.370317963702527e+001
13	3.766245986622884e+001	3.801893963205612e+001
282	2.158309993543340e+001	2.187761623949553e+001
344	2.195261656690847e+000	2.238721138568339e+000
388	2.063807714944491e+000	2.089296130854040e+000
441	1.363972292837847e+000	1.380384264602885e+000
470	3.185380963174961e-001	3.235936569296283e-001
640	1.026525874549237e-001	1.047128548050900e-001
743	9.691339785428310e-002	9.772372209558107e-002
772	6.121938679020966e-002	6.165950018614822e-002
795	5.828199640024456e-002	5.888436553555890e-002
802	2.388253378556082e-002	2.398832919019490e-002
816	1.115122711585459e-002	1.122018454301964e-002
825	7.052142017487939e-003	7.079457843841380e-003
934	3.471178841079281e-003	3.548133892335753e-003
958	3.404420886441217e-003	3.467368504525317e-003
984	3.235668700950489e-003	3.235936569296281e-003
1015	2.116047646326003e-003	2.137962089502233e-003
1057	2.001505555910499e-003	2.041737944669530e-003
1061	1.989991295282545e-003	1.995262314968879e-003
1066	1.834884431249018e-003	1.862087136662868e-003
1074	1.019132840388126e-003	1.023292992280754e-003
1076	4.651595284788090e-004	4.677351412871981e-004
1098	2.455219700239208e-004	2.511886431509580e-004
1175	2.007555373487735e-004	2.041737944669530e-004
1186	1.939643408847003e-004	1.949844599758046e-004
1274	1.804552207586019e-004	1.819700858609983e-004
1298	1.690261696739581e-004	1.698243652461744e-004
1303	9.589054864989066e-005	9.772372209558112e-005
1489	9.173515507032715e-005	9.332543007969905e-005
1544	9.098605139323812e-005	9.120108393559096e-005
1570	8.638297542840068e-005	8.709635899560814e-005
1660	8.495456943857782e-005	8.511380382023760e-005
1811	3.633468680697138e-005	3.715352290971728e-005
1812	3.615836200021594e-005	3.630780547701010e-005
1820	2.936118156360301e-005	2.951209226666384e-005
1887	2.820049974816552e-005	2.884031503126606e-005
1919	2.815712344228505e-005	2.818382931264455e-005
1932	2.722910045460658e-005	2.754228703338169e-005
1941	2.637919819470369e-005	2.691534803926914e-005
2033	2.619014189808588e-005	2.630267991895381e-005
2079	2.250140753401464e-005	2.290867652767775e-005
2141	2.156090836458180e-005	2.187761623949552e-005
2207	2.136863719637283e-005	2.137962089502232e-005
2270	1.664216730556944e-005	1.698243652461746e-005
2280	1.643914641447086e-005	1.659586907437560e-005
2411	1.591443357407130e-005	1.621810097358930e-005
2471	1.558708327309422e-005	1.584893192461114e-005
2485	9.161796973300440e-006	9.332543007969904e-006
2490	9.015743993368020e-006	9.120108393559096e-006
2528	8.902388896614433e-006	8.912509381337460e-006
2631	8.695038223871521e-006	8.709635899560814e-006
2805	8.378037374412450e-006	8.511380382023760e-006
2825	7.608159524941094e-006	7.762471166286911e-006
2845	7.135200772334649e-006	7.244359600749906e-006
2983	6.835450047981695e-006	6.918309709189363e-006
3056	6.744947908310373e-006	6.760829753919819e-006
3112	6.604641601626327e-006	6.606934480075964e-006
3257	6.451197711032641e-006	6.456542290346549e-006
3520	6.302272752556348e-006	6.309573444801930e-006
3683	6.158077550555419e-006	6.165950018614822e-006
3910	6.024690668460231e-006	6.025595860743581e-006
200001	5.919399948206561e-006	6.025595860743581e-006
%
% index = 175, name = bbob_f002_i13_d02__bbob_f020_i14_d02
% instance = 6, reference value = 9.998906648003890e-001
% function evaluation | indicator value | target hit
1	1.701949772283726e+004	1.737800828749376e+004
2	1.082085107963142e+003	1.096478196143185e+003
6	4.517466633945160e+002	4.570881896148752e+002
9	1.665650894543073e+002	1.698243652461744e+002
10	1.242889223466088e+002	1.258925411794168e+002
51	2.509740374811873e+001	2.511886431509580e+001
290	4.360489839427381e-001	4.365158322401660e-001
403	3.054183173588400e-001	3.090295432513591e-001
600	6.731107392373359e-002	6.760829753919818e-002
626	3.427896077036952e-002	3.467368504525317e-002
743	2.228335889111188e-002	2.238721138568340e-002
850	2.005863402559371e-002	2.041737944669530e-002
852	7.174178510267248e-003	7.244359600749898e-003
860	2.766393881230789e-003	2.818382931264455e-003
905	2.443632191163503e-003	2.454708915685031e-003
1005	2.064982455227238e-003	2.089296130854039e-003
1051	1.877848611381516e-003	1.905460717963246e-003
1060	1.850209086752708e-003	1.862087136662868e-003
1067	7.954647466277276e-004	8.128305161640995e-004
1083	7.904835771905816e-004	7.943282347242813e-004
1128	6.238358536818645e-004	6.309573444801930e-004
1163	4.762004146873222e-004	4.786300923226385e-004
1209	1.803597726047768e-004	1.819700858609983e-004
1256	1.759322100142180e-004	1.778279410038923e-004
1290	1.710606408735771e-004	1.737800828749376e-004
1431	1.656479110556663e-004	1.659586907437562e-004
1444	1.099105377615484e-004	1.122018454301963e-004
1510	8.797923828995913e-005	8.912509381337459e-005
1513	3.798245714592419e-005	3.801893963205612e-005
1570	3.536146937432871e-005	3.548133892335753e-005
1577	3.035041695276242e-005	3.090295432513592e-005
1684	2.947486710724867e-005	2.951209226666384e-005
1718	2.764121265153019e-005	2.818382931264455e-005
1827	2.666892627933848e-005	2.691534803926914e-005
1905	2.621467498531427e-005	2.630267991895381e-005
1951	2.562280516815729e-005	2.570395782768865e-005
1993	1.574931105208233e-005	1.584893192461114e-005
2023	1.542863096071212e-005	1.548816618912483e-005
2131	1.496545139945127e-005	1.513561248436207e-005
2219	1.477065211341611e-005	1.479108388168207e-005
2352	1.433179266241424e-005	1.445439770745928e-005
200001	1.418384180551513e-005	1.445439770745928e-005
%
% index = 176, name = bbob_f002_i15_d02__bbob_f020_i16_d02
% instance = 7, reference value = 9.997229161858841e-001
% function evaluation | indicator value | target hit
1	1.744832152038320e+004	1.778279410038923e+004
2	2.605992885061572e+003	2.630267991895381e+003
6	2.696561575788681e+002	2.754228703338166e+002
9	2.630976774990309e+002	2.691534803926917e+002
13	1.275695071400148e+002	1.288249551693134e+002
129	4.153426644082195e+001	4.168693834703355e+001
318	2.434787435744306e+001	2.454708915685030e+001
350	1.325446263432516e+001	1.348962882591653e+001
371	1.103387162700950e+001	1.122018454301964e+001
372	1.479671690808884e+000	1.513561248436208e+000
524	1.464785391783384e+000	1.479108388168207e+000
526	7.212551080585783e-001	7.244359600749900e-001
559	4.586941686717636e-001	4.677351412871982e-001
572	2.813613670486259e-001	2.818382931264454e-001
649	1.271037869479406e-001	1.288249551693134e-001
662	8.927163110229996e-002	9.120108393559097e-002
686	8.633225472796702e-002	8.709635899560805e-002
740	6.306711286353006e-002	6.309573444801933e-002
858	1.608495196297710e-002	1.621810097358930e-002
859	7.329700490917857e-004	7.413102413009177e-004
866	5.351961059835153e-004	5.370317963702527e-004
986	4.259664392022300e-004	4.265795188015926e-004
1053	3.490962249438345e-004	3.548133892335753e-004
1203	9.529894218762713e-005	9.549925860214369e-005
1376	7.612491266650867e-005	7.762471166286911e-005
1392	5.125120767512925e-005	5.128613839913648e-005
1677	4.865026877243217e-005	4.897788193684466e-005
1721	4.609676131817064e-005	4.677351412871981e-005
1789	4.570466916564708e-005	4.570881896148752e-005
1800	4.176244200682078e-005	4.265795188015926e-005
1835	4.042363520839754e-005	4.073802778041130e-005
1897	3.974381449500797e-005	3.981071705534970e-005
1968	3.678225666026158e-005	3.715352290971728e-005
2108	3.619570714252784e-005	3.630780547701010e-005
2195	3.437604349909584e-005	3.467368504525317e-005
2243	3.379962662053426e-005	3.388441561392028e-005
2262	3.119687680863681e-005	3.162277660168380e-005
2317	2.643887473063877e-005	2.691534803926914e-005
2393	2.629679205856661e-005	2.630267991895381e-005
2511	2.570113283595354e-005	2.570395782768865e-005
200001	2.519162597602875e-005	2.570395782768865e-005
%
% index = 177, name = bbob_f002_i17_d02__bbob_f020_i18_d02
% instance = 8, reference value = 9.795226331779821e-001
% function evaluation | indicator value | target hit
1	9.725305198249122e+002	9.772372209558112e+002
2	1.149369625459206e+002	1.174897554939529e+002
6	2.103518129806491e+001	2.137962089502232e+001
9	1.224898955488328e+001	1.230268770812382e+001
51	3.704927745924048e+000	3.715352290971725e+000
175	1.466386488115038e-001	1.479108388168208e-001
217	8.564651775780452e-002	8.709635899560805e-002
327	7.399673771111859e-002	7.413102413009177e-002
441	6.802676505144556e-002	6.918309709189366e-002
448	5.931125105696600e-002	6.025595860743578e-002
490	4.646529540897304e-002	4.677351412871982e-002
567	4.360690934263056e-002	4.365158322401658e-002
616	4.234576357990760e-002	4.265795188015926e-002
618	3.985514332344231e-002	4.073802778041128e-002
667	3.957754853690987e-002	3.981071705534973e-002
668	3.841120285169208e-002	3.890451449942807e-002
685	3.543900707892733e-002	3.548133892335755e-002
717	2.414237717151713e-002	2.454708915685030e-002
736	1.974526037521251e-002	1.995262314968880e-002
760	1.795285292376314e-002	1.819700858609984e-002
782	1.554536725970568e-002	1.584893192461113e-002
802	1.479461190020448e-002	1.513561248436208e-002
808	1.445557822035104e-002	1.479108388168207e-002
815	1.444097394441068e-002	1.445439770745927e-002
824	1.331780034173591e-002	1.348962882591653e-002
865	1.280448274003432e-002	1.288249551693134e-002
870	1.193404205795501e-002	1.202264434617413e-002
908	1.107946694320161e-002	1.122018454301964e-002
911	9.088028708651663e-003	9.120108393559097e-003
913	8.637029617975300e-003	8.709635899560805e-003
922	8.275518362085621e-003	8.317637711026709e-003
927	8.053826469336611e-003	8.128305161640995e-003
964	7.701440731980647e-003	7.762471166286920e-003
971	7.446662038896545e-003	7.585775750291836e-003
977	7.351767853485014e-003	7.413102413009177e-003
1010	6.819307912436678e-003	6.918309709189363e-003
1017	6.337001147976751e-003	6.456542290346556e-003
1019	6.268345088682126e-003	6.309573444801930e-003
1023	6.118463230651239e-003	6.165950018614822e-003
1032	5.161649186031792e-003	5.248074602497728e-003
1033	5.053634181409583e-003	5.128613839913648e-003
1039	4.955328353202448e-003	5.011872336272725e-003
1047	4.882140107221877e-003	4.897788193684461e-003
1069	4.694120286556136e-003	4.786300923226385e-003
1072	4.648883858196173e-003	4.677351412871981e-003
1096	4.232991328583013e-003	4.265795188015926e-003
1104	4.112510743887743e-003	4.168693834703355e-003
1110	3.958465899490893e-003	3.981071705534973e-003
1111	3.844243680982573e-003	3.890451449942805e-003
1113	3.773476015468513e-003	3.801893963205613e-003
1117	3.706777436274011e-003	3.715352290971724e-003
1148	3.568734655354788e-003	3.630780547701014e-003
1154	3.498079650404384e-003	3.548133892335753e-003
1155	3.353287036146901e-003	3.388441561392024e-003
1166	3.221552419664375e-003	3.235936569296281e-003
1180	2.900180462478197e-003	2.951209226666387e-003
1186	2.623362940801233e-003	2.630267991895381e-003
1203	2.396987100593773e-003	2.398832919019490e-003
1208	2.305694190381069e-003	2.344228815319923e-003
1213	2.287826668973203e-003	2.290867652767772e-003
1215	2.213684274165684e-003	2.238721138568340e-003
1223	2.175654771576552e-003	2.187761623949552e-003
1248	2.041130981605965e-003	2.041737944669530e-003
1255	1.985326885618699e-003	1.995262314968879e-003
1268	1.901916280201532e-003	1.905460717963246e-003
1275	1.828540534561607e-003	1.862087136662868e-003
1285	1.691959987689784e-003	1.698243652461744e-003
1297	1.644416240882185e-003	1.659586907437561e-003
1306	1.620150161914857e-003	1.621810097358930e-003
1313	1.574964892667952e-003	1.584893192461114e-003
1324	1.547800098574470e-003	1.548816618912481e-003
1331	1.487366055731187e-003	1.513561248436209e-003
1336	1.474020904208895e-003	1.479108388168207e-003
1338	1.442766585307065e-003	1.445439770745928e-003
1348	1.368010069614067e-003	1.380384264602885e-003
1353	1.345908562643827e-003	1.348962882591653e-003
1370	1.310049257967294e-003	1.318256738556408e-003
1375	1.241055121408263e-003	1.258925411794168e-003
1382	1.173090205530802e-003	1.174897554939529e-003
1384	1.146925191366832e-003	1.148153621496883e-003
1387	1.120347433103519e-003	1.122018454301963e-003
1401	1.089086308686649e-003	1.096478196143185e-003
1417	1.046330827840114e-003	1.047128548050900e-003
1429	9.962189732322102e-004	1.000000000000000e-003
1432	9.558471634397714e-004	9.772372209558111e-004
1433	9.511640057552340e-004	9.549925860214359e-004
1446	9.248265181152071e-004	9.332543007969915e-004
1455	9.022019475628529e-004	9.120108393559096e-004
1458	8.865529170132280e-004	8.912509381337459e-004
1466	8.647337564500202e-004	8.709635899560805e-004
1473	8.406985383534460e-004	8.511380382023768e-004
1480	8.229008334887933e-004	8.317637711026709e-004
1486	7.817775570827523e-004	7.943282347242813e-004
1487	7.644298725152376e-004	7.762471166286919e-004
1496	7.583564642538176e-004	7.585775750291835e-004
1509	7.226336334990036e-004	7.244359600749898e-004
1515	6.979851843691431e-004	7.079457843841380e-004
1517	6.893057339154574e-004	6.918309709189362e-004
1526	6.718009934802982e-004	6.760829753919819e-004
1529	6.499049451125227e-004	6.606934480075958e-004
1539	6.433183138914167e-004	6.456542290346556e-004
1545	6.303227008892520e-004	6.309573444801930e-004
1555	6.159308887149217e-004	6.165950018614822e-004
1575	6.022079617579168e-004	6.025595860743575e-004
1583	5.874836657473459e-004	5.888436553555889e-004
1606	5.512905800580947e-004	5.623413251903491e-004
1611	5.485833159448728e-004	5.495408738576249e-004
1631	5.369696344729169e-004	5.370317963702527e-004
1650	5.244438279807806e-004	5.248074602497728e-004
1692	5.127238009722257e-004	5.128613839913648e-004
1748	5.010300770884602e-004	5.011872336272725e-004
1849	4.894195429537840e-004	4.897788193684461e-004
200001	4.836074467580165e-004	4.897788193684461e-004
%
% index = 178, name = bbob_f002_i19_d02__bbob_f020_i21_d02
% instance = 9, reference value = 8.265402697773940e-001
% function evaluation | indicator value | target hit
1	6.719906900337575e+006	6.760829753919819e+006
2	1.333845700678217e+006	1.348962882591653e+006
3	9.590227583674720e+005	9.772372209558112e+005
6	1.929885838532204e+005	1.949844599758046e+005
9	1.101267940951752e+005	1.122018454301963e+005
51	1.196824507907290e+004	1.202264434617413e+004
151	2.264162180909680e+003	2.290867652767772e+003
333	5.497578216815275e+002	5.623413251903490e+002
357	1.073170796961782e+001	1.096478196143185e+001
611	5.712168328597394e+000	5.754399373371570e+000
828	1.181393125984894e+000	1.202264434617413e+000
856	4.635800140220360e-001	4.677351412871982e-001
936	2.804761675366086e-001	2.818382931264454e-001
1267	2.744417837657375e-001	2.754228703338166e-001
1412	2.616160189135923e-001	2.630267991895382e-001
1435	2.522746386553317e-001	2.570395782768864e-001
1486	2.439933783006930e-001	2.454708915685031e-001
1516	2.335942139590184e-001	2.344228815319922e-001
1623	1.284020418743045e-001	1.288249551693134e-001
1629	1.012221747611131e-001	1.023292992280754e-001
2497	9.675493848203476e-002	9.772372209558107e-002
200001	9.653750831448160e-002	9.772372209558107e-002
%
% index = 179, name = bbob_f002_i21_d02__bbob_f020_i22_d02
% instance = 10, reference value = 9.811708579872760e-001
% function evaluation | indicator value | target hit
1	1.929626428886925e+003	1.949844599758045e+003
2	1.860484696732652e+002	1.862087136662867e+002
6	3.364089258732773e+001	3.388441561392025e+001
10	2.182049442642928e+001	2.187761623949553e+001
13	1.869964216929330e+001	1.905460717963247e+001
37	1.426633327577878e+001	1.445439770745927e+001
51	8.440562913615818e+000	8.511380382023766e+000
96	5.662985396035035e+000	5.754399373371570e+000
178	5.078982527663277e+000	5.128613839913649e+000
183	2.397811528236276e+000	2.398832919019490e+000
250	7.906884647912148e-001	7.943282347242815e-001
363	4.057504795167272e-001	4.073802778041127e-001
364	3.616829818336284e-001	3.630780547701014e-001
394	1.052195919078170e-001	1.071519305237607e-001
431	7.032846176739782e-002	7.079457843841380e-002
514	6.889798687281734e-002	6.918309709189366e-002
570	6.751429611204651e-002	6.760829753919818e-002
586	5.304225136856955e-002	5.370317963702527e-002
595	5.108711865956872e-002	5.128613839913648e-002
607	4.994448021885012e-002	5.011872336272722e-002
621	3.535475313106717e-002	3.548133892335755e-002
721	3.131298366637092e-002	3.162277660168379e-002
757	1.949920934138605e-002	1.995262314968880e-002
763	1.921191742375683e-002	1.949844599758046e-002
775	1.505618941583176e-002	1.513561248436208e-002
793	1.417217998602438e-002	1.445439770745927e-002
797	1.356979119366686e-002	1.380384264602885e-002
805	1.225415037039812e-002	1.230268770812382e-002
815	1.198766581649613e-002	1.202264434617413e-002
828	1.092916752431694e-002	1.096478196143185e-002
831	1.032734579351069e-002	1.047128548050900e-002
837	8.424620060708099e-003	8.511380382023768e-003
868	7.273005951682565e-003	7.413102413009177e-003
870	6.875066540574903e-003	6.918309709189363e-003
903	6.523872389195717e-003	6.606934480075957e-003
918	6.185942198534744e-003	6.309573444801930e-003
919	6.125545420391565e-003	6.165950018614822e-003
964	6.005731283637683e-003	6.025595860743574e-003
965	5.841851039610879e-003	5.888436553555890e-003
983	5.700119334790643e-003	5.754399373371567e-003
987	5.545061525256911e-003	5.623413251903491e-003
994	5.411097889242433e-003	5.495408738576248e-003
995	5.365777852539999e-003	5.370317963702527e-003
1005	5.242918695147703e-003	5.248074602497728e-003
1019	4.269314740511065e-003	4.365158322401661e-003
1025	4.240310629157862e-003	4.265795188015926e-003
1045	4.068216234722866e-003	4.073802778041126e-003
1068	3.977015941357243e-003	3.981071705534973e-003
1086	3.880048606224373e-003	3.890451449942805e-003
1091	3.652227282304410e-003	3.715352290971724e-003
1093	3.537510107333275e-003	3.548133892335753e-003
1094	3.459739288066976e-003	3.467368504525317e-003
1096	3.374918590114517e-003	3.388441561392024e-003
1100	3.079052512163560e-003	3.090295432513592e-003
1106	3.005809769808354e-003	3.019951720402016e-003
1110	2.945136185560027e-003	2.951209226666387e-003
1113	2.868890884560549e-003	2.884031503126606e-003
1115	2.787722039702789e-003	2.818382931264455e-003
1118	2.610974550065981e-003	2.630267991895381e-003
1143	2.476195075453047e-003	2.511886431509579e-003
1147	2.428490372647030e-003	2.454708915685031e-003
1166	2.383443645199268e-003	2.398832919019490e-003
1171	2.226218089418808e-003	2.238721138568340e-003
1187	2.182484358866255e-003	2.187761623949552e-003
1212	2.134390502412709e-003	2.137962089502233e-003
1226	1.972016708664648e-003	1.995262314968879e-003
1227	1.832940532908722e-003	1.862087136662868e-003
1234	1.745758775489881e-003	1.778279410038923e-003
1235	1.715672372785693e-003	1.737800828749376e-003
1239	1.695249680103039e-003	1.698243652461744e-003
1244	1.648506275431116e-003	1.659586907437561e-003
1256	1.621223640795311e-003	1.621810097358930e-003
1264	1.583568474139097e-003	1.584893192461114e-003
1273	1.538244198955985e-003	1.548816618912481e-003
1278	1.504835175199393e-003	1.513561248436209e-003
1282	1.453820961157981e-003	1.479108388168207e-003
1291	1.431040557476448e-003	1.445439770745928e-003
1304	1.395238458593906e-003	1.412537544622754e-003
1315	1.378010781785122e-003	1.380384264602885e-003
1337	1.317559020266645e-003	1.318256738556408e-003
1342	1.285266951220443e-003	1.288249551693134e-003
1363	1.241340527585733e-003	1.258925411794168e-003
1364	1.228991914583366e-003	1.230268770812381e-003
1375	1.166144847603357e-003	1.174897554939529e-003
1380	1.117743300936946e-003	1.122018454301963e-003
1393	1.093921517354546e-003	1.096478196143185e-003
1395	1.061239450791174e-003	1.071519305237606e-003
1401	1.045548105510497e-003	1.047128548050900e-003
1406	1.021167899701525e-003	1.023292992280754e-003
1413	9.266423903087073e-004	9.332543007969915e-004
1422	8.867983485896236e-004	8.912509381337459e-004
1424	8.636268118152879e-004	8.709635899560805e-004
1427	8.402584483550024e-004	8.511380382023768e-004
1438	8.009052468600508e-004	8.128305161640995e-004
1439	7.920166901350667e-004	7.943282347242813e-004
1443	7.694003811061778e-004	7.762471166286919e-004
1449	7.576516996187221e-004	7.585775750291835e-004
1456	7.394674515797117e-004	7.413102413009177e-004
1485	7.229237675967504e-004	7.244359600749898e-004
1498	7.000440796937069e-004	7.079457843841380e-004
1505	6.915450054385541e-004	6.918309709189362e-004
1518	6.759639532062378e-004	6.760829753919819e-004
1534	6.589317912309989e-004	6.606934480075958e-004
1549	6.454211774460372e-004	6.456542290346556e-004
1573	6.267567335012103e-004	6.309573444801930e-004
1605	6.095071379594863e-004	6.165950018614822e-004
1646	6.013135505035239e-004	6.025595860743575e-004
1784	5.887339697812077e-004	5.888436553555889e-004
200001	5.825245422762526e-004	5.888436553555889e-004
