%
% index = 80, name = bbob_f001_i02_d02__bbob_f020_i04_d02
% instance = 1, reference value = 9.256578141702230e-001
% function evaluation | indicator value | target hit
1	1.216056309632420e+004	1.230268770812381e+004
2	3.169199332770112e+003	3.235936569296281e+003
4	2.751392892841426e+003	2.754228703338166e+003
6	1.283851675572443e+002	1.288249551693134e+002
13	6.065641053279886e+001	6.165950018614822e+001
175	4.269703553460097e+001	4.365158322401658e+001
178	2.098289404934384e+001	2.137962089502232e+001
240	1.829238135654457e+001	1.862087136662868e+001
379	1.736033143494377e+001	1.737800828749375e+001
422	6.766608673016018e+000	6.918309709189365e+000
423	2.981733721950223e+000	3.019951720402016e+000
431	2.676480291157723e+000	2.691534803926916e+000
476	1.977540347245223e+000	1.995262314968880e+000
482	1.799790660434723e+000	1.819700858609983e+000
499	1.524036265969223e+000	1.548816618912481e+000
556	1.342066568320723e+000	1.348962882591654e+000
610	1.163036378115223e+000	1.174897554939530e+000
612	5.523784705332713e-001	5.623413251903491e-001
615	2.270752994351448e-001	2.290867652767773e-001
712	2.070520822810071e-001	2.089296130854039e-001
767	1.984253118538025e-001	1.995262314968880e-001
831	1.869784699467638e-001	1.905460717963247e-001
859	1.561646991720451e-001	1.584893192461113e-001
874	1.348004079738785e-001	1.348962882591654e-001
884	1.318117629981771e-001	1.318256738556407e-001
885	7.622194789028047e-002	7.762471166286916e-002
889	7.337059652656242e-002	7.413102413009177e-002
914	7.048916856964449e-002	7.079457843841380e-002
929	5.812627027873851e-002	5.888436553555890e-002
948	4.285525165743676e-002	4.365158322401658e-002
995	3.555901447644116e-002	3.630780547701014e-002
996	3.454231689328569e-002	3.467368504525317e-002
1005	3.375853973164578e-002	3.388441561392026e-002
1011	3.261496639458805e-002	3.311311214825911e-002
1044	3.174221279041234e-002	3.235936569296283e-002
1052	3.154646697352037e-002	3.162277660168379e-002
1053	3.011609834343187e-002	3.019951720402016e-002
1069	2.445393680948826e-002	2.454708915685030e-002
1085	1.984983228812209e-002	1.995262314968880e-002
1096	1.927744517236385e-002	1.949844599758046e-002
1098	1.892097471361443e-002	1.905460717963247e-002
1108	1.852794304248440e-002	1.862087136662868e-002
1125	1.817684196017966e-002	1.819700858609984e-002
1137	1.730117372674689e-002	1.737800828749376e-002
1143	1.686187344871026e-002	1.698243652461744e-002
1163	1.658926411134531e-002	1.659586907437561e-002
1169	1.604379226371666e-002	1.621810097358930e-002
1191	1.572050630736510e-002	1.584893192461113e-002
1194	1.528907677354285e-002	1.548816618912481e-002
1225	1.476326585514809e-002	1.479108388168207e-002
1250	1.438278757264000e-002	1.445439770745927e-002
1252	1.352459797662353e-002	1.380384264602885e-002
1255	1.331265504177770e-002	1.348962882591653e-002
1257	1.318227389587312e-002	1.318256738556408e-002
1274	1.277921448835007e-002	1.288249551693134e-002
1293	1.184029901203021e-002	1.202264434617413e-002
1298	1.173559817112102e-002	1.174897554939530e-002
1312	1.136895385563275e-002	1.148153621496883e-002
1331	1.098546475594531e-002	1.122018454301964e-002
1336	1.078897280522351e-002	1.096478196143185e-002
1337	1.032661280546066e-002	1.047128548050900e-002
1338	1.019508928418600e-002	1.023292992280754e-002
1354	8.896763749118519e-003	8.912509381337459e-003
1376	8.567533287289653e-003	8.709635899560805e-003
1381	8.506737455815872e-003	8.511380382023768e-003
1398	8.298064545280481e-003	8.317637711026709e-003
1401	7.630353520558075e-003	7.762471166286920e-003
1404	7.464535352482260e-003	7.585775750291836e-003
1408	7.392872601029610e-003	7.413102413009177e-003
1430	7.206093213685927e-003	7.244359600749898e-003
1442	7.079164393583248e-003	7.079457843841380e-003
1468	6.726388486628876e-003	6.760829753919818e-003
1499	6.421592077864635e-003	6.456542290346556e-003
1507	6.160428330528323e-003	6.165950018614822e-003
1548	6.024837661552152e-003	6.025595860743574e-003
1549	5.836684992997276e-003	5.888436553555890e-003
1568	5.692052740439602e-003	5.754399373371567e-003
1575	5.543444047668156e-003	5.623413251903491e-003
1582	5.467434620025413e-003	5.495408738576248e-003
1597	5.365677264040136e-003	5.370317963702527e-003
1614	4.485393630716650e-003	4.570881896148752e-003
1616	4.443246180912408e-003	4.466835921509631e-003
1624	4.348599694412036e-003	4.365158322401661e-003
1648	4.264808829245959e-003	4.265795188015926e-003
1682	4.166062529214365e-003	4.168693834703355e-003
1707	4.056442605896660e-003	4.073802778041126e-003
1726	3.958601819602947e-003	3.981071705534973e-003
1755	3.886553083604194e-003	3.890451449942805e-003
1789	3.793420222120592e-003	3.801893963205613e-003
1813	3.715005111171177e-003	3.715352290971724e-003
1830	3.628842896519546e-003	3.630780547701014e-003
1874	3.547374294061600e-003	3.548133892335753e-003
1912	3.465712229360096e-003	3.467368504525317e-003
1948	3.381119816461164e-003	3.388441561392024e-003
2035	3.310855435515792e-003	3.311311214825911e-003
2151	3.235646643418799e-003	3.235936569296281e-003
2271	3.161790124930897e-003	3.162277660168379e-003
2493	3.089769735022618e-003	3.090295432513592e-003
2935	3.019715906200648e-003	3.019951720402016e-003
3541	2.950910267700113e-003	2.951209226666387e-003
5744	2.882653556309900e-003	2.884031503126606e-003
62640	2.814083190526895e-003	2.818382931264455e-003
200001	2.790909296178201e-003	2.818382931264455e-003
%
% index = 81, name = bbob_f001_i03_d02__bbob_f020_i05_d02
% instance = 2, reference value = 9.777937512622950e-001
% function evaluation | indicator value | target hit
1	1.203464378461049e+003	1.230268770812381e+003
2	3.439669338364708e+002	3.467368504525317e+002
3	2.820916795744118e+002	2.884031503126606e+002
6	1.850905702899975e+001	1.862087136662868e+001
13	9.516820342808481e+000	9.549925860214358e+000
161	2.455986249435636e+000	2.511886431509580e+000
295	1.551564034613851e+000	1.584893192461114e+000
342	7.301113430406150e-001	7.413102413009175e-001
367	7.016071010673266e-001	7.079457843841379e-001
473	4.463267238261248e-001	4.466835921509632e-001
592	4.029823248162943e-001	4.073802778041127e-001
598	3.381965299756661e-001	3.388441561392026e-001
634	3.225128757440419e-001	3.235936569296283e-001
676	2.127213497198330e-001	2.137962089502232e-001
699	1.710743051638364e-001	1.737800828749375e-001
712	1.560720440003247e-001	1.584893192461113e-001
758	1.356204939116288e-001	1.380384264602885e-001
780	7.477640430367349e-002	7.585775750291836e-002
799	5.121412007244541e-002	5.128613839913648e-002
812	4.964471749299360e-002	5.011872336272722e-002
823	4.736501676430005e-002	4.786300923226383e-002
841	3.844957764198442e-002	3.890451449942807e-002
854	3.437478576604802e-002	3.467368504525317e-002
883	2.012355100796248e-002	2.041737944669530e-002
907	1.896008391399562e-002	1.905460717963247e-002
921	1.666830493338878e-002	1.698243652461744e-002
922	1.622550849065574e-002	1.659586907437561e-002
929	1.620476188582232e-002	1.621810097358930e-002
971	1.514464144412719e-002	1.548816618912481e-002
993	1.269531495408161e-002	1.288249551693134e-002
1007	1.114213495517369e-002	1.122018454301964e-002
1038	1.028880122161180e-002	1.047128548050900e-002
1054	1.005412811200823e-002	1.023292992280754e-002
1055	9.972796804198825e-003	1.000000000000000e-002
1087	9.495270193658034e-003	9.549925860214359e-003
1090	8.365691879647308e-003	8.511380382023768e-003
1111	8.064736162279762e-003	8.128305161640995e-003
1112	7.783768334120755e-003	7.943282347242814e-003
1131	7.504418709372351e-003	7.585775750291836e-003
1140	7.313077722099992e-003	7.413102413009177e-003
1147	7.020931401609420e-003	7.079457843841380e-003
1169	6.656255613059270e-003	6.760829753919818e-003
1180	6.550192017986567e-003	6.606934480075957e-003
1183	5.822484021786090e-003	5.888436553555890e-003
1198	5.699955602064155e-003	5.754399373371567e-003
1209	4.920922042263909e-003	5.011872336272725e-003
1229	4.480941694461560e-003	4.570881896148752e-003
1231	4.405216054460093e-003	4.466835921509631e-003
1238	4.287988611828664e-003	4.365158322401661e-003
1241	4.202211356214347e-003	4.265795188015926e-003
1242	4.010942146010943e-003	4.073802778041126e-003
1253	3.894536894962219e-003	3.981071705534973e-003
1258	3.888293772726925e-003	3.890451449942805e-003
1273	3.770885491294340e-003	3.801893963205613e-003
1283	3.529464791901193e-003	3.548133892335753e-003
1297	3.404197112538365e-003	3.467368504525317e-003
1304	3.328134155424656e-003	3.388441561392024e-003
1306	3.281674892394726e-003	3.311311214825911e-003
1314	3.227369584710593e-003	3.235936569296281e-003
1318	2.989767611330296e-003	3.019951720402016e-003
1321	2.901092635059777e-003	2.951209226666387e-003
1324	2.880843151470969e-003	2.884031503126606e-003
1330	2.733706588474605e-003	2.754228703338166e-003
1347	2.684594584822397e-003	2.691534803926917e-003
1358	2.618469068592644e-003	2.630267991895381e-003
1368	2.505754783982184e-003	2.511886431509579e-003
1383	2.427261719804785e-003	2.454708915685031e-003
1393	2.323016027035441e-003	2.344228815319923e-003
1397	2.248495344407520e-003	2.290867652767772e-003
1398	2.200160423634578e-003	2.238721138568340e-003
1404	2.156726665256903e-003	2.187761623949552e-003
1417	2.085260996465332e-003	2.089296130854039e-003
1431	2.024306189735037e-003	2.041737944669530e-003
1434	1.971112129136143e-003	1.995262314968879e-003
1438	1.925272682640977e-003	1.949844599758046e-003
1443	1.892820217765046e-003	1.905460717963246e-003
1444	1.803168448896830e-003	1.819700858609983e-003
1449	1.776241230880160e-003	1.778279410038923e-003
1475	1.736047696539900e-003	1.737800828749376e-003
1494	1.628944206882199e-003	1.659586907437561e-003
1498	1.616281853439205e-003	1.621810097358930e-003
1503	1.537187858234312e-003	1.548816618912481e-003
1509	1.513444018382826e-003	1.513561248436209e-003
1516	1.473665608435426e-003	1.479108388168207e-003
1530	1.408745290270241e-003	1.412537544622754e-003
1534	1.370486222250222e-003	1.380384264602885e-003
1535	1.322636716637016e-003	1.348962882591653e-003
1539	1.317596282586764e-003	1.318256738556408e-003
1547	1.261575011822003e-003	1.288249551693134e-003
1548	1.249996463621228e-003	1.258925411794168e-003
1554	1.222927090748227e-003	1.230268770812381e-003
1563	1.195089135265670e-003	1.202264434617413e-003
1571	1.161225326150372e-003	1.174897554939529e-003
1574	1.125946804527378e-003	1.148153621496883e-003
1579	1.104744314290973e-003	1.122018454301963e-003
1584	1.082388694047531e-003	1.096478196143185e-003
1598	1.070020319033138e-003	1.071519305237606e-003
1608	1.015039965485021e-003	1.023292992280754e-003
1620	9.942849606554560e-004	1.000000000000000e-003
1628	9.752529983743097e-004	9.772372209558111e-004
1638	9.533674807938875e-004	9.549925860214359e-004
1644	9.260880095376400e-004	9.332543007969915e-004
1650	8.927535383651541e-004	9.120108393559096e-004
1651	8.770916489976299e-004	8.912509381337459e-004
1656	8.658245735025938e-004	8.709635899560805e-004
1661	8.510399473777852e-004	8.511380382023768e-004
1664	8.278459706063668e-004	8.317637711026709e-004
1677	8.037512859194740e-004	8.128305161640995e-004
1679	7.931169535835281e-004	7.943282347242813e-004
1698	7.762059324987192e-004	7.762471166286919e-004
1708	7.468116234740085e-004	7.585775750291835e-004
1712	7.236252857377723e-004	7.244359600749898e-004
1717	6.933571737739452e-004	7.079457843841380e-004
1721	6.827335763428533e-004	6.918309709189362e-004
1737	6.760313285464337e-004	6.760829753919819e-004
1752	6.598796420071995e-004	6.606934480075958e-004
1762	6.447325925665881e-004	6.456542290346556e-004
1772	6.308833461633467e-004	6.309573444801930e-004
1795	6.134806171897989e-004	6.165950018614822e-004
1809	5.907388098714828e-004	6.025595860743575e-004
1811	5.859915347027345e-004	5.888436553555889e-004
1825	5.752139219020735e-004	5.754399373371566e-004
1843	5.605424698198469e-004	5.623413251903491e-004
1875	5.459988974428898e-004	5.495408738576249e-004
1907	5.358369073548142e-004	5.370317963702527e-004
1949	5.245676314276082e-004	5.248074602497728e-004
2014	5.116192832905764e-004	5.128613839913648e-004
2084	5.007750770725794e-004	5.011872336272725e-004
2226	4.897253671930502e-004	4.897788193684461e-004
2346	4.785561142569561e-004	4.786300923226385e-004
2581	4.675910468465716e-004	4.677351412871981e-004
2911	4.570153792207155e-004	4.570881896148752e-004
3962	4.466780715041141e-004	4.466835921509631e-004
8545	4.365036373961129e-004	4.365158322401661e-004
9825	4.252112633897909e-004	4.265795188015926e-004
28224	4.168678283953398e-004	4.168693834703355e-004
84328	4.057904873582263e-004	4.073802778041126e-004
141177	3.980467240850549e-004	3.981071705534974e-004
200001	3.932947063581826e-004	3.981071705534974e-004
%
% index = 82, name = bbob_f001_i07_d02__bbob_f020_i08_d02
% instance = 3, reference value = 9.687058444473160e-001
% function evaluation | indicator value | target hit
1	3.626970523133204e+003	3.630780547701014e+003
2	1.150107481197978e+003	1.174897554939529e+003
3	9.075887299129055e+002	9.120108393559096e+002
6	5.514051394599113e+001	5.623413251903491e+001
13	2.864860042622165e+001	2.884031503126606e+001
51	2.737723887062117e+001	2.754228703338166e+001
261	3.502019590879714e+000	3.548133892335755e+000
411	1.380884650825816e+000	1.412537544622754e+000
434	5.547514960690467e-001	5.623413251903491e-001
467	1.942591388554137e-001	1.949844599758046e-001
515	1.872223421318514e-001	1.905460717963247e-001
582	1.290495621551970e-001	1.318256738556407e-001
600	8.866811044802281e-002	8.912509381337455e-002
661	5.384054829278762e-002	5.495408738576246e-002
749	4.606085799556170e-002	4.677351412871982e-002
760	4.431005312465963e-002	4.466835921509630e-002
866	4.364685341874008e-002	4.365158322401658e-002
870	2.590528596653186e-002	2.630267991895382e-002
886	2.389926292654154e-002	2.398832919019490e-002
909	2.267831987866820e-002	2.290867652767774e-002
924	1.631324046473281e-002	1.659586907437561e-002
927	1.502548567503581e-002	1.513561248436208e-002
947	1.166863371191795e-002	1.174897554939530e-002
1004	1.074723176096271e-002	1.096478196143185e-002
1007	1.063349057336271e-002	1.071519305237607e-002
1010	9.989717741568427e-003	1.000000000000000e-002
1033	9.402305418448442e-003	9.549925860214359e-003
1041	7.936865612054866e-003	7.943282347242814e-003
1067	7.462160528255990e-003	7.585775750291836e-003
1079	7.210832414219937e-003	7.244359600749898e-003
1083	6.592910330162738e-003	6.606934480075957e-003
1111	6.287960057749120e-003	6.309573444801930e-003
1112	5.957454909005455e-003	6.025595860743574e-003
1119	5.793373693248061e-003	5.888436553555890e-003
1135	5.702571856110006e-003	5.754399373371567e-003
1137	5.557992632068132e-003	5.623413251903491e-003
1141	5.438724246367599e-003	5.495408738576248e-003
1164	5.247088308766523e-003	5.248074602497728e-003
1165	5.114761959527203e-003	5.128613839913648e-003
1177	4.836220848592587e-003	4.897788193684461e-003
1193	4.735476613876521e-003	4.786300923226385e-003
1208	4.424642026335857e-003	4.466835921509631e-003
1221	4.253403558321156e-003	4.265795188015926e-003
1225	4.081321970480500e-003	4.168693834703355e-003
1228	3.972053364680539e-003	3.981071705534973e-003
1244	3.881580056350864e-003	3.890451449942805e-003
1251	3.754284617354831e-003	3.801893963205613e-003
1255	3.620823179816268e-003	3.630780547701014e-003
1268	3.510976830715218e-003	3.548133892335753e-003
1276	3.467316709159785e-003	3.467368504525317e-003
1284	3.351124445617359e-003	3.388441561392024e-003
1292	3.304953862405258e-003	3.311311214825911e-003
1299	3.102565607873364e-003	3.162277660168379e-003
1307	3.075566147007658e-003	3.090295432513592e-003
1312	3.019058133758135e-003	3.019951720402016e-003
1328	2.926645326688848e-003	2.951209226666387e-003
1330	2.838730602989892e-003	2.884031503126606e-003
1331	2.818244986300234e-003	2.818382931264455e-003
1351	2.731253370856557e-003	2.754228703338166e-003
1358	2.688658405528566e-003	2.691534803926917e-003
1371	2.606621394571462e-003	2.630267991895381e-003
1380	2.556865128849672e-003	2.570395782768865e-003
1401	2.508949539975047e-003	2.511886431509579e-003
1416	2.385648683850272e-003	2.398832919019490e-003
1420	2.343858385174813e-003	2.344228815319923e-003
1426	2.287502627795535e-003	2.290867652767772e-003
1438	2.189690361720009e-003	2.238721138568340e-003
1441	2.155985796974513e-003	2.187761623949552e-003
1451	2.137390116363602e-003	2.137962089502233e-003
1452	2.089065950864666e-003	2.089296130854039e-003
1453	2.025588205395001e-003	2.041737944669530e-003
1457	1.994090597747689e-003	1.995262314968879e-003
1474	1.890533565858443e-003	1.905460717963246e-003
1492	1.861072006380860e-003	1.862087136662868e-003
1503	1.818954164680253e-003	1.819700858609983e-003
1517	1.774104806804622e-003	1.778279410038923e-003
1529	1.735770017237126e-003	1.737800828749376e-003
1530	1.682746823023384e-003	1.698243652461744e-003
1546	1.658723652032901e-003	1.659586907437561e-003
1557	1.552367702167379e-003	1.584893192461114e-003
1564	1.544458648500613e-003	1.548816618912481e-003
1580	1.513307382502993e-003	1.513561248436209e-003
1588	1.465516076573858e-003	1.479108388168207e-003
1591	1.444451781429823e-003	1.445439770745928e-003
1608	1.409685901280988e-003	1.412537544622754e-003
1613	1.365791309965503e-003	1.380384264602885e-003
1614	1.338948744386337e-003	1.348962882591653e-003
1621	1.311300400491655e-003	1.318256738556408e-003
1648	1.275131839609256e-003	1.288249551693134e-003
1665	1.258668386304285e-003	1.258925411794168e-003
1679	1.217126134042901e-003	1.230268770812381e-003
1683	1.201781488433307e-003	1.202264434617413e-003
1703	1.168496370409167e-003	1.174897554939529e-003
1712	1.140671224045042e-003	1.148153621496883e-003
1716	1.117525807331377e-003	1.122018454301963e-003
1733	1.095303357803834e-003	1.096478196143185e-003
1747	1.071027668383406e-003	1.071519305237606e-003
1768	1.046053309170292e-003	1.047128548050900e-003
1792	1.018376106067254e-003	1.023292992280754e-003
1801	9.992794949427175e-004	1.000000000000000e-003
1829	9.611682038190850e-004	9.772372209558111e-004
1833	9.545226732976531e-004	9.549925860214359e-004
1872	9.318805374771699e-004	9.332543007969915e-004
1903	9.107143689714992e-004	9.120108393559096e-004
1942	8.895963013986208e-004	8.912509381337459e-004
1982	8.706378420495486e-004	8.709635899560805e-004
2025	8.501182015749897e-004	8.511380382023768e-004
2092	8.284036138106465e-004	8.317637711026709e-004
2140	8.125636237203970e-004	8.128305161640995e-004
2174	7.942871561914533e-004	7.943282347242813e-004
2231	7.751750853255413e-004	7.762471166286919e-004
2270	7.578667690422147e-004	7.585775750291835e-004
2305	7.393224006272403e-004	7.413102413009177e-004
2390	7.244146634772797e-004	7.244359600749898e-004
2407	7.037882531120143e-004	7.079457843841380e-004
2534	6.916876405014261e-004	6.918309709189362e-004
2703	6.759934108809818e-004	6.760829753919819e-004
2882	6.606929956628482e-004	6.606934480075958e-004
3324	6.452262133551656e-004	6.456542290346556e-004
3604	6.309570292165612e-004	6.309573444801930e-004
3987	6.165922547500813e-004	6.165950018614822e-004
4479	6.010478086179161e-004	6.025595860743575e-004
5017	5.870745304361602e-004	5.888436553555889e-004
5423	5.656593002075772e-004	5.754399373371566e-004
5508	5.619147542559322e-004	5.623413251903491e-004
5599	5.310606867023893e-004	5.370317963702527e-004
5614	5.223850693788501e-004	5.248074602497728e-004
5620	4.995872684732117e-004	5.011872336272725e-004
5936	4.897719847959392e-004	4.897788193684461e-004
6815	4.768212642328740e-004	4.786300923226385e-004
7676	4.676373696104186e-004	4.677351412871981e-004
8995	4.501252428152913e-004	4.570881896148752e-004
9065	4.455418545550316e-004	4.466835921509631e-004
9459	4.339359363891848e-004	4.365158322401661e-004
9967	4.252128827298973e-004	4.265795188015926e-004
10172	4.142356360397059e-004	4.168693834703355e-004
10174	4.069580981901355e-004	4.073802778041126e-004
11434	3.939974344502328e-004	3.981071705534974e-004
11866	3.851795469684838e-004	3.890451449942804e-004
12123	3.771053556790305e-004	3.801893963205612e-004
14050	3.672765759158425e-004	3.715352290971724e-004
14582	3.628713362253677e-004	3.630780547701014e-004
17637	3.526048558897266e-004	3.548133892335753e-004
18314	3.385222688784273e-004	3.388441561392024e-004
19393	3.309275118421606e-004	3.311311214825911e-004
20907	3.230044739777060e-004	3.235936569296281e-004
22821	3.108133532939705e-004	3.162277660168379e-004
23975	3.090087489008297e-004	3.090295432513592e-004
25588	2.661634909465471e-004	2.691534803926917e-004
25630	2.586873205010498e-004	2.630267991895381e-004
26282	2.565718686330376e-004	2.570395782768865e-004
27044	2.497124704065046e-004	2.511886431509580e-004
27452	2.449476109661619e-004	2.454708915685031e-004
30895	2.398795519202857e-004	2.398832919019490e-004
32300	2.336964088209825e-004	2.344228815319923e-004
37097	2.286528172004143e-004	2.290867652767772e-004
41667	2.236930652276259e-004	2.238721138568340e-004
42590	1.936977658810735e-004	1.949844599758046e-004
45592	1.905450256383112e-004	1.905460717963246e-004
57952	1.862023038753380e-004	1.862087136662868e-004
59430	1.819332356688408e-004	1.819700858609983e-004
65257	1.778279079714951e-004	1.778279410038923e-004
69270	1.736085001250443e-004	1.737800828749376e-004
71353	1.635275240876588e-004	1.659586907437562e-004
72551	1.601815899263670e-004	1.621810097358930e-004
76753	1.383861485714233e-004	1.412537544622754e-004
81394	1.380383728843970e-004	1.380384264602885e-004
88863	1.247398249402121e-004	1.258925411794167e-004
102691	1.230178742325228e-004	1.230268770812381e-004
126716	1.199536914343602e-004	1.202264434617413e-004
153873	1.174889964516979e-004	1.174897554939529e-004
157337	1.145569227726240e-004	1.148153621496883e-004
181422	1.116485688970048e-004	1.122018454301963e-004
197697	1.094176872078467e-004	1.096478196143185e-004
200001	1.093584130968939e-004	1.096478196143185e-004
%
% index = 83, name = bbob_f001_i09_d02__bbob_f020_i10_d02
% instance = 4, reference value = 9.483426684632380e-001
% function evaluation | indicator value | target hit
1	1.002261169860266e+005	1.023292992280754e+005
2	3.459806077747457e+004	3.467368504525317e+004
3	2.440879146393293e+004	2.454708915685029e+004
4	9.086256376315892e+003	9.120108393559096e+003
5	8.414856192382817e+003	8.511380382023768e+003
14	2.089872996692830e+003	2.137962089502233e+003
59	1.226690540790465e+003	1.230268770812381e+003
102	6.998954343714278e+002	7.079457843841381e+002
118	3.530683161817281e+002	3.548133892335753e+002
160	2.686632045364660e+002	2.691534803926917e+002
250	5.402845870849664e+001	5.495408738576246e+001
264	2.756514744613816e+001	2.818382931264453e+001
362	1.350988703073785e+001	1.380384264602885e+001
384	8.591819510614739e+000	8.709635899560805e+000
466	7.674799131057238e+000	7.762471166286917e+000
494	6.718530442346238e+000	6.760829753919817e+000
685	6.132520949166367e+000	6.165950018614822e+000
724	4.336582807974238e+000	4.365158322401660e+000
777	4.953865181051873e-001	5.011872336272722e-001
903	3.225293213586488e-001	3.235936569296283e-001
1119	2.545000522129577e-001	2.570395782768864e-001
1121	2.120310188546963e-001	2.137962089502232e-001
1156	1.651854762897514e-001	1.659586907437561e-001
1217	1.373298885147134e-001	1.380384264602885e-001
1222	1.195881772398726e-001	1.202264434617413e-001
1248	1.071042855953148e-001	1.071519305237607e-001
1286	9.217067934056555e-002	9.332543007969910e-002
1289	8.511030648619833e-002	8.511380382023763e-002
1360	7.070874128357996e-002	7.079457843841380e-002
1387	5.427900988603163e-002	5.495408738576246e-002
1392	4.830325524281565e-002	4.897788193684461e-002
1419	4.722574196910956e-002	4.786300923226383e-002
1425	4.674933809936277e-002	4.677351412871982e-002
1429	3.567646766723620e-002	3.630780547701014e-002
1437	2.313318384545271e-002	2.344228815319923e-002
1444	1.868203326238183e-002	1.905460717963247e-002
1446	1.713220611059974e-002	1.737800828749376e-002
1454	1.692355649462995e-002	1.698243652461744e-002
1511	1.647157991537551e-002	1.659586907437561e-002
1524	1.589656414162766e-002	1.621810097358930e-002
1525	1.582608803665997e-002	1.584893192461113e-002
1558	1.480725099513902e-002	1.513561248436208e-002
1560	1.451111401269034e-002	1.479108388168207e-002
1572	1.226802712520592e-002	1.230268770812382e-002
1583	1.188777468344726e-002	1.202264434617413e-002
1601	1.056164289801842e-002	1.071519305237607e-002
1605	1.039523612873028e-002	1.047128548050900e-002
1612	9.739644286479998e-003	9.772372209558112e-003
1629	9.262349009449777e-003	9.332543007969915e-003
1657	9.097828321382950e-003	9.120108393559097e-003
1663	8.035336691219142e-003	8.128305161640995e-003
1667	6.700092899885490e-003	6.760829753919818e-003
1680	6.418570529376666e-003	6.456542290346556e-003
1708	6.271067146735199e-003	6.309573444801930e-003
1720	5.822751276706173e-003	5.888436553555890e-003
1731	5.574277271926054e-003	5.623413251903491e-003
1740	5.079277829598050e-003	5.128613839913648e-003
1745	4.976372407755614e-003	5.011872336272725e-003
1762	4.896595531637904e-003	4.897788193684461e-003
1770	4.781927571824385e-003	4.786300923226385e-003
1787	4.667272976974113e-003	4.677351412871981e-003
1810	4.559117031279980e-003	4.570881896148752e-003
1819	4.455880156262859e-003	4.466835921509631e-003
1833	4.274934997586244e-003	4.365158322401661e-003
1837	4.107731250398095e-003	4.168693834703355e-003
1840	3.862514159038377e-003	3.890451449942805e-003
1853	3.793633218882930e-003	3.801893963205613e-003
1864	3.712000024372553e-003	3.715352290971724e-003
1884	3.604108815865370e-003	3.630780547701014e-003
1892	3.545036227612819e-003	3.548133892335753e-003
1907	3.420218260183683e-003	3.467368504525317e-003
1917	3.320090438427403e-003	3.388441561392024e-003
1918	3.309460081758364e-003	3.311311214825911e-003
1922	3.175576950388837e-003	3.235936569296281e-003
1923	3.030890931918884e-003	3.090295432513592e-003
1925	2.991713058380530e-003	3.019951720402016e-003
1927	2.950168134372655e-003	2.951209226666387e-003
1932	2.828688468330287e-003	2.884031503126606e-003
1933	2.814781067139505e-003	2.818382931264455e-003
1937	2.699157144059106e-003	2.754228703338166e-003
1941	2.615131288383532e-003	2.630267991895381e-003
1945	2.569241875019945e-003	2.570395782768865e-003
1973	2.493668123473958e-003	2.511886431509579e-003
1986	2.430027499808030e-003	2.454708915685031e-003
1987	2.396423401800574e-003	2.398832919019490e-003
1991	2.290882109565851e-003	2.344228815319923e-003
1996	2.287179670354411e-003	2.290867652767772e-003
2005	2.234919034257321e-003	2.238721138568340e-003
2014	2.180310946416686e-003	2.187761623949552e-003
2026	2.132076770344660e-003	2.137962089502233e-003
2037	2.082947426803039e-003	2.089296130854039e-003
2056	2.016901370426094e-003	2.041737944669530e-003
2061	1.993123467365354e-003	1.995262314968879e-003
2069	1.933501403469484e-003	1.949844599758046e-003
2087	1.900812069632107e-003	1.905460717963246e-003
2093	1.850994669538864e-003	1.862087136662868e-003
2114	1.816330781875597e-003	1.819700858609983e-003
2128	1.777801599216811e-003	1.778279410038923e-003
2139	1.714104418885087e-003	1.737800828749376e-003
2146	1.674229383697989e-003	1.698243652461744e-003
2154	1.646746657973042e-003	1.659586907437561e-003
2178	1.617791251590006e-003	1.621810097358930e-003
2191	1.562339710248328e-003	1.584893192461114e-003
2193	1.530275886061694e-003	1.548816618912481e-003
2208	1.511466930451344e-003	1.513561248436209e-003
2227	1.477152550019900e-003	1.479108388168207e-003
2253	1.443402330095767e-003	1.445439770745928e-003
2282	1.410536560582543e-003	1.412537544622754e-003
2295	1.378123545566656e-003	1.380384264602885e-003
2302	1.315265954381251e-003	1.318256738556408e-003
2332	1.286312143517043e-003	1.288249551693134e-003
2352	1.249379261387684e-003	1.258925411794168e-003
2370	1.229823152343101e-003	1.230268770812381e-003
2389	1.201005534082200e-003	1.202264434617413e-003
2407	1.172678097437818e-003	1.174897554939529e-003
2418	1.147694657319009e-003	1.148153621496883e-003
2444	1.083136064396140e-003	1.096478196143185e-003
2465	1.067155283736021e-003	1.071519305237606e-003
2490	1.045132585866027e-003	1.047128548050900e-003
2515	1.022593827404439e-003	1.023292992280754e-003
2552	9.957050498278219e-004	1.000000000000000e-003
2599	9.688554584327269e-004	9.772372209558111e-004
2649	9.467067453876599e-004	9.549925860214359e-004
2654	9.327524283425648e-004	9.332543007969915e-004
2699	9.105309932120331e-004	9.120108393559096e-004
2736	8.910124532728325e-004	8.912509381337459e-004
2767	8.353173217869880e-004	8.511380382023768e-004
2768	8.316804560670743e-004	8.317637711026709e-004
2811	8.126951598129706e-004	8.128305161640995e-004
2835	7.934954621110490e-004	7.943282347242813e-004
2876	7.758097738024272e-004	7.762471166286919e-004
2928	7.585755415486783e-004	7.585775750291835e-004
2953	7.394744604090064e-004	7.413102413009177e-004
3009	7.244034274233036e-004	7.244359600749898e-004
3028	6.597617978900683e-004	6.606934480075958e-004
3059	6.030871703974761e-004	6.165950018614822e-004
3063	6.024990555931753e-004	6.025595860743575e-004
3119	5.882995970988292e-004	5.888436553555889e-004
3162	5.699417682610841e-004	5.754399373371566e-004
3190	5.591097159423075e-004	5.623413251903491e-004
3217	5.494894495468028e-004	5.495408738576249e-004
3256	5.365057858293110e-004	5.370317963702527e-004
3319	5.244690569191635e-004	5.248074602497728e-004
3374	5.026418759246365e-004	5.128613839913648e-004
3386	5.011785840417504e-004	5.011872336272725e-004
3436	4.893598481942041e-004	4.897788193684461e-004
3488	4.632872406108435e-004	4.677351412871981e-004
3523	4.565219849584912e-004	4.570881896148752e-004
3592	4.458163271913174e-004	4.466835921509631e-004
3600	4.188450066630045e-004	4.265795188015926e-004
3614	4.161641644306879e-004	4.168693834703355e-004
3644	4.073218716339477e-004	4.073802778041126e-004
3674	3.906714714110304e-004	3.981071705534974e-004
3696	3.879578692699282e-004	3.890451449942804e-004
3733	3.797567422008097e-004	3.801893963205612e-004
3781	3.641041228131803e-004	3.715352290971724e-004
3783	3.630180393154880e-004	3.630780547701014e-004
3846	3.545418023799263e-004	3.548133892335753e-004
3908	3.460060924442843e-004	3.467368504525317e-004
3953	3.320131429381812e-004	3.388441561392024e-004
3956	3.293699605935174e-004	3.311311214825911e-004
4006	3.231479949236116e-004	3.235936569296281e-004
4102	3.160321730973914e-004	3.162277660168379e-004
4176	3.089399991395014e-004	3.090295432513592e-004
4247	3.012862887515899e-004	3.019951720402016e-004
4300	2.950662520156966e-004	2.951209226666387e-004
4356	2.840508751867921e-004	2.884031503126606e-004
4390	2.818241661156629e-004	2.818382931264455e-004
4471	2.753416334198011e-004	2.754228703338166e-004
4564	2.691388914546344e-004	2.691534803926917e-004
4646	2.629428009228718e-004	2.630267991895381e-004
4711	2.570223758648904e-004	2.570395782768865e-004
4795	2.511545114121105e-004	2.511886431509580e-004
4876	2.453416588946711e-004	2.454708915685031e-004
4964	2.397537467807576e-004	2.398832919019490e-004
4992	2.342462120694666e-004	2.344228815319923e-004
5086	2.290835761230570e-004	2.290867652767772e-004
5251	2.234411761592448e-004	2.238721138568340e-004
5359	2.187382664410320e-004	2.187761623949552e-004
5484	2.128456898379261e-004	2.137962089502232e-004
5610	2.081912699360977e-004	2.089296130854039e-004
5722	2.040769391045139e-004	2.041737944669530e-004
5844	1.994406388938774e-004	1.995262314968879e-004
5905	1.944427364416468e-004	1.949844599758046e-004
6030	1.903009272979928e-004	1.905460717963246e-004
6132	1.862076641143684e-004	1.862087136662868e-004
6225	1.819678347899645e-004	1.819700858609983e-004
6383	1.777839806546000e-004	1.778279410038923e-004
6483	1.737655121177850e-004	1.737800828749376e-004
6616	1.681255323614517e-004	1.698243652461744e-004
6721	1.656303822494820e-004	1.659586907437562e-004
6832	1.620140226272770e-004	1.621810097358930e-004
6946	1.584890582471132e-004	1.584893192461114e-004
7128	1.548807542346431e-004	1.548816618912481e-004
7355	1.512843894565519e-004	1.513561248436209e-004
7471	1.464548739453786e-004	1.479108388168207e-004
7549	1.445303309521862e-004	1.445439770745928e-004
7706	1.412304588463975e-004	1.412537544622754e-004
7854	1.379487078947417e-004	1.380384264602885e-004
7998	1.343574221548405e-004	1.348962882591653e-004
8139	1.308373930555273e-004	1.318256738556407e-004
8277	1.288135603135787e-004	1.288249551693134e-004
8581	1.257750778745903e-004	1.258925411794167e-004
8823	1.229995029533582e-004	1.230268770812381e-004
9094	1.201951957298109e-004	1.202264434617413e-004
9328	1.174891160997671e-004	1.174897554939529e-004
9470	1.146613303291133e-004	1.148153621496883e-004
9689	1.121855618411161e-004	1.122018454301963e-004
9899	1.096289947603024e-004	1.096478196143185e-004
10119	1.071245230285234e-004	1.071519305237606e-004
10297	1.046991464708214e-004	1.047128548050900e-004
10652	1.021471163060728e-004	1.023292992280754e-004
10998	9.980369695261615e-005	1.000000000000000e-004
11195	9.767228089863078e-005	9.772372209558112e-005
11393	9.512792486920940e-005	9.549925860214369e-005
11601	9.331425524550241e-005	9.332543007969905e-005
11875	9.114110135244324e-005	9.120108393559096e-005
12170	8.909682387303608e-005	8.912509381337459e-005
12577	8.709493817249392e-005	8.709635899560814e-005
12860	8.246437546943763e-005	8.317637711026709e-005
13055	8.118000133716663e-005	8.128305161640995e-005
13257	7.858380458758418e-005	7.943282347242822e-005
13447	7.758594508322503e-005	7.762471166286911e-005
13824	7.584229756063543e-005	7.585775750291836e-005
14074	7.396311769447550e-005	7.413102413009178e-005
14480	7.241904590915560e-005	7.244359600749906e-005
14957	7.061731411628358e-005	7.079457843841373e-005
15323	6.918258126198396e-005	6.918309709189363e-005
15712	6.760535489913622e-005	6.760829753919819e-005
16095	6.606610339199293e-005	6.606934480075965e-005
16411	6.455970989260873e-005	6.456542290346549e-005
16686	6.309280905647530e-005	6.309573444801929e-005
17033	6.165780213174266e-005	6.165950018614822e-005
17507	6.024136409865655e-005	6.025595860743581e-005
17932	5.887420622863182e-005	5.888436553555884e-005
18371	5.753665394636620e-005	5.754399373371566e-005
18859	5.620442965525996e-005	5.623413251903491e-005
19417	5.494386576687660e-005	5.495408738576248e-005
20261	5.370099628332348e-005	5.370317963702533e-005
21003	5.248052543316284e-005	5.248074602497723e-005
21655	5.116891613055064e-005	5.128613839913648e-005
22035	5.010769671287552e-005	5.011872336272725e-005
22536	4.897372210654893e-005	4.897788193684466e-005
23373	4.786011530122369e-005	4.786300923226380e-005
24074	4.676786897550578e-005	4.677351412871981e-005
24674	4.570404215364921e-005	4.570881896148752e-005
25540	4.466075831988103e-005	4.466835921509635e-005
26359	4.358508814905626e-005	4.365158322401657e-005
26966	4.265544546577793e-005	4.265795188015926e-005
27664	4.163734082862636e-005	4.168693834703355e-005
28368	4.072810727828724e-005	4.073802778041130e-005
29202	3.981033234956577e-005	3.981071705534970e-005
30009	3.890372559811617e-005	3.890451449942805e-005
30923	3.782519594852651e-005	3.801893963205612e-005
31906	3.715156155437160e-005	3.715352290971728e-005
32893	3.630400317100602e-005	3.630780547701010e-005
34144	3.455096900328858e-005	3.467368504525317e-005
34957	3.388317316233014e-005	3.388441561392028e-005
35851	3.291743735622799e-005	3.311311214825908e-005
36702	3.235834378245706e-005	3.235936569296281e-005
38297	3.158426939675607e-005	3.162277660168380e-005
39488	3.090267995831120e-005	3.090295432513592e-005
40333	2.988312369145429e-005	3.019951720402019e-005
41155	2.951195995337663e-005	2.951209226666384e-005
41853	2.880556967210790e-005	2.884031503126606e-005
43391	2.818350316768914e-005	2.818382931264455e-005
44491	2.713315637659086e-005	2.754228703338169e-005
44781	2.691463611736999e-005	2.691534803926914e-005
46266	2.629495938144544e-005	2.630267991895381e-005
47017	2.569201330060444e-005	2.570395782768865e-005
48425	2.510714877312914e-005	2.511886431509582e-005
49945	2.454680463204184e-005	2.454708915685029e-005
51566	2.398382401314070e-005	2.398832919019490e-005
53036	2.344212326099715e-005	2.344228815319923e-005
54920	2.290770378166052e-005	2.290867652767775e-005
56834	2.238345531879737e-005	2.238721138568338e-005
58412	2.187698365618829e-005	2.187761623949552e-005
60531	2.137930397616561e-005	2.137962089502232e-005
62076	2.082975989992075e-005	2.089296130854041e-005
64112	2.041705667066296e-005	2.041737944669527e-005
67802	1.995116662900642e-005	1.995262314968879e-005
70449	1.949413136814737e-005	1.949844599758046e-005
73314	1.905411405089819e-005	1.905460717963248e-005
76415	1.862050302670060e-005	1.862087136662866e-005
79910	1.819697229843431e-005	1.819700858609982e-005
82802	1.778196851265346e-005	1.778279410038923e-005
85462	1.731533033366706e-005	1.737800828749376e-005
88300	1.698185933485252e-005	1.698243652461746e-005
91332	1.659566876355267e-005	1.659586907437560e-005
94741	1.621809062879454e-005	1.621810097358930e-005
97874	1.584885468264297e-005	1.584893192461114e-005
102559	1.548796491335214e-005	1.548816618912483e-005
106985	1.513547480180844e-005	1.513561248436207e-005
111830	1.479049822916689e-005	1.479108388168207e-005
116591	1.445418416290423e-005	1.445439770745928e-005
122244	1.376423335275323e-005	1.380384264602884e-005
123302	1.348957637137271e-005	1.348962882591653e-005
127318	1.318085670887204e-005	1.318256738556407e-005
131663	1.288209313055067e-005	1.288249551693135e-005
136442	1.258923658609135e-005	1.258925411794166e-005
140672	1.230235905680388e-005	1.230268770812381e-005
144790	1.202247952514224e-005	1.202264434617413e-005
149738	1.174846675600083e-005	1.174897554939530e-005
156211	1.148148250673664e-005	1.148153621496882e-005
162378	1.122011292431502e-005	1.122018454301963e-005
166510	1.096476869111296e-005	1.096478196143185e-005
170423	1.071189943291362e-005	1.071519305237607e-005
175439	1.047085561611816e-005	1.047128548050899e-005
181142	1.023188187943003e-005	1.023292992280754e-005
187072	9.999967515939012e-006	1.000000000000000e-005
192664	9.772289389475830e-006	9.772372209558111e-006
199291	9.549864535385311e-006	9.549925860214369e-006
200001	9.536152424494127e-006	9.549925860214369e-006
%
% index = 84, name = bbob_f001_i11_d02__bbob_f020_i12_d02
% instance = 5, reference value = 8.607807098225830e-001
% function evaluation | indicator value | target hit
1	5.483577297051393e+003	5.495408738576249e+003
2	2.506056825243101e+003	2.511886431509580e+003
3	1.894858069538013e+003	1.905460717963246e+003
6	5.961957580185045e+001	6.025595860743578e+001
13	2.906656549886821e+001	2.951209226666386e+001
212	1.452165794660311e+001	1.479108388168207e+001
371	9.235039185684135e+000	9.332543007969910e+000
451	7.238427482830397e+000	7.244359600749901e+000
497	3.699318406078583e+000	3.715352290971725e+000
550	1.352186429776583e+000	1.380384264602885e+000
567	1.210475083461583e+000	1.230268770812382e+000
629	6.566370230031517e-001	6.606934480075960e-001
719	3.567061549909744e-001	3.630780547701014e-001
824	3.298178719047588e-001	3.311311214825911e-001
843	3.076103926328642e-001	3.090295432513591e-001
874	2.567418961984582e-001	2.570395782768864e-001
877	1.394944832523923e-001	1.412537544622755e-001
898	1.340158708295443e-001	1.348962882591654e-001
911	1.290229791952413e-001	1.318256738556407e-001
1026	8.579884087894163e-002	8.709635899560805e-002
1028	8.335528408848536e-002	8.511380382023763e-002
1031	6.746446716715604e-002	6.760829753919818e-002
1046	6.586211910317474e-002	6.606934480075961e-002
1064	6.370884121905396e-002	6.456542290346556e-002
1078	5.941357252453083e-002	6.025595860743578e-002
1081	5.874977379742741e-002	5.888436553555890e-002
1086	5.581689231438891e-002	5.623413251903491e-002
1121	5.262538243610015e-002	5.370317963702527e-002
1122	5.173993260005805e-002	5.248074602497726e-002
1144	5.112199956710029e-002	5.128613839913648e-002
1146	4.526957454515468e-002	4.570881896148749e-002
1152	4.135171605495536e-002	4.168693834703355e-002
1159	3.949890673804279e-002	3.981071705534973e-002
1162	3.856916611875050e-002	3.890451449942807e-002
1167	3.641679201512371e-002	3.715352290971726e-002
1175	3.611840450565185e-002	3.630780547701014e-002
1208	3.510830245436780e-002	3.548133892335755e-002
1216	3.167480046846471e-002	3.235936569296283e-002
1219	3.102036556940779e-002	3.162277660168379e-002
1221	3.084255990062546e-002	3.090295432513590e-002
1241	2.992477652160441e-002	3.019951720402016e-002
1243	2.908349489557227e-002	2.951209226666385e-002
1254	2.811541804863871e-002	2.818382931264454e-002
1256	2.720362267908727e-002	2.754228703338166e-002
1258	2.593378314291595e-002	2.630267991895382e-002
1264	2.510575338048215e-002	2.511886431509579e-002
1273	2.357679485239017e-002	2.398832919019490e-002
1286	2.284804702535459e-002	2.290867652767774e-002
1302	2.232007503466704e-002	2.238721138568340e-002
1304	2.139498002660467e-002	2.187761623949553e-002
1317	2.097884313421039e-002	2.137962089502233e-002
1318	2.088008939651320e-002	2.089296130854040e-002
1331	2.021070712491280e-002	2.041737944669530e-002
1336	1.980099648728528e-002	1.995262314968880e-002
1339	1.901444256488583e-002	1.905460717963247e-002
1340	1.766025387909986e-002	1.778279410038923e-002
1344	1.735583407072683e-002	1.737800828749376e-002
1345	1.654127173388809e-002	1.659586907437561e-002
1358	1.592368914330389e-002	1.621810097358930e-002
1363	1.562482130698117e-002	1.584893192461113e-002
1366	1.545703323614289e-002	1.548816618912481e-002
1377	1.494679237237073e-002	1.513561248436208e-002
1386	1.476167827568287e-002	1.479108388168207e-002
1397	1.431756544102403e-002	1.445439770745927e-002
1402	1.403259962485470e-002	1.412537544622754e-002
1421	1.302929981179191e-002	1.318256738556408e-002
1425	1.286220201024035e-002	1.288249551693134e-002
1436	1.258129776819494e-002	1.258925411794168e-002
1443	1.207546210176247e-002	1.230268770812382e-002
1446	1.166620680787078e-002	1.174897554939530e-002
1453	1.135214891379366e-002	1.148153621496883e-002
1456	1.106810483467102e-002	1.122018454301964e-002
1462	1.096306571614747e-002	1.096478196143185e-002
1469	1.064162155043669e-002	1.071519305237607e-002
1474	1.028233342249463e-002	1.047128548050900e-002
1477	1.018042561213384e-002	1.023292992280754e-002
1498	9.997835024435964e-003	1.000000000000000e-002
1508	9.260775056400661e-003	9.332543007969915e-003
1514	8.996382557563853e-003	9.120108393559097e-003
1520	8.600862220120464e-003	8.709635899560805e-003
1527	8.510301688233413e-003	8.511380382023768e-003
1534	8.236798600918638e-003	8.317637711026709e-003
1535	8.106071917898250e-003	8.128305161640995e-003
1543	7.899432208507529e-003	7.943282347242814e-003
1551	7.655481918681484e-003	7.762471166286920e-003
1552	7.554481184997353e-003	7.585775750291836e-003
1554	7.382309578705004e-003	7.413102413009177e-003
1566	7.222699950286571e-003	7.244359600749898e-003
1567	6.888709049311048e-003	6.918309709189363e-003
1574	6.696523170892421e-003	6.760829753919818e-003
1580	6.516853180967730e-003	6.606934480075957e-003
1586	6.453107256471302e-003	6.456542290346556e-003
1588	6.308715009887167e-003	6.309573444801930e-003
1591	6.162861454053981e-003	6.165950018614822e-003
1603	5.990631453545170e-003	6.025595860743574e-003
1604	5.859681701894770e-003	5.888436553555890e-003
1615	5.614073519240037e-003	5.623413251903491e-003
1623	5.492855302102861e-003	5.495408738576248e-003
1627	5.322148388803738e-003	5.370317963702527e-003
1632	5.238539456125846e-003	5.248074602497728e-003
1634	5.057409519186429e-003	5.128613839913648e-003
1641	5.010357684034683e-003	5.011872336272725e-003
1646	4.889081716511146e-003	4.897788193684461e-003
1650	4.779044016275380e-003	4.786300923226385e-003
1664	4.635439869238756e-003	4.677351412871981e-003
1669	4.546707554367813e-003	4.570881896148752e-003
1674	4.437592347695807e-003	4.466835921509631e-003
1686	4.349065751633074e-003	4.365158322401661e-003
1705	4.219877483810364e-003	4.265795188015926e-003
1720	4.136733233685130e-003	4.168693834703355e-003
1733	4.055252763565886e-003	4.073802778041126e-003
1734	3.920115006752267e-003	3.981071705534973e-003
1738	3.888034590123990e-003	3.890451449942805e-003
1750	3.778208951780049e-003	3.801893963205613e-003
1764	3.701958519442217e-003	3.715352290971724e-003
1784	3.590345511543025e-003	3.630780547701014e-003
1803	3.545867259352908e-003	3.548133892335753e-003
1831	3.453292806064767e-003	3.467368504525317e-003
1855	3.387176574024320e-003	3.388441561392024e-003
1876	3.309737728778073e-003	3.311311214825911e-003
1888	3.229347819118322e-003	3.235936569296281e-003
1913	3.162271821634199e-003	3.162277660168379e-003
1944	3.089535878782690e-003	3.090295432513592e-003
1973	3.019118915609131e-003	3.019951720402016e-003
2030	2.950495070255577e-003	2.951209226666387e-003
2076	2.882952541168771e-003	2.884031503126606e-003
2176	2.817294864533859e-003	2.818382931264455e-003
2292	2.752269341897984e-003	2.754228703338166e-003
2418	2.691153575168581e-003	2.691534803926917e-003
2630	2.629866275332127e-003	2.630267991895381e-003
2887	2.567540353816233e-003	2.570395782768865e-003
3189	2.511727808321318e-003	2.511886431509579e-003
3485	2.454633639844550e-003	2.454708915685031e-003
4572	2.392411266465722e-003	2.398832919019490e-003
4596	2.322199138688808e-003	2.344228815319923e-003
4934	2.290862534418903e-003	2.290867652767772e-003
5846	2.238678498498015e-003	2.238721138568340e-003
7220	2.187217086409343e-003	2.187761623949552e-003
8774	2.137955795988411e-003	2.137962089502233e-003
10624	2.089012411405800e-003	2.089296130854039e-003
12789	2.033877557953923e-003	2.041737944669530e-003
19210	1.991459363609671e-003	1.995262314968879e-003
22455	1.944452679398467e-003	1.949844599758046e-003
25178	1.904180608317319e-003	1.905460717963246e-003
30204	1.757319332550300e-003	1.778279410038923e-003
34287	1.735034840699701e-003	1.737800828749376e-003
38617	1.696402165505928e-003	1.698243652461744e-003
45551	1.657578344827826e-003	1.659586907437561e-003
52827	1.602282360749108e-003	1.621810097358930e-003
68462	1.584519422093700e-003	1.584893192461114e-003
88114	1.548552924883651e-003	1.548816618912481e-003
90225	1.508206516673383e-003	1.513561248436209e-003
94070	1.477948097489024e-003	1.479108388168207e-003
94131	1.421535649980821e-003	1.445439770745928e-003
94201	1.412366957161404e-003	1.412537544622754e-003
109736	1.269329412176390e-003	1.288249551693134e-003
115639	1.258106435386930e-003	1.258925411794168e-003
127235	1.224130104575893e-003	1.230268770812381e-003
127249	1.178865767871073e-003	1.202264434617413e-003
136167	1.174896056627128e-003	1.174897554939529e-003
157404	1.148119817138693e-003	1.148153621496883e-003
176799	1.121861226711429e-003	1.122018454301963e-003
200001	1.099720619767153e-003	1.122018454301963e-003
%
% index = 85, name = bbob_f001_i13_d02__bbob_f020_i14_d02
% instance = 6, reference value = 9.573982413360980e-001
% function evaluation | indicator value | target hit
1	2.155032287411839e+005	2.187761623949552e+005
2	4.315993540033849e+004	4.365158322401656e+004
3	3.101947815699143e+004	3.162277660168379e+004
6	6.182846091561914e+003	6.309573444801930e+003
9	3.586314773630264e+003	3.630780547701014e+003
51	4.156501950622970e+002	4.168693834703355e+002
259	3.568609660907503e+002	3.630780547701014e+002
331	1.951256304119118e+002	1.995262314968879e+002
373	1.788437360315369e+002	1.819700858609982e+002
380	4.314886891640724e+001	4.365158322401658e+001
474	2.397833839023555e+001	2.398832919019490e+001
541	1.943842413242810e+001	1.949844599758045e+001
578	3.679917655651980e-001	3.715352290971726e-001
894	1.389378609426180e-001	1.412537544622755e-001
986	9.082548211339847e-002	9.120108393559097e-002
1057	8.657620966933277e-002	8.709635899560805e-002
1129	8.354516810872392e-002	8.511380382023763e-002
1178	7.015108794461589e-002	7.079457843841380e-002
1219	6.911932419277977e-002	6.918309709189366e-002
1244	5.846265795780758e-002	5.888436553555890e-002
1276	5.744427911887551e-002	5.754399373371569e-002
1283	5.015075774953792e-002	5.128613839913648e-002
1285	4.998153383154080e-002	5.011872336272722e-002
1288	4.676773445453109e-002	4.677351412871982e-002
1293	4.357953919088564e-002	4.365158322401658e-002
1294	3.715641702885608e-002	3.801893963205612e-002
1309	3.060612214410097e-002	3.090295432513590e-002
1360	2.981651228632865e-002	3.019951720402016e-002
1378	2.936983952430894e-002	2.951209226666385e-002
1388	2.760493191157953e-002	2.818382931264454e-002
1391	2.720686128967509e-002	2.754228703338166e-002
1403	2.567290864884098e-002	2.570395782768863e-002
1429	2.479390719567487e-002	2.511886431509579e-002
1431	2.195048947861489e-002	2.238721138568340e-002
1437	2.015634451221970e-002	2.041737944669530e-002
1439	1.989290564920621e-002	1.995262314968880e-002
1449	1.912315294257627e-002	1.949844599758046e-002
1450	1.815268533181835e-002	1.819700858609984e-002
1451	1.631012083592054e-002	1.659586907437561e-002
1456	1.601614653589745e-002	1.621810097358930e-002
1458	1.549020195115125e-002	1.584893192461113e-002
1460	1.542966766090681e-002	1.548816618912481e-002
1464	1.511075202581169e-002	1.513561248436208e-002
1470	1.471261996514173e-002	1.479108388168207e-002
1475	1.345357646660450e-002	1.348962882591653e-002
1480	1.315437163602107e-002	1.318256738556408e-002
1530	1.267144458706193e-002	1.288249551693134e-002
1535	1.255445252077569e-002	1.258925411794168e-002
1548	1.176082880161500e-002	1.202264434617413e-002
1565	1.079427350321471e-002	1.096478196143185e-002
1574	1.052760493476246e-002	1.071519305237607e-002
1577	1.033334375976380e-002	1.047128548050900e-002
1594	1.005305774596133e-002	1.023292992280754e-002
1606	9.978796706585857e-003	1.000000000000000e-002
1607	9.767109034513277e-003	9.772372209558112e-003
1616	9.508464390455051e-003	9.549925860214359e-003
1617	9.049942192731031e-003	9.120108393559097e-003
1636	8.807644074306231e-003	8.912509381337459e-003
1644	8.627858463340465e-003	8.709635899560805e-003
1650	8.424068807620477e-003	8.511380382023768e-003
1660	8.185615957738035e-003	8.317637711026709e-003
1664	8.115039605935848e-003	8.128305161640995e-003
1669	7.933364701487866e-003	7.943282347242814e-003
1672	7.722636556845797e-003	7.762471166286920e-003
1690	7.496988142104977e-003	7.585775750291836e-003
1695	7.373621707741584e-003	7.413102413009177e-003
1701	7.148785947407421e-003	7.244359600749898e-003
1707	7.064260772370323e-003	7.079457843841380e-003
1729	6.905456711655211e-003	6.918309709189363e-003
1741	6.758103708505492e-003	6.760829753919818e-003
1749	6.572528128030553e-003	6.606934480075957e-003
1758	6.368015244833769e-003	6.456542290346556e-003
1771	6.297620207210697e-003	6.309573444801930e-003
1788	6.164666066080793e-003	6.165950018614822e-003
1789	5.884388715256428e-003	5.888436553555890e-003
1803	5.749011676767002e-003	5.754399373371567e-003
1827	5.617234614514577e-003	5.623413251903491e-003
1850	4.385384505653622e-003	4.466835921509631e-003
1853	4.342406766844054e-003	4.365158322401661e-003
1866	4.212173214646842e-003	4.265795188015926e-003
1887	4.160867989341899e-003	4.168693834703355e-003
1909	4.052392918441616e-003	4.073802778041126e-003
1913	3.974152273257814e-003	3.981071705534973e-003
1928	3.856011128600456e-003	3.890451449942805e-003
1958	3.801282567772124e-003	3.801893963205613e-003
1978	3.679073876605488e-003	3.715352290971724e-003
1995	3.628252306025814e-003	3.630780547701014e-003
2005	3.352382609072890e-003	3.388441561392024e-003
2013	3.308259738346919e-003	3.311311214825911e-003
2041	3.224898193065262e-003	3.235936569296281e-003
2048	3.082266555708979e-003	3.090295432513592e-003
2049	2.952769404920619e-003	3.019951720402016e-003
2054	2.951145206407491e-003	2.951209226666387e-003
2064	2.873433167389417e-003	2.884031503126606e-003
2068	2.794395392662685e-003	2.818382931264455e-003
2076	2.739097942660473e-003	2.754228703338166e-003
2097	2.678170793260826e-003	2.691534803926917e-003
2125	2.629411736605802e-003	2.630267991895381e-003
2171	2.569005596180118e-003	2.570395782768865e-003
2210	2.508356889352914e-003	2.511886431509579e-003
2216	2.368078317991351e-003	2.398832919019490e-003
2234	2.342840062221518e-003	2.344228815319923e-003
2266	2.280592842724194e-003	2.290867652767772e-003
2314	2.236212853519048e-003	2.238721138568340e-003
2387	2.187137594157229e-003	2.187761623949552e-003
2422	2.124403404714759e-003	2.137962089502233e-003
2440	2.085989577986558e-003	2.089296130854039e-003
2498	2.040488560495990e-003	2.041737944669530e-003
2520	1.920902144353587e-003	1.949844599758046e-003
2546	1.901909313603123e-003	1.905460717963246e-003
2585	1.831353147848436e-003	1.862087136662868e-003
2604	1.817745604930754e-003	1.819700858609983e-003
2663	1.775490763894494e-003	1.778279410038923e-003
2710	1.736950282342775e-003	1.737800828749376e-003
2765	1.697154426145708e-003	1.698243652461744e-003
2771	1.626010949833834e-003	1.659586907437561e-003
2783	1.621421791199951e-003	1.621810097358930e-003
2841	1.584400215910442e-003	1.584893192461114e-003
2883	1.537308363178891e-003	1.548816618912481e-003
2903	1.507376016987805e-003	1.513561248436209e-003
2929	1.478663883569098e-003	1.479108388168207e-003
2983	1.443716981976539e-003	1.445439770745928e-003
3021	1.407468189223549e-003	1.412537544622754e-003
3043	1.372825442948145e-003	1.380384264602885e-003
3099	1.327023986517961e-003	1.348962882591653e-003
3130	1.282313334289409e-003	1.288249551693134e-003
3183	1.257769763133743e-003	1.258925411794168e-003
3207	1.212728831425980e-003	1.230268770812381e-003
3280	1.202075390909441e-003	1.202264434617413e-003
3303	1.173368739953218e-003	1.174897554939529e-003
3382	1.146881762059349e-003	1.148153621496883e-003
3449	1.115221304954783e-003	1.122018454301963e-003
3479	1.096127444964457e-003	1.096478196143185e-003
3525	1.069594388440009e-003	1.071519305237606e-003
3690	1.045979959590104e-003	1.047128548050900e-003
3894	1.023264578265182e-003	1.023292992280754e-003
4090	9.998162319438952e-004	1.000000000000000e-003
4190	9.771975095783647e-004	9.772372209558111e-004
4351	9.432200018424375e-004	9.549925860214359e-004
4429	9.311467162379516e-004	9.332543007969915e-004
4581	9.118579786642211e-004	9.120108393559096e-004
4918	8.911154165307522e-004	8.912509381337459e-004
5238	8.708914115920230e-004	8.709635899560805e-004
5639	8.511308287730834e-004	8.511380382023768e-004
6151	8.316502567737860e-004	8.317637711026709e-004
6794	8.123991269283204e-004	8.128305161640995e-004
7519	7.943251813453678e-004	7.943282347242813e-004
8454	7.759930919277736e-004	7.762471166286919e-004
9450	7.585668394598510e-004	7.585775750291835e-004
11041	7.412489341537265e-004	7.413102413009177e-004
13652	7.243612105619635e-004	7.244359600749898e-004
17613	7.078925082641963e-004	7.079457843841380e-004
24637	6.917883974789651e-004	6.918309709189362e-004
37627	6.760817814163156e-004	6.760829753919819e-004
59026	6.606924622292176e-004	6.606934480075958e-004
192589	6.456527126351697e-004	6.456542290346556e-004
200001	6.453954445517773e-004	6.456542290346556e-004
%
% index = 86, name = bbob_f001_i15_d02__bbob_f020_i16_d02
% instance = 7, reference value = 9.905483570149450e-001
% function evaluation | indicator value | target hit
1	3.355084731852412e+004	3.388441561392028e+004
2	6.537627013512793e+003	6.606934480075958e+003
3	6.242698156751625e+003	6.309573444801930e+003
6	5.457550969489407e+002	5.495408738576248e+002
13	2.820898517643485e+002	2.884031503126606e+002
51	2.033747829953555e+002	2.041737944669530e+002
211	5.337905889430630e+001	5.370317963702527e+001
298	3.413230398466830e+001	3.467368504525317e+001
309	1.667530957917660e+001	1.698243652461744e+001
382	1.689997126637110e+000	1.698243652461744e+000
421	1.094179699266445e+000	1.096478196143185e+000
504	1.139313534094992e-001	1.148153621496883e-001
541	1.097110327243034e-001	1.122018454301964e-001
685	7.918459614634643e-002	7.943282347242814e-002
794	2.894057257193416e-002	2.951209226666385e-002
811	1.787608397154905e-002	1.819700858609984e-002
824	1.711352254813969e-002	1.737800828749376e-002
826	1.663397181556792e-002	1.698243652461744e-002
827	1.625691921426398e-002	1.659586907437561e-002
876	1.490156181898883e-002	1.513561248436208e-002
940	1.441890817035552e-002	1.445439770745927e-002
943	9.889474010830512e-003	1.000000000000000e-002
944	9.613715031990266e-003	9.772372209558112e-003
961	8.966705266719388e-003	9.120108393559097e-003
988	8.060071276365988e-003	8.128305161640995e-003
993	7.866531735728377e-003	7.943282347242814e-003
1037	7.360981728732452e-003	7.413102413009177e-003
1043	6.985395106060666e-003	7.079457843841380e-003
1046	6.457132665443233e-003	6.606934480075957e-003
1047	6.288049601904766e-003	6.309573444801930e-003
1067	6.081678893440023e-003	6.165950018614822e-003
1068	4.678151165067646e-003	4.786300923226385e-003
1079	4.338276360621785e-003	4.365158322401661e-003
1090	4.186080848377904e-003	4.265795188015926e-003
1098	4.161897815108673e-003	4.168693834703355e-003
1112	4.002434035814573e-003	4.073802778041126e-003
1113	3.929901185737550e-003	3.981071705534973e-003
1122	3.617154927469946e-003	3.630780547701014e-003
1140	3.230532634220684e-003	3.235936569296281e-003
1142	3.080263855435250e-003	3.090295432513592e-003
1166	2.876062284445369e-003	2.884031503126606e-003
1167	2.731644937110311e-003	2.754228703338166e-003
1168	2.412572188958850e-003	2.454708915685031e-003
1176	2.303931694888073e-003	2.344228815319923e-003
1186	2.284006574392650e-003	2.290867652767772e-003
1193	2.195558045799628e-003	2.238721138568340e-003
1195	2.180155765669323e-003	2.187761623949552e-003
1197	2.066547973255561e-003	2.089296130854039e-003
1201	1.998509797908055e-003	2.041737944669530e-003
1225	1.903360243228125e-003	1.905460717963246e-003
1239	1.860254491231950e-003	1.862087136662868e-003
1252	1.787104350464808e-003	1.819700858609983e-003
1253	1.744821768106641e-003	1.778279410038923e-003
1257	1.724852556986511e-003	1.737800828749376e-003
1261	1.661574414393185e-003	1.698243652461744e-003
1262	1.534578908221507e-003	1.548816618912481e-003
1278	1.497137359923961e-003	1.513561248436209e-003
1290	1.474585828549757e-003	1.479108388168207e-003
1295	1.444986331304299e-003	1.445439770745928e-003
1311	1.399049433108091e-003	1.412537544622754e-003
1322	1.338840274008102e-003	1.348962882591653e-003
1338	1.303170870128767e-003	1.318256738556408e-003
1361	1.238161549587669e-003	1.258925411794168e-003
1362	1.217821066021196e-003	1.230268770812381e-003
1369	1.182254445238673e-003	1.202264434617413e-003
1375	1.169542842329840e-003	1.174897554939529e-003
1386	1.113576314604403e-003	1.122018454301963e-003
1388	1.093658313026213e-003	1.096478196143185e-003
1393	1.032499467510717e-003	1.047128548050900e-003
1398	1.020365511900767e-003	1.023292992280754e-003
1406	9.978561324799351e-004	1.000000000000000e-003
1411	9.744222646910217e-004	9.772372209558111e-004
1420	9.518816780466066e-004	9.549925860214359e-004
1424	9.225910666046389e-004	9.332543007969915e-004
1432	9.059966086247817e-004	9.120108393559096e-004
1434	8.868701512383392e-004	8.912509381337459e-004
1443	8.524321919265443e-004	8.709635899560805e-004
1448	8.502580458693565e-004	8.511380382023768e-004
1454	8.050711454843373e-004	8.128305161640995e-004
1462	7.934892286068918e-004	7.943282347242813e-004
1467	7.743780619460239e-004	7.762471166286919e-004
1489	7.291349186745455e-004	7.413102413009177e-004
1494	7.211683624503973e-004	7.244359600749898e-004
1502	7.076331906571420e-004	7.079457843841380e-004
1511	6.673430830020921e-004	6.760829753919819e-004
1513	6.575843186026331e-004	6.606934480075958e-004
1520	6.450236916500929e-004	6.456542290346556e-004
1527	6.307498397711830e-004	6.309573444801930e-004
1533	6.150236219493177e-004	6.165950018614822e-004
1538	6.020773893361531e-004	6.025595860743575e-004
1550	5.883348791215770e-004	5.888436553555889e-004
1565	5.735110125740794e-004	5.754399373371566e-004
1576	5.620347356875000e-004	5.623413251903491e-004
1597	5.412947325885709e-004	5.495408738576249e-004
1613	5.367897448311787e-004	5.370317963702527e-004
1636	5.242128798876866e-004	5.248074602497728e-004
1639	5.060479573002485e-004	5.128613839913648e-004
1647	5.007010553059743e-004	5.011872336272725e-004
1650	4.808120669271832e-004	4.897788193684461e-004
1662	4.748627067905353e-004	4.786300923226385e-004
1676	4.643916679164528e-004	4.677351412871981e-004
1688	4.550333631582193e-004	4.570881896148752e-004
1708	4.402583688843942e-004	4.466835921509631e-004
1715	4.355172687068309e-004	4.365158322401661e-004
1733	4.239029379923265e-004	4.265795188015926e-004
1756	4.164898518482785e-004	4.168693834703355e-004
1770	4.073037159587623e-004	4.073802778041126e-004
1799	3.978253757020989e-004	3.981071705534974e-004
1843	3.886452231919302e-004	3.890451449942804e-004
1851	3.733894860060705e-004	3.801893963205612e-004
1862	3.715175985999908e-004	3.715352290971724e-004
1895	3.630761651647330e-004	3.630780547701014e-004
1936	3.546576913028288e-004	3.548133892335753e-004
1968	3.466510268100853e-004	3.467368504525317e-004
2011	3.379850647349247e-004	3.388441561392024e-004
2065	3.309095475763080e-004	3.311311214825911e-004
2113	3.234726482754802e-004	3.235936569296281e-004
2194	3.151014114703976e-004	3.162277660168379e-004
2247	3.087944327483383e-004	3.090295432513592e-004
2331	3.017309824075998e-004	3.019951720402016e-004
2413	2.950889875056317e-004	2.951209226666387e-004
2573	2.883559926457613e-004	2.884031503126606e-004
2703	2.807404900855293e-004	2.818382931264455e-004
2871	2.754171175144426e-004	2.754228703338166e-004
3080	2.691452613705625e-004	2.691534803926917e-004
3276	2.615244719604837e-004	2.630267991895381e-004
3525	2.569535194024697e-004	2.570395782768865e-004
3856	2.511871481312156e-004	2.511886431509580e-004
3878	1.139452259325546e-004	1.148153621496883e-004
4034	1.121736181224353e-004	1.122018454301963e-004
4271	1.096321195788175e-004	1.096478196143185e-004
4563	1.071516878047296e-004	1.071519305237606e-004
4954	1.046991408633069e-004	1.047128548050900e-004
5499	1.023086714554422e-004	1.023292992280754e-004
6035	9.991336832892994e-005	1.000000000000000e-004
6505	9.684442418445016e-005	9.772372209558112e-005
6972	9.530049794959083e-005	9.549925860214369e-005
7034	9.332082918467322e-005	9.332543007969905e-005
7489	4.956187541871326e-005	5.011872336272725e-005
7886	4.895916360847519e-005	4.897788193684466e-005
8103	4.781973287748542e-005	4.786300923226380e-005
8347	4.665578810714166e-005	4.677351412871981e-005
8808	4.557872801602692e-005	4.570881896148752e-005
9161	4.466761901134042e-005	4.466835921509635e-005
10128	4.364414408042361e-005	4.365158322401657e-005
11212	4.265555144611355e-005	4.265795188015926e-005
12337	4.156657255793839e-005	4.168693834703355e-005
13828	4.073766010892488e-005	4.073802778041130e-005
14914	3.980942287840072e-005	3.981071705534970e-005
16186	3.866140130404094e-005	3.890451449942805e-005
18016	3.801875193509829e-005	3.801893963205612e-005
21368	3.715346181887291e-005	3.715352290971728e-005
24836	3.629860604825730e-005	3.630780547701010e-005
30161	3.548104608586122e-005	3.548133892335753e-005
33213	3.438033629743487e-005	3.467368504525317e-005
38842	3.388398814507809e-005	3.388441561392028e-005
49647	3.260063713883543e-005	3.311311214825908e-005
54487	3.235930262524001e-005	3.235936569296281e-005
75006	3.162225256003737e-005	3.162277660168380e-005
112665	3.090294940033544e-005	3.090295432513592e-005
200001	3.020010217669178e-005	3.090295432513592e-005
%
% index = 87, name = bbob_f001_i17_d02__bbob_f020_i18_d02
% instance = 8, reference value = 8.895028380599270e-001
% function evaluation | indicator value | target hit
1	1.109177316297136e+004	1.122018454301963e+004
2	5.086121223500270e+003	5.128613839913648e+003
3	3.840660406788022e+003	3.890451449942805e+003
6	1.210558613821766e+002	1.230268770812381e+002
13	5.860586345528647e+001	5.888436553555890e+001
257	4.043027982419064e+001	4.073802778041128e+001
309	1.334866331557283e+001	1.348962882591653e+001
362	1.708837367499427e+000	1.737800828749375e+000
625	1.582894231712927e+000	1.584893192461114e+000
632	9.561339707334271e-001	9.772372209558107e-001
654	4.887663642250907e-001	4.897788193684462e-001
706	4.728128650329342e-001	4.786300923226383e-001
794	2.873003639694136e-001	2.884031503126606e-001
870	2.601695052442264e-001	2.630267991895382e-001
890	2.189815241319424e-001	2.238721138568340e-001
970	2.046217525428207e-001	2.089296130854039e-001
974	1.641157912904440e-001	1.659586907437561e-001
978	1.257580539930223e-001	1.258925411794167e-001
985	1.119646189299770e-001	1.122018454301964e-001
1023	8.755282058883307e-002	8.912509381337455e-002
1026	8.378088479169643e-002	8.511380382023763e-002
1039	8.256316785090268e-002	8.317637711026708e-002
1067	8.039995849080739e-002	8.128305161640990e-002
1085	7.923627317232196e-002	7.943282347242814e-002
1108	7.289964892834078e-002	7.413102413009177e-002
1115	6.521534019209241e-002	6.606934480075961e-002
1143	6.281465945744702e-002	6.309573444801933e-002
1147	6.126292628141805e-002	6.165950018614822e-002
1150	4.714844839640975e-002	4.786300923226383e-002
1154	4.523919925621900e-002	4.570881896148749e-002
1170	4.190009920792048e-002	4.265795188015926e-002
1181	3.926060486799421e-002	3.981071705534973e-002
1184	3.853892047673124e-002	3.890451449942807e-002
1186	3.314917842956677e-002	3.388441561392026e-002
1187	3.283258378832143e-002	3.311311214825911e-002
1194	3.075192500433066e-002	3.090295432513590e-002
1197	2.995946184335852e-002	3.019951720402016e-002
1208	2.892651264575463e-002	2.951209226666385e-002
1232	2.804467402466393e-002	2.818382931264454e-002
1242	2.732008751547022e-002	2.754228703338166e-002
1244	2.656970857640173e-002	2.691534803926915e-002
1249	2.590856961367538e-002	2.630267991895382e-002
1251	2.554602898391478e-002	2.570395782768863e-002
1257	2.401126189432801e-002	2.454708915685030e-002
1275	2.312622059918668e-002	2.344228815319923e-002
1280	2.282449475851478e-002	2.290867652767774e-002
1282	2.222770285255926e-002	2.238721138568340e-002
1285	2.163336586543785e-002	2.187761623949553e-002
1292	2.132169684597984e-002	2.137962089502233e-002
1305	2.051228878646527e-002	2.089296130854040e-002
1306	1.876777411790653e-002	1.905460717963247e-002
1316	1.789819527548386e-002	1.819700858609984e-002
1320	1.775307902138112e-002	1.778279410038923e-002
1325	1.664747084912399e-002	1.698243652461744e-002
1330	1.642678766549777e-002	1.659586907437561e-002
1341	1.617816489239898e-002	1.621810097358930e-002
1342	1.542079931262042e-002	1.548816618912481e-002
1350	1.453553615982262e-002	1.479108388168207e-002
1355	1.412164686336570e-002	1.412537544622754e-002
1377	1.369189457714981e-002	1.380384264602885e-002
1388	1.339024943042222e-002	1.348962882591653e-002
1389	1.302740916949408e-002	1.318256738556408e-002
1395	1.221879125439240e-002	1.230268770812382e-002
1397	1.185451045433250e-002	1.202264434617413e-002
1404	1.166978249864714e-002	1.174897554939530e-002
1409	1.127292286335835e-002	1.148153621496883e-002
1418	1.041089233298609e-002	1.047128548050900e-002
1428	9.903110960869599e-003	1.000000000000000e-002
1443	9.600511955079383e-003	9.772372209558112e-003
1447	9.535642301216840e-003	9.549925860214359e-003
1459	9.235684226698848e-003	9.332543007969915e-003
1465	9.087476905676017e-003	9.120108393559097e-003
1480	8.894927213366488e-003	8.912509381337459e-003
1492	8.563225479298664e-003	8.709635899560805e-003
1493	8.450684263034525e-003	8.511380382023768e-003
1496	8.131895881943851e-003	8.317637711026709e-003
1500	8.078373265691163e-003	8.128305161640995e-003
1525	7.888558781188104e-003	7.943282347242814e-003
1539	7.654835167059115e-003	7.762471166286920e-003
1540	7.413695762010564e-003	7.585775750291836e-003
1541	7.305573189618553e-003	7.413102413009177e-003
1552	7.241474546351601e-003	7.244359600749898e-003
1560	7.009151704491234e-003	7.079457843841380e-003
1571	6.828214873229488e-003	6.918309709189363e-003
1574	6.633759436453945e-003	6.760829753919818e-003
1576	6.599695096457636e-003	6.606934480075957e-003
1588	5.855686624671064e-003	5.888436553555890e-003
1599	5.734485827704861e-003	5.754399373371567e-003
1607	5.400017150094638e-003	5.495408738576248e-003
1612	5.333641928825905e-003	5.370317963702527e-003
1618	5.128346318749810e-003	5.128613839913648e-003
1627	4.987241784008889e-003	5.011872336272725e-003
1640	4.832289949529334e-003	4.897788193684461e-003
1641	4.712106595236909e-003	4.786300923226385e-003
1642	4.622614835821159e-003	4.677351412871981e-003
1644	4.529368869026884e-003	4.570881896148752e-003
1654	4.304276860650824e-003	4.365158322401661e-003
1657	4.246640434408033e-003	4.265795188015926e-003
1670	4.158021414585100e-003	4.168693834703355e-003
1685	4.044251105824293e-003	4.073802778041126e-003
1690	3.979056994448893e-003	3.981071705534973e-003
1696	3.852535300315818e-003	3.890451449942805e-003
1707	3.776099846501957e-003	3.801893963205613e-003
1710	3.663975439672562e-003	3.715352290971724e-003
1718	3.609109857256043e-003	3.630780547701014e-003
1732	3.537377338570846e-003	3.548133892335753e-003
1738	3.465922005633337e-003	3.467368504525317e-003
1748	3.382273421081772e-003	3.388441561392024e-003
1758	3.274474562453666e-003	3.311311214825911e-003
1767	3.190053277413285e-003	3.235936569296281e-003
1773	3.157977107220877e-003	3.162277660168379e-003
1796	3.079670909109766e-003	3.090295432513592e-003
1801	3.003693404022845e-003	3.019951720402016e-003
1812	2.940388155754037e-003	2.951209226666387e-003
1837	2.883042359074550e-003	2.884031503126606e-003
1866	2.788323375561896e-003	2.818382931264455e-003
1884	2.752631571516839e-003	2.754228703338166e-003
1916	2.690208832328178e-003	2.691534803926917e-003
1943	2.611260715511765e-003	2.630267991895381e-003
1966	2.569482380014088e-003	2.570395782768865e-003
1992	2.507978831422730e-003	2.511886431509579e-003
2013	2.452895702558355e-003	2.454708915685031e-003
2057	2.395652134105197e-003	2.398832919019490e-003
2072	2.342816323007257e-003	2.344228815319923e-003
2106	2.286078110575129e-003	2.290867652767772e-003
2124	2.235296724064861e-003	2.238721138568340e-003
2153	2.186098759245136e-003	2.187761623949552e-003
2237	2.137204154231687e-003	2.137962089502233e-003
2322	2.089099493474245e-003	2.089296130854039e-003
2330	2.018524304112757e-003	2.041737944669530e-003
2388	1.994660733196207e-003	1.995262314968879e-003
2462	1.949591520897687e-003	1.949844599758046e-003
2521	1.897830199149575e-003	1.905460717963246e-003
2637	1.860003802129140e-003	1.862087136662868e-003
2782	1.817803699340814e-003	1.819700858609983e-003
2850	1.777691698054085e-003	1.778279410038923e-003
2971	1.737703315399797e-003	1.737800828749376e-003
3106	1.697291162447101e-003	1.698243652461744e-003
3283	1.655785925075870e-003	1.659586907437561e-003
3408	1.620503563524944e-003	1.621810097358930e-003
3496	1.582358744351531e-003	1.584893192461114e-003
3559	1.512944178763354e-003	1.513561248436209e-003
3755	1.477743379926899e-003	1.479108388168207e-003
3846	1.431968042411191e-003	1.445439770745928e-003
3891	1.409533934359164e-003	1.412537544622754e-003
4180	1.380378888847900e-003	1.380384264602885e-003
4320	1.250507257674394e-003	1.258925411794168e-003
4370	1.201695824686100e-003	1.202264434617413e-003
4994	1.174789028035361e-003	1.174897554939529e-003
5424	1.145721445902082e-003	1.148153621496883e-003
5675	1.120367559241720e-003	1.122018454301963e-003
6561	1.089242163673898e-003	1.096478196143185e-003
7119	1.061435081283646e-003	1.071519305237606e-003
7888	1.046761933811258e-003	1.047128548050900e-003
8075	1.020343280444425e-003	1.023292992280754e-003
8180	9.944572954646569e-004	1.000000000000000e-003
8229	9.767063521015640e-004	9.772372209558111e-004
9265	9.541929876133448e-004	9.549925860214359e-004
9931	9.331544314170603e-004	9.332543007969915e-004
10329	8.913788699765890e-004	9.120108393559096e-004
10336	8.912079661641537e-004	8.912509381337459e-004
11807	8.708504139074424e-004	8.709635899560805e-004
13239	8.507637358197151e-004	8.511380382023768e-004
13846	8.237673350276475e-004	8.317637711026709e-004
13992	8.128164922792669e-004	8.128305161640995e-004
15839	7.891395289472136e-004	7.943282347242813e-004
17183	7.673487826184156e-004	7.762471166286919e-004
17187	7.580974981117317e-004	7.585775750291835e-004
17188	7.043424575313706e-004	7.079457843841380e-004
17245	6.896164948575478e-004	6.918309709189362e-004
17503	6.737425595796376e-004	6.760829753919819e-004
18104	5.883833610327294e-004	5.888436553555889e-004
18389	5.734207850267570e-004	5.754399373371566e-004
18800	5.622829347180502e-004	5.623413251903491e-004
19558	5.493916492674833e-004	5.495408738576249e-004
22111	5.311522436780569e-004	5.370317963702527e-004
23187	5.244781340889571e-004	5.248074602497728e-004
23427	4.967982625027068e-004	5.011872336272725e-004
25376	4.841877725598742e-004	4.897788193684461e-004
27140	4.744612309476315e-004	4.786300923226385e-004
28579	4.329966367218052e-004	4.365158322401661e-004
30502	4.239003836555844e-004	4.265795188015926e-004
30731	4.133421990282216e-004	4.168693834703355e-004
30736	3.918001500269330e-004	3.981071705534974e-004
31049	3.846517869916521e-004	3.890451449942804e-004
31231	3.548213671314970e-004	3.630780547701014e-004
31243	3.546623145296302e-004	3.548133892335753e-004
32941	3.403358992549732e-004	3.467368504525317e-004
33000	3.212139359316524e-004	3.235936569296281e-004
33690	3.159719940037942e-004	3.162277660168379e-004
36872	3.090270601412426e-004	3.090295432513592e-004
39642	3.018750402830062e-004	3.019951720402016e-004
40605	2.951198015542778e-004	2.951209226666387e-004
41438	2.883852421539102e-004	2.884031503126606e-004
43258	2.816826043604559e-004	2.818382931264455e-004
46875	2.743305888835979e-004	2.754228703338166e-004
47376	2.678832222929861e-004	2.691534803926917e-004
48691	2.596622183838049e-004	2.630267991895381e-004
48721	2.569911229084454e-004	2.570395782768865e-004
51589	2.491657137372316e-004	2.511886431509580e-004
52963	2.453285482106882e-004	2.454708915685031e-004
57951	2.391319252793567e-004	2.398832919019490e-004
59905	2.341898783433383e-004	2.344228815319923e-004
62666	2.283712237393099e-004	2.290867652767772e-004
64444	2.238338376185922e-004	2.238721138568340e-004
68884	2.186209210899293e-004	2.187761623949552e-004
70466	2.134424411054381e-004	2.137962089502232e-004
74911	2.087011499664060e-004	2.089296130854039e-004
77015	2.025988158982361e-004	2.041737944669530e-004
82441	1.995260751568306e-004	1.995262314968879e-004
88723	1.914347306242181e-004	1.949844599758046e-004
93219	1.905413072688100e-004	1.905460717963246e-004
102195	1.756280162629187e-004	1.778279410038923e-004
102835	1.736938879254302e-004	1.737800828749376e-004
103421	1.645670407609545e-004	1.659586907437562e-004
113608	1.612032834906740e-004	1.621810097358930e-004
113902	1.584325899204320e-004	1.584893192461114e-004
129726	1.544613315266341e-004	1.548816618912481e-004
130245	1.497380745973942e-004	1.513561248436209e-004
132488	1.478839663485720e-004	1.479108388168207e-004
136740	1.444249368853789e-004	1.445439770745928e-004
141603	1.399510142586768e-004	1.412537544622754e-004
146757	1.380167480122818e-004	1.380384264602885e-004
153402	1.345969812946990e-004	1.348962882591653e-004
153552	1.234659337107091e-004	1.258925411794167e-004
153940	1.224448236536446e-004	1.230268770812381e-004
154387	1.200382077112261e-004	1.202264434617413e-004
158980	1.147326137677096e-004	1.148153621496883e-004
167494	1.122012062310107e-004	1.122018454301963e-004
176619	1.096477755101466e-004	1.096478196143185e-004
188141	1.070443724261461e-004	1.071519305237606e-004
194279	1.043707882449896e-004	1.047128548050900e-004
198544	9.581499407884664e-005	9.772372209558112e-005
200001	9.566363286939161e-005	9.772372209558112e-005
%
% index = 88, name = bbob_f001_i19_d02__bbob_f020_i21_d02
% instance = 9, reference value = 9.504601901092100e-001
% function evaluation | indicator value | target hit
1	1.321534660608427e+003	1.348962882591653e+003
2	9.416950816168232e+002	9.549925860214360e+002
4	3.196870185645352e+001	3.235936569296283e+001
89	2.660136936099017e+001	2.691534803926916e+001
101	2.320520614955803e+001	2.344228815319923e+001
122	2.057948828980545e+001	2.089296130854040e+001
130	4.332660979539916e-001	4.365158322401660e-001
281	2.426607971009624e-001	2.454708915685031e-001
430	1.727533515724564e-001	1.737800828749375e-001
538	9.367536573679514e-002	9.549925860214359e-002
585	8.946897639192764e-002	9.120108393559097e-002
651	5.923125834145215e-002	6.025595860743578e-002
671	5.684897181836357e-002	5.754399373371569e-002
691	5.279367715638805e-002	5.370317963702527e-002
765	3.869184668092496e-002	3.890451449942807e-002
808	3.388002857360539e-002	3.388441561392026e-002
822	2.677923163246798e-002	2.691534803926915e-002
839	2.613862166692049e-002	2.630267991895382e-002
863	2.549018661850244e-002	2.570395782768863e-002
890	2.270002970870699e-002	2.290867652767774e-002
891	1.836245150953386e-002	1.862087136662868e-002
899	1.711836900019947e-002	1.737800828749376e-002
902	1.530391377337803e-002	1.548816618912481e-002
910	1.493206896835053e-002	1.513561248436208e-002
938	1.447599921271581e-002	1.479108388168207e-002
943	1.187009587708487e-002	1.202264434617413e-002
955	1.121695735151573e-002	1.122018454301964e-002
987	1.087578401128231e-002	1.096478196143185e-002
1011	1.033072716506212e-002	1.047128548050900e-002
1012	1.020000828983103e-002	1.023292992280754e-002
1024	9.818304946736967e-003	1.000000000000000e-002
1026	9.269190660517679e-003	9.332543007969915e-003
1037	8.943744466908488e-003	9.120108393559097e-003
1043	8.898892770838773e-003	8.912509381337459e-003
1049	8.204789695604897e-003	8.317637711026709e-003
1073	8.050619477088850e-003	8.128305161640995e-003
1105	7.754714786045724e-003	7.762471166286920e-003
1125	7.458977559968605e-003	7.585775750291836e-003
1126	6.807401036385885e-003	6.918309709189363e-003
1127	6.558876403355174e-003	6.606934480075957e-003
1128	6.342675679229748e-003	6.456542290346556e-003
1137	6.217326175349536e-003	6.309573444801930e-003
1158	6.133780541306755e-003	6.165950018614822e-003
1163	5.662354713451667e-003	5.754399373371567e-003
1168	5.618428068890458e-003	5.623413251903491e-003
1179	5.481031671555892e-003	5.495408738576248e-003
1186	5.216071279937173e-003	5.248074602497728e-003
1187	5.064392935000384e-003	5.128613839913648e-003
1208	4.990226034056633e-003	5.011872336272725e-003
1213	4.854701522341576e-003	4.897788193684461e-003
1217	4.670651437692408e-003	4.677351412871981e-003
1228	4.534702820139125e-003	4.570881896148752e-003
1231	4.419758497701154e-003	4.466835921509631e-003
1246	4.349684191077730e-003	4.365158322401661e-003
1247	4.249352836285136e-003	4.265795188015926e-003
1256	4.124263977328346e-003	4.168693834703355e-003
1265	3.936051269267771e-003	3.981071705534973e-003
1270	3.825777370712880e-003	3.890451449942805e-003
1275	3.703271342395675e-003	3.715352290971724e-003
1286	3.582492877096222e-003	3.630780547701014e-003
1290	3.532548899319310e-003	3.548133892335753e-003
1293	3.449155318425046e-003	3.467368504525317e-003
1306	3.300935251824066e-003	3.311311214825911e-003
1314	3.234021575267643e-003	3.235936569296281e-003
1338	3.137107166763409e-003	3.162277660168379e-003
1352	3.088464851932149e-003	3.090295432513592e-003
1363	3.019024887258248e-003	3.019951720402016e-003
1375	2.829556806512978e-003	2.884031503126606e-003
1380	2.803857119733966e-003	2.818382931264455e-003
1393	2.751361068315195e-003	2.754228703338166e-003
1415	2.689631031344564e-003	2.691534803926917e-003
1420	2.554416240828528e-003	2.570395782768865e-003
1428	2.504457904511259e-003	2.511886431509579e-003
1439	2.428714176886282e-003	2.454708915685031e-003
1457	2.382158222561381e-003	2.398832919019490e-003
1468	2.343918775264409e-003	2.344228815319923e-003
1485	2.289689129701622e-003	2.290867652767772e-003
1498	2.237496013925422e-003	2.238721138568340e-003
1525	2.177569625152809e-003	2.187761623949552e-003
1543	2.136952278032456e-003	2.137962089502233e-003
1567	2.083437743520267e-003	2.089296130854039e-003
1606	2.041184312975397e-003	2.041737944669530e-003
1634	1.989117550573183e-003	1.995262314968879e-003
1691	1.948882577724742e-003	1.949844599758046e-003
1803	1.905341150433282e-003	1.905460717963246e-003
1943	1.858537069800659e-003	1.862087136662868e-003
2252	1.819661428973607e-003	1.819700858609983e-003
3076	1.778228349979649e-003	1.778279410038923e-003
5922	1.737736146778079e-003	1.737800828749376e-003
8195	1.696677699487004e-003	1.698243652461744e-003
11678	1.655859600041332e-003	1.659586907437561e-003
22096	1.621774579356194e-003	1.621810097358930e-003
30547	1.584453094919724e-003	1.584893192461114e-003
39515	1.538478849199887e-003	1.548816618912481e-003
44386	1.510024601846238e-003	1.513561248436209e-003
56512	1.477872400778457e-003	1.479108388168207e-003
93590	1.445177856446933e-003	1.445439770745928e-003
93813	1.266370314834675e-003	1.288249551693134e-003
105332	1.243689663924963e-003	1.258925411794168e-003
134880	1.218915825690559e-003	1.230268770812381e-003
155275	1.159454456795883e-003	1.174897554939529e-003
155856	1.121660505036926e-003	1.122018454301963e-003
200001	1.105954948730115e-003	1.122018454301963e-003
%
% index = 89, name = bbob_f001_i21_d02__bbob_f020_i22_d02
% instance = 10, reference value = 8.698810094078490e-001
% function evaluation | indicator value | target hit
1	8.439232315054205e+003	8.511380382023768e+003
2	2.750840501046389e+003	2.754228703338166e+003
3	2.290136586962802e+003	2.290867652767772e+003
4	2.097217290819467e+003	2.137962089502233e+003
5	2.040623465506970e+003	2.041737944669530e+003
6	1.564616001981255e+002	1.584893192461114e+002
13	9.472049833150817e+001	9.549925860214358e+001
51	3.745848202529054e+001	3.801893963205612e+001
151	2.301919990519055e+001	2.344228815319923e+001
307	1.204648888003577e+001	1.230268770812382e+001
372	7.493272813082199e-001	7.585775750291838e-001
431	5.193000438179393e-001	5.248074602497725e-001
612	4.742879410743411e-001	4.786300923226383e-001
658	4.578335762165636e-001	4.677351412871982e-001
751	3.113939644942344e-001	3.162277660168379e-001
838	2.156338009447067e-001	2.187761623949552e-001
944	1.783496268658592e-001	1.819700858609984e-001
971	1.417087525641471e-001	1.445439770745928e-001
972	1.393571333126258e-001	1.412537544622755e-001
1010	1.362095493138904e-001	1.380384264602885e-001
1012	1.296648683067294e-001	1.318256738556407e-001
1013	1.147625780053202e-001	1.148153621496883e-001
1035	1.117684684589114e-001	1.122018454301964e-001
1043	1.046928510772653e-001	1.047128548050900e-001
1054	8.644174783389869e-002	8.709635899560805e-002
1061	7.849660903427436e-002	7.943282347242814e-002
1064	7.740810753677097e-002	7.762471166286916e-002
1090	5.532385934745621e-002	5.623413251903491e-002
1097	5.240660171600575e-002	5.248074602497726e-002
1107	5.107935587275148e-002	5.128613839913648e-002
1110	4.893897316398332e-002	4.897788193684461e-002
1131	4.386439826059696e-002	4.466835921509630e-002
1140	4.332843177759660e-002	4.365158322401658e-002
1159	4.029534499220189e-002	4.073802778041128e-002
1172	3.521599086842109e-002	3.548133892335755e-002
1180	3.349530965035563e-002	3.388441561392026e-002
1182	2.967603773361904e-002	3.019951720402016e-002
1191	2.790765001184059e-002	2.818382931264454e-002
1202	2.726297394890787e-002	2.754228703338166e-002
1218	2.617598935685284e-002	2.630267991895382e-002
1231	2.554162208447808e-002	2.570395782768863e-002
1238	2.503297173704067e-002	2.511886431509579e-002
1244	2.434358665825276e-002	2.454708915685030e-002
1259	2.258950728176368e-002	2.290867652767774e-002
1269	2.189782328903112e-002	2.238721138568340e-002
1272	2.135130195310353e-002	2.137962089502233e-002
1290	1.990150638882615e-002	1.995262314968880e-002
1302	1.939961348609520e-002	1.949844599758046e-002
1306	1.886965269761642e-002	1.905460717963247e-002
1311	1.846876341610082e-002	1.862087136662868e-002
1320	1.750030764661659e-002	1.778279410038923e-002
1323	1.711982016440139e-002	1.737800828749376e-002
1332	1.672562807977629e-002	1.698243652461744e-002
1334	1.645749506624383e-002	1.659586907437561e-002
1335	1.621496899361508e-002	1.621810097358930e-002
1340	1.578531778469761e-002	1.584893192461113e-002
1357	1.533373358899726e-002	1.548816618912481e-002
1368	1.466295615920388e-002	1.479108388168207e-002
1370	1.443534894735477e-002	1.445439770745927e-002
1397	1.401050771595513e-002	1.412537544622754e-002
1399	1.300972978275827e-002	1.318256738556408e-002
1402	1.261534017633159e-002	1.288249551693134e-002
1404	1.241969646507468e-002	1.258925411794168e-002
1408	1.216302362353605e-002	1.230268770812382e-002
1412	1.198575461552021e-002	1.202264434617413e-002
1419	1.173356383612101e-002	1.174897554939530e-002
1430	1.129961147272174e-002	1.148153621496883e-002
1441	1.121641615830760e-002	1.122018454301964e-002
1451	1.087712244170924e-002	1.096478196143185e-002
1455	1.070826431654981e-002	1.071519305237607e-002
1461	1.045354545200550e-002	1.047128548050900e-002
1466	1.021899058546094e-002	1.023292992280754e-002
1469	9.994277768598070e-003	1.000000000000000e-002
1474	9.633551227128168e-003	9.772372209558112e-003
1475	9.479977247190408e-003	9.549925860214359e-003
1488	9.237956481545573e-003	9.332543007969915e-003
1490	8.928465740300928e-003	9.120108393559097e-003
1491	8.910294536479957e-003	8.912509381337459e-003
1503	8.649027379338037e-003	8.709635899560805e-003
1516	8.324947285393347e-003	8.511380382023768e-003
1517	8.300285604655677e-003	8.317637711026709e-003
1526	8.102223258073860e-003	8.128305161640995e-003
1535	7.926060110447164e-003	7.943282347242814e-003
1536	7.152013902087084e-003	7.244359600749898e-003
1543	7.069077896852072e-003	7.079457843841380e-003
1545	6.904285065250093e-003	6.918309709189363e-003
1560	6.501079890349093e-003	6.606934480075957e-003
1566	6.413626673772432e-003	6.456542290346556e-003
1568	6.277363455023610e-003	6.309573444801930e-003
1572	6.137046375071842e-003	6.165950018614822e-003
1578	5.992794763298392e-003	6.025595860743574e-003
1582	5.730145985650248e-003	5.754399373371567e-003
1591	5.618291916211882e-003	5.623413251903491e-003
1602	5.469286850558031e-003	5.495408738576248e-003
1610	5.354731269750501e-003	5.370317963702527e-003
1614	5.243506060644720e-003	5.248074602497728e-003
1630	4.858279034891222e-003	4.897788193684461e-003
1631	4.756244371361684e-003	4.786300923226385e-003
1649	4.658896585914896e-003	4.677351412871981e-003
1662	4.561012157711208e-003	4.570881896148752e-003
1663	4.462243511371700e-003	4.466835921509631e-003
1676	4.341540412958200e-003	4.365158322401661e-003
1691	4.253002498795233e-003	4.265795188015926e-003
1708	4.168318278487071e-003	4.168693834703355e-003
1715	4.069710862547371e-003	4.073802778041126e-003
1749	3.973054458935255e-003	3.981071705534973e-003
1764	3.888510063484563e-003	3.890451449942805e-003
1784	3.792630642508010e-003	3.801893963205613e-003
1805	3.710242930367924e-003	3.715352290971724e-003
1825	3.624214776033141e-003	3.630780547701014e-003
1852	3.547654095872432e-003	3.548133892335753e-003
1883	3.467335248193204e-003	3.467368504525317e-003
1909	3.380156604461115e-003	3.388441561392024e-003
1939	3.309087203503425e-003	3.311311214825911e-003
2000	3.227723119202830e-003	3.235936569296281e-003
2043	3.160252540372888e-003	3.162277660168379e-003
2063	3.088671359232409e-003	3.090295432513592e-003
2106	3.017266293301457e-003	3.019951720402016e-003
2148	2.939560701436084e-003	2.951209226666387e-003
2241	2.883770629754978e-003	2.884031503126606e-003
2322	2.818254866920111e-003	2.818382931264455e-003
2498	2.750129026333315e-003	2.754228703338166e-003
2652	2.690923677144408e-003	2.691534803926917e-003
3018	2.630141371539052e-003	2.630267991895381e-003
3520	2.569028550367669e-003	2.570395782768865e-003
4059	2.511337229291200e-003	2.511886431509579e-003
5307	2.454637541839055e-003	2.454708915685031e-003
8466	2.396316240919738e-003	2.398832919019490e-003
11868	2.335638832558939e-003	2.344228815319923e-003
19632	2.290190350466848e-003	2.290867652767772e-003
36847	2.238698338355327e-003	2.238721138568340e-003
57960	2.186037292875365e-003	2.187761623949552e-003
90011	2.133386145499849e-003	2.137962089502233e-003
129169	2.079011380856422e-003	2.089296130854039e-003
165576	2.037721051526442e-003	2.041737944669530e-003
188543	1.986948255655818e-003	1.995262314968879e-003
200001	1.983696463820905e-003	1.995262314968879e-003
