%
% index = 1170, name = bbob_f001_i02_d05__bbob_f017_i04_d05
% instance = 1, reference value = 9.428108657959911e-001
% function evaluation | indicator value | target hit
1	7.671155313853078e+010	7.762471166286928e+010
2	2.382649942595367e+003	2.398832919019490e+003
9	1.561004520082330e+003	1.584893192461114e+003
11	6.906999158413030e+002	6.918309709189363e+002
38	3.331043611388265e+002	3.388441561392024e+002
63	2.161514825313784e+002	2.187761623949552e+002
255	1.759868177712313e+002	1.778279410038923e+002
428	1.199839897517350e+002	1.202264434617413e+002
452	5.711005245435121e+001	5.754399373371570e+001
463	4.880257455886866e+001	4.897788193684461e+001
564	4.680289992165773e+001	4.786300923226383e+001
772	4.528297917248557e+001	4.570881896148750e+001
777	1.589174943684312e+001	1.621810097358930e+001
805	1.115513498910591e+001	1.122018454301964e+001
978	4.476869562613365e+000	4.570881896148751e+000
1030	2.282326382005812e+000	2.290867652767773e+000
1153	8.622393579715475e-001	8.709635899560806e-001
1377	7.854471376794927e-001	7.943282347242815e-001
1411	7.672343624198221e-001	7.762471166286917e-001
1469	7.254625556704701e-001	7.413102413009175e-001
1506	6.774580756276053e-001	6.918309709189364e-001
1509	6.713959890191379e-001	6.760829753919818e-001
1574	5.994478351150840e-001	6.025595860743578e-001
1595	5.863632631759612e-001	5.888436553555889e-001
1613	5.148353365249440e-001	5.248074602497725e-001
1629	3.368910982998213e-001	3.388441561392026e-001
1694	3.299760966628756e-001	3.311311214825911e-001
1721	3.151788295357340e-001	3.162277660168379e-001
1723	3.048828173819194e-001	3.090295432513591e-001
1774	2.956095645558484e-001	3.019951720402016e-001
1793	2.681981261610684e-001	2.691534803926916e-001
1847	2.619618025538454e-001	2.630267991895382e-001
1895	2.515897262672985e-001	2.570395782768864e-001
1916	2.394042968066037e-001	2.398832919019490e-001
1942	2.334695727778667e-001	2.344228815319922e-001
1946	2.235747136130761e-001	2.238721138568340e-001
1973	2.016295971917103e-001	2.041737944669530e-001
2026	1.987047002896898e-001	1.995262314968880e-001
2076	1.920326717391206e-001	1.949844599758046e-001
2109	1.798930363328117e-001	1.819700858609984e-001
2122	1.727423709723283e-001	1.737800828749375e-001
2127	1.695182449452282e-001	1.698243652461744e-001
2159	1.502771192520722e-001	1.513561248436208e-001
2192	1.459308212639873e-001	1.479108388168208e-001
2218	1.436089206550930e-001	1.445439770745928e-001
2226	1.261653935960772e-001	1.288249551693134e-001
2243	1.202086101612796e-001	1.202264434617413e-001
2258	1.172508588409368e-001	1.174897554939529e-001
2288	1.130879408174070e-001	1.148153621496883e-001
2289	1.105038295335111e-001	1.122018454301964e-001
2330	1.092565446523655e-001	1.096478196143185e-001
2332	1.054679311757194e-001	1.071519305237607e-001
2334	1.031175572131919e-001	1.047128548050900e-001
2357	1.000026112001500e-001	1.023292992280754e-001
2359	9.870171779944181e-002	1.000000000000000e-001
2376	9.678086386601204e-002	9.772372209558107e-002
2414	9.474527943237487e-002	9.549925860214359e-002
2453	9.125973832988488e-002	9.332543007969910e-002
2455	9.100846813784402e-002	9.120108393559097e-002
2503	8.874084805022331e-002	8.912509381337455e-002
2541	8.654998318494922e-002	8.709635899560805e-002
2547	8.482240860537993e-002	8.511380382023763e-002
2550	8.297156128103300e-002	8.317637711026708e-002
2593	8.071388556928882e-002	8.128305161640990e-002
2633	7.892348297613494e-002	7.943282347242814e-002
2685	7.621722501084383e-002	7.762471166286916e-002
2686	7.232544518924533e-002	7.244359600749903e-002
2739	7.054414516623475e-002	7.079457843841380e-002
2810	6.737059217318298e-002	6.760829753919818e-002
2862	6.494783012676653e-002	6.606934480075961e-002
2911	6.444110208189258e-002	6.456542290346556e-002
2926	5.922928327072108e-002	6.025595860743578e-002
3024	5.879671197984748e-002	5.888436553555890e-002
3034	5.701081630067295e-002	5.754399373371569e-002
3087	5.594614774869622e-002	5.623413251903491e-002
3106	5.439635806012710e-002	5.495408738576246e-002
3145	5.346660459599240e-002	5.370317963702527e-002
3149	5.246349663875238e-002	5.248074602497726e-002
3174	5.103536867288039e-002	5.128613839913648e-002
3299	5.010261983683140e-002	5.011872336272722e-002
3533	4.859196430507051e-002	4.897788193684461e-002
3578	4.756404188193963e-002	4.786300923226383e-002
3620	4.665859560438179e-002	4.677351412871982e-002
3674	4.558059243495460e-002	4.570881896148749e-002
3776	4.452919601665284e-002	4.466835921509630e-002
3871	4.322197483038393e-002	4.365158322401658e-002
3874	4.261321029485166e-002	4.265795188015926e-002
4006	4.168503899615705e-002	4.168693834703355e-002
4129	3.982974205321743e-002	4.073802778041128e-002
4179	3.976448330579985e-002	3.981071705534973e-002
4287	3.883333061344585e-002	3.890451449942807e-002
4388	3.583418734441701e-002	3.630780547701014e-002
4483	3.513627442058653e-002	3.548133892335755e-002
4567	3.463204386854513e-002	3.467368504525317e-002
4767	3.376717618456182e-002	3.388441561392026e-002
5115	3.299576135220006e-002	3.311311214825911e-002
5159	3.219769922005633e-002	3.235936569296283e-002
5237	3.073199071406396e-002	3.090295432513590e-002
5358	2.954748622702963e-002	3.019951720402016e-002
5366	2.927793077034657e-002	2.951209226666385e-002
5547	2.873470935924605e-002	2.884031503126606e-002
5884	2.803834196474719e-002	2.818382931264454e-002
5970	2.732038795614045e-002	2.754228703338166e-002
6188	2.682293384980750e-002	2.691534803926915e-002
6458	2.620504959769865e-002	2.630267991895382e-002
6761	2.568652528933901e-002	2.570395782768863e-002
7454	2.510231353105785e-002	2.511886431509579e-002
8102	2.439228899919110e-002	2.454708915685030e-002
8451	2.392012828572843e-002	2.398832919019490e-002
9009	2.327086430338032e-002	2.344228815319923e-002
9252	2.280277879668480e-002	2.290867652767774e-002
9316	2.217830456815040e-002	2.238721138568340e-002
9743	2.180099326466778e-002	2.187761623949553e-002
10436	2.129756396520177e-002	2.137962089502233e-002
10900	2.077417044390750e-002	2.089296130854040e-002
11280	2.032171477376898e-002	2.041737944669530e-002
12188	1.990559428681082e-002	1.995262314968880e-002
13194	1.948002530104009e-002	1.949844599758046e-002
13243	1.895368860066382e-002	1.905460717963247e-002
14423	1.852268841575278e-002	1.862087136662868e-002
15107	1.814670436324728e-002	1.819700858609984e-002
15695	1.776934074826864e-002	1.778279410038923e-002
16167	1.733338984650257e-002	1.737800828749376e-002
17001	1.696577813458133e-002	1.698243652461744e-002
18453	1.650728378604993e-002	1.659586907437561e-002
18796	1.621541264530801e-002	1.621810097358930e-002
20052	1.574753090145931e-002	1.584893192461113e-002
20272	1.547378281802769e-002	1.548816618912481e-002
21098	1.506972464545386e-002	1.513561248436208e-002
22264	1.469186531256950e-002	1.479108388168207e-002
23883	1.443357005714574e-002	1.445439770745927e-002
24140	1.406094640245026e-002	1.412537544622754e-002
24938	1.377060343035752e-002	1.380384264602885e-002
26639	1.338975996976033e-002	1.348962882591653e-002
27034	1.316541158406115e-002	1.318256738556408e-002
30837	1.278878366870584e-002	1.288249551693134e-002
30936	1.245868744488621e-002	1.258925411794168e-002
32880	1.230219301314650e-002	1.230268770812382e-002
34464	1.202246901457660e-002	1.202264434617413e-002
37142	1.168002242007626e-002	1.174897554939530e-002
41328	1.148147099065389e-002	1.148153621496883e-002
43602	1.121264449099746e-002	1.122018454301964e-002
47092	1.094392103751485e-002	1.096478196143185e-002
52653	1.070910200237130e-002	1.071519305237607e-002
55404	1.046186255320780e-002	1.047128548050900e-002
56746	1.022487691546448e-002	1.023292992280754e-002
63818	9.936879318538372e-003	1.000000000000000e-002
73182	9.767844385213720e-003	9.772372209558112e-003
78281	9.548717143037289e-003	9.549925860214359e-003
88423	9.327142103170760e-003	9.332543007969915e-003
97251	9.116438536444727e-003	9.120108393559097e-003
99343	8.819736331995731e-003	8.912509381337459e-003
104025	8.652449812478258e-003	8.709635899560805e-003
111711	8.494686510533533e-003	8.511380382023768e-003
116421	8.316294876795527e-003	8.317637711026709e-003
126570	8.112334183311032e-003	8.128305161640995e-003
130524	7.913016307054654e-003	7.943282347242814e-003
140136	7.760302283483678e-003	7.762471166286920e-003
152062	7.580419288495621e-003	7.585775750291836e-003
166044	7.323756677057869e-003	7.413102413009177e-003
167322	7.232490759891741e-003	7.244359600749898e-003
174948	7.071415438900219e-003	7.079457843841380e-003
190498	6.916546396808943e-003	6.918309709189363e-003
195399	6.701032606344803e-003	6.760829753919818e-003
203295	6.606520690148887e-003	6.606934480075957e-003
215898	6.440219202489161e-003	6.456542290346556e-003
229562	6.296927370025851e-003	6.309573444801930e-003
254789	6.112879888040768e-003	6.165950018614822e-003
269657	6.025406077869500e-003	6.025595860743574e-003
287327	5.817631091625031e-003	5.888436553555890e-003
302718	5.732567249299048e-003	5.754399373371567e-003
305856	5.619303251082952e-003	5.623413251903491e-003
326199	5.432571176634093e-003	5.495408738576248e-003
342833	5.367803101756885e-003	5.370317963702527e-003
352874	5.209735167362117e-003	5.248074602497728e-003
381068	5.094917484626538e-003	5.128613839913648e-003
417528	5.011028650726002e-003	5.011872336272725e-003
454873	4.858822561545906e-003	4.897788193684461e-003
494660	4.785892142900372e-003	4.786300923226385e-003
500001	4.714957028026157e-003	4.786300923226385e-003
%
% index = 1171, name = bbob_f001_i03_d05__bbob_f017_i05_d05
% instance = 2, reference value = 9.096022498586250e-001
% function evaluation | indicator value | target hit
1	9.527189601824404e+012	9.549925860214369e+012
2	1.439623473733595e+004	1.445439770745928e+004
5	6.736966039077960e+003	6.760829753919819e+003
6	2.085971198906931e+003	2.089296130854039e+003
37	1.115788846289954e+003	1.122018454301963e+003
253	6.726648386113434e+002	6.760829753919819e+002
261	1.883290388229984e+002	1.905460717963246e+002
386	1.440260276215927e+002	1.445439770745928e+002
608	4.951513349586928e+001	5.011872336272722e+001
849	3.874187681406761e+001	3.890451449942807e+001
881	3.707619348289050e+001	3.715352290971726e+001
942	2.107859110569198e+001	2.137962089502232e+001
969	1.006528002516785e+001	1.023292992280754e+001
1064	7.969787945301358e+000	8.128305161640993e+000
1083	5.881259060551476e+000	5.888436553555890e+000
1265	2.510654634161643e+000	2.511886431509580e+000
1335	2.281172687612125e+000	2.290867652767773e+000
1390	1.628025328293125e+000	1.659586907437561e+000
1460	1.224954092717887e+000	1.230268770812382e+000
1596	6.136578292915726e-001	6.165950018614822e-001
1633	5.740731180859882e-001	5.754399373371569e-001
1892	5.616993179951452e-001	5.623413251903491e-001
2106	5.147019388600240e-001	5.248074602497725e-001
2114	5.049426080595489e-001	5.128613839913648e-001
2192	4.652723161153001e-001	4.677351412871982e-001
2228	4.510951211007617e-001	4.570881896148750e-001
2249	4.259677589488830e-001	4.265795188015927e-001
2255	3.871607877180069e-001	3.890451449942806e-001
2319	3.390610557410255e-001	3.467368504525316e-001
2340	3.320168106313829e-001	3.388441561392026e-001
2344	3.308326670342211e-001	3.311311214825911e-001
2404	2.854089194802205e-001	2.884031503126606e-001
2410	2.793800438491452e-001	2.818382931264454e-001
2416	2.711374960103425e-001	2.754228703338166e-001
2420	2.562147063313205e-001	2.570395782768864e-001
2433	2.372116876813374e-001	2.398832919019490e-001
2460	2.268014553434391e-001	2.290867652767773e-001
2479	2.204865459825299e-001	2.238721138568340e-001
2560	2.158794114254119e-001	2.187761623949552e-001
2619	2.065402606416608e-001	2.089296130854039e-001
2654	1.924955060145571e-001	1.949844599758046e-001
2681	1.829222701374350e-001	1.862087136662868e-001
2688	1.806856951603205e-001	1.819700858609984e-001
2713	1.757932268672305e-001	1.778279410038923e-001
2727	1.710013488412558e-001	1.737800828749375e-001
2753	1.688347622947918e-001	1.698243652461744e-001
2783	1.654179274264853e-001	1.659586907437561e-001
2799	1.498380226442292e-001	1.513561248436208e-001
2810	1.357081711311340e-001	1.380384264602885e-001
2823	1.323873316045268e-001	1.348962882591654e-001
2834	1.277396139322499e-001	1.288249551693134e-001
2883	1.232529607879487e-001	1.258925411794167e-001
2903	1.227395565008073e-001	1.230268770812382e-001
3006	1.193893634947787e-001	1.202264434617413e-001
3047	1.138109161851451e-001	1.148153621496883e-001
3059	1.116202762188101e-001	1.122018454301964e-001
3098	1.038454628116705e-001	1.047128548050900e-001
3201	1.012123789305213e-001	1.023292992280754e-001
3253	9.525219494260451e-002	9.549925860214359e-002
3300	9.188880453218096e-002	9.332543007969910e-002
3315	9.105877932254658e-002	9.120108393559097e-002
3356	8.672691848017178e-002	8.709635899560805e-002
3395	7.914322716788880e-002	7.943282347242814e-002
3493	7.740202654406525e-002	7.762471166286916e-002
3526	7.493225972038753e-002	7.585775750291836e-002
3553	7.290519855567212e-002	7.413102413009177e-002
3646	7.222845350705398e-002	7.244359600749903e-002
3772	7.075128019104704e-002	7.079457843841380e-002
3837	6.851316297949084e-002	6.918309709189366e-002
3979	6.676279971052301e-002	6.760829753919818e-002
4046	6.586982824021070e-002	6.606934480075961e-002
4101	6.414383881672048e-002	6.456542290346556e-002
4157	6.306551679018713e-002	6.309573444801933e-002
4248	6.084363498309209e-002	6.165950018614822e-002
4722	6.020510400647416e-002	6.025595860743578e-002
4812	5.751453910385262e-002	5.754399373371569e-002
5052	5.606847325034881e-002	5.623413251903491e-002
5104	5.390297799167743e-002	5.495408738576246e-002
5198	5.293197451753673e-002	5.370317963702527e-002
5305	5.027811533479787e-002	5.128613839913648e-002
5362	4.946067604229631e-002	5.011872336272722e-002
5439	4.892470349628064e-002	4.897788193684461e-002
6209	4.782209215528377e-002	4.786300923226383e-002
6314	4.657133809719516e-002	4.677351412871982e-002
6584	4.525823856743216e-002	4.570881896148749e-002
6740	4.465970971822442e-002	4.466835921509630e-002
6957	4.331325839804223e-002	4.365158322401658e-002
7191	4.253256274554174e-002	4.265795188015926e-002
7388	4.149484909591739e-002	4.168693834703355e-002
7486	4.037613618033686e-002	4.073802778041128e-002
7534	3.957321551139570e-002	3.981071705534973e-002
7726	3.853800625727422e-002	3.890451449942807e-002
8173	3.799227696136875e-002	3.801893963205612e-002
8376	3.712390490655837e-002	3.715352290971726e-002
8605	3.477852151404060e-002	3.548133892335755e-002
8666	3.458839023617455e-002	3.467368504525317e-002
9177	3.343980079593556e-002	3.388441561392026e-002
9303	3.299571396772183e-002	3.311311214825911e-002
10150	3.161678573166571e-002	3.162277660168379e-002
10658	3.070610491552528e-002	3.090295432513590e-002
11220	3.002168808573791e-002	3.019951720402016e-002
11554	2.940183741273239e-002	2.951209226666385e-002
11715	2.880682076270036e-002	2.884031503126606e-002
11945	2.811036677234025e-002	2.818382931264454e-002
12599	2.751332551579866e-002	2.754228703338166e-002
13172	2.668765834429188e-002	2.691534803926915e-002
13614	2.625419641768456e-002	2.630267991895382e-002
13983	2.542328892890555e-002	2.570395782768863e-002
14632	2.501836026093962e-002	2.511886431509579e-002
15174	2.454022123410582e-002	2.454708915685030e-002
16726	2.397821251416354e-002	2.398832919019490e-002
17453	2.343472798447854e-002	2.344228815319923e-002
18146	2.277621745825720e-002	2.290867652767774e-002
18669	2.235650559740765e-002	2.238721138568340e-002
19103	2.170442442131082e-002	2.187761623949553e-002
20436	2.134501278149026e-002	2.137962089502233e-002
21669	2.089155785226549e-002	2.089296130854040e-002
22369	2.041618367069620e-002	2.041737944669530e-002
23344	1.992786249262568e-002	1.995262314968880e-002
24145	1.900789946139514e-002	1.905460717963247e-002
25423	1.861813131892220e-002	1.862087136662868e-002
26046	1.817300791312337e-002	1.819700858609984e-002
27666	1.775130850092277e-002	1.778279410038923e-002
28918	1.724448646904286e-002	1.737800828749376e-002
30952	1.694680513227931e-002	1.698243652461744e-002
31976	1.657682779361147e-002	1.659586907437561e-002
35277	1.616171344563189e-002	1.621810097358930e-002
37399	1.584865393916135e-002	1.584893192461113e-002
38590	1.529655021253384e-002	1.548816618912481e-002
40322	1.512799258786302e-002	1.513561248436208e-002
43867	1.476568858342908e-002	1.479108388168207e-002
48612	1.445244484076114e-002	1.445439770745927e-002
50497	1.398588568791848e-002	1.412537544622754e-002
51046	1.379118425871628e-002	1.380384264602885e-002
54109	1.346435534728108e-002	1.348962882591653e-002
55857	1.317933112151815e-002	1.318256738556408e-002
60078	1.286396183494631e-002	1.288249551693134e-002
63877	1.252057493064795e-002	1.258925411794168e-002
67497	1.229650284026673e-002	1.230268770812382e-002
69749	1.199346342239538e-002	1.202264434617413e-002
71271	1.174881663191263e-002	1.174897554939530e-002
76965	1.148087823049859e-002	1.148153621496883e-002
79692	1.121968840717336e-002	1.122018454301964e-002
86167	1.095716231689325e-002	1.096478196143185e-002
88271	1.064546423445145e-002	1.071519305237607e-002
93234	1.047068061231748e-002	1.047128548050900e-002
99943	1.018316061736269e-002	1.023292992280754e-002
105033	9.977233972693345e-003	1.000000000000000e-002
116718	9.767909621937299e-003	9.772372209558112e-003
127431	9.528613125918128e-003	9.549925860214359e-003
132089	9.324467229860578e-003	9.332543007969915e-003
134894	9.089931570599341e-003	9.120108393559097e-003
142767	8.848789777958221e-003	8.912509381337459e-003
151026	8.656279988308757e-003	8.709635899560805e-003
157615	8.328200155451770e-003	8.511380382023768e-003
158375	8.309496487804213e-003	8.317637711026709e-003
174693	8.127178786469180e-003	8.128305161640995e-003
181777	7.865431157776492e-003	7.943282347242814e-003
188310	7.746094906804557e-003	7.762471166286920e-003
196759	7.565976688614362e-003	7.585775750291836e-003
202319	7.406075260763312e-003	7.413102413009177e-003
212817	7.224126934286757e-003	7.244359600749898e-003
224138	7.071991329886007e-003	7.079457843841380e-003
235982	6.878661405128383e-003	6.918309709189363e-003
256887	6.748708673076975e-003	6.760829753919818e-003
262648	6.602947149330185e-003	6.606934480075957e-003
275108	6.455183097865525e-003	6.456542290346556e-003
284088	6.300925335722796e-003	6.309573444801930e-003
294353	6.164026775107967e-003	6.165950018614822e-003
317017	6.025469816580698e-003	6.025595860743574e-003
337281	5.878768752585972e-003	5.888436553555890e-003
355829	5.735876744404345e-003	5.754399373371567e-003
376739	5.623026718888258e-003	5.623413251903491e-003
405280	5.487473091842721e-003	5.495408738576248e-003
456416	5.370309037905252e-003	5.370317963702527e-003
494677	5.200717570156610e-003	5.248074602497728e-003
500001	5.176802786070356e-003	5.248074602497728e-003
%
% index = 1172, name = bbob_f001_i07_d05__bbob_f017_i08_d05
% instance = 3, reference value = 8.055088537502900e-001
% function evaluation | indicator value | target hit
1	2.035599386067022e+008	2.041737944669532e+008
2	7.513791494139256e+004	7.585775750291836e+004
6	3.958542116410501e+003	3.981071705534973e+003
37	1.579641873288146e+003	1.584893192461114e+003
41	8.734909738758249e+002	8.912509381337459e+002
253	1.992993246447935e+002	1.995262314968879e+002
519	2.426388550893092e+001	2.454708915685030e+001
657	2.235129031248687e+001	2.238721138568340e+001
840	1.768159586618027e+001	1.778279410038923e+001
872	1.701417606385159e+001	1.737800828749375e+001
969	1.310689145781833e+001	1.318256738556407e+001
1018	1.644731770487955e+000	1.659586907437561e+000
1229	1.088017715728290e+000	1.096478196143185e+000
1315	7.649567361270478e-001	7.762471166286917e-001
1332	6.599510820512333e-001	6.606934480075960e-001
1550	4.998503099813147e-001	5.011872336272722e-001
1602	4.445779536983419e-001	4.466835921509632e-001
1774	4.260295039220196e-001	4.265795188015927e-001
1873	4.125370293444689e-001	4.168693834703354e-001
1892	4.024231257996434e-001	4.073802778041127e-001
1899	3.426668551908921e-001	3.467368504525316e-001
1908	3.257550421217336e-001	3.311311214825911e-001
2005	3.224121656549794e-001	3.235936569296283e-001
2043	3.129747706204664e-001	3.162277660168379e-001
2101	3.089764373164961e-001	3.090295432513591e-001
2105	3.003808757717031e-001	3.019951720402016e-001
2210	2.932871359495833e-001	2.951209226666385e-001
2234	2.869956556835002e-001	2.884031503126606e-001
2272	2.813047815470123e-001	2.818382931264454e-001
2335	2.615415201945576e-001	2.630267991895382e-001
2418	2.398914616733261e-001	2.454708915685031e-001
2462	2.366078535934405e-001	2.398832919019490e-001
2493	2.277156134737636e-001	2.290867652767773e-001
2578	2.162073195031817e-001	2.187761623949552e-001
2584	2.048688370866442e-001	2.089296130854039e-001
2597	2.024429824464648e-001	2.041737944669530e-001
2693	1.926743617491498e-001	1.949844599758046e-001
2744	1.897964940223362e-001	1.905460717963247e-001
2745	1.853970454818078e-001	1.862087136662868e-001
2793	1.768627373897125e-001	1.778279410038923e-001
2878	1.675838095629695e-001	1.698243652461744e-001
3000	1.598159291801899e-001	1.621810097358930e-001
3016	1.523471206665895e-001	1.548816618912481e-001
3158	1.510017940937416e-001	1.513561248436208e-001
3247	1.471206548418338e-001	1.479108388168208e-001
3300	1.405548442508903e-001	1.412537544622755e-001
3422	1.379862594597361e-001	1.380384264602885e-001
3442	1.329213842169733e-001	1.348962882591654e-001
3459	1.315107695956814e-001	1.318256738556407e-001
3474	1.274631817062953e-001	1.288249551693134e-001
3568	1.242961017907781e-001	1.258925411794167e-001
3751	1.220905469260211e-001	1.230268770812382e-001
3864	1.187778997845559e-001	1.202264434617413e-001
3913	1.140914855022860e-001	1.148153621496883e-001
3979	1.106474738407884e-001	1.122018454301964e-001
4226	1.095252354890163e-001	1.096478196143185e-001
4366	1.062168661788907e-001	1.071519305237607e-001
4371	1.042140787854523e-001	1.047128548050900e-001
5104	1.022611723867640e-001	1.023292992280754e-001
5281	9.833550681740566e-002	1.000000000000000e-001
5299	9.663897627921270e-002	9.772372209558107e-002
5535	9.484946874178901e-002	9.549925860214359e-002
5792	9.301374405013430e-002	9.332543007969910e-002
6099	9.089567787126740e-002	9.120108393559097e-002
6668	8.901523333052441e-002	8.912509381337455e-002
6819	8.698423792723775e-002	8.709635899560805e-002
7035	8.476848677721349e-002	8.511380382023763e-002
7273	8.293432906719267e-002	8.317637711026708e-002
7586	8.034951820146463e-002	8.128305161640990e-002
7896	7.358219314966807e-002	7.413102413009177e-002
7996	7.230102787998483e-002	7.244359600749903e-002
8856	7.029438059379356e-002	7.079457843841380e-002
9985	6.902028326023191e-002	6.918309709189366e-002
10209	6.645458489427902e-002	6.760829753919818e-002
10465	6.577778861039307e-002	6.606934480075961e-002
10579	6.449942636324035e-002	6.456542290346556e-002
10996	6.212413384059823e-002	6.309573444801933e-002
11314	6.157537778906408e-002	6.165950018614822e-002
12096	6.018562606897615e-002	6.025595860743578e-002
13137	5.861023394993303e-002	5.888436553555890e-002
15046	5.750757714217936e-002	5.754399373371569e-002
15555	5.617112006238401e-002	5.623413251903491e-002
15968	5.486041565324329e-002	5.495408738576246e-002
16660	5.354100296448583e-002	5.370317963702527e-002
17056	5.212011899907532e-002	5.248074602497726e-002
17202	5.072408866494671e-002	5.128613839913648e-002
17595	4.994776144536006e-002	5.011872336272722e-002
17752	4.852077188468584e-002	4.897788193684461e-002
18307	4.774877725154736e-002	4.786300923226383e-002
19491	4.649076632805738e-002	4.677351412871982e-002
20262	4.561817373453470e-002	4.570881896148749e-002
21240	4.466685372835111e-002	4.466835921509630e-002
21508	4.341896595134953e-002	4.365158322401658e-002
23959	4.172554369870229e-002	4.265795188015926e-002
24044	4.150090585143251e-002	4.168693834703355e-002
25115	4.073484197279664e-002	4.073802778041128e-002
26887	3.945143875785973e-002	3.981071705534973e-002
28189	3.885093647848614e-002	3.890451449942807e-002
31550	3.756233896630479e-002	3.801893963205612e-002
32601	3.683804375975974e-002	3.715352290971726e-002
34151	3.630596514295603e-002	3.630780547701014e-002
35521	3.529416246615946e-002	3.548133892335755e-002
36643	3.467123586562193e-002	3.467368504525317e-002
39613	3.379590455756820e-002	3.388441561392026e-002
40458	3.275293881426722e-002	3.311311214825911e-002
41829	3.225604079290134e-002	3.235936569296283e-002
47978	3.161856754505021e-002	3.162277660168379e-002
49936	3.086720365514006e-002	3.090295432513590e-002
54868	3.019743565739819e-002	3.019951720402016e-002
59341	2.947168676393341e-002	2.951209226666385e-002
61298	2.881201190070259e-002	2.884031503126606e-002
63562	2.814918718586845e-002	2.818382931264454e-002
70036	2.745775552140095e-002	2.754228703338166e-002
72407	2.654059346107174e-002	2.691534803926915e-002
77342	2.630052064057886e-002	2.630267991895382e-002
81924	2.570300126018676e-002	2.570395782768863e-002
87427	2.509541249745995e-002	2.511886431509579e-002
92148	2.453781785399156e-002	2.454708915685030e-002
94553	2.394809120467334e-002	2.398832919019490e-002
103424	2.340197277894041e-002	2.344228815319923e-002
105543	2.289505325592545e-002	2.290867652767774e-002
108913	2.238690187826420e-002	2.238721138568340e-002
114463	2.177323831457489e-002	2.187761623949553e-002
123070	2.136660446420169e-002	2.137962089502233e-002
128500	2.084555440056679e-002	2.089296130854040e-002
134394	2.017433218992459e-002	2.041737944669530e-002
136712	1.990793770490118e-002	1.995262314968880e-002
143291	1.932465099737857e-002	1.949844599758046e-002
149628	1.893679532317050e-002	1.905460717963247e-002
153308	1.859679351321197e-002	1.862087136662868e-002
164238	1.819166643623837e-002	1.819700858609984e-002
172195	1.776540757280309e-002	1.778279410038923e-002
177739	1.736592210633003e-002	1.737800828749376e-002
183322	1.684874072674314e-002	1.698243652461744e-002
186221	1.659526716604320e-002	1.659586907437561e-002
193390	1.617159199256046e-002	1.621810097358930e-002
196098	1.584592934414641e-002	1.584893192461113e-002
202586	1.547969123548987e-002	1.548816618912481e-002
209395	1.504549252022192e-002	1.513561248436208e-002
218700	1.477841626049659e-002	1.479108388168207e-002
227220	1.441774668141582e-002	1.445439770745927e-002
231873	1.411868240499170e-002	1.412537544622754e-002
236527	1.380362760196041e-002	1.380384264602885e-002
240887	1.347052529414572e-002	1.348962882591653e-002
249619	1.318247651135340e-002	1.318256738556408e-002
260969	1.284649027992035e-002	1.288249551693134e-002
274568	1.258284590507730e-002	1.258925411794168e-002
284342	1.229331137199219e-002	1.230268770812382e-002
308538	1.201526095337413e-002	1.202264434617413e-002
329668	1.174812822119453e-002	1.174897554939530e-002
346793	1.146895025936467e-002	1.148153621496883e-002
381040	1.121039354951503e-002	1.122018454301964e-002
400618	1.094827383037955e-002	1.096478196143185e-002
415111	1.071497818994960e-002	1.071519305237607e-002
445309	1.046928077650888e-002	1.047128548050900e-002
490933	1.021260577915661e-002	1.023292992280754e-002
500001	1.017022959001124e-002	1.023292992280754e-002
%
% index = 1173, name = bbob_f001_i09_d05__bbob_f017_i10_d05
% instance = 4, reference value = 9.278927588324040e-001
% function evaluation | indicator value | target hit
1	5.328653267661816e+009	5.370317963702533e+009
2	2.456452995991526e+006	2.511886431509582e+006
4	1.043997562561187e+004	1.047128548050899e+004
5	7.932588112572673e+003	7.943282347242814e+003
6	6.126393713594310e+003	6.165950018614823e+003
10	8.315506525182542e+002	8.317637711026708e+002
253	8.069189754367458e+002	8.128305161640996e+002
381	2.451745616751416e+002	2.454708915685031e+002
475	1.017874814533621e+002	1.023292992280754e+002
834	9.773730548728337e+001	1.000000000000000e+002
874	3.785463791908740e+001	3.801893963205612e+001
1002	3.267919825303709e+001	3.311311214825911e+001
1027	9.025129415832325e+000	9.120108393559097e+000
1152	9.687173879269040e-001	9.772372209558107e-001
1613	9.202465873033817e-001	9.332543007969910e-001
1747	6.929327489583419e-001	7.079457843841379e-001
1788	6.790380325891633e-001	6.918309709189364e-001
1799	6.565470933544061e-001	6.606934480075960e-001
1903	5.128093157754934e-001	5.128613839913648e-001
1969	4.380661917631290e-001	4.466835921509632e-001
2017	4.275254188444643e-001	4.365158322401660e-001
2037	4.185816472642174e-001	4.265795188015927e-001
2052	4.139688238509470e-001	4.168693834703354e-001
2103	3.931556458083162e-001	3.981071705534973e-001
2188	3.878324789233183e-001	3.890451449942806e-001
2260	3.758015005381290e-001	3.801893963205612e-001
2262	3.472976091276812e-001	3.548133892335755e-001
2285	3.451370785401393e-001	3.467368504525316e-001
2309	3.307038112635469e-001	3.311311214825911e-001
2345	2.807718454131969e-001	2.818382931264454e-001
2372	2.739733156363912e-001	2.754228703338166e-001
2431	2.663251207151608e-001	2.691534803926916e-001
2448	2.590046318225970e-001	2.630267991895382e-001
2472	2.529418920369021e-001	2.570395782768864e-001
2533	2.494418997374062e-001	2.511886431509580e-001
2537	2.449047581209980e-001	2.454708915685031e-001
2544	2.377310830469139e-001	2.398832919019490e-001
2576	2.307664713764488e-001	2.344228815319922e-001
2592	2.269723867591480e-001	2.290867652767773e-001
2615	2.153658509118757e-001	2.187761623949552e-001
2639	2.063221323726798e-001	2.089296130854039e-001
2647	1.936074609060280e-001	1.949844599758046e-001
2669	1.888622211844716e-001	1.905460717963247e-001
2677	1.770806718410081e-001	1.778279410038923e-001
2724	1.712927282498936e-001	1.737800828749375e-001
2764	1.613853063504449e-001	1.621810097358930e-001
2790	1.557729207101299e-001	1.584893192461113e-001
2853	1.546179932021997e-001	1.548816618912481e-001
2876	1.495405407286324e-001	1.513561248436208e-001
2883	1.369153933222365e-001	1.380384264602885e-001
2885	1.294376731596127e-001	1.318256738556407e-001
2906	1.286648356325726e-001	1.288249551693134e-001
2910	1.190140998928194e-001	1.202264434617413e-001
2912	1.135983313641543e-001	1.148153621496883e-001
2921	1.103228497410125e-001	1.122018454301964e-001
2985	1.072494651904091e-001	1.096478196143185e-001
3004	1.068630841175634e-001	1.071519305237607e-001
3029	1.038825078966370e-001	1.047128548050900e-001
3041	1.022189987815684e-001	1.023292992280754e-001
3287	9.831108705006320e-002	1.000000000000000e-001
3302	9.626318049144444e-002	9.772372209558107e-002
3323	9.468335735637457e-002	9.549925860214359e-002
3349	9.076859579190821e-002	9.120108393559097e-002
3364	8.764413805563720e-002	8.912509381337455e-002
3396	8.563186551489155e-002	8.709635899560805e-002
3403	8.371483230557986e-002	8.511380382023763e-002
3418	8.270893257469558e-002	8.317637711026708e-002
3450	8.123839672436306e-002	8.128305161640990e-002
3490	7.908732362926496e-002	7.943282347242814e-002
3806	7.762425825839858e-002	7.762471166286916e-002
3908	7.471723538209907e-002	7.585775750291836e-002
4078	7.353069151629221e-002	7.413102413009177e-002
4114	7.221900536657067e-002	7.244359600749903e-002
4129	6.376606517512173e-002	6.456542290346556e-002
4193	6.307324841303896e-002	6.309573444801933e-002
4498	6.153685148351029e-002	6.165950018614822e-002
4602	5.915519823045423e-002	6.025595860743578e-002
4810	5.863349081717795e-002	5.888436553555890e-002
5048	5.644188335485956e-002	5.754399373371569e-002
5154	5.616101883211866e-002	5.623413251903491e-002
5173	5.483842349076806e-002	5.495408738576246e-002
5267	5.322855791369385e-002	5.370317963702527e-002
5284	5.201238701148181e-002	5.248074602497726e-002
5298	5.101837969493250e-002	5.128613839913648e-002
5501	5.006821257924099e-002	5.011872336272722e-002
5655	4.868023908518726e-002	4.897788193684461e-002
5792	4.741067471113558e-002	4.786300923226383e-002
5926	4.665112612169953e-002	4.677351412871982e-002
6347	4.507500004749121e-002	4.570881896148749e-002
6401	4.466716975902996e-002	4.466835921509630e-002
6520	4.147018891718357e-002	4.168693834703355e-002
6594	4.070314011129739e-002	4.073802778041128e-002
6858	3.979074104637226e-002	3.981071705534973e-002
7021	3.838302227923196e-002	3.890451449942807e-002
7273	3.755887158807114e-002	3.801893963205612e-002
7398	3.689693683363138e-002	3.715352290971726e-002
7541	3.549400610904918e-002	3.630780547701014e-002
7675	3.510159182085171e-002	3.548133892335755e-002
7818	3.461817901630093e-002	3.467368504525317e-002
8519	3.385378391396055e-002	3.388441561392026e-002
8826	3.285963900858280e-002	3.311311214825911e-002
9457	3.234180096902539e-002	3.235936569296283e-002
10478	3.162063716956931e-002	3.162277660168379e-002
11204	3.079409185037518e-002	3.090295432513590e-002
12296	3.012124456315934e-002	3.019951720402016e-002
12789	2.947583555678779e-002	2.951209226666385e-002
13040	2.879787618148555e-002	2.884031503126606e-002
14818	2.808434625124290e-002	2.818382931264454e-002
15789	2.745033170617350e-002	2.754228703338166e-002
16247	2.683658789206689e-002	2.691534803926915e-002
16884	2.566660471452120e-002	2.570395782768863e-002
17289	2.509663687910657e-002	2.511886431509579e-002
19278	2.439390503783512e-002	2.454708915685030e-002
19858	2.395521057695160e-002	2.398832919019490e-002
21614	2.341163174525651e-002	2.344228815319923e-002
22689	2.282504129455121e-002	2.290867652767774e-002
24498	2.195613175817068e-002	2.238721138568340e-002
24639	2.185941731287677e-002	2.187761623949553e-002
25235	2.133109130309852e-002	2.137962089502233e-002
25802	2.088514116569185e-002	2.089296130854040e-002
26559	2.040518034764149e-002	2.041737944669530e-002
27381	1.982692160503552e-002	1.995262314968880e-002
27627	1.949748837616128e-002	1.949844599758046e-002
28815	1.904536076137076e-002	1.905460717963247e-002
29054	1.855782220591162e-002	1.862087136662868e-002
29641	1.819104577656927e-002	1.819700858609984e-002
31223	1.777055589945509e-002	1.778279410038923e-002
32549	1.736666312195934e-002	1.737800828749376e-002
35292	1.684752282378221e-002	1.698243652461744e-002
37456	1.657787810700617e-002	1.659586907437561e-002
40569	1.617451554838012e-002	1.621810097358930e-002
44419	1.584866300204924e-002	1.584893192461113e-002
45295	1.544518847988352e-002	1.548816618912481e-002
46535	1.503062243576625e-002	1.513561248436208e-002
46565	1.471418800638047e-002	1.479108388168207e-002
52222	1.444887856200394e-002	1.445439770745927e-002
54393	1.410573979974983e-002	1.412537544622754e-002
56940	1.379914803145543e-002	1.380384264602885e-002
58102	1.337964792831026e-002	1.348962882591653e-002
60307	1.317923933341447e-002	1.318256738556408e-002
66545	1.287773972174466e-002	1.288249551693134e-002
70411	1.237590708820691e-002	1.258925411794168e-002
73380	1.229782874346619e-002	1.230268770812382e-002
77412	1.201657360477959e-002	1.202264434617413e-002
78716	1.160960424237012e-002	1.174897554939530e-002
82647	1.141408186670900e-002	1.148153621496883e-002
86275	1.119834504942230e-002	1.122018454301964e-002
94632	1.096228350044437e-002	1.096478196143185e-002
102136	1.065234451683084e-002	1.071519305237607e-002
109183	1.044653251375205e-002	1.047128548050900e-002
118760	1.022487497048952e-002	1.023292992280754e-002
121884	9.978214699698618e-003	1.000000000000000e-002
126157	9.602016413381431e-003	9.772372209558112e-003
127757	9.549689224459756e-003	9.549925860214359e-003
137940	9.257517170491725e-003	9.332543007969915e-003
139373	9.117940306168859e-003	9.120108393559097e-003
150848	8.911499932851119e-003	8.912509381337459e-003
163641	8.392489450824603e-003	8.511380382023768e-003
168071	8.310798283201248e-003	8.317637711026709e-003
182914	8.104604261398141e-003	8.128305161640995e-003
194706	7.939275861378325e-003	7.943282347242814e-003
200455	7.731466301535539e-003	7.762471166286920e-003
213966	7.582248019510907e-003	7.585775750291836e-003
239371	7.390531743205808e-003	7.413102413009177e-003
244436	7.199933787894741e-003	7.244359600749898e-003
255630	7.007255152050029e-003	7.079457843841380e-003
258146	6.893327388092563e-003	6.918309709189363e-003
263256	6.746620975010886e-003	6.760829753919818e-003
282557	6.606902918833923e-003	6.606934480075957e-003
303994	6.451347723804624e-003	6.456542290346556e-003
317951	6.274046244077125e-003	6.309573444801930e-003
338728	6.165687203591452e-003	6.165950018614822e-003
346963	6.013104763893495e-003	6.025595860743574e-003
372117	5.888361715011503e-003	5.888436553555890e-003
377597	5.753245471540103e-003	5.754399373371567e-003
401984	5.598203350836162e-003	5.623413251903491e-003
420318	5.495028427321747e-003	5.495408738576248e-003
451027	5.370274644213469e-003	5.370317963702527e-003
500001	5.275249488025824e-003	5.370317963702527e-003
%
% index = 1174, name = bbob_f001_i11_d05__bbob_f017_i12_d05
% instance = 5, reference value = 9.179987819252690e-001
% function evaluation | indicator value | target hit
1	1.777222807333689e+009	1.778279410038923e+009
4	5.502509133125867e+008	5.623413251903491e+008
5	3.638038381476100e+004	3.715352290971728e+004
6	1.357923551551377e+003	1.380384264602885e+003
10	7.279701344311623e+002	7.413102413009177e+002
41	3.665656032087982e+002	3.715352290971724e+002
436	2.258358363301414e+002	2.290867652767772e+002
565	2.075954711429697e+002	2.089296130854039e+002
735	1.747036596801290e+002	1.778279410038923e+002
784	1.358241630386223e+002	1.380384264602885e+002
823	1.078189746338861e+002	1.096478196143185e+002
837	7.750100330076646e+001	7.762471166286916e+001
895	7.149632769171767e+001	7.244359600749903e+001
903	1.896865421712396e+001	1.905460717963247e+001
928	9.044497286993874e+000	9.120108393559097e+000
1035	3.563280388314886e+000	3.630780547701014e+000
1256	3.235104873684936e+000	3.235936569296283e+000
1445	1.801532041774977e+000	1.819700858609983e+000
1473	1.125238253384269e+000	1.148153621496883e+000
1600	9.990480787552690e-001	1.000000000000000e+000
1624	8.832021666815298e-001	8.912509381337456e-001
1665	7.919050355293416e-001	7.943282347242815e-001
1899	7.046573737807493e-001	7.079457843841379e-001
1906	6.176473646897784e-001	6.309573444801933e-001
1988	6.132105835550817e-001	6.165950018614822e-001
1993	5.848555570589673e-001	5.888436553555889e-001
2020	5.644496727484321e-001	5.754399373371569e-001
2082	4.982466911287795e-001	5.011872336272722e-001
2154	4.654775995659036e-001	4.677351412871982e-001
2184	3.929647455008934e-001	3.981071705534973e-001
2226	3.840420093585141e-001	3.890451449942806e-001
2228	3.597049129592329e-001	3.630780547701014e-001
2327	3.400828608375243e-001	3.467368504525316e-001
2338	3.355854633864547e-001	3.388441561392026e-001
2359	3.198636827002935e-001	3.235936569296283e-001
2387	3.150379319101423e-001	3.162277660168379e-001
2393	3.019144416845406e-001	3.019951720402016e-001
2460	2.873367088376468e-001	2.884031503126606e-001
2465	2.762387339419290e-001	2.818382931264454e-001
2483	2.711391503345655e-001	2.754228703338166e-001
2543	2.688418078873524e-001	2.691534803926916e-001
2613	2.359983938579329e-001	2.398832919019490e-001
2628	2.341629947174155e-001	2.344228815319922e-001
2660	2.211368596876734e-001	2.238721138568340e-001
2681	2.186410738583934e-001	2.187761623949552e-001
2747	1.997986395589056e-001	2.041737944669530e-001
2749	1.988975341613640e-001	1.995262314968880e-001
2805	1.942970040142210e-001	1.949844599758046e-001
2821	1.809175561516273e-001	1.819700858609984e-001
2846	1.746260564522796e-001	1.778279410038923e-001
2889	1.726987606627731e-001	1.737800828749375e-001
2941	1.561627614072426e-001	1.584893192461113e-001
3010	1.530848062307790e-001	1.548816618912481e-001
3060	1.495260121849757e-001	1.513561248436208e-001
3086	1.453004995349710e-001	1.479108388168208e-001
3093	1.416648149349230e-001	1.445439770745928e-001
3115	1.399570241859079e-001	1.412537544622755e-001
3283	1.365459297363254e-001	1.380384264602885e-001
3298	1.339385257542465e-001	1.348962882591654e-001
3326	1.289803168157144e-001	1.318256738556407e-001
3327	1.279896043265832e-001	1.288249551693134e-001
3360	1.222240986798666e-001	1.230268770812382e-001
3392	1.174959212313090e-001	1.202264434617413e-001
3399	1.155769303759834e-001	1.174897554939529e-001
3483	1.100896284784274e-001	1.122018454301964e-001
3553	1.069759830796971e-001	1.071519305237607e-001
3608	9.871501987255160e-002	1.000000000000000e-001
3617	9.632412782844391e-002	9.772372209558107e-002
3661	9.499925409989796e-002	9.549925860214359e-002
3937	9.325420650374217e-002	9.332543007969910e-002
3985	8.984518408477438e-002	9.120108393559097e-002
3987	8.906551515645611e-002	8.912509381337455e-002
4054	8.486973524912389e-002	8.511380382023763e-002
4062	8.287232931665700e-002	8.317637711026708e-002
4155	8.074480481813706e-002	8.128305161640990e-002
4195	7.848672120753819e-002	7.943282347242814e-002
4335	7.730687089158350e-002	7.762471166286916e-002
4401	7.191847889641967e-002	7.244359600749903e-002
4602	7.058623808922182e-002	7.079457843841380e-002
4744	6.594811507735121e-002	6.606934480075961e-002
4929	6.419978866859610e-002	6.456542290346556e-002
4949	6.084055269865363e-002	6.165950018614822e-002
4993	5.782284963241979e-002	5.888436553555890e-002
5122	5.678976123175550e-002	5.754399373371569e-002
5297	5.428648359785682e-002	5.495408738576246e-002
5337	5.222912857129614e-002	5.248074602497726e-002
5773	5.061036119818685e-002	5.128613839913648e-002
5895	4.975918100832333e-002	5.011872336272722e-002
6051	4.861033274711957e-002	4.897788193684461e-002
6196	4.758600672980662e-002	4.786300923226383e-002
6828	4.675398170947032e-002	4.677351412871982e-002
6832	4.557974202298321e-002	4.570881896148749e-002
7159	4.456426122852164e-002	4.466835921509630e-002
7410	4.329413256877968e-002	4.365158322401658e-002
7799	4.190745428683451e-002	4.265795188015926e-002
7904	4.166459538273948e-002	4.168693834703355e-002
8280	4.073036877700786e-002	4.073802778041128e-002
8683	3.929783508497342e-002	3.981071705534973e-002
9159	3.815133461208975e-002	3.890451449942807e-002
9167	3.797358501574744e-002	3.801893963205612e-002
9808	3.713034609613852e-002	3.715352290971726e-002
10418	3.604046336083011e-002	3.630780547701014e-002
10596	3.540263885355877e-002	3.548133892335755e-002
11533	3.462643336214888e-002	3.467368504525317e-002
11961	3.374581548477618e-002	3.388441561392026e-002
12088	3.308203378726393e-002	3.311311214825911e-002
13007	3.235848439205136e-002	3.235936569296283e-002
13327	3.153485470407769e-002	3.162277660168379e-002
13391	3.077208852135516e-002	3.090295432513590e-002
13828	3.009174793798308e-002	3.019951720402016e-002
14016	2.945221699716616e-002	2.951209226666385e-002
14598	2.869260841705046e-002	2.884031503126606e-002
14861	2.776210196731810e-002	2.818382931264454e-002
15313	2.751585793166844e-002	2.754228703338166e-002
15540	2.680571627588202e-002	2.691534803926915e-002
15832	2.619555928666884e-002	2.630267991895382e-002
16384	2.554587701839728e-002	2.570395782768863e-002
16853	2.510408204162640e-002	2.511886431509579e-002
17152	2.450112159682893e-002	2.454708915685030e-002
18035	2.389528790702211e-002	2.398832919019490e-002
18064	2.344199802519220e-002	2.344228815319923e-002
18920	2.290599058056142e-002	2.290867652767774e-002
20283	2.226257072531557e-002	2.238721138568340e-002
22551	2.184726588607655e-002	2.187761623949553e-002
22773	2.123419820472472e-002	2.137962089502233e-002
23809	2.088751960166213e-002	2.089296130854040e-002
24273	2.040660695146834e-002	2.041737944669530e-002
24579	1.984159559439647e-002	1.995262314968880e-002
25498	1.924152970641035e-002	1.949844599758046e-002
25709	1.904391955417062e-002	1.905460717963247e-002
28713	1.860768822688297e-002	1.862087136662868e-002
29530	1.808410673289218e-002	1.819700858609984e-002
31137	1.778205808170219e-002	1.778279410038923e-002
33372	1.737157693429303e-002	1.737800828749376e-002
36845	1.684949576741157e-002	1.698243652461744e-002
37673	1.659305778391951e-002	1.659586907437561e-002
37786	1.601692580706582e-002	1.621810097358930e-002
38893	1.584558578675099e-002	1.584893192461113e-002
40020	1.547711300227528e-002	1.548816618912481e-002
40376	1.513285980324941e-002	1.513561248436208e-002
42489	1.469697442091000e-002	1.479108388168207e-002
45351	1.443185454247287e-002	1.445439770745927e-002
47367	1.411862964035537e-002	1.412537544622754e-002
50011	1.368474075185400e-002	1.380384264602885e-002
53496	1.347724907281966e-002	1.348962882591653e-002
56872	1.316945764989275e-002	1.318256738556408e-002
58840	1.283208659407797e-002	1.288249551693134e-002
65478	1.248032731348425e-002	1.258925411794168e-002
69128	1.229865848840384e-002	1.230268770812382e-002
74409	1.197030377000086e-002	1.202264434617413e-002
80599	1.171120945400450e-002	1.174897554939530e-002
84436	1.139679053690590e-002	1.148153621496883e-002
87529	1.117278712944125e-002	1.122018454301964e-002
95583	1.095414431546526e-002	1.096478196143185e-002
99703	1.069410688235217e-002	1.071519305237607e-002
102463	1.031879331711572e-002	1.047128548050900e-002
105983	1.022654694702119e-002	1.023292992280754e-002
116054	9.983542219928587e-003	1.000000000000000e-002
124509	9.735674106200243e-003	9.772372209558112e-003
129802	9.546191662979875e-003	9.549925860214359e-003
140949	9.317425740948404e-003	9.332543007969915e-003
147571	8.885676675630561e-003	8.912509381337459e-003
162136	8.666612485912273e-003	8.709635899560805e-003
177821	8.502362536962793e-003	8.511380382023768e-003
189440	8.317526888278137e-003	8.317637711026709e-003
198795	8.127967496826649e-003	8.128305161640995e-003
200638	7.917340537475170e-003	7.943282347242814e-003
202861	7.757418532018834e-003	7.762471166286920e-003
207848	7.473296906506111e-003	7.585775750291836e-003
213049	7.374288807103002e-003	7.413102413009177e-003
217628	7.239201548906449e-003	7.244359600749898e-003
237224	7.078443951616387e-003	7.079457843841380e-003
245222	6.912777103630141e-003	6.918309709189363e-003
265318	6.722023799917265e-003	6.760829753919818e-003
274625	6.606865985294808e-003	6.606934480075957e-003
284126	6.453812540123005e-003	6.456542290346556e-003
308718	6.235260472812976e-003	6.309573444801930e-003
322880	5.684893849356443e-003	5.754399373371567e-003
327808	5.623394941083104e-003	5.623413251903491e-003
347488	5.494634321469016e-003	5.495408738576248e-003
366322	5.277313210094059e-003	5.370317963702527e-003
376752	5.242166225430722e-003	5.248074602497728e-003
412117	5.126185713297482e-003	5.128613839913648e-003
430016	4.975699270357126e-003	5.011872336272725e-003
460370	4.885335540723235e-003	4.897788193684461e-003
461995	4.774172347256078e-003	4.786300923226385e-003
474346	4.677116910348889e-003	4.677351412871981e-003
494569	4.570171286158664e-003	4.570881896148752e-003
500001	4.540490574613476e-003	4.570881896148752e-003
%
% index = 1175, name = bbob_f001_i13_d05__bbob_f017_i14_d05
% instance = 6, reference value = 8.891282021927250e-001
% function evaluation | indicator value | target hit
1	4.554084664162234e+013	4.570881896148752e+013
2	3.930133317184354e+004	3.981071705534969e+004
3	1.644188323102441e+004	1.659586907437560e+004
5	6.132863357947832e+003	6.165950018614823e+003
10	3.711117376596897e+003	3.715352290971724e+003
22	2.045790352122045e+003	2.089296130854039e+003
37	9.900203650291247e+002	1.000000000000000e+003
41	6.385656611921814e+002	6.456542290346556e+002
361	3.407737338506960e+002	3.467368504525317e+002
608	8.790383620607496e+001	8.912509381337455e+001
639	3.211266328857733e+001	3.235936569296283e+001
713	2.071069499192637e+001	2.089296130854040e+001
1002	1.452911646820435e+001	1.479108388168207e+001
1040	1.320524464217761e+001	1.348962882591653e+001
1079	7.869862025521049e+000	7.943282347242816e+000
1106	2.447152210606999e+000	2.454708915685031e+000
1320	9.671637939667249e-001	9.772372209558107e-001
1679	8.365306212353657e-001	8.511380382023764e-001
1692	7.954040541330576e-001	8.128305161640993e-001
1736	7.065438436311162e-001	7.079457843841379e-001
1837	6.547164835453888e-001	6.606934480075960e-001
1884	6.310811734130144e-001	6.456542290346555e-001
1921	6.203851216434413e-001	6.309573444801933e-001
1962	4.990956174492239e-001	5.011872336272722e-001
2013	4.366907114749997e-001	4.466835921509632e-001
2064	4.295352618534409e-001	4.365158322401660e-001
2101	4.201748143165632e-001	4.265795188015927e-001
2117	3.283053079790002e-001	3.311311214825911e-001
2164	3.040227653591315e-001	3.090295432513591e-001
2241	2.854097877494294e-001	2.884031503126606e-001
2274	2.658375587226628e-001	2.691534803926916e-001
2480	2.562351101013253e-001	2.570395782768864e-001
2496	2.476851317501320e-001	2.511886431509580e-001
2549	2.337937833897515e-001	2.344228815319922e-001
2563	2.143864380615320e-001	2.187761623949552e-001
2580	2.038874892179639e-001	2.041737944669530e-001
2664	1.992893880018313e-001	1.995262314968880e-001
2749	1.811828839921104e-001	1.819700858609984e-001
2804	1.658172770864896e-001	1.659586907437561e-001
2838	1.551245825290245e-001	1.584893192461113e-001
2846	1.546659315572512e-001	1.548816618912481e-001
2855	1.512057719519570e-001	1.513561248436208e-001
2898	1.459606622822558e-001	1.479108388168208e-001
2900	1.442237414500014e-001	1.445439770745928e-001
2950	1.407703954517265e-001	1.412537544622755e-001
2967	1.330186704755737e-001	1.348962882591654e-001
3057	1.270232479993448e-001	1.288249551693134e-001
3167	1.252187917626818e-001	1.258925411794167e-001
3241	1.224511219562416e-001	1.230268770812382e-001
3273	1.199297704924301e-001	1.202264434617413e-001
3413	1.158102770053574e-001	1.174897554939529e-001
3528	1.068241318463732e-001	1.071519305237607e-001
3606	1.045616208323804e-001	1.047128548050900e-001
3803	1.013614747102463e-001	1.023292992280754e-001
3870	9.779554548157854e-002	1.000000000000000e-001
3929	9.750522476124879e-002	9.772372209558107e-002
4117	9.533266452422984e-002	9.549925860214359e-002
4206	9.317969293621731e-002	9.332543007969910e-002
4380	9.100500756904117e-002	9.120108393559097e-002
4587	8.864896799474853e-002	8.912509381337455e-002
4700	8.698792487335971e-002	8.709635899560805e-002
4982	8.494111174316543e-002	8.511380382023763e-002
5287	8.191314947620632e-002	8.317637711026708e-002
5360	8.097909755986066e-002	8.128305161640990e-002
5408	7.922805355964946e-002	7.943282347242814e-002
5449	7.711192093595343e-002	7.762471166286916e-002
5667	7.174599008254612e-002	7.244359600749903e-002
5711	6.835324293670686e-002	6.918309709189366e-002
5759	6.533676522792864e-002	6.606934480075961e-002
6222	6.436774598018424e-002	6.456542290346556e-002
6355	6.282310050062623e-002	6.309573444801933e-002
6367	6.150235731255205e-002	6.165950018614822e-002
6522	5.969159128427548e-002	6.025595860743578e-002
7141	5.876201063280817e-002	5.888436553555890e-002
7709	5.753403968511872e-002	5.754399373371569e-002
8055	5.600417839856120e-002	5.623413251903491e-002
8309	5.445794145548177e-002	5.495408738576246e-002
8559	5.303327903254251e-002	5.370317963702527e-002
9304	5.234534238575117e-002	5.248074602497726e-002
9483	5.116366705690634e-002	5.128613839913648e-002
9514	4.746390912334386e-002	4.786300923226383e-002
9952	4.590113009063734e-002	4.677351412871982e-002
10008	4.568682125792900e-002	4.570881896148749e-002
10215	4.464386189517788e-002	4.466835921509630e-002
10499	4.239543979437765e-002	4.265795188015926e-002
10564	4.150738202949789e-002	4.168693834703355e-002
10952	4.060098726030947e-002	4.073802778041128e-002
11393	3.977274744114601e-002	3.981071705534973e-002
11940	3.858501064353448e-002	3.890451449942807e-002
12271	3.768026150748194e-002	3.801893963205612e-002
12316	3.629150753004007e-002	3.630780547701014e-002
13415	3.536295748373575e-002	3.548133892335755e-002
13813	3.444741330911261e-002	3.467368504525317e-002
14012	3.381921769806318e-002	3.388441561392026e-002
14436	3.308676265742960e-002	3.311311214825911e-002
14678	3.234003298704269e-002	3.235936569296283e-002
14935	3.159714584896023e-002	3.162277660168379e-002
15781	3.071586060178611e-002	3.090295432513590e-002
16699	3.017398342398148e-002	3.019951720402016e-002
17473	2.950997243855014e-002	2.951209226666385e-002
18452	2.883848196386107e-002	2.884031503126606e-002
18827	2.815224659187809e-002	2.818382931264454e-002
19630	2.746186448148902e-002	2.754228703338166e-002
19961	2.659247689887034e-002	2.691534803926915e-002
20405	2.605111248827130e-002	2.630267991895382e-002
22063	2.557454391662095e-002	2.570395782768863e-002
23263	2.511877788720152e-002	2.511886431509579e-002
24084	2.436540350651750e-002	2.454708915685030e-002
25181	2.374620488526924e-002	2.398832919019490e-002
25869	2.332462841806815e-002	2.344228815319923e-002
26633	2.285040919305403e-002	2.290867652767774e-002
28299	2.215250932554824e-002	2.238721138568340e-002
28992	2.179070841121955e-002	2.187761623949553e-002
29674	2.113242490418243e-002	2.137962089502233e-002
30184	2.067295247685341e-002	2.089296130854040e-002
32898	2.041695660796195e-002	2.041737944669530e-002
33991	1.992919095449020e-002	1.995262314968880e-002
36145	1.943041337067730e-002	1.949844599758046e-002
37329	1.902043860696356e-002	1.905460717963247e-002
41046	1.861823249967909e-002	1.862087136662868e-002
44658	1.817512378522923e-002	1.819700858609984e-002
47405	1.765283558043806e-002	1.778279410038923e-002
51095	1.737698867368409e-002	1.737800828749376e-002
54314	1.697709093446642e-002	1.698243652461744e-002
60028	1.659357794889349e-002	1.659586907437561e-002
63137	1.597950954227889e-002	1.621810097358930e-002
63834	1.579139289412723e-002	1.584893192461113e-002
66565	1.548093912747883e-002	1.548816618912481e-002
69167	1.511274243890903e-002	1.513561248436208e-002
74694	1.478173604793109e-002	1.479108388168207e-002
76240	1.442290352349340e-002	1.445439770745927e-002
78995	1.374402238662642e-002	1.380384264602885e-002
88389	1.348682262609835e-002	1.348962882591653e-002
91129	1.317160671877193e-002	1.318256738556408e-002
92269	1.275036002515551e-002	1.288249551693134e-002
92606	1.257225189667632e-002	1.258925411794168e-002
96260	1.221636976550800e-002	1.230268770812382e-002
97335	1.200980206734137e-002	1.202264434617413e-002
99941	1.169091685870360e-002	1.174897554939530e-002
105133	1.145645751188651e-002	1.148153621496883e-002
108361	1.121416620560112e-002	1.122018454301964e-002
109300	1.093322616565606e-002	1.096478196143185e-002
113683	1.066740436080216e-002	1.071519305237607e-002
120131	1.045671691725025e-002	1.047128548050900e-002
122643	1.023178594961383e-002	1.023292992280754e-002
127490	9.945833330837761e-003	1.000000000000000e-002
130012	9.747763253945774e-003	9.772372209558112e-003
138981	9.348025952070849e-003	9.549925860214359e-003
140455	9.332491738027637e-003	9.332543007969915e-003
147790	9.019195458102258e-003	9.120108393559097e-003
151744	8.894676575868510e-003	8.912509381337459e-003
155021	8.700098819139135e-003	8.709635899560805e-003
161990	8.489902890165046e-003	8.511380382023768e-003
171749	8.312720696160847e-003	8.317637711026709e-003
174415	8.128059298766366e-003	8.128305161640995e-003
178670	7.882606647157009e-003	7.943282347242814e-003
182250	7.691664511019325e-003	7.762471166286920e-003
192365	7.541725167369062e-003	7.585775750291836e-003
195041	7.411469498429857e-003	7.413102413009177e-003
199707	7.219582523591783e-003	7.244359600749898e-003
205940	7.026636297448818e-003	7.079457843841380e-003
212468	6.897182318535422e-003	6.918309709189363e-003
229195	6.751848662867266e-003	6.760829753919818e-003
241403	6.606606699766426e-003	6.606934480075957e-003
251245	6.416989702577092e-003	6.456542290346556e-003
253005	6.281794985579348e-003	6.309573444801930e-003
257111	6.149103868328454e-003	6.165950018614822e-003
269377	6.005112983913485e-003	6.025595860743574e-003
273511	5.872538508261860e-003	5.888436553555890e-003
285879	5.747551120196870e-003	5.754399373371567e-003
290960	5.623032139595141e-003	5.623413251903491e-003
296267	5.460833099362072e-003	5.495408738576248e-003
308149	5.302480218144834e-003	5.370317963702527e-003
315050	5.245113154629943e-003	5.248074602497728e-003
334531	5.123888300621937e-003	5.128613839913648e-003
340113	4.982482039705638e-003	5.011872336272725e-003
348769	4.860642485434719e-003	4.897788193684461e-003
352359	4.754134707155355e-003	4.786300923226385e-003
362257	4.658374804370036e-003	4.677351412871981e-003
390875	4.559720960705116e-003	4.570881896148752e-003
404222	4.444751745535713e-003	4.466835921509631e-003
413694	4.346740463637144e-003	4.365158322401661e-003
422338	4.262423192015974e-003	4.265795188015926e-003
424833	4.168498709731683e-003	4.168693834703355e-003
448419	4.068910214709565e-003	4.073802778041126e-003
455220	3.979320853995882e-003	3.981071705534973e-003
459995	3.807843563379820e-003	3.890451449942805e-003
461192	3.794390056530816e-003	3.801893963205613e-003
497857	3.707417894061593e-003	3.715352290971724e-003
500001	3.693561983076688e-003	3.715352290971724e-003
%
% index = 1176, name = bbob_f001_i15_d05__bbob_f017_i16_d05
% instance = 7, reference value = 9.018914528864880e-001
% function evaluation | indicator value | target hit
1	2.937017462658789e+004	2.951209226666384e+004
6	1.387054612607083e+004	1.412537544622756e+004
7	1.709607048454844e+003	1.737800828749376e+003
12	1.197635547865081e+003	1.202264434617413e+003
37	1.032899284027661e+003	1.047128548050900e+003
41	1.634164540332823e+002	1.659586907437561e+002
395	1.152903019997199e+002	1.174897554939529e+002
581	1.119739939144952e+002	1.122018454301963e+002
582	5.597908452156366e+001	5.623413251903491e+001
587	3.759903821885931e+001	3.801893963205612e+001
789	3.244266008320270e+001	3.311311214825911e+001
794	2.562397207950719e+001	2.570395782768863e+001
890	8.516151668284834e+000	8.709635899560805e+000
1152	6.665913434478136e+000	6.760829753919817e+000
1242	4.109142763498725e+000	4.168693834703354e+000
1265	2.386705750793988e+000	2.398832919019490e+000
1367	1.146162760192988e+000	1.148153621496883e+000
1528	9.298507879724879e-001	9.332543007969910e-001
1809	7.729852302225960e-001	7.762471166286917e-001
1844	7.008338119886164e-001	7.079457843841379e-001
1846	6.590251808100350e-001	6.606934480075960e-001
1850	6.237435113184212e-001	6.309573444801933e-001
1855	5.943821965902978e-001	6.025595860743578e-001
1858	5.843445510353236e-001	5.888436553555889e-001
1891	5.402995967394415e-001	5.495408738576245e-001
1906	5.293069858339814e-001	5.370317963702527e-001
1925	5.045816360445831e-001	5.128613839913648e-001
1950	4.867978117943258e-001	4.897788193684462e-001
1961	4.723712265283616e-001	4.786300923226383e-001
1967	4.096175403789418e-001	4.168693834703354e-001
1980	3.723797583460551e-001	3.801893963205612e-001
1985	3.632084902606199e-001	3.715352290971726e-001
1997	3.191366158573157e-001	3.235936569296283e-001
2020	2.936898475459664e-001	2.951209226666385e-001
2042	2.863602602696317e-001	2.884031503126606e-001
2049	2.769016333580908e-001	2.818382931264454e-001
2072	2.658789830268599e-001	2.691534803926916e-001
2151	2.469751241383122e-001	2.511886431509580e-001
2235	2.346729163381256e-001	2.398832919019490e-001
2292	1.869859858740823e-001	1.905460717963247e-001
2330	1.857883020924370e-001	1.862087136662868e-001
2348	1.784830799684608e-001	1.819700858609984e-001
2353	1.775114407628411e-001	1.778279410038923e-001
2422	1.661439679715150e-001	1.698243652461744e-001
2444	1.646808826612568e-001	1.659586907437561e-001
2459	1.619366642526151e-001	1.621810097358930e-001
2470	1.525439102442057e-001	1.548816618912481e-001
2488	1.508390846925407e-001	1.513561248436208e-001
2502	1.476960321299403e-001	1.479108388168208e-001
2513	1.413611205180013e-001	1.445439770745928e-001
2519	1.408713210159003e-001	1.412537544622755e-001
2520	1.368610823589399e-001	1.380384264602885e-001
2586	1.307292127288026e-001	1.318256738556407e-001
2707	1.284192814082030e-001	1.288249551693134e-001
2731	1.241359150987276e-001	1.258925411794167e-001
2797	1.230151404434874e-001	1.230268770812382e-001
2858	1.200422110628239e-001	1.202264434617413e-001
2872	1.162305060203777e-001	1.174897554939529e-001
2916	1.147405047379649e-001	1.148153621496883e-001
2947	1.118755567270688e-001	1.122018454301964e-001
2961	1.051576531414790e-001	1.071519305237607e-001
2982	1.044912429320415e-001	1.047128548050900e-001
3008	1.013460140370840e-001	1.023292992280754e-001
3045	9.220693148729364e-002	9.332543007969910e-002
3083	9.118380456090702e-002	9.120108393559097e-002
3099	8.899174031502966e-002	8.912509381337455e-002
3152	8.625429552665109e-002	8.709635899560805e-002
3232	8.395967594114395e-002	8.511380382023763e-002
3316	8.285964698076986e-002	8.317637711026708e-002
3488	7.921552740502291e-002	7.943282347242814e-002
3531	7.757143969687663e-002	7.762471166286916e-002
3677	7.471396552799192e-002	7.585775750291836e-002
3711	7.351392774081378e-002	7.413102413009177e-002
3791	7.234819598487075e-002	7.244359600749903e-002
3841	7.073448950757089e-002	7.079457843841380e-002
3850	6.653983644023265e-002	6.760829753919818e-002
3873	6.529393323377852e-002	6.606934480075961e-002
3945	6.441815094862735e-002	6.456542290346556e-002
4058	6.309342298652432e-002	6.309573444801933e-002
4287	6.156530558395956e-002	6.165950018614822e-002
4377	5.960984693730431e-002	6.025595860743578e-002
4486	5.809207072869549e-002	5.888436553555890e-002
4516	5.722167686109081e-002	5.754399373371569e-002
4671	5.498890889475938e-002	5.623413251903491e-002
4707	5.480153675430699e-002	5.495408738576246e-002
4940	5.362042441550818e-002	5.370317963702527e-002
5192	5.215633984999957e-002	5.248074602497726e-002
5304	5.072069086931708e-002	5.128613839913648e-002
5541	5.001017532501051e-002	5.011872336272722e-002
5669	4.886927853826972e-002	4.897788193684461e-002
5862	4.783454663245079e-002	4.786300923226383e-002
6038	4.664121107062236e-002	4.677351412871982e-002
6235	4.535582317398634e-002	4.570881896148749e-002
6487	4.433682177279674e-002	4.466835921509630e-002
6823	4.345266488478305e-002	4.365158322401658e-002
7172	4.097241943959651e-002	4.168693834703355e-002
7317	4.012675418431999e-002	4.073802778041128e-002
7709	3.979719824317995e-002	3.981071705534973e-002
8284	3.833892298550057e-002	3.890451449942807e-002
8680	3.759116599383205e-002	3.801893963205612e-002
8959	3.709535128262143e-002	3.715352290971726e-002
9755	3.576224662158989e-002	3.630780547701014e-002
9819	3.546596317809192e-002	3.548133892335755e-002
10596	3.466400083157040e-002	3.467368504525317e-002
11855	3.379814840249007e-002	3.388441561392026e-002
12840	3.301804418894605e-002	3.311311214825911e-002
13005	3.210361212716961e-002	3.235936569296283e-002
13695	3.138981626311910e-002	3.162277660168379e-002
13953	2.962247029417908e-002	3.019951720402016e-002
14781	2.943678186916110e-002	2.951209226666385e-002
14996	2.880944206266278e-002	2.884031503126606e-002
15560	2.807430009415601e-002	2.818382931264454e-002
17136	2.753447530770803e-002	2.754228703338166e-002
17863	2.690297195735292e-002	2.691534803926915e-002
19355	2.613818288812009e-002	2.630267991895382e-002
20198	2.559032528008831e-002	2.570395782768863e-002
21501	2.489895417419352e-002	2.511886431509579e-002
21738	2.432415526170051e-002	2.454708915685030e-002
23428	2.388222185922528e-002	2.398832919019490e-002
24303	2.334042506450385e-002	2.344228815319923e-002
24446	2.286877537149157e-002	2.290867652767774e-002
25965	2.236359166295543e-002	2.238721138568340e-002
28022	2.154715040328814e-002	2.187761623949553e-002
29378	2.126554043516349e-002	2.137962089502233e-002
31136	2.087494114645561e-002	2.089296130854040e-002
33960	2.036746747398976e-002	2.041737944669530e-002
34356	1.990262163099288e-002	1.995262314968880e-002
35454	1.949434312642429e-002	1.949844599758046e-002
38701	1.905222273846829e-002	1.905460717963247e-002
41370	1.855780688835851e-002	1.862087136662868e-002
44417	1.814973389140973e-002	1.819700858609984e-002
44902	1.777594445058039e-002	1.778279410038923e-002
47788	1.737740620458050e-002	1.737800828749376e-002
50461	1.697277239814532e-002	1.698243652461744e-002
53254	1.653412209453664e-002	1.659586907437561e-002
54846	1.620763064637754e-002	1.621810097358930e-002
56116	1.582226232501949e-002	1.584893192461113e-002
56970	1.511923287848416e-002	1.513561248436208e-002
59008	1.478008115166785e-002	1.479108388168207e-002
60412	1.444169652066141e-002	1.445439770745927e-002
62131	1.411677386041277e-002	1.412537544622754e-002
65098	1.377511205869053e-002	1.380384264602885e-002
66983	1.347887238387058e-002	1.348962882591653e-002
69270	1.316377812335468e-002	1.318256738556408e-002
71253	1.287712132038299e-002	1.288249551693134e-002
73008	1.256491491649980e-002	1.258925411794168e-002
76935	1.227827939251869e-002	1.230268770812382e-002
81598	1.194502590883240e-002	1.202264434617413e-002
82472	1.164078603953145e-002	1.174897554939530e-002
83626	1.141132304874382e-002	1.148153621496883e-002
86099	1.121949607962947e-002	1.122018454301964e-002
91270	1.092961409743565e-002	1.096478196143185e-002
95026	1.066829586224827e-002	1.071519305237607e-002
97187	1.046915897301770e-002	1.047128548050900e-002
99621	1.020245797730068e-002	1.023292992280754e-002
103821	9.997503408677777e-003	1.000000000000000e-002
110843	9.768565168937538e-003	9.772372209558112e-003
116770	9.530135432191944e-003	9.549925860214359e-003
123215	9.237108732764954e-003	9.332543007969915e-003
125632	9.118347032650798e-003	9.120108393559097e-003
133576	8.910176015843652e-003	8.912509381337459e-003
140051	8.708469293459253e-003	8.709635899560805e-003
143041	8.510851161746769e-003	8.511380382023768e-003
148496	8.315328185389270e-003	8.317637711026709e-003
155920	8.106775173825076e-003	8.128305161640995e-003
160605	7.929520473602292e-003	7.943282347242814e-003
172161	7.749022231215985e-003	7.762471166286920e-003
180597	7.577304928309769e-003	7.585775750291836e-003
184985	7.412168130247143e-003	7.413102413009177e-003
191936	7.244233051725058e-003	7.244359600749898e-003
205626	7.057758252166813e-003	7.079457843841380e-003
214632	6.881784631398991e-003	6.918309709189363e-003
223817	6.750045017748674e-003	6.760829753919818e-003
231727	6.602879976898013e-003	6.606934480075957e-003
234490	6.432992230247958e-003	6.456542290346556e-003
242434	6.302385920023745e-003	6.309573444801930e-003
260897	6.147235534049278e-003	6.165950018614822e-003
269354	6.017596799452685e-003	6.025595860743574e-003
288047	5.886805695733743e-003	5.888436553555890e-003
307163	5.752057348916928e-003	5.754399373371567e-003
319391	5.617394800501940e-003	5.623413251903491e-003
352777	5.493654548458737e-003	5.495408738576248e-003
374174	5.369907386136630e-003	5.370317963702527e-003
402337	5.213383134996308e-003	5.248074602497728e-003
410528	5.120027795075255e-003	5.128613839913648e-003
424964	4.968285717734333e-003	5.011872336272725e-003
443955	4.897586878685023e-003	4.897788193684461e-003
477534	4.785995412859845e-003	4.786300923226385e-003
500001	4.703618390984876e-003	4.786300923226385e-003
%
% index = 1177, name = bbob_f001_i17_d05__bbob_f017_i18_d05
% instance = 8, reference value = 9.132637693886040e-001
% function evaluation | indicator value | target hit
1	2.924321588442544e+004	2.951209226666384e+004
4	5.222057432461000e+003	5.248074602497728e+003
15	1.398651041692528e+003	1.412537544622754e+003
200	9.753500543403926e+002	9.772372209558112e+002
351	9.002610766721783e+002	9.120108393559096e+002
410	2.986774568570691e+002	3.019951720402016e+002
546	2.678345136236624e+002	2.691534803926917e+002
625	2.232735067595542e+002	2.238721138568340e+002
669	2.029859677283888e+002	2.041737944669530e+002
684	7.831436089297067e+001	7.943282347242814e+001
788	7.097998469359320e+001	7.244359600749903e+001
944	5.088725809184595e+001	5.128613839913648e+001
950	1.098899383657576e+001	1.122018454301964e+001
1059	1.081988065161858e+001	1.096478196143185e+001
1181	6.642313143603159e+000	6.760829753919817e+000
1188	5.692016145197312e+000	5.754399373371570e+000
1214	4.014648791413104e+000	4.073802778041127e+000
1236	3.196503457750347e+000	3.235936569296283e+000
1324	2.394652627740104e+000	2.398832919019490e+000
1478	1.464296946945104e+000	1.479108388168207e+000
1577	1.279227211636965e+000	1.288249551693134e+000
1594	8.314092489798467e-001	8.317637711026710e-001
1695	7.342855858412570e-001	7.413102413009175e-001
1739	5.222428142210303e-001	5.248074602497725e-001
1916	5.125757605047565e-001	5.128613839913648e-001
1970	4.361648079108905e-001	4.365158322401660e-001
2109	4.178527652518653e-001	4.265795188015927e-001
2124	4.145250884553091e-001	4.168693834703354e-001
2166	3.904161455614713e-001	3.981071705534973e-001
2174	3.652209753998653e-001	3.715352290971726e-001
2178	3.581937120192673e-001	3.630780547701014e-001
2182	3.529739081078729e-001	3.548133892335755e-001
2228	3.447009585646202e-001	3.467368504525316e-001
2235	3.319815516513770e-001	3.388441561392026e-001
2251	3.239271998870330e-001	3.311311214825911e-001
2287	2.843564999920368e-001	2.884031503126606e-001
2290	2.669097607573423e-001	2.691534803926916e-001
2311	2.615526210733008e-001	2.630267991895382e-001
2348	2.523719628989010e-001	2.570395782768864e-001
2357	2.489155251657342e-001	2.511886431509580e-001
2363	2.341356480981143e-001	2.344228815319922e-001
2390	2.115852088768399e-001	2.137962089502232e-001
2406	2.036382689968321e-001	2.041737944669530e-001
2419	1.976296039510846e-001	1.995262314968880e-001
2447	1.929365066266180e-001	1.949844599758046e-001
2503	1.899560525660555e-001	1.905460717963247e-001
2559	1.854066030453171e-001	1.862087136662868e-001
2573	1.798221089427236e-001	1.819700858609984e-001
2620	1.759797837022348e-001	1.778279410038923e-001
2639	1.574898516412626e-001	1.584893192461113e-001
2643	1.530505456110403e-001	1.548816618912481e-001
2656	1.498471289497834e-001	1.513561248436208e-001
2706	1.457427448855752e-001	1.479108388168208e-001
2723	1.407409771771233e-001	1.412537544622755e-001
2779	1.368062044536058e-001	1.380384264602885e-001
2809	1.343552482101323e-001	1.348962882591654e-001
2819	1.300191843540729e-001	1.318256738556407e-001
2906	1.287612879804515e-001	1.288249551693134e-001
2932	1.250293118038086e-001	1.258925411794167e-001
2956	1.214377434578854e-001	1.230268770812382e-001
2981	1.189870868235106e-001	1.202264434617413e-001
3007	1.169992942084863e-001	1.174897554939529e-001
3044	1.113024850926168e-001	1.122018454301964e-001
3053	1.059930674689117e-001	1.071519305237607e-001
3124	1.014579155522245e-001	1.023292992280754e-001
3332	9.994957819400252e-002	1.000000000000000e-001
3347	9.762897358289913e-002	9.772372209558107e-002
3373	9.163485577300867e-002	9.332543007969910e-002
3388	8.817564957500390e-002	8.912509381337455e-002
3618	8.699172045022530e-002	8.709635899560805e-002
3744	8.387087484644906e-002	8.511380382023763e-002
3747	8.224203687829013e-002	8.317637711026708e-002
3792	8.078881089380341e-002	8.128305161640990e-002
3806	7.910549776907350e-002	7.943282347242814e-002
3856	7.734589338586395e-002	7.762471166286916e-002
3907	7.323784014955292e-002	7.413102413009177e-002
3946	7.150328684846041e-002	7.244359600749903e-002
4039	7.072335508985406e-002	7.079457843841380e-002
4158	6.860028803479445e-002	6.918309709189366e-002
4247	6.649448968762972e-002	6.760829753919818e-002
4393	6.484850388001884e-002	6.606934480075961e-002
4438	6.330526828073479e-002	6.456542290346556e-002
4495	6.187386021071717e-002	6.309573444801933e-002
4511	6.125020589872710e-002	6.165950018614822e-002
4553	6.015464330497833e-002	6.025595860743578e-002
4890	5.875986167352842e-002	5.888436553555890e-002
4899	5.739200316684667e-002	5.754399373371569e-002
4996	5.552040663081448e-002	5.623413251903491e-002
5127	5.397360832743359e-002	5.495408738576246e-002
5137	5.356972277643468e-002	5.370317963702527e-002
5316	5.233517436456281e-002	5.248074602497726e-002
5657	5.125716667982150e-002	5.128613839913648e-002
5692	5.007391472176737e-002	5.011872336272722e-002
5711	4.884470921403961e-002	4.897788193684461e-002
5994	4.739359359715956e-002	4.786300923226383e-002
6074	4.632507341643510e-002	4.677351412871982e-002
6330	4.527669639386089e-002	4.570881896148749e-002
6503	4.466225711602878e-002	4.466835921509630e-002
6797	4.364999943126957e-002	4.365158322401658e-002
7235	4.258248453468116e-002	4.265795188015926e-002
7278	4.163376996663870e-002	4.168693834703355e-002
7602	4.067146769584606e-002	4.073802778041128e-002
8224	3.960872738746513e-002	3.981071705534973e-002
9119	3.882341536413925e-002	3.890451449942807e-002
9351	3.766999517310965e-002	3.801893963205612e-002
9947	3.694519488638759e-002	3.715352290971726e-002
10323	3.627112774408592e-002	3.630780547701014e-002
10613	3.546455154562156e-002	3.548133892335755e-002
11034	3.447902803676395e-002	3.467368504525317e-002
11326	3.347799401259188e-002	3.388441561392026e-002
11629	3.293121887430184e-002	3.311311214825911e-002
12335	3.203129691491513e-002	3.235936569296283e-002
12457	3.120318613530726e-002	3.162277660168379e-002
12759	3.051995189167456e-002	3.090295432513590e-002
13144	3.014845587817649e-002	3.019951720402016e-002
13799	2.900410278824239e-002	2.951209226666385e-002
13981	2.861378146105653e-002	2.884031503126606e-002
14743	2.812307606560982e-002	2.818382931264454e-002
15329	2.732682527508623e-002	2.754228703338166e-002
15708	2.665930133621575e-002	2.691534803926915e-002
16248	2.626991435260717e-002	2.630267991895382e-002
16599	2.559696209247930e-002	2.570395782768863e-002
17518	2.511702525500759e-002	2.511886431509579e-002
18079	2.446591638561391e-002	2.454708915685030e-002
19649	2.398408676390840e-002	2.398832919019490e-002
20536	2.343267629573520e-002	2.344228815319923e-002
21826	2.279765989663407e-002	2.290867652767774e-002
22714	2.238475087375602e-002	2.238721138568340e-002
24738	2.180624875716375e-002	2.187761623949553e-002
26051	2.105525343115244e-002	2.137962089502233e-002
26394	2.076608126446700e-002	2.089296130854040e-002
28323	2.038661375117568e-002	2.041737944669530e-002
32210	1.994433863247458e-002	1.995262314968880e-002
33251	1.947645280056709e-002	1.949844599758046e-002
34626	1.870380744257283e-002	1.905460717963247e-002
35037	1.844344326704439e-002	1.862087136662868e-002
36848	1.816865046969662e-002	1.819700858609984e-002
40306	1.777960842322945e-002	1.778279410038923e-002
42077	1.732356270705560e-002	1.737800828749376e-002
45297	1.696532447555577e-002	1.698243652461744e-002
45708	1.652306903202316e-002	1.659586907437561e-002
46692	1.621689739944732e-002	1.621810097358930e-002
49584	1.576661746375763e-002	1.584893192461113e-002
52538	1.543347100384396e-002	1.548816618912481e-002
55095	1.508461560949470e-002	1.513561248436208e-002
61652	1.477387148277642e-002	1.479108388168207e-002
63264	1.438556351134379e-002	1.445439770745927e-002
63306	1.402682014747592e-002	1.412537544622754e-002
65815	1.378903286468980e-002	1.380384264602885e-002
68455	1.335006112388415e-002	1.348962882591653e-002
69948	1.315449649684886e-002	1.318256738556408e-002
76098	1.288247960694455e-002	1.288249551693134e-002
80785	1.257203497484294e-002	1.258925411794168e-002
81651	1.219050815757961e-002	1.230268770812382e-002
86477	1.197753604791596e-002	1.202264434617413e-002
93362	1.169313406210237e-002	1.174897554939530e-002
102905	1.147478398552437e-002	1.148153621496883e-002
104677	1.120688906548351e-002	1.122018454301964e-002
113133	1.096427645713705e-002	1.096478196143185e-002
118635	1.068611497716843e-002	1.071519305237607e-002
126221	1.047047078017627e-002	1.047128548050900e-002
136050	1.022635721557330e-002	1.023292992280754e-002
150471	9.992737952761677e-003	1.000000000000000e-002
154750	9.770325731924268e-003	9.772372209558112e-003
177366	9.527799344208665e-003	9.549925860214359e-003
192361	9.332429387810759e-003	9.332543007969915e-003
200451	9.067333586534887e-003	9.120108393559097e-003
205230	8.904022193894412e-003	8.912509381337459e-003
209733	8.703346578218141e-003	8.709635899560805e-003
218977	8.441275332187304e-003	8.511380382023768e-003
228659	8.255246991508924e-003	8.317637711026709e-003
232398	8.060513885821186e-003	8.128305161640995e-003
238905	7.940537072607889e-003	7.943282347242814e-003
254044	7.761539785948846e-003	7.762471166286920e-003
264762	7.580494536895799e-003	7.585775750291836e-003
281219	7.410994196187182e-003	7.413102413009177e-003
292798	7.205374500194539e-003	7.244359600749898e-003
302138	7.069544875269118e-003	7.079457843841380e-003
315797	6.905513334013902e-003	6.918309709189363e-003
333795	6.753666290230553e-003	6.760829753919818e-003
345022	6.606881649615426e-003	6.606934480075957e-003
359337	6.451288719947379e-003	6.456542290346556e-003
369486	6.308188686032668e-003	6.309573444801930e-003
393766	6.138154544666929e-003	6.165950018614822e-003
404777	6.023200070596868e-003	6.025595860743574e-003
415975	5.826918783265467e-003	5.888436553555890e-003
418297	5.752222147187069e-003	5.754399373371567e-003
434061	5.608807034104935e-003	5.623413251903491e-003
460023	5.492635166034154e-003	5.495408738576248e-003
492098	5.369716423349935e-003	5.370317963702527e-003
500001	5.308543243752628e-003	5.370317963702527e-003
%
% index = 1178, name = bbob_f001_i19_d05__bbob_f017_i21_d05
% instance = 9, reference value = 8.339322223748680e-001
% function evaluation | indicator value | target hit
1	2.859377124828978e+011	2.884031503126611e+011
2	9.069374439436583e+006	9.120108393559096e+006
3	1.558647382219411e+004	1.584893192461114e+004
4	8.831786730922933e+003	8.912509381337459e+003
5	5.905424709888770e+003	6.025595860743575e+003
10	7.012708428250597e+002	7.079457843841381e+002
219	5.206120217462456e+002	5.248074602497728e+002
253	2.998498455805187e+002	3.019951720402016e+002
264	9.632255232963732e+001	9.772372209558107e+001
414	2.612330714577234e+001	2.630267991895381e+001
948	1.768071262523242e+001	1.778279410038923e+001
971	7.568932524168535e+000	7.585775750291838e+000
1103	2.110457120519868e+000	2.137962089502232e+000
1164	1.848276720962868e+000	1.862087136662868e+000
1298	1.704632429479562e+000	1.737800828749375e+000
1350	1.381079351676868e+000	1.412537544622754e+000
1522	1.152724321227868e+000	1.174897554939530e+000
1580	9.471951234795129e-001	9.549925860214360e-001
1680	8.322580219376962e-001	8.511380382023764e-001
1720	8.073814224702214e-001	8.128305161640993e-001
1772	4.839702532636426e-001	4.897788193684462e-001
1949	4.672064430795951e-001	4.677351412871982e-001
2081	3.477122556366289e-001	3.548133892335755e-001
2199	3.466971661985446e-001	3.467368504525316e-001
2248	3.143894661425369e-001	3.162277660168379e-001
2286	2.846167492895186e-001	2.884031503126606e-001
2303	2.377417787486680e-001	2.398832919019490e-001
2364	2.325032204757492e-001	2.344228815319922e-001
2407	2.273125415775624e-001	2.290867652767773e-001
2530	2.192615035188621e-001	2.238721138568340e-001
2539	2.169979547224781e-001	2.187761623949552e-001
2591	2.124208022544086e-001	2.137962089502232e-001
2599	2.040740523959461e-001	2.041737944669530e-001
2632	1.916631356945997e-001	1.949844599758046e-001
2640	1.864817488649428e-001	1.905460717963247e-001
2647	1.860790451476954e-001	1.862087136662868e-001
2681	1.778655976556965e-001	1.819700858609984e-001
2707	1.661550154045852e-001	1.698243652461744e-001
2715	1.654337139594391e-001	1.659586907437561e-001
2789	1.619898723352344e-001	1.621810097358930e-001
2813	1.498047500632455e-001	1.513561248436208e-001
2831	1.435654740010255e-001	1.445439770745928e-001
2908	1.318484163925202e-001	1.348962882591654e-001
2925	1.297956704518548e-001	1.318256738556407e-001
3018	1.256851026591969e-001	1.258925411794167e-001
3151	1.220474817367325e-001	1.230268770812382e-001
3176	1.180511489608527e-001	1.202264434617413e-001
3231	1.151136966908244e-001	1.174897554939529e-001
3283	1.106147040012502e-001	1.122018454301964e-001
3328	1.052337202289297e-001	1.071519305237607e-001
3453	1.035842331275634e-001	1.047128548050900e-001
3564	1.020180190033635e-001	1.023292992280754e-001
3720	9.692355040193479e-002	9.772372209558107e-002
3899	9.500583869605750e-002	9.549925860214359e-002
4227	9.324486943229926e-002	9.332543007969910e-002
4435	9.066136351240339e-002	9.120108393559097e-002
4821	8.902374041443939e-002	8.912509381337455e-002
5013	8.706023999347978e-002	8.709635899560805e-002
5063	8.419255835228623e-002	8.511380382023763e-002
5135	8.265786245706963e-002	8.317637711026708e-002
5412	8.107991548814797e-002	8.128305161640990e-002
5523	7.892921400113429e-002	7.943282347242814e-002
5652	7.713405160131381e-002	7.762471166286916e-002
5908	7.580218050948573e-002	7.585775750291836e-002
6021	7.311941732533722e-002	7.413102413009177e-002
6084	6.913783378998606e-002	6.918309709189366e-002
6834	6.740783940416095e-002	6.760829753919818e-002
6906	6.533898228760959e-002	6.606934480075961e-002
7043	6.408117814425129e-002	6.456542290346556e-002
7344	6.259650707099107e-002	6.309573444801933e-002
7421	5.740411942967338e-002	5.754399373371569e-002
7486	5.610766396620748e-002	5.623413251903491e-002
7653	5.309784298983089e-002	5.370317963702527e-002
7710	5.219893714124035e-002	5.248074602497726e-002
7894	5.110813727494012e-002	5.128613839913648e-002
8192	5.009617316880033e-002	5.011872336272722e-002
8258	4.881755798238519e-002	4.897788193684461e-002
8478	4.761130385915013e-002	4.786300923226383e-002
9011	4.609613377807031e-002	4.677351412871982e-002
9206	4.557554209905701e-002	4.570881896148749e-002
9940	4.441275269245526e-002	4.466835921509630e-002
9999	4.334232562637452e-002	4.365158322401658e-002
10653	4.261366337041750e-002	4.265795188015926e-002
11430	4.160480854000903e-002	4.168693834703355e-002
11488	3.999018718485592e-002	4.073802778041128e-002
11524	3.932540824789166e-002	3.981071705534973e-002
11761	3.878495403426430e-002	3.890451449942807e-002
12484	3.780608634911875e-002	3.801893963205612e-002
13606	3.700728316910440e-002	3.715352290971726e-002
13616	3.617883576918013e-002	3.630780547701014e-002
13767	3.506554786489313e-002	3.548133892335755e-002
14289	3.465640468381892e-002	3.467368504525317e-002
14803	3.369642253363969e-002	3.388441561392026e-002
15069	3.295533559312169e-002	3.311311214825911e-002
15337	3.207116375580177e-002	3.235936569296283e-002
15958	3.160098776666720e-002	3.162277660168379e-002
17149	2.983588869020581e-002	3.019951720402016e-002
17913	2.942135259450285e-002	2.951209226666385e-002
18751	2.883890682694001e-002	2.884031503126606e-002
19529	2.811727414737020e-002	2.818382931264454e-002
20496	2.750745004153221e-002	2.754228703338166e-002
20935	2.687342663368753e-002	2.691534803926915e-002
22006	2.581971211764311e-002	2.630267991895382e-002
22173	2.569042891894391e-002	2.570395782768863e-002
22208	2.510859670699761e-002	2.511886431509579e-002
22996	2.445444408915798e-002	2.454708915685030e-002
24310	2.397780319155718e-002	2.398832919019490e-002
25420	2.327937137196390e-002	2.344228815319923e-002
26891	2.288707296009918e-002	2.290867652767774e-002
28824	2.217455975434524e-002	2.238721138568340e-002
29110	2.182252720333899e-002	2.187761623949553e-002
30536	2.133071812957088e-002	2.137962089502233e-002
32284	2.088346794717078e-002	2.089296130854040e-002
35060	2.022139805759471e-002	2.041737944669530e-002
35907	1.995032091685667e-002	1.995262314968880e-002
36374	1.938791142504914e-002	1.949844599758046e-002
37289	1.898468937406972e-002	1.905460717963247e-002
38234	1.860161537779981e-002	1.862087136662868e-002
40487	1.815891580925200e-002	1.819700858609984e-002
41118	1.778242045099276e-002	1.778279410038923e-002
42806	1.721922664519826e-002	1.737800828749376e-002
43949	1.691312293694181e-002	1.698243652461744e-002
47908	1.658955408045093e-002	1.659586907437561e-002
48638	1.616192343268197e-002	1.621810097358930e-002
50813	1.584658723634713e-002	1.584893192461113e-002
51974	1.547738349864003e-002	1.548816618912481e-002
54506	1.511756402783726e-002	1.513561248436208e-002
57286	1.478262967556854e-002	1.479108388168207e-002
59002	1.441425735682544e-002	1.445439770745927e-002
60573	1.412032381075368e-002	1.412537544622754e-002
65413	1.380101712550619e-002	1.380384264602885e-002
68716	1.347064836442935e-002	1.348962882591653e-002
72776	1.317151064536537e-002	1.318256738556408e-002
76500	1.287815820200722e-002	1.288249551693134e-002
82356	1.251171481080615e-002	1.258925411794168e-002
86472	1.229402185695583e-002	1.230268770812382e-002
92544	1.201245049282929e-002	1.202264434617413e-002
94762	1.172739312623716e-002	1.174897554939530e-002
99942	1.146487460773160e-002	1.148153621496883e-002
106171	1.120918198809862e-002	1.122018454301964e-002
108925	1.096331307366549e-002	1.096478196143185e-002
115651	1.066110967959899e-002	1.071519305237607e-002
118611	1.046628756908041e-002	1.047128548050900e-002
120841	1.023004920893900e-002	1.023292992280754e-002
127548	9.990406986895906e-003	1.000000000000000e-002
135539	9.675570455503491e-003	9.772372209558112e-003
139990	9.546076161889294e-003	9.549925860214359e-003
141275	9.235257889397386e-003	9.332543007969915e-003
145773	9.111088798767097e-003	9.120108393559097e-003
154119	8.905534510548541e-003	8.912509381337459e-003
157126	8.698747074486701e-003	8.709635899560805e-003
166135	8.489152194811944e-003	8.511380382023768e-003
174077	8.314762322781388e-003	8.317637711026709e-003
185788	8.120814605397708e-003	8.128305161640995e-003
196713	7.793801905401576e-003	7.943282347242814e-003
198074	7.756878788080290e-003	7.762471166286920e-003
205968	7.485331255321470e-003	7.585775750291836e-003
210973	7.406137004940194e-003	7.413102413009177e-003
217435	7.239734989033742e-003	7.244359600749898e-003
232856	6.854718057904052e-003	6.918309709189363e-003
239616	6.760823339378774e-003	6.760829753919818e-003
250199	6.605359146058976e-003	6.606934480075957e-003
259264	6.453004045301802e-003	6.456542290346556e-003
277045	6.300243091143409e-003	6.309573444801930e-003
295762	6.160409942780665e-003	6.165950018614822e-003
309136	6.025090662096333e-003	6.025595860743574e-003
313075	5.885027218496264e-003	5.888436553555890e-003
321559	5.744863568903136e-003	5.754399373371567e-003
345204	5.622953368215278e-003	5.623413251903491e-003
384725	5.477230337322059e-003	5.495408738576248e-003
405723	5.343813956963928e-003	5.370317963702527e-003
412215	5.220975097482095e-003	5.248074602497728e-003
430921	5.120883783030994e-003	5.128613839913648e-003
449276	4.999753583716959e-003	5.011872336272725e-003
486482	4.853735763974520e-003	4.897788193684461e-003
500001	4.800490059643114e-003	4.897788193684461e-003
%
% index = 1179, name = bbob_f001_i21_d05__bbob_f017_i22_d05
% instance = 10, reference value = 9.525398632277330e-001
% function evaluation | indicator value | target hit
1	6.185733276840250e+013	6.309573444801943e+013
2	1.397918576228971e+005	1.412537544622755e+005
3	2.645748951861710e+004	2.691534803926914e+004
6	4.890020764016619e+002	4.897788193684461e+002
37	3.088568158043505e+002	3.090295432513592e+002
41	1.687663684512439e+002	1.698243652461744e+002
449	3.481784640508797e+001	3.548133892335755e+001
686	3.015866172595471e+001	3.019951720402016e+001
700	8.075839856785672e+000	8.128305161640993e+000
811	1.379323992338461e+000	1.380384264602885e+000
881	1.215175603253733e+000	1.230268770812382e+000
1166	9.125947255035483e-001	9.332543007969910e-001
1271	8.317576438235899e-001	8.317637711026710e-001
1461	5.473378968759926e-001	5.495408738576245e-001
1466	4.871282951713584e-001	4.897788193684462e-001
1485	4.461072514580120e-001	4.466835921509632e-001
1679	4.323552233906118e-001	4.365158322401660e-001
1725	4.263932836012443e-001	4.265795188015927e-001
1780	3.725881610046627e-001	3.801893963205612e-001
1839	3.713476317094462e-001	3.715352290971726e-001
1850	3.202426533410701e-001	3.235936569296283e-001
1858	2.952271453293470e-001	3.019951720402016e-001
1890	2.562390635240456e-001	2.570395782768864e-001
1902	2.458914645421014e-001	2.511886431509580e-001
1938	2.421733939066398e-001	2.454708915685031e-001
1986	2.246497361081685e-001	2.290867652767773e-001
1987	2.017594166213214e-001	2.041737944669530e-001
2009	1.972560256853643e-001	1.995262314968880e-001
2014	1.938149295412175e-001	1.949844599758046e-001
2056	1.876196674141912e-001	1.905460717963247e-001
2059	1.853136858630248e-001	1.862087136662868e-001
2146	1.727220029581745e-001	1.737800828749375e-001
2171	1.671029278067839e-001	1.698243652461744e-001
2187	1.607628094687353e-001	1.621810097358930e-001
2210	1.577102756044218e-001	1.584893192461113e-001
2235	1.548634798026164e-001	1.548816618912481e-001
2256	1.503283844875420e-001	1.513561248436208e-001
2262	1.463558028854426e-001	1.479108388168208e-001
2324	1.386342719877662e-001	1.412537544622755e-001
2346	1.367121582781437e-001	1.380384264602885e-001
2367	1.337406006460097e-001	1.348962882591654e-001
2385	1.302791303231980e-001	1.318256738556407e-001
2394	1.202577564684790e-001	1.230268770812382e-001
2403	1.105069302366886e-001	1.122018454301964e-001
2405	1.094693025632865e-001	1.096478196143185e-001
2419	1.019854669348471e-001	1.023292992280754e-001
2542	9.997162130915893e-002	1.000000000000000e-001
2603	9.592240383508732e-002	9.772372209558107e-002
2624	9.301774490207682e-002	9.332543007969910e-002
2723	9.113577372942017e-002	9.120108393559097e-002
2820	8.105708008370982e-002	8.128305161640990e-002
2850	7.788046295936124e-002	7.943282347242814e-002
2941	7.754242315892412e-002	7.762471166286916e-002
2960	7.516430654122075e-002	7.585775750291836e-002
2968	7.293438504284755e-002	7.413102413009177e-002
2982	7.209444558197653e-002	7.244359600749903e-002
3003	6.901470539015109e-002	6.918309709189366e-002
3059	6.667695882468550e-002	6.760829753919818e-002
3117	6.467145174347666e-002	6.606934480075961e-002
3119	6.333256907411300e-002	6.456542290346556e-002
3123	6.244557682318586e-002	6.309573444801933e-002
3244	6.147455234103338e-002	6.165950018614822e-002
3387	5.767791908985909e-002	5.888436553555890e-002
3389	5.732927065858962e-002	5.754399373371569e-002
3495	5.552558870530122e-002	5.623413251903491e-002
3544	5.467144590250839e-002	5.495408738576246e-002
3650	5.281888367474819e-002	5.370317963702527e-002
3656	5.244661264008010e-002	5.248074602497726e-002
3752	5.061332360758242e-002	5.128613839913648e-002
3765	4.990058204983094e-002	5.011872336272722e-002
3811	4.856685932421900e-002	4.897788193684461e-002
3823	4.762615225375244e-002	4.786300923226383e-002
4091	4.569396144426152e-002	4.570881896148749e-002
4163	4.415613990678668e-002	4.466835921509630e-002
4233	4.322964844103983e-002	4.365158322401658e-002
4446	4.259697503150217e-002	4.265795188015926e-002
4773	4.168088113664759e-002	4.168693834703355e-002
4804	4.056239587842836e-002	4.073802778041128e-002
5010	3.897705895328141e-002	3.981071705534973e-002
5014	3.836900004569765e-002	3.890451449942807e-002
5134	3.748019280608894e-002	3.801893963205612e-002
5172	3.710135372945989e-002	3.715352290971726e-002
5191	3.612343205951807e-002	3.630780547701014e-002
5473	3.533583660488637e-002	3.548133892335755e-002
5700	3.454783480869050e-002	3.467368504525317e-002
5979	3.376033205119222e-002	3.388441561392026e-002
6025	3.310546730445174e-002	3.311311214825911e-002
6088	3.234894422670076e-002	3.235936569296283e-002
6224	3.135415072940317e-002	3.162277660168379e-002
6326	3.068643762355672e-002	3.090295432513590e-002
6464	3.018200510325564e-002	3.019951720402016e-002
6497	2.945764083328950e-002	2.951209226666385e-002
6834	2.881332874634413e-002	2.884031503126606e-002
6865	2.799159210210889e-002	2.818382931264454e-002
7232	2.747834431302254e-002	2.754228703338166e-002
7333	2.690651049158888e-002	2.691534803926915e-002
7479	2.624825721395308e-002	2.630267991895382e-002
7936	2.564280085504833e-002	2.570395782768863e-002
8167	2.499351769528280e-002	2.511886431509579e-002
8394	2.453251676292412e-002	2.454708915685030e-002
8709	2.382566525575169e-002	2.398832919019490e-002
8792	2.327829653084490e-002	2.344228815319923e-002
9012	2.283255829624931e-002	2.290867652767774e-002
9142	2.233421697307514e-002	2.238721138568340e-002
9311	2.163550321283347e-002	2.187761623949553e-002
9581	2.137459191446134e-002	2.137962089502233e-002
10418	2.087816055488900e-002	2.089296130854040e-002
10761	1.994513853368074e-002	1.995262314968880e-002
11231	1.946647066911100e-002	1.949844599758046e-002
12199	1.904851435101085e-002	1.905460717963247e-002
12822	1.849566234719136e-002	1.862087136662868e-002
13074	1.779680393928618e-002	1.819700858609984e-002
13291	1.778273665803609e-002	1.778279410038923e-002
14656	1.733585444542707e-002	1.737800828749376e-002
15389	1.688581736015371e-002	1.698243652461744e-002
15689	1.651610744939980e-002	1.659586907437561e-002
16095	1.607393475998464e-002	1.621810097358930e-002
16141	1.584058785244136e-002	1.584893192461113e-002
17289	1.542693761228997e-002	1.548816618912481e-002
18451	1.503886023495460e-002	1.513561248436208e-002
19041	1.477542238908136e-002	1.479108388168207e-002
20466	1.443050728897766e-002	1.445439770745927e-002
21940	1.410737631741255e-002	1.412537544622754e-002
22734	1.339348705876964e-002	1.348962882591653e-002
23823	1.315512264732044e-002	1.318256738556408e-002
24496	1.272715522532641e-002	1.288249551693134e-002
24511	1.243674228527014e-002	1.258925411794168e-002
25345	1.228285805104967e-002	1.230268770812382e-002
25821	1.199413419627005e-002	1.202264434617413e-002
26309	1.170556875695261e-002	1.174897554939530e-002
27470	1.139061949028486e-002	1.148153621496883e-002
28531	1.117341676649042e-002	1.122018454301964e-002
29999	1.095671547749000e-002	1.096478196143185e-002
31707	1.069478571207527e-002	1.071519305237607e-002
31757	1.044618372204309e-002	1.047128548050900e-002
34138	1.018969395260183e-002	1.023292992280754e-002
35289	9.993923708190300e-003	1.000000000000000e-002
37284	9.745646887700632e-003	9.772372209558112e-003
40334	9.520564368026840e-003	9.549925860214359e-003
43119	9.322526473505066e-003	9.332543007969915e-003
44819	9.008861159067294e-003	9.120108393559097e-003
45196	8.908828128816104e-003	8.912509381337459e-003
48218	8.703378317765909e-003	8.709635899560805e-003
55515	8.506193864784351e-003	8.511380382023768e-003
58314	8.304654959652935e-003	8.317637711026709e-003
64306	8.050788255215546e-003	8.128305161640995e-003
67355	7.941967370440617e-003	7.943282347242814e-003
70536	7.709392045897157e-003	7.762471166286920e-003
72515	7.535449518013548e-003	7.585775750291836e-003
76326	7.412772118960631e-003	7.413102413009177e-003
76862	7.218198230564243e-003	7.244359600749898e-003
78595	7.071195658417406e-003	7.079457843841380e-003
82019	6.855993902625035e-003	6.918309709189363e-003
88902	6.757138861819390e-003	6.760829753919818e-003
94795	6.602161440754095e-003	6.606934480075957e-003
96087	6.446658540283035e-003	6.456542290346556e-003
99374	6.279367788719292e-003	6.309573444801930e-003
103864	6.164875036996032e-003	6.165950018614822e-003
110082	6.023667467344729e-003	6.025595860743574e-003
120554	5.865127035214690e-003	5.888436553555890e-003
131106	5.752187525972397e-003	5.754399373371567e-003
132814	5.593007687276885e-003	5.623413251903491e-003
137188	5.480550528565331e-003	5.495408738576248e-003
139622	5.365989558890005e-003	5.370317963702527e-003
158576	5.246532648910840e-003	5.248074602497728e-003
162392	5.093546430464890e-003	5.128613839913648e-003
182349	4.957639341621967e-003	5.011872336272725e-003
189572	4.878626974490596e-003	4.897788193684461e-003
201455	4.768020409702589e-003	4.786300923226385e-003
214230	4.637761873601431e-003	4.677351412871981e-003
238404	4.553912539872140e-003	4.570881896148752e-003
242390	4.396987225674498e-003	4.466835921509631e-003
250063	4.288132347378459e-003	4.365158322401661e-003
251356	4.227628260678351e-003	4.265795188015926e-003
257180	4.167514721445609e-003	4.168693834703355e-003
281134	4.071287125872680e-003	4.073802778041126e-003
298378	3.977292958008749e-003	3.981071705534973e-003
305647	3.885295899204055e-003	3.890451449942805e-003
327559	3.793281488315148e-003	3.801893963205613e-003
342335	3.714046306873997e-003	3.715352290971724e-003
358013	3.613627955082910e-003	3.630780547701014e-003
369055	3.540147761644352e-003	3.548133892335753e-003
377339	3.446868737848940e-003	3.467368504525317e-003
389435	3.387964011028255e-003	3.388441561392024e-003
429693	3.282361675273737e-003	3.311311214825911e-003
444271	3.201158072869470e-003	3.235936569296281e-003
473293	3.162081404129102e-003	3.162277660168379e-003
500001	3.109706635889831e-003	3.162277660168379e-003
