%
% index = 1360, name = bbob_f006_i02_d05__bbob_f021_i04_d05
% instance = 1, reference value = 9.922040396483310e-001
% function evaluation | indicator value | target hit
1	7.313852238452034e+002	7.413102413009177e+002
2	3.016477036584300e+002	3.019951720402016e+002
6	9.622171877127536e+001	9.772372209558107e+001
10	4.793859435252384e+001	4.897788193684461e+001
48	4.358377783895742e+001	4.365158322401658e+001
188	2.661663939438435e+001	2.691534803926916e+001
248	1.883499012269533e+001	1.905460717963247e+001
253	7.422487309853831e+000	7.585775750291838e+000
673	6.942897053563009e+000	7.079457843841379e+000
691	4.688252311772831e+000	4.786300923226384e+000
696	4.589976212371733e+000	4.677351412871983e+000
767	3.553308100273532e+000	3.630780547701014e+000
793	3.363195437873411e+000	3.388441561392026e+000
820	2.829272305024224e+000	2.884031503126606e+000
1049	1.865797506214897e+000	1.905460717963247e+000
1101	5.778683475415174e-001	5.888436553555889e-001
1311	5.585698730356695e-001	5.623413251903491e-001
1427	5.364872827745169e-001	5.370317963702527e-001
1461	4.208368698750434e-001	4.265795188015927e-001
1569	3.645604648868281e-001	3.715352290971726e-001
1749	3.265108265814495e-001	3.311311214825911e-001
2010	1.495879861182256e-001	1.513561248436208e-001
2031	1.169978013810388e-001	1.174897554939529e-001
2036	1.096384522973549e-001	1.096478196143185e-001
2094	9.931302129503394e-002	1.000000000000000e-001
2146	9.713821352105001e-002	9.772372209558107e-002
2261	5.615286571345313e-002	5.623413251903491e-002
2624	3.529142270325580e-002	3.548133892335755e-002
2799	3.336191090743335e-002	3.388441561392026e-002
2930	2.997945854218242e-002	3.019951720402016e-002
3093	2.871887457604383e-002	2.884031503126606e-002
3185	2.384442420078281e-002	2.398832919019490e-002
4369	1.940662873947041e-002	1.949844599758046e-002
6047	1.905414790031768e-002	1.905460717963247e-002
6057	1.351199168072903e-002	1.380384264602885e-002
6556	1.348391543967209e-002	1.348962882591653e-002
6997	1.197142712374955e-002	1.202264434617413e-002
8168	1.058331915699851e-002	1.071519305237607e-002
8554	8.696526454674558e-003	8.709635899560805e-003
9578	8.371981424253661e-003	8.511380382023768e-003
10486	7.286837209162012e-003	7.413102413009177e-003
10927	7.187703903857923e-003	7.244359600749898e-003
11972	7.055273379552141e-003	7.079457843841380e-003
13513	6.913963090623532e-003	6.918309709189363e-003
24714	5.910489783836792e-003	6.025595860743574e-003
119950	5.888432878590644e-003	5.888436553555890e-003
500001	5.864476959683174e-003	5.888436553555890e-003
%
% index = 1361, name = bbob_f006_i03_d05__bbob_f021_i05_d05
% instance = 2, reference value = 9.326630398547000e-001
% function evaluation | indicator value | target hit
1	9.365804504398722e+002	9.549925860214360e+002
2	3.795982044377426e+002	3.801893963205613e+002
4	2.339598716938496e+002	2.344228815319923e+002
5	1.130032672924820e+002	1.148153621496883e+002
6	5.887928804308142e+001	5.888436553555890e+001
10	1.708401189746014e+001	1.737800828749375e+001
272	1.429690404600752e+001	1.445439770745927e+001
459	9.035751605364714e+000	9.120108393559097e+000
558	8.879566364675521e+000	8.912509381337454e+000
755	4.153011180196054e+000	4.168693834703354e+000
884	2.667499638890700e+000	2.691534803926916e+000
996	2.454082522075200e+000	2.454708915685031e+000
1073	1.259227593114700e+000	1.288249551693134e+000
1401	1.230098618525200e+000	1.230268770812382e+000
1520	6.572848220049929e-001	6.606934480075960e-001
1592	6.393778623402175e-001	6.456542290346555e-001
1769	6.306400252892341e-001	6.309573444801933e-001
1822	4.853148790720693e-001	4.897788193684462e-001
1922	4.177697276133672e-001	4.265795188015927e-001
1965	4.133491867968884e-001	4.168693834703354e-001
2023	4.072989802800874e-001	4.073802778041127e-001
2027	2.402646486050580e-001	2.454708915685031e-001
2056	2.398814198974929e-001	2.398832919019490e-001
2109	2.305483519548928e-001	2.344228815319922e-001
2306	2.215633880452250e-001	2.238721138568340e-001
2315	2.159543164908605e-001	2.187761623949552e-001
2348	2.089343505433076e-001	2.137962089502232e-001
2361	2.030732119829521e-001	2.041737944669530e-001
2425	1.863935088743421e-001	1.905460717963247e-001
2449	1.674531461860860e-001	1.698243652461744e-001
2622	1.422377898068035e-001	1.445439770745928e-001
2670	1.331976421214682e-001	1.348962882591654e-001
2777	1.309783944108963e-001	1.318256738556407e-001
2879	1.255663942187726e-001	1.258925411794167e-001
2961	1.147203021384693e-001	1.148153621496883e-001
3144	1.106211431379551e-001	1.122018454301964e-001
3147	9.982214907819853e-002	1.000000000000000e-001
3153	9.263346118088334e-002	9.332543007969910e-002
3164	7.914060127795175e-002	7.943282347242814e-002
3199	7.599359683844698e-002	7.762471166286916e-002
3433	7.535132446771220e-002	7.585775750291836e-002
3591	7.180937023259626e-002	7.244359600749903e-002
3746	6.862116199950086e-002	6.918309709189366e-002
3760	6.704310694644733e-002	6.760829753919818e-002
3815	6.582371591839942e-002	6.606934480075961e-002
3873	6.226421378370783e-002	6.309573444801933e-002
4076	6.164163180019466e-002	6.165950018614822e-002
4293	5.383452448270110e-002	5.495408738576246e-002
4347	5.264792492402459e-002	5.370317963702527e-002
4472	5.131682313290087e-002	5.248074602497726e-002
4510	5.062992385186171e-002	5.128613839913648e-002
4676	4.925119123485600e-002	5.011872336272722e-002
4682	4.848189617413379e-002	4.897788193684461e-002
4816	4.729264042884196e-002	4.786300923226383e-002
4971	4.346439835104177e-002	4.365158322401658e-002
5061	4.264984895804336e-002	4.265795188015926e-002
5362	4.062690132868985e-002	4.073802778041128e-002
5510	3.979962083434807e-002	3.981071705534973e-002
5642	3.876502213996225e-002	3.890451449942807e-002
5779	3.789500132023937e-002	3.801893963205612e-002
5936	3.691496049417120e-002	3.715352290971726e-002
6053	3.620492394216579e-002	3.630780547701014e-002
6121	3.532893520037350e-002	3.548133892335755e-002
6548	3.454927346965420e-002	3.467368504525317e-002
6623	3.327313524972819e-002	3.388441561392026e-002
6677	3.276491947410998e-002	3.311311214825911e-002
6897	3.235406066954405e-002	3.235936569296283e-002
7164	3.119641821424857e-002	3.162277660168379e-002
7247	3.037863561209342e-002	3.090295432513590e-002
7305	3.018062712520153e-002	3.019951720402016e-002
7437	2.933216765097413e-002	2.951209226666385e-002
7694	2.837111560971328e-002	2.884031503126606e-002
7749	2.771991185189582e-002	2.818382931264454e-002
7893	2.733093602421033e-002	2.754228703338166e-002
8053	2.682559197898071e-002	2.691534803926915e-002
8112	2.587838013852206e-002	2.630267991895382e-002
8291	2.483874290535804e-002	2.511886431509579e-002
8529	2.442978393496653e-002	2.454708915685030e-002
8531	2.353087318136060e-002	2.398832919019490e-002
8553	2.337666238085545e-002	2.344228815319923e-002
8685	2.279559144134924e-002	2.290867652767774e-002
8838	2.230170289967814e-002	2.238721138568340e-002
8862	2.174746489533919e-002	2.187761623949553e-002
9203	2.136163731302732e-002	2.137962089502233e-002
9650	2.088659586419128e-002	2.089296130854040e-002
9941	1.996081323242482e-002	2.041737944669530e-002
10027	1.994422531358608e-002	1.995262314968880e-002
10254	1.928083065793518e-002	1.949844599758046e-002
10258	1.752072926815496e-002	1.778279410038923e-002
10304	1.728012797579892e-002	1.737800828749376e-002
10485	1.689332023785783e-002	1.698243652461744e-002
10852	1.645032651374434e-002	1.659586907437561e-002
10939	1.616581397408867e-002	1.621810097358930e-002
11041	1.584162164188141e-002	1.584893192461113e-002
11241	1.489506186320400e-002	1.513561248436208e-002
11279	1.477937419154918e-002	1.479108388168207e-002
11343	1.415359646518766e-002	1.445439770745927e-002
11393	1.412459075683203e-002	1.412537544622754e-002
11536	1.380177199155885e-002	1.380384264602885e-002
11824	1.344132311443003e-002	1.348962882591653e-002
12232	1.289793908216486e-002	1.318256738556408e-002
12240	1.287975682244169e-002	1.288249551693134e-002
13367	1.258020731677800e-002	1.258925411794168e-002
15242	1.226965747084119e-002	1.230268770812382e-002
16880	1.201941758238934e-002	1.202264434617413e-002
20741	1.171398060963835e-002	1.174897554939530e-002
23445	1.135810998088660e-002	1.148153621496883e-002
23663	1.110654380004272e-002	1.122018454301964e-002
500001	1.106730689968671e-002	1.122018454301964e-002
%
% index = 1362, name = bbob_f006_i07_d05__bbob_f021_i08_d05
% instance = 3, reference value = 9.784911852901370e-001
% function evaluation | indicator value | target hit
1	7.887516352926784e+002	7.943282347242813e+002
2	2.981692327322040e+002	3.019951720402016e+002
4	2.301904952107808e+002	2.344228815319923e+002
6	1.098607243954540e+002	1.122018454301963e+002
10	1.938258220375009e+001	1.949844599758045e+001
264	1.521155034749144e+001	1.548816618912481e+001
498	9.512032569809906e+000	9.549925860214358e+000
636	6.172935257943363e+000	6.309573444801933e+000
657	5.531114997317640e+000	5.623413251903491e+000
712	1.824644344825637e+000	1.862087136662868e+000
1246	1.453828082024637e+000	1.479108388168207e+000
1445	1.231560568955637e+000	1.258925411794167e+000
1582	1.218584975893637e+000	1.230268770812382e+000
1625	1.184818792053668e+000	1.202264434617413e+000
1651	1.170155471815637e+000	1.174897554939530e+000
1756	1.009610608272637e+000	1.023292992280754e+000
1813	7.468541549317130e-001	7.585775750291838e-001
1843	7.370013507673756e-001	7.413102413009175e-001
1867	6.441531781167197e-001	6.456542290346555e-001
1934	6.122693899919530e-001	6.165950018614822e-001
2020	5.667492712471669e-001	5.754399373371569e-001
2024	5.457521235169001e-001	5.495408738576245e-001
2031	5.075036241531996e-001	5.128613839913648e-001
2048	3.326930301966944e-001	3.388441561392026e-001
2142	3.222345715000801e-001	3.235936569296283e-001
2166	3.082108712612708e-001	3.090295432513591e-001
2177	2.887608085224862e-001	2.951209226666385e-001
2230	2.083946441859363e-001	2.089296130854039e-001
2362	2.012439134299949e-001	2.041737944669530e-001
2441	1.298595006145160e-001	1.318256738556407e-001
2466	1.288157681100423e-001	1.288249551693134e-001
2512	1.205533917459772e-001	1.230268770812382e-001
2653	1.194393148903796e-001	1.202264434617413e-001
2666	1.105412434695188e-001	1.122018454301964e-001
2717	6.104155449469784e-002	6.165950018614822e-002
2808	5.866651937037393e-002	5.888436553555890e-002
2925	5.325295006790620e-002	5.370317963702527e-002
3265	5.232953190605316e-002	5.248074602497726e-002
3341	5.111336671546529e-002	5.128613839913648e-002
3715	4.987149650527223e-002	5.011872336272722e-002
3736	3.628668961527493e-002	3.630780547701014e-002
4155	3.391395863387159e-002	3.467368504525317e-002
4279	3.387008271772574e-002	3.388441561392026e-002
4769	3.169347737196893e-002	3.235936569296283e-002
4858	3.161056994158396e-002	3.162277660168379e-002
4996	3.078161222869769e-002	3.090295432513590e-002
5155	2.946597424048891e-002	2.951209226666385e-002
6024	2.882127123253087e-002	2.884031503126606e-002
6477	2.818147427624718e-002	2.818382931264454e-002
6847	2.700034504008431e-002	2.754228703338166e-002
7211	2.684886642535900e-002	2.691534803926915e-002
7511	2.578057362218822e-002	2.630267991895382e-002
7512	2.516853381636075e-002	2.570395782768863e-002
7815	2.511406467064392e-002	2.511886431509579e-002
8496	2.454530064534344e-002	2.454708915685030e-002
500001	2.418692624730967e-002	2.454708915685030e-002
%
% index = 1363, name = bbob_f006_i09_d05__bbob_f021_i10_d05
% instance = 4, reference value = 9.814505537991860e-001
% function evaluation | indicator value | target hit
1	7.588157589889011e+002	7.762471166286920e+002
2	2.655192853672542e+002	2.691534803926917e+002
4	2.057689442047617e+002	2.089296130854039e+002
5	1.255260509087916e+002	1.258925411794168e+002
6	3.712479294454042e+001	3.715352290971726e+001
10	2.097564045406126e+001	2.137962089502232e+001
41	1.290435003498892e+001	1.318256738556407e+001
649	6.312731478787167e+000	6.456542290346556e+000
769	6.215237318918679e+000	6.309573444801933e+000
803	1.910712998884054e+000	1.949844599758045e+000
1140	1.366552329889686e+000	1.380384264602885e+000
1225	1.159376670368686e+000	1.174897554939530e+000
1590	1.131843782117686e+000	1.148153621496883e+000
1601	1.001513207818186e+000	1.023292992280754e+000
1659	7.471809259555675e-001	7.585775750291838e-001
1902	7.356380959257433e-001	7.413102413009175e-001
1960	5.781380197267803e-001	5.888436553555889e-001
1997	5.704652975306808e-001	5.754399373371569e-001
1999	4.296687105849967e-001	4.365158322401660e-001
2073	4.263365553553311e-001	4.265795188015927e-001
2100	4.153570413501084e-001	4.168693834703354e-001
2121	4.016911928987620e-001	4.073802778041127e-001
2197	3.682080815338868e-001	3.715352290971726e-001
2245	3.557080058475554e-001	3.630780547701014e-001
2263	3.535791330278242e-001	3.548133892335755e-001
2264	3.439693813219669e-001	3.467368504525316e-001
2350	2.090303677214599e-001	2.137962089502232e-001
2386	2.070549046864300e-001	2.089296130854039e-001
2519	2.019170468334492e-001	2.041737944669530e-001
2555	1.827953154998118e-001	1.862087136662868e-001
2561	1.713471490568544e-001	1.737800828749375e-001
2596	1.685271215592212e-001	1.698243652461744e-001
2814	1.101144290145124e-001	1.122018454301964e-001
2860	1.090836831399265e-001	1.096478196143185e-001
2873	1.045182593033539e-001	1.047128548050900e-001
3199	1.019482470482052e-001	1.023292992280754e-001
3241	6.541541566073728e-002	6.606934480075961e-002
3377	3.570987233426859e-002	3.630780547701014e-002
3400	3.254958347954728e-002	3.311311214825911e-002
3442	3.215050222553983e-002	3.235936569296283e-002
3493	3.156275126688235e-002	3.162277660168379e-002
3598	2.937180544192319e-002	2.951209226666385e-002
3722	2.879100524552980e-002	2.884031503126606e-002
3753	2.731645957078821e-002	2.754228703338166e-002
3921	2.666383889116786e-002	2.691534803926915e-002
4052	2.086537478912565e-002	2.089296130854040e-002
4169	2.033955354037520e-002	2.041737944669530e-002
4238	1.655936412364900e-002	1.659586907437561e-002
4414	1.615556129568641e-002	1.621810097358930e-002
4767	1.576741106816693e-002	1.584893192461113e-002
4828	1.547380873875015e-002	1.548816618912481e-002
5021	1.513162887110209e-002	1.513561248436208e-002
5189	1.450138582809657e-002	1.479108388168207e-002
5282	1.443415657537928e-002	1.445439770745927e-002
5549	1.406463952507064e-002	1.412537544622754e-002
5652	1.216589930960377e-002	1.230268770812382e-002
5703	1.195809388103619e-002	1.202264434617413e-002
5900	1.172516142361002e-002	1.174897554939530e-002
6182	1.147439305584275e-002	1.148153621496883e-002
6469	1.121168997854294e-002	1.122018454301964e-002
6723	1.056112992537073e-002	1.071519305237607e-002
6827	1.045785251036646e-002	1.047128548050900e-002
7137	1.023137431638632e-002	1.023292992280754e-002
7544	9.993644653675804e-003	1.000000000000000e-002
8084	9.765809191339070e-003	9.772372209558112e-003
8568	9.531195741348086e-003	9.549925860214359e-003
8983	9.313828941648561e-003	9.332543007969915e-003
9695	9.113405997617008e-003	9.120108393559097e-003
10386	8.910635567975000e-003	8.912509381337459e-003
500001	8.786254395524384e-003	8.912509381337459e-003
%
% index = 1364, name = bbob_f006_i11_d05__bbob_f021_i12_d05
% instance = 5, reference value = 9.754262904748260e-001
% function evaluation | indicator value | target hit
1	1.100410388709912e+003	1.122018454301963e+003
2	3.862467573053191e+002	3.890451449942805e+002
4	2.861715578641877e+002	2.884031503126606e+002
5	2.045267594673879e+002	2.089296130854039e+002
6	9.161757119459665e+001	9.332543007969910e+001
10	2.522026925675476e+001	2.570395782768863e+001
475	2.208352603674658e+001	2.238721138568340e+001
557	2.003941645744013e+001	2.041737944669530e+001
559	1.910253941637953e+001	1.949844599758045e+001
582	1.817654852150183e+001	1.819700858609983e+001
584	9.597959864032714e-001	9.772372209558107e-001
1425	8.787252218813919e-001	8.912509381337456e-001
1546	8.486320402742412e-001	8.511380382023764e-001
1577	8.167869886416550e-001	8.317637711026710e-001
1640	7.453256680027011e-001	7.585775750291838e-001
1662	6.005944231798082e-001	6.025595860743578e-001
1688	5.454677865500350e-001	5.495408738576245e-001
1727	3.988573813956312e-001	4.073802778041127e-001
1769	2.908199419770278e-001	2.951209226666385e-001
1776	2.456296251883819e-001	2.511886431509580e-001
1847	2.447510580479096e-001	2.454708915685031e-001
1881	2.055544706784556e-001	2.089296130854039e-001
1952	1.788302663874241e-001	1.819700858609984e-001
2059	1.578236049087202e-001	1.584893192461113e-001
2322	1.504422565672794e-001	1.513561248436208e-001
2404	1.045484852387036e-001	1.047128548050900e-001
2640	9.603245794537740e-002	9.772372209558107e-002
2797	9.148020268908763e-002	9.332543007969910e-002
2836	9.065008141621478e-002	9.120108393559097e-002
2876	8.610220947925307e-002	8.709635899560805e-002
2943	8.477029772377420e-002	8.511380382023763e-002
2997	7.775120886038323e-002	7.943282347242814e-002
3059	3.678978137733813e-002	3.715352290971726e-002
3068	3.566505929512664e-002	3.630780547701014e-002
3081	3.374532037473021e-002	3.388441561392026e-002
3163	3.135051174115222e-002	3.162277660168379e-002
3167	3.077759475437181e-002	3.090295432513590e-002
3214	2.940923796085448e-002	2.951209226666385e-002
3249	2.879957158198299e-002	2.884031503126606e-002
3290	2.382185124318725e-002	2.398832919019490e-002
3431	2.290864843149820e-002	2.290867652767774e-002
3437	2.208677954070282e-002	2.238721138568340e-002
3561	2.185374096554760e-002	2.187761623949553e-002
3598	2.130525751409740e-002	2.137962089502233e-002
3725	2.048582702987556e-002	2.089296130854040e-002
3772	1.635633302513850e-002	1.659586907437561e-002
3805	1.560300216357879e-002	1.584893192461113e-002
3857	1.536448273281121e-002	1.548816618912481e-002
3872	1.482717920553067e-002	1.513561248436208e-002
3916	1.466373293564527e-002	1.479108388168207e-002
4111	1.428242278981473e-002	1.445439770745927e-002
4222	1.388684564396769e-002	1.412537544622754e-002
4271	1.367232078479075e-002	1.380384264602885e-002
4318	1.336205099157795e-002	1.348962882591653e-002
4405	1.315983599054915e-002	1.318256738556408e-002
4541	1.281816075731690e-002	1.288249551693134e-002
4692	1.239419516039553e-002	1.258925411794168e-002
4740	1.224430118123654e-002	1.230268770812382e-002
4899	1.102126528626135e-002	1.122018454301964e-002
4904	1.087655432434886e-002	1.096478196143185e-002
4992	1.067085838776694e-002	1.071519305237607e-002
5126	1.020189945674821e-002	1.023292992280754e-002
5174	9.981624493535013e-003	1.000000000000000e-002
5392	9.737434768207098e-003	9.772372209558112e-003
5415	9.530922568244393e-003	9.549925860214359e-003
5698	9.252744771486188e-003	9.332543007969915e-003
5775	8.943826776016683e-003	9.120108393559097e-003
6011	8.905298271651874e-003	8.912509381337459e-003
6030	8.598516833764114e-003	8.709635899560805e-003
6071	8.401853588123620e-003	8.511380382023768e-003
6180	8.152318518043100e-003	8.317637711026709e-003
6233	8.045953035041853e-003	8.128305161640995e-003
6344	7.895264084548659e-003	7.943282347242814e-003
6909	7.761056990971293e-003	7.762471166286920e-003
7298	7.553327350653838e-003	7.585775750291836e-003
7685	7.386512356600150e-003	7.413102413009177e-003
7913	7.206567127513885e-003	7.244359600749898e-003
8303	7.050886121032218e-003	7.079457843841380e-003
11517	6.918309066450523e-003	6.918309709189363e-003
500001	6.913328672612962e-003	6.918309709189363e-003
%
% index = 1365, name = bbob_f006_i13_d05__bbob_f021_i14_d05
% instance = 6, reference value = 9.645167421750640e-001
% function evaluation | indicator value | target hit
1	1.897705679930180e+003	1.905460717963246e+003
2	6.813372149241873e+002	6.918309709189363e+002
4	5.187601273268454e+002	5.248074602497728e+002
5	3.205401129817073e+002	3.235936569296281e+002
6	8.771762994993215e+001	8.912509381337455e+001
10	5.812763586908039e+001	5.888436553555890e+001
229	1.804212311757454e+001	1.819700858609983e+001
495	5.503235202933832e+000	5.623413251903491e+000
1035	4.645665283408231e+000	4.677351412871983e+000
1047	3.091588771912064e+000	3.162277660168379e+000
1271	2.667760702151564e+000	2.691534803926916e+000
1447	2.591133158406200e+000	2.630267991895382e+000
1454	2.550684972471064e+000	2.570395782768864e+000
1462	2.374330609463064e+000	2.398832919019490e+000
1532	2.333356483679064e+000	2.344228815319922e+000
1575	9.220302635156670e-001	9.332543007969910e-001
1980	9.106713564256145e-001	9.120108393559098e-001
2019	7.919610675887006e-001	7.943282347242815e-001
2104	7.667294681321321e-001	7.762471166286917e-001
2181	7.430670255704873e-001	7.585775750291838e-001
2214	6.288454728682749e-001	6.309573444801933e-001
2248	3.873977245306214e-001	3.890451449942806e-001
2273	3.442137078578875e-001	3.467368504525316e-001
2289	2.044473697148127e-001	2.089296130854039e-001
2507	2.037245011447867e-001	2.041737944669530e-001
2947	1.863023626102767e-001	1.905460717963247e-001
3040	1.856244577255980e-001	1.862087136662868e-001
3242	1.678141518975774e-001	1.698243652461744e-001
3564	1.479976393399435e-001	1.513561248436208e-001
3678	1.441402248918705e-001	1.445439770745928e-001
4131	1.407936663512498e-001	1.412537544622755e-001
4146	1.374031850177315e-001	1.380384264602885e-001
4331	1.236242435016890e-001	1.258925411794167e-001
4675	1.215643637720162e-001	1.230268770812382e-001
6115	1.186535481283463e-001	1.202264434617413e-001
6417	1.168816517768136e-001	1.174897554939529e-001
14836	1.147707821829996e-001	1.148153621496883e-001
500001	1.137630978501599e-001	1.148153621496883e-001
%
% index = 1366, name = bbob_f006_i15_d05__bbob_f021_i16_d05
% instance = 7, reference value = 9.971021781470740e-001
% function evaluation | indicator value | target hit
1	2.567967961997437e+004	2.570395782768865e+004
2	2.543171335315282e+002	2.570395782768865e+002
56	1.663044792484368e+002	1.698243652461744e+002
76	4.995878898411731e+001	5.011872336272722e+001
406	3.040269026244548e+001	3.090295432513591e+001
528	2.012522709517921e+001	2.041737944669530e+001
608	1.336854260187907e+001	1.348962882591653e+001
721	8.731481636571575e+000	8.912509381337454e+000
782	4.510697284059574e+000	4.570881896148751e+000
997	3.462825162581074e+000	3.467368504525317e+000
1025	1.922613679321074e+000	1.949844599758045e+000
1331	1.377294760922074e+000	1.380384264602885e+000
1440	1.193936633870574e+000	1.202264434617413e+000
1575	1.079379118684574e+000	1.096478196143185e+000
1650	1.031958247455074e+000	1.047128548050900e+000
1695	8.541058626522449e-001	8.709635899560806e-001
1727	8.278552493119200e-001	8.317637711026710e-001
1775	7.363036949333208e-001	7.413102413009175e-001
1786	6.536232156468858e-001	6.606934480075960e-001
1835	5.297385897255149e-001	5.370317963702527e-001
1944	3.449259551171650e-001	3.467368504525316e-001
2111	2.867258263466785e-001	2.884031503126606e-001
2294	1.747121480548839e-001	1.778279410038923e-001
2413	1.686528612473988e-001	1.698243652461744e-001
2755	1.515614554649506e-001	1.548816618912481e-001
2788	1.204059574087046e-001	1.230268770812382e-001
2879	1.194444756463774e-001	1.202264434617413e-001
3094	1.085116246173977e-001	1.096478196143185e-001
3162	1.061706220102469e-001	1.071519305237607e-001
3163	8.359041556228197e-002	8.511380382023763e-002
3201	8.272621824486282e-002	8.317637711026708e-002
3238	3.391415790133789e-002	3.467368504525317e-002
3268	3.376250855298002e-002	3.388441561392026e-002
3368	2.226961177912734e-002	2.238721138568340e-002
3605	2.181933942330483e-002	2.187761623949553e-002
3873	2.137796368775324e-002	2.137962089502233e-002
4453	1.834282768150064e-002	1.862087136662868e-002
4524	1.743234270035943e-002	1.778279410038923e-002
4667	1.737525847770038e-002	1.737800828749376e-002
4689	7.335572508521127e-003	7.413102413009177e-003
4807	7.009637931127188e-003	7.079457843841380e-003
4824	6.860321024221627e-003	6.918309709189363e-003
4901	5.473815832977236e-003	5.495408738576248e-003
5027	4.814186230042039e-003	4.897788193684461e-003
5074	4.709316470064007e-003	4.786300923226385e-003
5115	3.747028051744872e-003	3.801893963205613e-003
5206	3.689806809026530e-003	3.715352290971724e-003
5405	3.629517738559351e-003	3.630780547701014e-003
5634	3.121364855107500e-003	3.162277660168379e-003
5732	2.830369546458988e-003	2.884031503126606e-003
5744	2.814415433721962e-003	2.818382931264455e-003
5785	9.782906326522012e-004	1.000000000000000e-003
5818	9.768946959558544e-004	9.772372209558111e-004
6010	8.061631353800669e-004	8.128305161640995e-004
6106	7.912795821556351e-004	7.943282347242813e-004
6244	7.757242187867997e-004	7.762471166286919e-004
6257	7.545098342799372e-004	7.585775750291835e-004
6323	7.396644178240264e-004	7.413102413009177e-004
6328	7.242667928326618e-004	7.244359600749898e-004
6411	7.046262005805382e-004	7.079457843841380e-004
6489	6.584488767216179e-004	6.606934480075958e-004
6631	6.191783856295263e-004	6.309573444801930e-004
6652	6.113227057868986e-004	6.165950018614822e-004
6711	6.017705669787432e-004	6.025595860743575e-004
6799	5.846900280582768e-004	5.888436553555889e-004
6958	5.746363618595041e-004	5.754399373371566e-004
7080	5.401399133282414e-004	5.495408738576249e-004
7147	5.361191898468620e-004	5.370317963702527e-004
7260	5.021847996801165e-004	5.128613839913648e-004
7323	4.914466071038737e-004	5.011872336272725e-004
7419	4.892792614672459e-004	4.897788193684461e-004
7545	4.785399971757309e-004	4.786300923226385e-004
7769	4.673172340771137e-004	4.677351412871981e-004
7870	3.762988692832536e-004	3.801893963205612e-004
7974	3.712050358780639e-004	3.715352290971724e-004
8014	3.588410109343077e-004	3.630780547701014e-004
8074	3.447022841548408e-004	3.467368504525317e-004
8103	3.375581122526672e-004	3.388441561392024e-004
8266	3.238517542811792e-004	3.311311214825911e-004
8284	3.233149750386799e-004	3.235936569296281e-004
8397	3.157581625128358e-004	3.162277660168379e-004
8595	3.090030028433111e-004	3.090295432513592e-004
8729	2.991825903357892e-004	3.019951720402016e-004
8770	2.950781485696608e-004	2.951209226666387e-004
8915	2.881862651974432e-004	2.884031503126606e-004
9149	2.815789834106353e-004	2.818382931264455e-004
9354	2.732429233049949e-004	2.754228703338166e-004
9718	2.685606593585410e-004	2.691534803926917e-004
9939	2.629479961643311e-004	2.630267991895381e-004
10395	2.570125730375628e-004	2.570395782768865e-004
10633	2.511884477981452e-004	2.511886431509580e-004
11233	2.454136971639098e-004	2.454708915685031e-004
12035	2.398137087104013e-004	2.398832919019490e-004
13174	2.343700462286158e-004	2.344228815319923e-004
13930	2.290583477554398e-004	2.290867652767772e-004
14806	2.238696542173901e-004	2.238721138568340e-004
16174	2.186883616743796e-004	2.187761623949552e-004
17941	2.137916989375377e-004	2.137962089502232e-004
22230	2.089013251330707e-004	2.089296130854039e-004
29628	2.041735019536750e-004	2.041737944669530e-004
42856	1.995215163944630e-004	1.995262314968879e-004
45698	1.915223047264103e-004	1.949844599758046e-004
46084	1.450008345439402e-004	1.479108388168207e-004
47418	1.435405042388149e-004	1.445439770745928e-004
48704	1.412522772314961e-004	1.412537544622754e-004
55728	1.366984425218432e-004	1.380384264602885e-004
63058	1.327200071686852e-004	1.348962882591653e-004
63365	1.315612534283916e-004	1.318256738556407e-004
92985	1.043883827441805e-004	1.047128548050900e-004
122140	1.023280044170072e-004	1.023292992280754e-004
141178	9.400231049216945e-005	9.549925860214369e-005
148291	9.253402134601352e-005	9.332543007969905e-005
173945	9.033130565128111e-005	9.120108393559096e-005
220287	8.868794336769348e-005	8.912509381337459e-005
246437	7.449357439770488e-005	7.585775750291836e-005
287660	7.404119073650683e-005	7.413102413009178e-005
462400	7.237967646567256e-005	7.244359600749906e-005
500001	7.195296095063863e-005	7.244359600749906e-005
%
% index = 1367, name = bbob_f006_i17_d05__bbob_f021_i18_d05
% instance = 8, reference value = 9.821116031307090e-001
% function evaluation | indicator value | target hit
1	9.816656951193688e+002	1.000000000000000e+003
2	8.087362215436596e+002	8.128305161640996e+002
3	4.487957885689738e+002	4.570881896148752e+002
4	2.666289366343193e+002	2.691534803926917e+002
5	2.085938636252075e+002	2.089296130854039e+002
6	7.526469497264569e+001	7.585775750291836e+001
10	1.627546616595313e+001	1.659586907437561e+001
154	1.084806432304412e+001	1.096478196143185e+001
253	9.405729200661202e+000	9.549925860214358e+000
419	4.809183368647709e+000	4.897788193684462e+000
883	4.315594476179713e+000	4.365158322401660e+000
974	3.298199189061815e+000	3.311311214825911e+000
1127	2.692398393917138e+000	2.754228703338166e+000
1212	2.311766368256209e+000	2.344228815319922e+000
1266	1.826146760228209e+000	1.862087136662868e+000
1350	9.937699826062091e-001	1.000000000000000e+000
1482	9.385494831263580e-001	9.549925860214360e-001
1584	9.177274119805086e-001	9.332543007969910e-001
1627	8.419807053280327e-001	8.511380382023764e-001
1671	7.179469523266731e-001	7.244359600749900e-001
1969	5.893920165855722e-001	6.025595860743578e-001
2017	5.883719904458888e-001	5.888436553555889e-001
2073	4.575367645415341e-001	4.677351412871982e-001
2077	4.568117579622935e-001	4.570881896148750e-001
2182	4.429444896526574e-001	4.466835921509632e-001
2187	4.305225579564059e-001	4.365158322401660e-001
2277	4.259012127913320e-001	4.265795188015927e-001
2289	4.159364337032625e-001	4.168693834703354e-001
2300	3.640665680755011e-001	3.715352290971726e-001
2326	3.230057502588953e-001	3.235936569296283e-001
2377	3.011357793762758e-001	3.019951720402016e-001
2460	2.939379256604249e-001	2.951209226666385e-001
2531	2.202562147612472e-001	2.238721138568340e-001
2720	2.178565309131840e-001	2.187761623949552e-001
2805	2.101366829097240e-001	2.137962089502232e-001
2927	2.048633598562791e-001	2.089296130854039e-001
3012	1.992815113248211e-001	1.995262314968880e-001
3054	1.909459950958985e-001	1.949844599758046e-001
3073	1.745555782304062e-001	1.778279410038923e-001
3135	1.736311560430719e-001	1.737800828749375e-001
3354	1.694759022922848e-001	1.698243652461744e-001
3454	1.622521364276394e-001	1.659586907437561e-001
3523	1.615622912855487e-001	1.621810097358930e-001
3556	1.472830630158010e-001	1.479108388168208e-001
3647	1.383948940022594e-001	1.412537544622755e-001
3697	1.355922525188570e-001	1.380384264602885e-001
3869	1.316886748722671e-001	1.318256738556407e-001
3926	9.267017339628036e-002	9.332543007969910e-002
3933	9.018594750157138e-002	9.120108393559097e-002
3973	8.630812333073146e-002	8.709635899560805e-002
4032	8.103757552221180e-002	8.128305161640990e-002
4084	7.739778473888703e-002	7.762471166286916e-002
4238	7.526441620696500e-002	7.585775750291836e-002
4353	7.384872945044307e-002	7.413102413009177e-002
4408	6.060168931047671e-002	6.165950018614822e-002
4414	5.995002793088133e-002	6.025595860743578e-002
4451	5.866463411712730e-002	5.888436553555890e-002
4473	5.423245534383625e-002	5.495408738576246e-002
4483	5.308127342140900e-002	5.370317963702527e-002
4510	4.999941728030033e-002	5.011872336272722e-002
4558	4.241309418884975e-002	4.265795188015926e-002
4707	4.158498262603994e-002	4.168693834703355e-002
4760	3.981816731448673e-002	4.073802778041128e-002
4772	3.962125677303985e-002	3.981071705534973e-002
4801	3.886809091210497e-002	3.890451449942807e-002
4917	3.800058701591591e-002	3.801893963205612e-002
5052	3.593084588713058e-002	3.630780547701014e-002
5102	2.754844013809299e-002	2.818382931264454e-002
5124	2.681874788185856e-002	2.691534803926915e-002
5180	2.561815014207436e-002	2.570395782768863e-002
5183	2.502104026389829e-002	2.511886431509579e-002
5240	2.401337326370223e-002	2.454708915685030e-002
5255	2.390160571067812e-002	2.398832919019490e-002
5395	2.294845851160277e-002	2.344228815319923e-002
5410	2.252037842537513e-002	2.290867652767774e-002
5435	2.234838807518191e-002	2.238721138568340e-002
5488	2.148546350470870e-002	2.187761623949553e-002
5522	2.108544514215072e-002	2.137962089502233e-002
5583	2.078722829117574e-002	2.089296130854040e-002
5644	2.035691929678407e-002	2.041737944669530e-002
5661	1.971560083476820e-002	1.995262314968880e-002
5696	1.899873727573698e-002	1.905460717963247e-002
5707	1.712351009539337e-002	1.737800828749376e-002
5764	1.695927392302732e-002	1.698243652461744e-002
5879	1.628270144162503e-002	1.659586907437561e-002
5999	1.587709515774427e-002	1.621810097358930e-002
6024	1.584575670735555e-002	1.584893192461113e-002
6046	1.384708226412257e-002	1.412537544622754e-002
6104	1.371733440985257e-002	1.380384264602885e-002
6127	1.323398286585420e-002	1.348962882591653e-002
6133	1.313116510138279e-002	1.318256738556408e-002
6149	1.214931354496107e-002	1.230268770812382e-002
6151	1.191589500032708e-002	1.202264434617413e-002
6268	1.141557973180352e-002	1.148153621496883e-002
6335	1.104111649268336e-002	1.122018454301964e-002
6456	1.090643496575139e-002	1.096478196143185e-002
6472	1.061407013302507e-002	1.071519305237607e-002
6651	1.045437147516770e-002	1.047128548050900e-002
6810	9.806972399454383e-003	1.000000000000000e-002
6826	9.740177574672160e-003	9.772372209558112e-003
6943	9.431850313294521e-003	9.549925860214359e-003
6985	9.322216510001424e-003	9.332543007969915e-003
7172	9.117899439614940e-003	9.120108393559097e-003
7255	8.879549950433496e-003	8.912509381337459e-003
7305	7.941240520073167e-003	7.943282347242814e-003
7628	7.741363535792911e-003	7.762471166286920e-003
7728	7.466165598871810e-003	7.585775750291836e-003
7822	7.403145910664710e-003	7.413102413009177e-003
7839	6.932604716796575e-003	7.079457843841380e-003
7904	6.915169216317962e-003	6.918309709189363e-003
7954	6.634830835248406e-003	6.760829753919818e-003
8014	6.588078551735710e-003	6.606934480075957e-003
8190	6.450931504609514e-003	6.456542290346556e-003
8526	6.286387231252300e-003	6.309573444801930e-003
8653	6.121267787696172e-003	6.165950018614822e-003
8735	5.997935686162026e-003	6.025595860743574e-003
8781	5.598038287869089e-003	5.623413251903491e-003
8922	5.494066663532027e-003	5.495408738576248e-003
9143	5.342528616632758e-003	5.370317963702527e-003
9228	5.188905076526362e-003	5.248074602497728e-003
9380	5.123059872708669e-003	5.128613839913648e-003
9431	4.639556702576986e-003	4.677351412871981e-003
9543	4.564428261544351e-003	4.570881896148752e-003
9657	4.374870595414859e-003	4.466835921509631e-003
9686	4.302072600388285e-003	4.365158322401661e-003
9692	4.251387583149580e-003	4.265795188015926e-003
9701	4.167373027315180e-003	4.168693834703355e-003
9816	3.895521114416267e-003	3.981071705534973e-003
9817	3.820992472905571e-003	3.890451449942805e-003
9829	3.602202230364116e-003	3.630780547701014e-003
9886	3.483916867649928e-003	3.548133892335753e-003
9891	3.454656543436796e-003	3.467368504525317e-003
9931	3.382799107702339e-003	3.388441561392024e-003
10300	3.306600975481855e-003	3.311311214825911e-003
10397	3.225332957080274e-003	3.235936569296281e-003
10477	2.965212529837280e-003	3.019951720402016e-003
10507	2.889196171330433e-003	2.951209226666387e-003
10528	2.882796660395148e-003	2.884031503126606e-003
10717	2.779243657972996e-003	2.818382931264455e-003
10849	2.745472686935480e-003	2.754228703338166e-003
10884	2.610550653681654e-003	2.630267991895381e-003
10912	2.556581147928561e-003	2.570395782768865e-003
10998	2.478489776880477e-003	2.511886431509579e-003
11076	2.443446261040760e-003	2.454708915685031e-003
11159	2.386912881338188e-003	2.398832919019490e-003
11174	2.331236476069143e-003	2.344228815319923e-003
11191	2.284063195729380e-003	2.290867652767772e-003
11344	2.078779712627821e-003	2.089296130854039e-003
11493	2.035531430633397e-003	2.041737944669530e-003
11512	1.949384660915987e-003	1.949844599758046e-003
11645	1.904871205040348e-003	1.905460717963246e-003
11759	1.855988468637104e-003	1.862087136662868e-003
11769	1.817212339105145e-003	1.819700858609983e-003
11837	1.734039455904002e-003	1.737800828749376e-003
11930	1.696293602015953e-003	1.698243652461744e-003
12011	1.643442495354419e-003	1.659586907437561e-003
12061	1.617667544453250e-003	1.621810097358930e-003
12083	1.583753839279223e-003	1.584893192461114e-003
12113	1.518584573963366e-003	1.548816618912481e-003
12135	1.510096797925908e-003	1.513561248436209e-003
12162	1.464679715445172e-003	1.479108388168207e-003
12237	1.436124775900383e-003	1.445439770745928e-003
12303	1.407841825677325e-003	1.412537544622754e-003
12357	1.341191147640641e-003	1.348962882591653e-003
12413	1.317771305897164e-003	1.318256738556408e-003
12562	1.280974996842099e-003	1.288249551693134e-003
12604	1.252595393518852e-003	1.258925411794168e-003
12629	1.229737280664001e-003	1.230268770812381e-003
12689	1.175617178228006e-003	1.202264434617413e-003
12701	1.174384477798607e-003	1.174897554939529e-003
12722	1.137295270340233e-003	1.148153621496883e-003
12805	1.120919783649366e-003	1.122018454301963e-003
12909	1.095259518538394e-003	1.096478196143185e-003
12964	1.069535018664691e-003	1.071519305237606e-003
13036	1.043171008843991e-003	1.047128548050900e-003
13099	1.014448623193998e-003	1.023292992280754e-003
13156	9.984924836325959e-004	1.000000000000000e-003
13206	9.734671004315576e-004	9.772372209558111e-004
13293	9.542426995554632e-004	9.549925860214359e-004
13330	9.294783407921559e-004	9.332543007969915e-004
13397	9.112339239250034e-004	9.120108393559096e-004
13532	8.895036043686799e-004	8.912509381337459e-004
13640	8.708014852862878e-004	8.709635899560805e-004
13713	8.505927973202487e-004	8.511380382023768e-004
13811	8.314289304975908e-004	8.317637711026709e-004
13842	8.126860894916987e-004	8.128305161640995e-004
13940	7.927790506927490e-004	7.943282347242813e-004
14024	7.719336638228880e-004	7.762471166286919e-004
14067	7.554116181550663e-004	7.585775750291835e-004
14197	7.410238100566957e-004	7.413102413009177e-004
14368	7.236535688721624e-004	7.244359600749898e-004
14516	7.056133631935246e-004	7.079457843841380e-004
14713	6.918223167992066e-004	6.918309709189362e-004
14817	6.749833825662188e-004	6.760829753919819e-004
15054	6.605088184191699e-004	6.606934480075958e-004
15340	6.454009353481505e-004	6.456542290346556e-004
15748	6.309492839388087e-004	6.309573444801930e-004
16728	6.165095169875512e-004	6.165950018614822e-004
18555	6.023925209714953e-004	6.025595860743575e-004
27655	5.888230958860374e-004	5.888436553555889e-004
66348	5.752956245073104e-004	5.754399373371566e-004
192010	5.622435419446736e-004	5.623413251903491e-004
375474	5.495132433624983e-004	5.495408738576249e-004
500001	5.479964501946544e-004	5.495408738576249e-004
%
% index = 1368, name = bbob_f006_i19_d05__bbob_f021_i21_d05
% instance = 9, reference value = 9.996838168801950e-001
% function evaluation | indicator value | target hit
1	6.402906531406531e+003	6.456542290346556e+003
2	1.949153477254706e+003	1.949844599758045e+003
7	1.195899690975935e+003	1.202264434617413e+003
10	7.542686866466758e+002	7.585775750291836e+002
55	5.634501472486688e+002	5.754399373371566e+002
219	5.405308247225809e+002	5.495408738576248e+002
239	4.413634004546720e+002	4.466835921509630e+002
270	3.035079845590366e+002	3.090295432513592e+002
372	2.920463165551601e+002	2.951209226666387e+002
412	2.701353735436272e+002	2.754228703338166e+002
489	1.823907584845199e+002	1.862087136662867e+002
530	1.600387602390942e+002	1.621810097358930e+002
557	1.204815262077842e+002	1.230268770812381e+002
579	9.694435124579889e+001	9.772372209558107e+001
648	6.768041302119534e+001	6.918309709189366e+001
708	4.180414067472776e+001	4.265795188015925e+001
852	2.790118514297270e+001	2.818382931264453e+001
1230	1.251382538857846e+001	1.258925411794168e+001
1459	7.472215390201193e+000	7.585775750291838e+000
1804	7.178159066966193e+000	7.244359600749901e+000
1845	7.075067875207695e+000	7.079457843841379e+000
1894	5.900250866992194e+000	6.025595860743578e+000
2011	4.004654286866315e+000	4.073802778041127e+000
2062	3.768294225033695e+000	3.801893963205612e+000
2080	3.204022761606695e+000	3.235936569296283e+000
2155	3.000231721113447e+000	3.019951720402016e+000
2168	2.766829664986695e+000	2.818382931264454e+000
2204	1.918304497516195e+000	1.949844599758045e+000
2621	6.822395556160553e-001	6.918309709189364e-001
2749	2.340034226595216e-001	2.344228815319922e-001
2943	2.180391756883068e-001	2.187761623949552e-001
3140	1.951612180916754e-001	1.995262314968880e-001
3168	1.846128689881049e-001	1.862087136662868e-001
3261	1.388337307865493e-001	1.412537544622755e-001
3318	5.480112187742681e-002	5.495408738576246e-002
3446	8.931898245707726e-003	9.120108393559097e-003
3457	8.894607949394784e-003	8.912509381337459e-003
3523	8.654015136027371e-003	8.709635899560805e-003
3595	8.467925067256688e-003	8.511380382023768e-003
3715	7.434464580185374e-003	7.585775750291836e-003
3735	7.327866968844687e-003	7.413102413009177e-003
3760	6.860302830969167e-003	6.918309709189363e-003
3771	5.520499731246464e-003	5.623413251903491e-003
3791	5.200944445324929e-003	5.248074602497728e-003
3840	4.384055836439305e-003	4.466835921509631e-003
3970	4.271511615205004e-003	4.365158322401661e-003
3990	3.932827065146749e-003	3.981071705534973e-003
3993	3.886180542449713e-003	3.890451449942805e-003
4036	3.455302524198678e-003	3.467368504525317e-003
4044	3.367527859107322e-003	3.388441561392024e-003
4054	3.037174605614257e-003	3.090295432513592e-003
4110	2.993965318583869e-003	3.019951720402016e-003
4116	1.621506754509783e-003	1.621810097358930e-003
4131	1.553017348449370e-003	1.584893192461114e-003
4133	1.100320041881209e-003	1.122018454301963e-003
4169	1.095687815055313e-003	1.096478196143185e-003
4281	9.436094812151907e-004	9.549925860214359e-004
4332	9.329297852914698e-004	9.332543007969915e-004
4346	9.090153111267485e-004	9.120108393559096e-004
4421	8.755771169417503e-004	8.912509381337459e-004
4448	7.243939495255036e-004	7.244359600749898e-004
4475	6.962468206966888e-004	7.079457843841380e-004
4481	6.875592779189699e-004	6.918309709189362e-004
4511	6.014138529024660e-004	6.025595860743575e-004
4565	5.833522444259609e-004	5.888436553555889e-004
4573	5.751521994938891e-004	5.754399373371566e-004
4627	5.515433025545802e-004	5.623413251903491e-004
4629	5.434727121110816e-004	5.495408738576249e-004
4661	5.367888160958678e-004	5.370317963702527e-004
4695	5.245690974169381e-004	5.248074602497728e-004
4698	5.019330912910958e-004	5.128613839913648e-004
4732	5.008557734219599e-004	5.011872336272725e-004
4752	4.643901615491997e-004	4.677351412871981e-004
4778	4.567294747009898e-004	4.570881896148752e-004
4822	4.446324602641605e-004	4.466835921509631e-004
4845	4.322947305028801e-004	4.365158322401661e-004
4883	4.188594418408353e-004	4.265795188015926e-004
4893	4.096366234767057e-004	4.168693834703355e-004
4952	4.064045827951723e-004	4.073802778041126e-004
4995	3.325418069899389e-004	3.388441561392024e-004
5004	3.306330884634834e-004	3.311311214825911e-004
5090	3.189253236776102e-004	3.235936569296281e-004
5093	3.160012383749411e-004	3.162277660168379e-004
5107	2.978348509626860e-004	3.019951720402016e-004
5120	2.831008861812201e-004	2.884031503126606e-004
5148	2.694066756959712e-004	2.754228703338166e-004
5165	2.685201363762380e-004	2.691534803926917e-004
5173	2.585107115737895e-004	2.630267991895381e-004
5195	2.406553246737664e-004	2.454708915685031e-004
5217	2.398730297252794e-004	2.398832919019490e-004
5261	2.211782861650802e-004	2.238721138568340e-004
5262	2.058021756012884e-004	2.089296130854039e-004
5266	1.950519384855687e-004	1.995262314968879e-004
5272	1.949630613243825e-004	1.949844599758046e-004
5291	1.828856391907774e-004	1.862087136662868e-004
5298	1.817995372039860e-004	1.819700858609983e-004
5324	1.771055466925908e-004	1.778279410038923e-004
5367	1.720825400333137e-004	1.737800828749376e-004
5373	1.624423807768949e-004	1.659586907437562e-004
5382	1.620229980573429e-004	1.621810097358930e-004
5391	1.584854107307132e-004	1.584893192461114e-004
5429	1.541906573193641e-004	1.548816618912481e-004
5431	1.483782661767519e-004	1.513561248436209e-004
5457	1.479054619729636e-004	1.479108388168207e-004
5489	1.433908809649331e-004	1.445439770745928e-004
5530	1.389850416245730e-004	1.412537544622754e-004
5532	1.317077659931387e-004	1.318256738556407e-004
5588	1.220811800306532e-004	1.230268770812381e-004
5608	1.197388597679039e-004	1.202264434617413e-004
5698	1.163873681431227e-004	1.174897554939529e-004
5844	1.124017296945112e-004	1.148153621496883e-004
5875	1.081951492354349e-004	1.096478196143185e-004
5886	1.068243631610066e-004	1.071519305237606e-004
5949	1.031262146371503e-004	1.047128548050900e-004
6000	1.011806231518975e-004	1.023292992280754e-004
6012	9.902625368041207e-005	1.000000000000000e-004
6031	9.747767862200440e-005	9.772372209558112e-005
6066	9.530122100420702e-005	9.549925860214369e-005
6186	9.253254906238517e-005	9.332543007969905e-005
6241	9.108743041164047e-005	9.120108393559096e-005
6309	8.829439207846956e-005	8.912509381337459e-005
6355	8.562235906039994e-005	8.709635899560814e-005
6377	8.428408270544363e-005	8.511380382023760e-005
6411	7.685689821657071e-005	7.762471166286911e-005
6480	7.504238346789371e-005	7.585775750291836e-005
6528	7.409036986738560e-005	7.413102413009178e-005
6551	7.228855918028909e-005	7.244359600749906e-005
6633	6.990616786595183e-005	7.079457843841373e-005
6675	6.912674921821793e-005	6.918309709189363e-005
6884	6.695874282303116e-005	6.760829753919819e-005
6914	6.603696331863862e-005	6.606934480075965e-005
7093	6.398871537249828e-005	6.456542290346549e-005
7121	6.232275062734161e-005	6.309573444801929e-005
7161	6.122464889102286e-005	6.165950018614822e-005
7377	5.981155804091198e-005	6.025595860743581e-005
7497	5.855645375429930e-005	5.888436553555884e-005
7563	5.635096627421010e-005	5.754399373371566e-005
7593	5.618832783360617e-005	5.623413251903491e-005
7679	5.478629822741610e-005	5.495408738576248e-005
7973	5.344501535131663e-005	5.370317963702533e-005
8067	5.237616098630049e-005	5.248074602497723e-005
8254	5.064434417523245e-005	5.128613839913648e-005
8434	5.011634644580543e-005	5.011872336272725e-005
8667	4.896481590410673e-005	4.897788193684466e-005
8724	4.739222133032239e-005	4.786300923226380e-005
8795	4.625800322577423e-005	4.677351412871981e-005
8924	4.484213696565043e-005	4.570881896148752e-005
8957	4.385613230906138e-005	4.466835921509635e-005
9047	4.354047894439272e-005	4.365158322401657e-005
9206	4.219414521133835e-005	4.265795188015926e-005
9270	4.168334666065920e-005	4.168693834703355e-005
9537	4.066811914404944e-005	4.073802778041130e-005
9604	3.957718783287323e-005	3.981071705534970e-005
9931	3.888493183445974e-005	3.890451449942805e-005
10019	3.772261674683808e-005	3.801893963205612e-005
10344	3.713308808916960e-005	3.715352290971728e-005
10611	3.625794935957494e-005	3.630780547701010e-005
10840	3.539346268788268e-005	3.548133892335753e-005
11318	3.462253823460770e-005	3.467368504525317e-005
11526	3.385033122293990e-005	3.388441561392028e-005
12193	3.310849908300106e-005	3.311311214825908e-005
13072	3.233430583926555e-005	3.235936569296281e-005
13888	3.151529120715146e-005	3.162277660168380e-005
14477	3.067924118016485e-005	3.090295432513592e-005
15324	3.017254502224454e-005	3.019951720402019e-005
16065	2.949457877121642e-005	2.951209226666384e-005
16783	2.855675035384753e-005	2.884031503126606e-005
16928	2.817999165560803e-005	2.818382931264455e-005
17093	2.753974201097353e-005	2.754228703338169e-005
17179	2.691396236442767e-005	2.691534803926914e-005
18516	2.627965851842440e-005	2.630267991895381e-005
21096	2.560535757256677e-005	2.570395782768865e-005
22995	2.494113792994579e-005	2.511886431509582e-005
26020	2.454403293783436e-005	2.454708915685029e-005
32107	2.397144920573968e-005	2.398832919019490e-005
42797	2.343895936629536e-005	2.344228815319923e-005
67763	2.290513044089781e-005	2.290867652767775e-005
71089	2.232002586111115e-005	2.238721138568338e-005
101951	2.187761353511508e-005	2.187761623949552e-005
139929	2.136585328904594e-005	2.137962089502232e-005
257353	2.084246551825597e-005	2.089296130854041e-005
370722	2.041714483502766e-005	2.041737944669527e-005
500001	2.005253428327691e-005	2.041737944669527e-005
%
% index = 1369, name = bbob_f006_i21_d05__bbob_f021_i22_d05
% instance = 10, reference value = 9.373170685898000e-001
% function evaluation | indicator value | target hit
1	1.823458423258280e+003	1.862087136662868e+003
2	9.001394702446992e+002	9.120108393559096e+002
4	4.881793321657186e+002	4.897788193684461e+002
6	1.193852366291842e+002	1.202264434617413e+002
10	5.813819362501945e+001	5.888436553555890e+001
253	5.299996396273080e+001	5.370317963702527e+001
327	2.411265212173205e+001	2.454708915685030e+001
436	1.019542790518162e+001	1.023292992280754e+001
752	7.490816522582455e+000	7.585775750291838e+000
940	4.979672003630707e+000	5.011872336272722e+000
1198	3.808899555262800e+000	3.890451449942806e+000
1247	2.255321101579464e+000	2.290867652767773e+000
1478	1.154664121078800e+000	1.174897554939530e+000
2085	1.094047560734373e+000	1.096478196143185e+000
2391	1.044822437618300e+000	1.047128548050900e+000
2506	8.407668075004580e-001	8.511380382023764e-001
2514	3.928415205413668e-001	3.981071705534973e-001
2750	2.905915373094828e-001	2.951209226666385e-001
2957	2.497704060480632e-001	2.511886431509580e-001
3020	2.187111123030375e-001	2.187761623949552e-001
3272	1.567721717998897e-001	1.584893192461113e-001
3429	1.035230007846502e-001	1.047128548050900e-001
3839	1.015039290215027e-001	1.023292992280754e-001
3849	9.217449470492589e-002	9.332543007969910e-002
4068	9.103125157644010e-002	9.120108393559097e-002
4137	8.494005272370830e-002	8.511380382023763e-002
5565	8.268531759192044e-002	8.317637711026708e-002
5983	7.668607520777493e-002	7.762471166286916e-002
6182	7.524542451602934e-002	7.585775750291836e-002
6186	7.256301244882513e-002	7.413102413009177e-002
6240	7.221607796523599e-002	7.244359600749903e-002
6472	6.378827818973498e-002	6.456542290346556e-002
6749	5.741097417666508e-002	5.754399373371569e-002
7152	4.977330839355254e-002	5.011872336272722e-002
7220	4.894157511259589e-002	4.897788193684461e-002
7489	4.713790763378567e-002	4.786300923226383e-002
7620	4.519045516151543e-002	4.570881896148749e-002
7843	4.458557851637823e-002	4.466835921509630e-002
7967	4.299827346947216e-002	4.365158322401658e-002
8205	4.259943981124470e-002	4.265795188015926e-002
8647	4.162621729513083e-002	4.168693834703355e-002
8656	4.061011994613351e-002	4.073802778041128e-002
9023	3.966801649768470e-002	3.981071705534973e-002
9191	3.782709193041622e-002	3.801893963205612e-002
9487	3.714771537833983e-002	3.715352290971726e-002
9846	3.627870189985927e-002	3.630780547701014e-002
10175	3.537527957244291e-002	3.548133892335755e-002
10253	3.461958086399808e-002	3.467368504525317e-002
10477	3.388084837662997e-002	3.388441561392026e-002
10604	3.287577293117516e-002	3.311311214825911e-002
10772	3.235075384692754e-002	3.235936569296283e-002
11076	3.161703051401421e-002	3.162277660168379e-002
11569	3.090058249418781e-002	3.090295432513590e-002
12874	3.019364948741510e-002	3.019951720402016e-002
500001	2.982436753048379e-002	3.019951720402016e-002
