%
% index = 1990, name = bbob_f013_i02_d10__bbob_f013_i04_d10
% instance = 1, reference value = 5.808933329056600e-001
% function evaluation | indicator value | target hit
1	5.017474410069834e+001	5.128613839913648e+001
2	2.192988876487502e+001	2.238721138568340e+001
5	2.173006554203888e+001	2.187761623949553e+001
6	9.447339714097025e+000	9.549925860214358e+000
146	7.245564962944865e+000	7.413102413009175e+000
534	6.830884655892848e+000	6.918309709189365e+000
647	6.525066820382467e+000	6.606934480075959e+000
714	6.004463223194751e+000	6.025595860743578e+000
724	5.730821286281842e+000	5.754399373371570e+000
811	5.029920457994670e+000	5.128613839913649e+000
819	4.633958021925803e+000	4.677351412871983e+000
995	4.106491933427062e+000	4.168693834703354e+000
1059	3.945296966889815e+000	3.981071705534972e+000
1122	3.625213044270159e+000	3.630780547701014e+000
1363	3.260476111719773e+000	3.311311214825911e+000
1372	3.173206444854454e+000	3.235936569296283e+000
1409	2.611323922461970e+000	2.630267991895382e+000
1559	2.117316710965436e+000	2.137962089502232e+000
1700	1.685397158372912e+000	1.698243652461744e+000
1762	1.653544853463470e+000	1.659586907437561e+000
1846	1.502869440227215e+000	1.513561248436208e+000
1938	1.428753727361725e+000	1.445439770745927e+000
2043	1.112051431148281e+000	1.122018454301963e+000
2132	9.230149913858878e-001	9.332543007969910e-001
2224	8.154335636265437e-001	8.317637711026710e-001
2395	7.794002455434703e-001	7.943282347242815e-001
2436	7.617070835191599e-001	7.762471166286917e-001
2577	5.682899270030789e-001	5.754399373371569e-001
2607	5.499569418310921e-001	5.623413251903491e-001
2823	5.429675102860330e-001	5.495408738576245e-001
2864	4.878606591640185e-001	4.897788193684462e-001
2962	4.579929461710451e-001	4.677351412871982e-001
3043	4.567889549493431e-001	4.570881896148750e-001
3091	4.460354824713763e-001	4.466835921509632e-001
3166	4.164382790380101e-001	4.168693834703354e-001
3179	3.925129520014034e-001	3.981071705534973e-001
3200	3.889706998726807e-001	3.890451449942806e-001
3215	3.763327766365064e-001	3.801893963205612e-001
3313	3.697797362973075e-001	3.715352290971726e-001
3426	3.518630284085605e-001	3.548133892335755e-001
3529	3.440333471664602e-001	3.467368504525316e-001
3564	3.385531656368814e-001	3.388441561392026e-001
3618	3.275165131871832e-001	3.311311214825911e-001
3681	3.188104246415953e-001	3.235936569296283e-001
3693	3.138987768098681e-001	3.162277660168379e-001
3707	3.026000592223622e-001	3.090295432513591e-001
3735	3.012548701189000e-001	3.019951720402016e-001
3816	2.943012183693333e-001	2.951209226666385e-001
3819	2.872225728225172e-001	2.884031503126606e-001
3825	2.772235544597558e-001	2.818382931264454e-001
3873	2.750506606359252e-001	2.754228703338166e-001
3887	2.670625644206905e-001	2.691534803926916e-001
3896	2.608657335126108e-001	2.630267991895382e-001
3926	2.553238790156169e-001	2.570395782768864e-001
3955	2.498236024214003e-001	2.511886431509580e-001
3972	2.381740678978343e-001	2.398832919019490e-001
3999	2.215520813517498e-001	2.238721138568340e-001
4046	2.167094639528092e-001	2.187761623949552e-001
4111	1.991483194328693e-001	1.995262314968880e-001
4160	1.929324389096033e-001	1.949844599758046e-001
4183	1.904653969713288e-001	1.905460717963247e-001
4186	1.853848271760961e-001	1.862087136662868e-001
4192	1.800377736069696e-001	1.819700858609984e-001
4212	1.724274756382445e-001	1.737800828749375e-001
4272	1.642936863917849e-001	1.659586907437561e-001
4328	1.608982547816313e-001	1.621810097358930e-001
4391	1.583980402558356e-001	1.584893192461113e-001
4397	1.526248303976314e-001	1.548816618912481e-001
4445	1.500318082562658e-001	1.513561248436208e-001
4477	1.448760077807597e-001	1.479108388168208e-001
4505	1.444263385209861e-001	1.445439770745928e-001
4538	1.395759422454763e-001	1.412537544622755e-001
4552	1.371071420669496e-001	1.380384264602885e-001
4578	1.339100420789608e-001	1.348962882591654e-001
4601	1.316059567423260e-001	1.318256738556407e-001
4696	1.283882270740022e-001	1.288249551693134e-001
4773	1.251388941229263e-001	1.258925411794167e-001
4803	1.228271260540815e-001	1.230268770812382e-001
4838	1.188583505487016e-001	1.202264434617413e-001
4846	1.110994731775610e-001	1.122018454301964e-001
4860	1.086868139594992e-001	1.096478196143185e-001
4913	1.048022460457057e-001	1.071519305237607e-001
4944	1.044471798626441e-001	1.047128548050900e-001
4945	1.010879031336560e-001	1.023292992280754e-001
4970	9.995667664840124e-002	1.000000000000000e-001
5001	9.631768933986884e-002	9.772372209558107e-002
5023	9.410595161206020e-002	9.549925860214359e-002
5039	9.318920492457866e-002	9.332543007969910e-002
5080	9.095653475794296e-002	9.120108393559097e-002
5129	8.810107380212950e-002	8.912509381337455e-002
5132	8.657098463063245e-002	8.709635899560805e-002
5172	8.482335520474255e-002	8.511380382023763e-002
5247	8.288262741507063e-002	8.317637711026708e-002
5311	8.035091340006451e-002	8.128305161640990e-002
5345	7.904534497228943e-002	7.943282347242814e-002
5388	7.735223941940295e-002	7.762471166286916e-002
5459	7.542424298201089e-002	7.585775750291836e-002
5462	7.373284097937471e-002	7.413102413009177e-002
5500	7.203113112846671e-002	7.244359600749903e-002
5528	7.039692489631155e-002	7.079457843841380e-002
5586	6.917566293607846e-002	6.918309709189366e-002
5692	6.746168807072772e-002	6.760829753919818e-002
5811	6.531878641045064e-002	6.606934480075961e-002
5824	6.429003675152190e-002	6.456542290346556e-002
5871	6.137976348126939e-002	6.165950018614822e-002
5984	6.018576830560540e-002	6.025595860743578e-002
6000	5.845984903464441e-002	5.888436553555890e-002
6080	5.747755523525355e-002	5.754399373371569e-002
6117	5.617889945322740e-002	5.623413251903491e-002
6208	5.420527451993418e-002	5.495408738576246e-002
6290	5.210863329651272e-002	5.248074602497726e-002
6310	4.945946622374464e-002	5.011872336272722e-002
6356	4.888170425540639e-002	4.897788193684461e-002
6441	4.786251205388681e-002	4.786300923226383e-002
6483	4.639199596221422e-002	4.677351412871982e-002
6598	4.569676118149757e-002	4.570881896148749e-002
6729	4.461148321732766e-002	4.466835921509630e-002
6830	4.354485757760584e-002	4.365158322401658e-002
6934	4.264136039339173e-002	4.265795188015926e-002
6999	4.057924077179120e-002	4.073802778041128e-002
7106	3.979959359272223e-002	3.981071705534973e-002
7135	3.887228377155660e-002	3.890451449942807e-002
7192	3.690522702257082e-002	3.715352290971726e-002
7213	3.581191991670862e-002	3.630780547701014e-002
7252	3.548075824155117e-002	3.548133892335755e-002
7438	3.463809144520458e-002	3.467368504525317e-002
7455	3.388088893450658e-002	3.388441561392026e-002
7570	3.290539059950826e-002	3.311311214825911e-002
7668	2.875546255750427e-002	2.884031503126606e-002
7714	2.810530160864200e-002	2.818382931264454e-002
7799	2.747328881649802e-002	2.754228703338166e-002
7952	2.691408061703737e-002	2.691534803926915e-002
7988	2.597193245129603e-002	2.630267991895382e-002
8119	2.570199763379910e-002	2.570395782768863e-002
8386	2.511695456543484e-002	2.511886431509579e-002
8803	2.454425202431954e-002	2.454708915685030e-002
9419	2.398637768811118e-002	2.398832919019490e-002
9926	2.343958779781641e-002	2.344228815319923e-002
10681	2.290837610989960e-002	2.290867652767774e-002
11455	2.238712010246657e-002	2.238721138568340e-002
13323	2.187661347047409e-002	2.187761623949553e-002
17054	2.137808238899341e-002	2.137962089502233e-002
33257	2.086439473388191e-002	2.089296130854040e-002
89072	2.038287170643749e-002	2.041737944669530e-002
89398	1.993956680198128e-002	1.995262314968880e-002
136529	1.948094507752307e-002	1.949844599758046e-002
187831	1.905150076695861e-002	1.905460717963247e-002
344831	1.860246410993682e-002	1.862087136662868e-002
623560	1.818402383589135e-002	1.819700858609984e-002
649292	1.754055343237759e-002	1.778279410038923e-002
1000001	1.751308947560448e-002	1.778279410038923e-002
%
% index = 1991, name = bbob_f013_i03_d10__bbob_f013_i05_d10
% instance = 2, reference value = 5.923225316960480e-001
% function evaluation | indicator value | target hit
1	6.445773764299494e+001	6.456542290346556e+001
2	3.760051313906740e+001	3.801893963205612e+001
4	2.855349940732301e+001	2.884031503126606e+001
6	1.504935542101318e+001	1.513561248436208e+001
160	1.453801786949226e+001	1.479108388168207e+001
261	1.357463910927059e+001	1.380384264602885e+001
292	8.441958526734057e+000	8.511380382023766e+000
739	6.558862691219898e+000	6.606934480075959e+000
909	3.880824093708007e+000	3.890451449942806e+000
1092	3.379930336455754e+000	3.388441561392026e+000
1393	2.729089561906189e+000	2.754228703338166e+000
1421	2.335935860861638e+000	2.344228815319922e+000
1523	1.789329365020614e+000	1.819700858609983e+000
1783	9.682422852262372e-001	9.772372209558107e-001
1867	6.335451676052625e-001	6.456542290346555e-001
2286	5.724345903862617e-001	5.754399373371569e-001
2501	5.606604290217702e-001	5.623413251903491e-001
2568	4.974829830611847e-001	5.011872336272722e-001
2574	4.856082913390066e-001	4.897788193684462e-001
2612	4.722608199754447e-001	4.786300923226383e-001
2768	4.324381708959109e-001	4.365158322401660e-001
2845	4.236577021577209e-001	4.265795188015927e-001
2865	3.836589475937896e-001	3.890451449942806e-001
2897	3.763081508393240e-001	3.801893963205612e-001
2939	3.503941301719801e-001	3.548133892335755e-001
3007	3.466592623469291e-001	3.467368504525316e-001
3053	3.168183123448803e-001	3.235936569296283e-001
3186	3.019099540444469e-001	3.019951720402016e-001
3211	2.916987458147670e-001	2.951209226666385e-001
3297	2.835105636791068e-001	2.884031503126606e-001
3300	2.805324149619768e-001	2.818382931264454e-001
3363	2.673860605941909e-001	2.691534803926916e-001
3404	2.526878458845447e-001	2.570395782768864e-001
3417	2.468537763004718e-001	2.511886431509580e-001
3430	2.446696881833950e-001	2.454708915685031e-001
3436	2.392774565806715e-001	2.398832919019490e-001
3472	2.302198305046760e-001	2.344228815319922e-001
3476	2.284200313762049e-001	2.290867652767773e-001
3488	2.195343944676814e-001	2.238721138568340e-001
3492	2.167133049969865e-001	2.187761623949552e-001
3528	2.125365689819606e-001	2.137962089502232e-001
3541	1.976658006637054e-001	1.995262314968880e-001
3586	1.934204048305144e-001	1.949844599758046e-001
3615	1.890547450303830e-001	1.905460717963247e-001
3641	1.834139429355082e-001	1.862087136662868e-001
3709	1.817888850481674e-001	1.819700858609984e-001
3719	1.755488794691796e-001	1.778279410038923e-001
3774	1.714754668547828e-001	1.737800828749375e-001
3800	1.691508969058773e-001	1.698243652461744e-001
3839	1.656720424043223e-001	1.659586907437561e-001
3881	1.616347427510874e-001	1.621810097358930e-001
3913	1.547257953803458e-001	1.548816618912481e-001
3945	1.447388350433054e-001	1.479108388168208e-001
3956	1.424988592271070e-001	1.445439770745928e-001
3980	1.343455896315483e-001	1.348962882591654e-001
4039	1.304105685601050e-001	1.318256738556407e-001
4089	1.284433926635997e-001	1.288249551693134e-001
4132	1.258907742717679e-001	1.258925411794167e-001
4158	1.224807776360729e-001	1.230268770812382e-001
4227	1.155846961694391e-001	1.174897554939529e-001
4262	1.145085269661733e-001	1.148153621496883e-001
4318	1.118972568846058e-001	1.122018454301964e-001
4370	1.091499660502569e-001	1.096478196143185e-001
4450	1.070139368569498e-001	1.071519305237607e-001
4472	1.045966757485899e-001	1.047128548050900e-001
4528	1.023248711548566e-001	1.023292992280754e-001
4534	9.587802854591054e-002	9.772372209558107e-002
4541	9.518493379520143e-002	9.549925860214359e-002
4580	9.051373582892253e-002	9.120108393559097e-002
4613	8.841371061264181e-002	8.912509381337455e-002
4640	8.680997991484618e-002	8.709635899560805e-002
4664	8.276271107811106e-002	8.317637711026708e-002
4690	8.121268315846442e-002	8.128305161640990e-002
4742	7.414661209472306e-002	7.585775750291836e-002
4746	7.398173691789789e-002	7.413102413009177e-002
4773	7.142586736622192e-002	7.244359600749903e-002
4788	6.959972981460050e-002	7.079457843841380e-002
4806	6.899360419578449e-002	6.918309709189366e-002
4876	6.756098037602520e-002	6.760829753919818e-002
4893	6.599689953638455e-002	6.606934480075961e-002
4933	6.438217487483278e-002	6.456542290346556e-002
4945	6.277626319180951e-002	6.309573444801933e-002
4981	5.963757844267859e-002	6.025595860743578e-002
4996	5.883678176791751e-002	5.888436553555890e-002
5076	5.749182533935970e-002	5.754399373371569e-002
5111	5.615523112918253e-002	5.623413251903491e-002
5142	5.479964096278722e-002	5.495408738576246e-002
5236	5.367416928277347e-002	5.370317963702527e-002
5326	5.157377575373046e-002	5.248074602497726e-002
5336	5.128065251584379e-002	5.128613839913648e-002
5428	5.011187873381140e-002	5.011872336272722e-002
5472	4.897546152489052e-002	4.897788193684461e-002
5603	4.785391191365196e-002	4.786300923226383e-002
5635	4.642901771272845e-002	4.677351412871982e-002
5643	4.380993380465370e-002	4.466835921509630e-002
5685	4.359471251992009e-002	4.365158322401658e-002
5804	4.257458407220616e-002	4.265795188015926e-002
5872	4.165794029545988e-002	4.168693834703355e-002
5941	4.073003559285815e-002	4.073802778041128e-002
5989	3.971592327245255e-002	3.981071705534973e-002
6105	3.890263337078770e-002	3.890451449942807e-002
6226	3.800247906414478e-002	3.801893963205612e-002
6388	3.701508627602579e-002	3.715352290971726e-002
6392	3.623956048302646e-002	3.630780547701014e-002
6517	3.547129898191503e-002	3.548133892335755e-002
6544	3.431881295053019e-002	3.467368504525317e-002
6621	3.388136753209925e-002	3.388441561392026e-002
6812	3.296256237493933e-002	3.311311214825911e-002
7012	3.215686014376962e-002	3.235936569296283e-002
7163	3.161534198519900e-002	3.162277660168379e-002
7213	3.086551863699993e-002	3.090295432513590e-002
7425	3.018954926592710e-002	3.019951720402016e-002
7717	2.950946381773145e-002	2.951209226666385e-002
8080	2.883410324944091e-002	2.884031503126606e-002
8296	2.808996440547751e-002	2.818382931264454e-002
8349	2.725179553257895e-002	2.754228703338166e-002
8366	2.674240908949555e-002	2.691534803926915e-002
8585	2.601813078015047e-002	2.630267991895382e-002
8823	2.561984784184657e-002	2.570395782768863e-002
9456	2.511881532320970e-002	2.511886431509579e-002
9948	2.454554184695190e-002	2.454708915685030e-002
10658	2.393445149274354e-002	2.398832919019490e-002
11468	2.344218259697228e-002	2.344228815319923e-002
14190	2.285761713352552e-002	2.290867652767774e-002
19394	2.238706940827295e-002	2.238721138568340e-002
40957	2.187756787909956e-002	2.187761623949553e-002
78085	2.137940183567255e-002	2.137962089502233e-002
198760	2.089295921758194e-002	2.089296130854040e-002
273531	2.038587674818548e-002	2.041737944669530e-002
275863	1.994930408791296e-002	1.995262314968880e-002
1000001	1.959546269517165e-002	1.995262314968880e-002
%
% index = 1992, name = bbob_f013_i07_d10__bbob_f013_i08_d10
% instance = 3, reference value = 6.068550886574819e-001
% function evaluation | indicator value | target hit
1	9.797326288090262e+001	1.000000000000000e+002
2	3.495027202313205e+001	3.548133892335755e+001
3	2.869825237480255e+001	2.884031503126606e+001
5	2.748163852297400e+001	2.754228703338166e+001
6	1.469900870740626e+001	1.479108388168207e+001
37	1.203626528117853e+001	1.230268770812382e+001
150	1.137239982890067e+001	1.148153621496883e+001
237	8.276100017053169e+000	8.317637711026711e+000
511	7.973700069061039e+000	8.128305161640993e+000
588	7.253113104153058e+000	7.413102413009175e+000
786	5.524430350914766e+000	5.623413251903491e+000
1148	4.940087273096001e+000	5.011872336272722e+000
1308	4.754151127219148e+000	4.786300923226384e+000
1346	4.675181358366285e+000	4.677351412871983e+000
1405	4.143138936820289e+000	4.168693834703354e+000
1431	3.634651646272809e+000	3.715352290971725e+000
1469	3.394473677438724e+000	3.467368504525317e+000
1641	3.162674951773098e+000	3.235936569296283e+000
1692	3.006902646641093e+000	3.019951720402016e+000
1811	2.846572052752196e+000	2.884031503126606e+000
1846	2.613463963802491e+000	2.630267991895382e+000
1986	2.376959593344879e+000	2.398832919019490e+000
2014	2.247126940931281e+000	2.290867652767773e+000
2041	1.975538457655558e+000	1.995262314968880e+000
2096	1.513312043678025e+000	1.513561248436208e+000
2374	1.473241242636705e+000	1.479108388168207e+000
2429	7.730583171384819e-001	7.762471166286917e-001
2560	6.839933310543359e-001	6.918309709189364e-001
2890	5.900500071422222e-001	6.025595860743578e-001
2921	5.352662694088469e-001	5.370317963702527e-001
3123	5.184372934778753e-001	5.248074602497725e-001
3135	4.438182496623390e-001	4.466835921509632e-001
3219	4.294301006994090e-001	4.365158322401660e-001
3445	4.153707989255038e-001	4.168693834703354e-001
3462	4.063596169186093e-001	4.073802778041127e-001
3555	3.760550171672737e-001	3.801893963205612e-001
3586	3.673419147393777e-001	3.715352290971726e-001
3614	3.487751333045937e-001	3.548133892335755e-001
3616	3.388788364329942e-001	3.467368504525316e-001
3623	3.246561888206805e-001	3.311311214825911e-001
3666	3.212793914631975e-001	3.235936569296283e-001
3697	3.148588286724627e-001	3.162277660168379e-001
3746	3.050360001276316e-001	3.090295432513591e-001
3788	2.990500145348062e-001	3.019951720402016e-001
3834	2.942321382802497e-001	2.951209226666385e-001
3856	2.869597179610107e-001	2.884031503126606e-001
3880	2.795702346460584e-001	2.818382931264454e-001
3909	2.708088082603426e-001	2.754228703338166e-001
3940	2.639936993458140e-001	2.691534803926916e-001
3951	2.583667675145457e-001	2.630267991895382e-001
3965	2.540269417932936e-001	2.570395782768864e-001
4002	2.490442102169677e-001	2.511886431509580e-001
4033	2.454443940176205e-001	2.454708915685031e-001
4085	2.335620918065388e-001	2.344228815319922e-001
4103	2.281958820085164e-001	2.290867652767773e-001
4114	2.163075741564672e-001	2.187761623949552e-001
4156	2.051077476061686e-001	2.089296130854039e-001
4166	2.023772267113260e-001	2.041737944669530e-001
4184	1.956119215820495e-001	1.995262314968880e-001
4187	1.935480663426972e-001	1.949844599758046e-001
4211	1.904801041746959e-001	1.905460717963247e-001
4264	1.845956416453494e-001	1.862087136662868e-001
4266	1.790821429287680e-001	1.819700858609984e-001
4294	1.761781927971763e-001	1.778279410038923e-001
4381	1.670220367381904e-001	1.698243652461744e-001
4382	1.640177356331916e-001	1.659586907437561e-001
4405	1.617468780569598e-001	1.621810097358930e-001
4427	1.576061344420793e-001	1.584893192461113e-001
4434	1.538635751411286e-001	1.548816618912481e-001
4436	1.486970841729693e-001	1.513561248436208e-001
4445	1.470053840248657e-001	1.479108388168208e-001
4521	1.434370031965395e-001	1.445439770745928e-001
4584	1.407838159017295e-001	1.412537544622755e-001
4585	1.377509544436809e-001	1.380384264602885e-001
4610	1.343235646779586e-001	1.348962882591654e-001
4627	1.309471007953597e-001	1.318256738556407e-001
4634	1.281464966472095e-001	1.288249551693134e-001
4667	1.206429840920699e-001	1.230268770812382e-001
4670	1.196139665161016e-001	1.202264434617413e-001
4700	1.130131512834471e-001	1.148153621496883e-001
4714	1.116938994550781e-001	1.122018454301964e-001
4730	1.092082054257393e-001	1.096478196143185e-001
4751	1.070297482809529e-001	1.071519305237607e-001
4800	1.036531494497275e-001	1.047128548050900e-001
4838	1.015721379445588e-001	1.023292992280754e-001
4844	9.715774483517559e-002	9.772372209558107e-002
4891	9.475294438192694e-002	9.549925860214359e-002
4910	9.305708278285430e-002	9.332543007969910e-002
5023	9.065605053959003e-002	9.120108393559097e-002
5061	8.825752923779162e-002	8.912509381337455e-002
5093	8.694108680891421e-002	8.709635899560805e-002
5150	8.406904370460666e-002	8.511380382023763e-002
5187	8.277533053263608e-002	8.317637711026708e-002
5261	8.108167552914913e-002	8.128305161640990e-002
5291	7.909376682459934e-002	7.943282347242814e-002
5320	7.725837305792394e-002	7.762471166286916e-002
5392	7.584531101286673e-002	7.585775750291836e-002
5441	7.390891312558601e-002	7.413102413009177e-002
5532	7.232266224679285e-002	7.244359600749903e-002
5630	7.061798741253467e-002	7.079457843841380e-002
5634	6.844869832140021e-002	6.918309709189366e-002
5662	6.739352117190578e-002	6.760829753919818e-002
5752	6.572062026449843e-002	6.606934480075961e-002
5846	6.428387346707032e-002	6.456542290346556e-002
5853	6.291913350045653e-002	6.309573444801933e-002
5912	6.158937687721011e-002	6.165950018614822e-002
5943	5.991463975784694e-002	6.025595860743578e-002
6046	5.877814846698559e-002	5.888436553555890e-002
6127	5.745530992850056e-002	5.754399373371569e-002
6254	5.572415850457002e-002	5.623413251903491e-002
6281	5.491950530046941e-002	5.495408738576246e-002
6457	5.085039545883785e-002	5.128613839913648e-002
6522	5.006790404171013e-002	5.011872336272722e-002
6766	4.880249215199883e-002	4.897788193684461e-002
6800	4.724709065941757e-002	4.786300923226383e-002
6951	4.676907509538575e-002	4.677351412871982e-002
7105	4.547808333996040e-002	4.570881896148749e-002
7201	4.466157044114250e-002	4.466835921509630e-002
7322	4.353436336106320e-002	4.365158322401658e-002
7417	4.233079372164761e-002	4.265795188015926e-002
7498	4.157164217533138e-002	4.168693834703355e-002
7699	4.016469843881576e-002	4.073802778041128e-002
7728	3.923934954518227e-002	3.981071705534973e-002
7763	3.889921893853743e-002	3.890451449942807e-002
8029	3.730234340457117e-002	3.801893963205612e-002
8149	3.715177697850691e-002	3.715352290971726e-002
8483	3.624996683436932e-002	3.630780547701014e-002
9031	3.544625572206861e-002	3.548133892335755e-002
10483	3.462819479670398e-002	3.467368504525317e-002
11520	3.388074342117409e-002	3.388441561392026e-002
11858	3.303634507205000e-002	3.311311214825911e-002
13143	3.208756178950234e-002	3.235936569296283e-002
14396	3.162026019030539e-002	3.162277660168379e-002
16422	3.087051252097561e-002	3.090295432513590e-002
19375	3.018440420667268e-002	3.019951720402016e-002
22039	2.948514284245651e-002	2.951209226666385e-002
23097	2.867239007556477e-002	2.884031503126606e-002
23575	2.804815390260018e-002	2.818382931264454e-002
81699	2.754047933789017e-002	2.754228703338166e-002
140215	2.672667412849905e-002	2.691534803926915e-002
143695	2.624818298539067e-002	2.630267991895382e-002
850851	2.570356800148665e-002	2.570395782768863e-002
1000001	2.546800926536086e-002	2.570395782768863e-002
%
% index = 1993, name = bbob_f013_i09_d10__bbob_f013_i10_d10
% instance = 4, reference value = 5.826203870602250e-001
% function evaluation | indicator value | target hit
1	4.174784577937052e+001	4.265795188015925e+001
2	2.488735989739645e+001	2.511886431509580e+001
5	2.372721802286109e+001	2.398832919019490e+001
6	1.615086408767871e+001	1.621810097358930e+001
26	1.523882875064009e+001	1.548816618912481e+001
37	1.045267436394641e+001	1.047128548050900e+001
356	6.864157495318983e+000	6.918309709189365e+000
748	4.508626654070794e+000	4.570881896148751e+000
1123	3.665103888987654e+000	3.715352290971725e+000
1249	2.583527356141429e+000	2.630267991895382e+000
1538	2.130169560561359e+000	2.137962089502232e+000
1800	1.897921844222406e+000	1.905460717963247e+000
1848	1.795942560308287e+000	1.819700858609983e+000
1901	1.545072407542200e+000	1.548816618912481e+000
1916	1.499517332300614e+000	1.513561248436208e+000
1992	1.104001492638518e+000	1.122018454301963e+000
2197	7.880072954417614e-001	7.943282347242815e-001
2329	7.549023730342249e-001	7.585775750291838e-001
2450	6.015081664297249e-001	6.025595860743578e-001
2549	5.524507314399256e-001	5.623413251903491e-001
2639	5.477910054282256e-001	5.495408738576245e-001
2667	5.280111549569188e-001	5.370317963702527e-001
2796	5.151322715911733e-001	5.248074602497725e-001
2873	5.124567217701569e-001	5.128613839913648e-001
2962	4.967065655693387e-001	5.011872336272722e-001
2963	4.596365608795475e-001	4.677351412871982e-001
3040	4.399080070700845e-001	4.466835921509632e-001
3048	4.232040463474790e-001	4.265795188015927e-001
3188	4.056791767552401e-001	4.073802778041127e-001
3217	3.709428221142888e-001	3.715352290971726e-001
3293	3.519321698206314e-001	3.548133892335755e-001
3353	3.459818411464661e-001	3.467368504525316e-001
3380	3.210008632115669e-001	3.235936569296283e-001
3424	3.133216621004508e-001	3.162277660168379e-001
3483	2.977806293453589e-001	3.019951720402016e-001
3494	2.863682024445313e-001	2.884031503126606e-001
3558	2.806720510750521e-001	2.818382931264454e-001
3571	2.751398163667090e-001	2.754228703338166e-001
3618	2.685263203342432e-001	2.691534803926916e-001
3670	2.597054777981470e-001	2.630267991895382e-001
3690	2.491807389541206e-001	2.511886431509580e-001
3735	2.431200006300693e-001	2.454708915685031e-001
3755	2.368983934457593e-001	2.398832919019490e-001
3767	2.312669367951520e-001	2.344228815319922e-001
3787	2.289739417825016e-001	2.290867652767773e-001
3789	2.220475521272566e-001	2.238721138568340e-001
3797	2.165584564082012e-001	2.187761623949552e-001
3810	2.117436960437877e-001	2.137962089502232e-001
3824	2.063211298277543e-001	2.089296130854039e-001
3897	2.037331287156177e-001	2.041737944669530e-001
3899	1.963924289728168e-001	1.995262314968880e-001
3900	1.923347836056421e-001	1.949844599758046e-001
3940	1.900911838874608e-001	1.905460717963247e-001
3968	1.846531689293464e-001	1.862087136662868e-001
3973	1.776997589136428e-001	1.778279410038923e-001
4011	1.736748187763982e-001	1.737800828749375e-001
4102	1.679561043199513e-001	1.698243652461744e-001
4138	1.658979798869554e-001	1.659586907437561e-001
4155	1.547641299791324e-001	1.548816618912481e-001
4173	1.498902534142574e-001	1.513561248436208e-001
4205	1.463709486690998e-001	1.479108388168208e-001
4221	1.433437427332032e-001	1.445439770745928e-001
4240	1.412214712130410e-001	1.412537544622755e-001
4294	1.371088726462926e-001	1.380384264602885e-001
4309	1.345838266956489e-001	1.348962882591654e-001
4328	1.315481729923404e-001	1.318256738556407e-001
4342	1.283614105706988e-001	1.288249551693134e-001
4394	1.233377481537191e-001	1.258925411794167e-001
4405	1.230193436236792e-001	1.230268770812382e-001
4443	1.201000121731336e-001	1.202264434617413e-001
4541	1.162174567369265e-001	1.174897554939529e-001
4545	1.116265597516556e-001	1.122018454301964e-001
4566	1.086717809149302e-001	1.096478196143185e-001
4577	1.062154160397419e-001	1.071519305237607e-001
4598	1.016914990148696e-001	1.023292992280754e-001
4668	9.996459283815401e-002	1.000000000000000e-001
4681	9.769902356251620e-002	9.772372209558107e-002
4729	9.548576746974619e-002	9.549925860214359e-002
4776	9.316593316940042e-002	9.332543007969910e-002
4854	9.055447055346594e-002	9.120108393559097e-002
4878	8.907852985282738e-002	8.912509381337455e-002
4929	8.693666049530824e-002	8.709635899560805e-002
4982	8.498320906443752e-002	8.511380382023763e-002
5022	8.190583968805232e-002	8.317637711026708e-002
5031	8.114303525297550e-002	8.128305161640990e-002
5062	7.933484094507226e-002	7.943282347242814e-002
5128	7.473480521924913e-002	7.585775750291836e-002
5164	7.382106391203969e-002	7.413102413009177e-002
5227	7.174369435359784e-002	7.244359600749903e-002
5313	7.007116068700225e-002	7.079457843841380e-002
5356	6.914774652700384e-002	6.918309709189366e-002
5412	6.756221499403792e-002	6.760829753919818e-002
5449	6.606050216134063e-002	6.606934480075961e-002
5462	6.405284146689871e-002	6.456542290346556e-002
5490	6.215597785097482e-002	6.309573444801933e-002
5513	6.162278565834889e-002	6.165950018614822e-002
5535	5.998693548100831e-002	6.025595860743578e-002
5572	5.877133781742283e-002	5.888436553555890e-002
5622	5.738135023207769e-002	5.754399373371569e-002
5684	5.558059105713720e-002	5.623413251903491e-002
5717	5.481816796813088e-002	5.495408738576246e-002
5788	5.339975556684651e-002	5.370317963702527e-002
5841	5.242158120521967e-002	5.248074602497726e-002
5911	5.112000373381598e-002	5.128613839913648e-002
6047	4.997397837550555e-002	5.011872336272722e-002
6113	4.867519175448165e-002	4.897788193684461e-002
6164	4.768768310545135e-002	4.786300923226383e-002
6230	4.676877637524857e-002	4.677351412871982e-002
6318	4.569123272639752e-002	4.570881896148749e-002
6363	4.447347196247031e-002	4.466835921509630e-002
6450	4.364992073723761e-002	4.365158322401658e-002
6572	4.212998857083028e-002	4.265795188015926e-002
6717	4.167291515958316e-002	4.168693834703355e-002
6737	3.914720582715536e-002	3.981071705534973e-002
6770	3.775959689368869e-002	3.801893963205612e-002
6817	3.705686603414071e-002	3.715352290971726e-002
6946	3.620266653289261e-002	3.630780547701014e-002
7074	3.545219384753306e-002	3.548133892335755e-002
7243	3.319957469991020e-002	3.388441561392026e-002
7258	3.311296878815817e-002	3.311311214825911e-002
7430	3.233590316285651e-002	3.235936569296283e-002
7645	3.161111245271453e-002	3.162277660168379e-002
7850	3.088809476365995e-002	3.090295432513590e-002
8243	3.018833622858463e-002	3.019951720402016e-002
8421	2.934439573949210e-002	2.951209226666385e-002
8570	2.882379958719761e-002	2.884031503126606e-002
9122	2.818314004227562e-002	2.818382931264454e-002
9433	2.748724404677505e-002	2.754228703338166e-002
9752	2.685254076492927e-002	2.691534803926915e-002
10431	2.630192927880437e-002	2.630267991895382e-002
10942	2.570386939028835e-002	2.570395782768863e-002
12679	2.511827228849095e-002	2.511886431509579e-002
13667	2.454631228989801e-002	2.454708915685030e-002
17481	2.398552974143819e-002	2.398832919019490e-002
21396	2.344184340023747e-002	2.344228815319923e-002
38087	2.290866198359720e-002	2.290867652767774e-002
82324	2.238680561902318e-002	2.238721138568340e-002
102684	2.034588592443998e-002	2.041737944669530e-002
136480	1.994263717668143e-002	1.995262314968880e-002
149217	1.949665669675194e-002	1.949844599758046e-002
332300	1.905459713685964e-002	1.905460717963247e-002
341784	1.818353230050096e-002	1.819700858609984e-002
562445	1.755583903472224e-002	1.778279410038923e-002
580152	1.689668077906981e-002	1.698243652461744e-002
580208	1.632728160867203e-002	1.659586907437561e-002
580259	1.602985828492765e-002	1.621810097358930e-002
580435	1.544377544603992e-002	1.548816618912481e-002
883192	1.509099841794659e-002	1.513561248436208e-002
1000001	1.494694993807588e-002	1.513561248436208e-002
%
% index = 1994, name = bbob_f013_i11_d10__bbob_f013_i12_d10
% instance = 5, reference value = 5.978587235342820e-001
% function evaluation | indicator value | target hit
1	4.144773690188072e+001	4.168693834703355e+001
2	2.089392133707865e+001	2.137962089502232e+001
5	1.898352258479416e+001	1.905460717963247e+001
6	8.383803705405539e+000	8.511380382023766e+000
330	7.064232685418510e+000	7.079457843841379e+000
374	6.832563923453431e+000	6.918309709189365e+000
695	5.985463671843782e+000	6.025595860743578e+000
729	5.289182229632162e+000	5.370317963702528e+000
761	4.636509683077595e+000	4.677351412871983e+000
895	4.552413095090222e+000	4.570881896148751e+000
966	3.964504243940273e+000	3.981071705534972e+000
1147	3.486361525973975e+000	3.548133892335755e+000
1166	3.043512344332308e+000	3.090295432513591e+000
1189	2.704397806161918e+000	2.754228703338166e+000
1283	2.304510357044302e+000	2.344228815319922e+000
1395	2.224121676052593e+000	2.238721138568339e+000
1697	2.041566546685954e+000	2.041737944669529e+000
1702	1.792998876677161e+000	1.819700858609983e+000
1795	1.244189203937734e+000	1.258925411794167e+000
1949	1.142163060762951e+000	1.148153621496883e+000
2037	9.267955109498073e-001	9.332543007969910e-001
2097	6.058424654572820e-001	6.165950018614822e-001
2341	5.909197060942530e-001	6.025595860743578e-001
2414	5.871577725496836e-001	5.888436553555889e-001
2581	5.677784210682968e-001	5.754399373371569e-001
2621	5.560507996397383e-001	5.623413251903491e-001
2674	5.485064542051521e-001	5.495408738576245e-001
2705	5.323028428595509e-001	5.370317963702527e-001
2761	5.217894978459261e-001	5.248074602497725e-001
2812	5.074597000827733e-001	5.128613839913648e-001
2929	5.004952560616386e-001	5.011872336272722e-001
2939	4.876200165186208e-001	4.897788193684462e-001
2977	4.684155550888278e-001	4.786300923226383e-001
2994	4.438910476812117e-001	4.466835921509632e-001
3056	4.230600857554263e-001	4.265795188015927e-001
3102	4.140946319102745e-001	4.168693834703354e-001
3121	3.931609879483511e-001	3.981071705534973e-001
3144	3.624415588373869e-001	3.630780547701014e-001
3225	3.451411818548298e-001	3.467368504525316e-001
3372	3.378026296619269e-001	3.388441561392026e-001
3391	3.181800315777491e-001	3.235936569296283e-001
3426	3.078249778021665e-001	3.090295432513591e-001
3458	2.881373831364572e-001	2.884031503126606e-001
3551	2.814203025102574e-001	2.818382931264454e-001
3649	2.731707948521425e-001	2.754228703338166e-001
3694	2.562908125535385e-001	2.570395782768864e-001
3710	2.456885958871855e-001	2.511886431509580e-001
3738	2.419911073107668e-001	2.454708915685031e-001
3762	2.319465712334745e-001	2.344228815319922e-001
3820	2.116373956354724e-001	2.137962089502232e-001
3840	2.083460913176938e-001	2.089296130854039e-001
3875	2.013930785744074e-001	2.041737944669530e-001
3922	1.983922077509496e-001	1.995262314968880e-001
3929	1.929246793776007e-001	1.949844599758046e-001
3976	1.905189437586481e-001	1.905460717963247e-001
4028	1.837938272521902e-001	1.862087136662868e-001
4078	1.809754660772976e-001	1.819700858609984e-001
4086	1.735647176128555e-001	1.737800828749375e-001
4147	1.664691458394739e-001	1.698243652461744e-001
4156	1.654010285417782e-001	1.659586907437561e-001
4230	1.616700628743732e-001	1.621810097358930e-001
4271	1.581071167566813e-001	1.584893192461113e-001
4328	1.548558657858855e-001	1.548816618912481e-001
4345	1.496306823377200e-001	1.513561248436208e-001
4359	1.470441407661490e-001	1.479108388168208e-001
4370	1.439529182423406e-001	1.445439770745928e-001
4432	1.410627932230089e-001	1.412537544622755e-001
4487	1.380370030887304e-001	1.380384264602885e-001
4525	1.329588489726710e-001	1.348962882591654e-001
4555	1.312057894228674e-001	1.318256738556407e-001
4582	1.272793909204399e-001	1.288249551693134e-001
4614	1.254996593176740e-001	1.258925411794167e-001
4653	1.229448113410830e-001	1.230268770812382e-001
4698	1.178354876253103e-001	1.202264434617413e-001
4703	1.172982124557883e-001	1.174897554939529e-001
4732	1.125006929287983e-001	1.148153621496883e-001
4774	1.114101071676935e-001	1.122018454301964e-001
4809	1.095471818156460e-001	1.096478196143185e-001
4870	1.070197937130436e-001	1.071519305237607e-001
4911	1.046557335561823e-001	1.047128548050900e-001
4928	1.001159243760970e-001	1.023292992280754e-001
4931	9.980450284663317e-002	1.000000000000000e-001
4977	9.731598944002939e-002	9.772372209558107e-002
5036	9.543484827488369e-002	9.549925860214359e-002
5131	9.308193902855810e-002	9.332543007969910e-002
5194	9.119397105209914e-002	9.120108393559097e-002
5204	8.866282195980690e-002	8.912509381337455e-002
5254	8.696073865818532e-002	8.709635899560805e-002
5295	8.502996913162153e-002	8.511380382023763e-002
5387	8.303513733254020e-002	8.317637711026708e-002
5426	8.066147009274094e-002	8.128305161640990e-002
5458	7.937625890527367e-002	7.943282347242814e-002
5491	7.753034695695338e-002	7.762471166286916e-002
5591	7.571989584866279e-002	7.585775750291836e-002
5638	7.379459573842162e-002	7.413102413009177e-002
5669	7.236407797895550e-002	7.244359600749903e-002
5777	7.075299876266894e-002	7.079457843841380e-002
5876	6.909943991112633e-002	6.918309709189366e-002
6028	6.659272892718182e-002	6.760829753919818e-002
6092	6.594386598477542e-002	6.606934480075961e-002
6244	6.161406426341332e-002	6.165950018614822e-002
6299	6.024373727114141e-002	6.025595860743578e-002
6325	5.828996568933043e-002	5.888436553555890e-002
6384	5.750093142734081e-002	5.754399373371569e-002
6402	5.612522904255923e-002	5.623413251903491e-002
6440	5.487191788890933e-002	5.495408738576246e-002
6488	5.351895907658955e-002	5.370317963702527e-002
6593	5.221919180561063e-002	5.248074602497726e-002
6612	5.039102607376367e-002	5.128613839913648e-002
6620	5.002337899200571e-002	5.011872336272722e-002
6776	4.889726738722089e-002	4.897788193684461e-002
6847	4.741031039708088e-002	4.786300923226383e-002
6927	4.676952684775160e-002	4.677351412871982e-002
7015	4.570323268849108e-002	4.570881896148749e-002
7036	4.402715468907470e-002	4.466835921509630e-002
7093	4.348112198268561e-002	4.365158322401658e-002
7154	4.189603274194431e-002	4.265795188015926e-002
7161	4.162986698329463e-002	4.168693834703355e-002
7275	4.069591416600671e-002	4.073802778041128e-002
7388	3.978373711882377e-002	3.981071705534973e-002
7486	3.835133225447240e-002	3.890451449942807e-002
7531	3.791784843874391e-002	3.801893963205612e-002
7633	3.714178858250306e-002	3.715352290971726e-002
7681	3.629088415151105e-002	3.630780547701014e-002
7737	3.496816752530008e-002	3.548133892335755e-002
7765	3.456997905294623e-002	3.467368504525317e-002
7966	3.386800392196676e-002	3.388441561392026e-002
8126	3.258889078340965e-002	3.311311214825911e-002
8149	3.228615347257757e-002	3.235936569296283e-002
8264	3.161500509946924e-002	3.162277660168379e-002
8483	3.090171591925106e-002	3.090295432513590e-002
8726	3.019499042569840e-002	3.019951720402016e-002
8948	2.951125596759019e-002	2.951209226666385e-002
9237	2.883848449491222e-002	2.884031503126606e-002
9654	2.818054674095882e-002	2.818382931264454e-002
10176	2.754220497239956e-002	2.754228703338166e-002
10394	2.690751415716752e-002	2.691534803926915e-002
11052	2.629297043261181e-002	2.630267991895382e-002
11725	2.562190331897496e-002	2.570395782768863e-002
13193	2.511855936636254e-002	2.511886431509579e-002
14944	2.454502981943929e-002	2.454708915685030e-002
20442	2.398235957361250e-002	2.398832919019490e-002
26788	2.331152758845190e-002	2.344228815319923e-002
43906	2.290867329917545e-002	2.290867652767774e-002
58728	2.217754634162938e-002	2.238721138568340e-002
59997	2.186627119910323e-002	2.187761623949553e-002
133141	1.994099309629660e-002	1.995262314968880e-002
148859	1.945439214178335e-002	1.949844599758046e-002
399358	1.856076740131674e-002	1.862087136662868e-002
1000001	1.838567968850879e-002	1.862087136662868e-002
%
% index = 1995, name = bbob_f013_i13_d10__bbob_f013_i14_d10
% instance = 6, reference value = 5.879989107687820e-001
% function evaluation | indicator value | target hit
1	3.604397626573237e+001	3.630780547701014e+001
2	2.684239811078641e+001	2.691534803926916e+001
5	1.774117687699797e+001	1.778279410038923e+001
6	8.274564225729161e+000	8.317637711026711e+000
410	7.838611565005301e+000	7.943282347242816e+000
464	7.333646517726595e+000	7.413102413009175e+000
476	7.113699235026262e+000	7.244359600749901e+000
549	6.722048361761990e+000	6.760829753919817e+000
612	3.823669968295843e+000	3.890451449942806e+000
802	3.577788670131801e+000	3.630780547701014e+000
1207	3.548006889178797e+000	3.548133892335755e+000
1220	3.258276060473415e+000	3.311311214825911e+000
1271	2.755143961683966e+000	2.818382931264454e+000
1345	2.274661563699065e+000	2.290867652767773e+000
1468	2.159236045708369e+000	2.187761623949553e+000
1536	1.375302759920601e+000	1.380384264602885e+000
1811	1.207965536244977e+000	1.230268770812382e+000
1816	1.035865657625767e+000	1.047128548050900e+000
2014	9.427844901101543e-001	9.549925860214360e-001
2082	8.055385669202819e-001	8.128305161640993e-001
2224	7.253300218959897e-001	7.413102413009175e-001
2330	6.607012251857820e-001	6.760829753919818e-001
2412	6.501467437362820e-001	6.606934480075960e-001
2430	5.730779222782388e-001	5.754399373371569e-001
2462	5.518763860190410e-001	5.623413251903491e-001
2469	5.046970226117657e-001	5.128613839913648e-001
2496	4.952584675518391e-001	5.011872336272722e-001
2541	4.884624936424665e-001	4.897788193684462e-001
2706	4.654624354329273e-001	4.677351412871982e-001
2729	4.089803808686512e-001	4.168693834703354e-001
2769	4.021944074710717e-001	4.073802778041127e-001
2828	3.965737625161154e-001	3.981071705534973e-001
2885	3.889413387553772e-001	3.890451449942806e-001
2903	3.606582630574071e-001	3.630780547701014e-001
2928	3.540644312382216e-001	3.548133892335755e-001
2936	3.152312960430955e-001	3.162277660168379e-001
3039	3.017473412898950e-001	3.019951720402016e-001
3090	2.924427677594508e-001	2.951209226666385e-001
3302	2.713292193758106e-001	2.754228703338166e-001
3318	2.677437841552602e-001	2.691534803926916e-001
3345	2.432018050211414e-001	2.454708915685031e-001
3367	2.394197981685853e-001	2.398832919019490e-001
3433	2.166427375493182e-001	2.187761623949552e-001
3468	2.123391786159944e-001	2.137962089502232e-001
3527	2.084933652414787e-001	2.089296130854039e-001
3546	2.041279575959573e-001	2.041737944669530e-001
3555	1.995093631825098e-001	1.995262314968880e-001
3586	1.907923851227568e-001	1.949844599758046e-001
3603	1.878108251701084e-001	1.905460717963247e-001
3625	1.858523840543376e-001	1.862087136662868e-001
3632	1.793926186211884e-001	1.819700858609984e-001
3637	1.772261838467069e-001	1.778279410038923e-001
3729	1.734983811779389e-001	1.737800828749375e-001
3790	1.692294565344149e-001	1.698243652461744e-001
3805	1.651815529071807e-001	1.659586907437561e-001
3817	1.613549008150040e-001	1.621810097358930e-001
3865	1.584143159130272e-001	1.584893192461113e-001
3897	1.539870977243160e-001	1.548816618912481e-001
3920	1.512945279748837e-001	1.513561248436208e-001
3973	1.467160316035774e-001	1.479108388168208e-001
4017	1.436435391316873e-001	1.445439770745928e-001
4034	1.406631703647744e-001	1.412537544622755e-001
4070	1.379738857702420e-001	1.380384264602885e-001
4166	1.328144325800365e-001	1.348962882591654e-001
4184	1.306642010569125e-001	1.318256738556407e-001
4207	1.246092639576573e-001	1.258925411794167e-001
4211	1.218565548099609e-001	1.230268770812382e-001
4271	1.182949615161786e-001	1.202264434617413e-001
4272	1.170495713019042e-001	1.174897554939529e-001
4346	1.139061591238239e-001	1.148153621496883e-001
4461	1.117904047224708e-001	1.122018454301964e-001
4500	1.090464779790982e-001	1.096478196143185e-001
4515	1.059350656235171e-001	1.071519305237607e-001
4516	1.035767738849042e-001	1.047128548050900e-001
4553	1.022270526108479e-001	1.023292992280754e-001
4560	9.950965539748891e-002	1.000000000000000e-001
4579	9.764869499584944e-002	9.772372209558107e-002
4615	9.537294573904198e-002	9.549925860214359e-002
4728	9.322793294683940e-002	9.332543007969910e-002
4732	8.734971832552529e-002	8.912509381337455e-002
4748	8.613810986568260e-002	8.709635899560805e-002
4758	8.143513149057924e-002	8.317637711026708e-002
4760	8.091654131423010e-002	8.128305161640990e-002
4781	7.917225386294646e-002	7.943282347242814e-002
4813	7.736431424904622e-002	7.762471166286916e-002
4829	7.527395879274579e-002	7.585775750291836e-002
4924	7.397675156991979e-002	7.413102413009177e-002
4956	7.237363218090820e-002	7.244359600749903e-002
5017	7.078120225420248e-002	7.079457843841380e-002
5079	6.905536008863922e-002	6.918309709189366e-002
5160	6.741706169389305e-002	6.760829753919818e-002
5204	6.493570767973977e-002	6.606934480075961e-002
5236	6.385900924194210e-002	6.456542290346556e-002
5281	6.294375962948073e-002	6.309573444801933e-002
5287	5.832817775253762e-002	5.888436553555890e-002
5309	5.746848553201656e-002	5.754399373371569e-002
5340	5.623268708929019e-002	5.623413251903491e-002
5388	5.485562847152348e-002	5.495408738576246e-002
5454	5.363223005599160e-002	5.370317963702527e-002
5512	5.243727444838364e-002	5.248074602497726e-002
5641	5.127875734005349e-002	5.128613839913648e-002
5700	4.969501925821762e-002	5.011872336272722e-002
5721	4.896958782253036e-002	4.897788193684461e-002
5805	4.779039231796323e-002	4.786300923226383e-002
5851	4.675298668647443e-002	4.677351412871982e-002
5902	4.562849816620518e-002	4.570881896148749e-002
6073	4.318100492877808e-002	4.365158322401658e-002
6084	4.214022170528953e-002	4.265795188015926e-002
6166	4.167745029586778e-002	4.168693834703355e-002
6338	4.071947815690458e-002	4.073802778041128e-002
6484	3.980571691804491e-002	3.981071705534973e-002
6719	3.886128537576139e-002	3.890451449942807e-002
6825	3.801610886159423e-002	3.801893963205612e-002
7006	3.714448207551158e-002	3.715352290971726e-002
7455	3.628772697280347e-002	3.630780547701014e-002
7653	3.545643482775496e-002	3.548133892335755e-002
7682	3.415115317801909e-002	3.467368504525317e-002
7789	3.388392140588703e-002	3.388441561392026e-002
8179	3.310399695070876e-002	3.311311214825911e-002
8670	3.233714696926882e-002	3.235936569296283e-002
9318	3.157165859113897e-002	3.162277660168379e-002
10260	3.090227483511243e-002	3.090295432513590e-002
10750	3.019838003491271e-002	3.019951720402016e-002
11605	2.946807833474530e-002	2.951209226666385e-002
13051	2.877842753593363e-002	2.884031503126606e-002
13440	2.791398835955172e-002	2.818382931264454e-002
14427	2.754161969832758e-002	2.754228703338166e-002
24388	2.691318986391189e-002	2.691534803926915e-002
26079	2.618900242425115e-002	2.630267991895382e-002
37375	2.570394332307113e-002	2.570395782768863e-002
137078	2.415752719851472e-002	2.454708915685030e-002
137728	2.398814367249536e-002	2.398832919019490e-002
138714	2.281329323412373e-002	2.290867652767774e-002
140470	2.221091623061422e-002	2.238721138568340e-002
269217	2.186545144204100e-002	2.187761623949553e-002
336639	2.124897384654800e-002	2.137962089502233e-002
551438	2.044380939051949e-002	2.089296130854040e-002
551718	2.041731334474650e-002	2.041737944669530e-002
622270	1.948214528116610e-002	1.949844599758046e-002
1000001	1.936991846231906e-002	1.949844599758046e-002
%
% index = 1996, name = bbob_f013_i15_d10__bbob_f013_i16_d10
% instance = 7, reference value = 5.586755753235690e-001
% function evaluation | indicator value | target hit
1	5.007362637427983e+001	5.011872336272722e+001
2	2.566793545973662e+001	2.570395782768863e+001
6	1.298016111218181e+001	1.318256738556407e+001
37	1.263601426044352e+001	1.288249551693134e+001
96	1.190412423277388e+001	1.202264434617413e+001
261	1.164153238667448e+001	1.174897554939530e+001
363	1.103955200938085e+001	1.122018454301964e+001
428	1.027579042359871e+001	1.047128548050900e+001
456	8.800101843559299e+000	8.912509381337454e+000
830	8.078904584714508e+000	8.128305161640993e+000
908	7.590142815799994e+000	7.762471166286917e+000
959	5.202416011153049e+000	5.248074602497725e+000
1069	3.095714383692193e+000	3.162277660168379e+000
1577	2.878823277854814e+000	2.884031503126606e+000
1707	2.692795221520307e+000	2.754228703338166e+000
1809	2.495075431908755e+000	2.511886431509580e+000
1841	2.355992600224933e+000	2.398832919019490e+000
1848	2.148239844414067e+000	2.187761623949553e+000
2001	2.009691938322719e+000	2.041737944669529e+000
2053	1.312395021564393e+000	1.318256738556407e+000
2387	8.961061701346127e-001	9.120108393559098e-001
2454	8.267238040697600e-001	8.317637711026710e-001
2567	5.052135081364308e-001	5.128613839913648e-001
2888	4.876732554172962e-001	4.897788193684462e-001
3170	4.713473407919857e-001	4.786300923226383e-001
3286	4.655510338109321e-001	4.677351412871982e-001
3299	4.479607764904804e-001	4.570881896148750e-001
3307	4.382750505499771e-001	4.466835921509632e-001
3324	4.228378351975180e-001	4.265795188015927e-001
3442	4.157270737482238e-001	4.168693834703354e-001
3462	4.066146672493268e-001	4.073802778041127e-001
3539	3.767866173640259e-001	3.801893963205612e-001
3558	3.674585770536591e-001	3.715352290971726e-001
3569	3.594700698013233e-001	3.630780547701014e-001
3577	3.537531430227127e-001	3.548133892335755e-001
3587	3.453691626377429e-001	3.467368504525316e-001
3605	3.301453365183171e-001	3.311311214825911e-001
3666	3.207587150230891e-001	3.235936569296283e-001
3681	3.154452603227922e-001	3.162277660168379e-001
3726	2.865626165200857e-001	2.884031503126606e-001
3828	2.817918631597661e-001	2.818382931264454e-001
3858	2.751505338106398e-001	2.754228703338166e-001
3922	2.675015153416698e-001	2.691534803926916e-001
3937	2.623628859764977e-001	2.630267991895382e-001
3994	2.552664758515978e-001	2.570395782768864e-001
4010	2.477162987856008e-001	2.511886431509580e-001
4016	2.446853679776784e-001	2.454708915685031e-001
4033	2.390493953141459e-001	2.398832919019490e-001
4049	2.169366992128301e-001	2.187761623949552e-001
4078	2.133764577623954e-001	2.137962089502232e-001
4145	2.062273932860239e-001	2.089296130854039e-001
4153	1.935790758500121e-001	1.949844599758046e-001
4174	1.874889428987919e-001	1.905460717963247e-001
4182	1.841928789114161e-001	1.862087136662868e-001
4184	1.817714270186835e-001	1.819700858609984e-001
4204	1.766132052876468e-001	1.778279410038923e-001
4234	1.703245165298464e-001	1.737800828749375e-001
4240	1.696302417309348e-001	1.698243652461744e-001
4288	1.659221059786257e-001	1.659586907437561e-001
4352	1.611610840887786e-001	1.621810097358930e-001
4420	1.545580635379892e-001	1.548816618912481e-001
4446	1.509261631617339e-001	1.513561248436208e-001
4477	1.470346854365346e-001	1.479108388168208e-001
4509	1.443276569276329e-001	1.445439770745928e-001
4517	1.399617092959071e-001	1.412537544622755e-001
4520	1.380165681357025e-001	1.380384264602885e-001
4531	1.340052811978859e-001	1.348962882591654e-001
4560	1.311826354214616e-001	1.318256738556407e-001
4573	1.258966883522978e-001	1.288249551693134e-001
4575	1.253352435396465e-001	1.258925411794167e-001
4604	1.219544789942842e-001	1.230268770812382e-001
4614	1.177785737453931e-001	1.202264434617413e-001
4621	1.174886779566746e-001	1.174897554939529e-001
4659	1.062349744631318e-001	1.071519305237607e-001
4670	1.036690865979324e-001	1.047128548050900e-001
4720	1.018479078781701e-001	1.023292992280754e-001
4754	9.981069532294418e-002	1.000000000000000e-001
4783	9.708807032603806e-002	9.772372209558107e-002
4795	9.545940406834186e-002	9.549925860214359e-002
4825	9.076793569806974e-002	9.120108393559097e-002
4857	8.892660170280314e-002	8.912509381337455e-002
4865	8.677374085332490e-002	8.709635899560805e-002
4943	8.482043474102402e-002	8.511380382023763e-002
5041	8.289289083095608e-002	8.317637711026708e-002
5054	8.063586943022510e-002	8.128305161640990e-002
5057	7.466779202397222e-002	7.585775750291836e-002
5064	7.354744077225051e-002	7.413102413009177e-002
5115	7.192662371573594e-002	7.244359600749903e-002
5137	7.032549345165290e-002	7.079457843841380e-002
5237	6.910595379758622e-002	6.918309709189366e-002
5293	6.734980352735398e-002	6.760829753919818e-002
5330	6.523808213762283e-002	6.606934480075961e-002
5372	6.434689764236545e-002	6.456542290346556e-002
5417	6.248859243007487e-002	6.309573444801933e-002
5477	6.149094845267511e-002	6.165950018614822e-002
5533	5.967535668886831e-002	6.025595860743578e-002
5582	5.883638039923178e-002	5.888436553555890e-002
5652	5.732146162534291e-002	5.754399373371569e-002
5689	5.620309403647505e-002	5.623413251903491e-002
5737	5.489740600905568e-002	5.495408738576246e-002
5788	5.359231313985680e-002	5.370317963702527e-002
5807	5.243213166536309e-002	5.248074602497726e-002
5829	5.128604609385379e-002	5.128613839913648e-002
5901	4.795554306788674e-002	4.897788193684461e-002
5923	4.779361906721091e-002	4.786300923226383e-002
6036	4.670169287775894e-002	4.677351412871982e-002
6148	4.569050076809600e-002	4.570881896148749e-002
6174	4.466471410294814e-002	4.466835921509630e-002
6248	4.359665505209753e-002	4.365158322401658e-002
6371	4.265067721760196e-002	4.265795188015926e-002
6455	4.163678801880055e-002	4.168693834703355e-002
6599	4.062932468373570e-002	4.073802778041128e-002
6778	3.959952177998694e-002	3.981071705534973e-002
6789	3.843320238309833e-002	3.890451449942807e-002
6795	3.741416199313730e-002	3.801893963205612e-002
6828	3.670128661280336e-002	3.715352290971726e-002
6845	3.625230230817134e-002	3.630780547701014e-002
6938	3.540900453495233e-002	3.548133892335755e-002
7070	3.463900777215123e-002	3.467368504525317e-002
7199	3.386639053589069e-002	3.388441561392026e-002
7261	3.261732639744008e-002	3.311311214825911e-002
7354	3.234427010390184e-002	3.235936569296283e-002
7531	3.127747200257380e-002	3.162277660168379e-002
7718	3.088742367265107e-002	3.090295432513590e-002
7906	3.011864591328783e-002	3.019951720402016e-002
8206	2.950519476854474e-002	2.951209226666385e-002
8557	2.883813006029734e-002	2.884031503126606e-002
9226	2.817272753916544e-002	2.818382931264454e-002
10186	2.754212259256061e-002	2.754228703338166e-002
11598	2.691479646701067e-002	2.691534803926915e-002
13571	2.619323853064604e-002	2.630267991895382e-002
16155	2.569410510584469e-002	2.570395782768863e-002
27512	2.484411111896034e-002	2.511886431509579e-002
38993	2.454708560037588e-002	2.454708915685030e-002
42315	2.388368509636951e-002	2.398832919019490e-002
42557	2.222175245715208e-002	2.238721138568340e-002
58037	2.187760122100801e-002	2.187761623949553e-002
83920	2.122798184578578e-002	2.137962089502233e-002
86300	2.088387076217402e-002	2.089296130854040e-002
86478	2.037748583834032e-002	2.041737944669530e-002
121954	1.991464210289640e-002	1.995262314968880e-002
149327	1.949831797436097e-002	1.949844599758046e-002
251492	1.836998295942371e-002	1.862087136662868e-002
251702	1.808875165364654e-002	1.819700858609984e-002
252972	1.733389149838427e-002	1.737800828749376e-002
253647	1.694248298485201e-002	1.698243652461744e-002
527047	1.651571563579812e-002	1.659586907437561e-002
613821	1.500460746470289e-002	1.513561248436208e-002
614054	1.460224404905952e-002	1.479108388168207e-002
614339	1.428843313354666e-002	1.445439770745927e-002
614595	1.410763596942577e-002	1.412537544622754e-002
759678	1.379969188203378e-002	1.380384264602885e-002
991841	1.271335514297012e-002	1.288249551693134e-002
1000001	1.271038553094517e-002	1.288249551693134e-002
%
% index = 1997, name = bbob_f013_i17_d10__bbob_f013_i18_d10
% instance = 8, reference value = 5.896196882573820e-001
% function evaluation | indicator value | target hit
1	5.084861018463269e+001	5.128613839913648e+001
2	2.226301729663017e+001	2.238721138568340e+001
6	9.555906930536784e+000	9.772372209558107e+000
160	9.287370848524644e+000	9.332543007969910e+000
379	9.023082316548852e+000	9.120108393559097e+000
548	7.229898895990585e+000	7.244359600749901e+000
636	4.328824226396796e+000	4.365158322401660e+000
1156	4.154884924526798e+000	4.168693834703354e+000
1164	3.390137469351412e+000	3.467368504525317e+000
1414	3.375248066769357e+000	3.388441561392026e+000
1485	3.226043431265808e+000	3.235936569296283e+000
1510	2.414710305151077e+000	2.454708915685031e+000
1571	2.357490018321788e+000	2.398832919019490e+000
1615	2.228603053094717e+000	2.238721138568339e+000
1620	2.095703184002589e+000	2.137962089502232e+000
1726	1.538926573924859e+000	1.548816618912481e+000
1844	1.031067754260382e+000	1.047128548050900e+000
2144	9.579731594657608e-001	9.772372209558107e-001
2185	8.386266385454662e-001	8.511380382023764e-001
2290	7.929495388412400e-001	7.943282347242815e-001
2338	7.712756121246072e-001	7.762471166286917e-001
2405	7.184965202529134e-001	7.244359600749900e-001
2506	5.805344515194479e-001	5.888436553555889e-001
2572	5.664984351765771e-001	5.754399373371569e-001
2782	4.625541902293809e-001	4.677351412871982e-001
2796	4.453572749649195e-001	4.466835921509632e-001
2915	4.327750204440409e-001	4.365158322401660e-001
3006	4.258900604868642e-001	4.265795188015927e-001
3026	3.847702402617230e-001	3.890451449942806e-001
3118	3.739984296478047e-001	3.801893963205612e-001
3155	3.696502917952640e-001	3.715352290971726e-001
3259	3.491761867305053e-001	3.548133892335755e-001
3281	3.257446891751915e-001	3.311311214825911e-001
3283	3.195269796170062e-001	3.235936569296283e-001
3305	3.068367115514578e-001	3.090295432513591e-001
3325	3.010114633823447e-001	3.019951720402016e-001
3382	2.890606089966326e-001	2.951209226666385e-001
3391	2.807766737084627e-001	2.818382931264454e-001
3394	2.650414142324521e-001	2.691534803926916e-001
3434	2.623276014896403e-001	2.630267991895382e-001
3492	2.559034431339505e-001	2.570395782768864e-001
3529	2.510141864761052e-001	2.511886431509580e-001
3535	2.453967704435965e-001	2.454708915685031e-001
3626	2.357137059612174e-001	2.398832919019490e-001
3652	2.343561136517006e-001	2.344228815319922e-001
3693	2.244335161750635e-001	2.290867652767773e-001
3696	2.235479345465378e-001	2.238721138568340e-001
3730	2.104680767016722e-001	2.137962089502232e-001
3746	2.083677754416762e-001	2.089296130854039e-001
3752	2.037422842763989e-001	2.041737944669530e-001
3780	1.918600119324197e-001	1.949844599758046e-001
3810	1.895292766767476e-001	1.905460717963247e-001
3832	1.838826327761612e-001	1.862087136662868e-001
3885	1.795281443812605e-001	1.819700858609984e-001
3897	1.775926608241665e-001	1.778279410038923e-001
3932	1.707715770935842e-001	1.737800828749375e-001
3939	1.690630826010320e-001	1.698243652461744e-001
3957	1.652749599761131e-001	1.659586907437561e-001
4008	1.603844809740165e-001	1.621810097358930e-001
4054	1.560972894654246e-001	1.584893192461113e-001
4057	1.491923151013769e-001	1.513561248436208e-001
4066	1.468285495811016e-001	1.479108388168208e-001
4089	1.438060633913325e-001	1.445439770745928e-001
4113	1.404301639978214e-001	1.412537544622755e-001
4115	1.353234058792402e-001	1.380384264602885e-001
4142	1.345070775653664e-001	1.348962882591654e-001
4178	1.315423832522253e-001	1.318256738556407e-001
4292	1.286699268211651e-001	1.288249551693134e-001
4296	1.249587480624647e-001	1.258925411794167e-001
4394	1.228679868719907e-001	1.230268770812382e-001
4448	1.201669423308858e-001	1.202264434617413e-001
4467	1.160491231749796e-001	1.174897554939529e-001
4497	1.102912888721091e-001	1.122018454301964e-001
4515	1.094659938797968e-001	1.096478196143185e-001
4525	1.070770993158606e-001	1.071519305237607e-001
4561	1.043161589093198e-001	1.047128548050900e-001
4588	1.019572132198415e-001	1.023292992280754e-001
4667	9.977595003792611e-002	1.000000000000000e-001
4713	9.678976926973854e-002	9.772372209558107e-002
4728	9.538160215131308e-002	9.549925860214359e-002
4742	9.315498457436955e-002	9.332543007969910e-002
4824	9.116431222513771e-002	9.120108393559097e-002
4880	8.730966526744077e-002	8.912509381337455e-002
4909	8.704575731150777e-002	8.709635899560805e-002
4957	8.505241823434440e-002	8.511380382023763e-002
5014	8.316045595137522e-002	8.317637711026708e-002
5063	8.126927308723053e-002	8.128305161640990e-002
5092	7.878808634666523e-002	7.943282347242814e-002
5111	7.709793857223801e-002	7.762471166286916e-002
5146	7.580810033462004e-002	7.585775750291836e-002
5252	7.257857358648656e-002	7.413102413009177e-002
5263	7.212594343313250e-002	7.244359600749903e-002
5329	7.063807631291597e-002	7.079457843841380e-002
5374	6.915618119191702e-002	6.918309709189366e-002
5406	6.759475863025533e-002	6.760829753919818e-002
5462	6.590700264521476e-002	6.606934480075961e-002
5551	6.452401786739415e-002	6.456542290346556e-002
5573	6.282565029905785e-002	6.309573444801933e-002
5575	6.104150628902527e-002	6.165950018614822e-002
5582	6.005568687082752e-002	6.025595860743578e-002
5639	5.791328650504068e-002	5.888436553555890e-002
5656	5.657836982175724e-002	5.754399373371569e-002
5659	5.619275836799453e-002	5.623413251903491e-002
5762	5.487224955327252e-002	5.495408738576246e-002
5803	5.230946119608937e-002	5.248074602497726e-002
5898	5.112784097723411e-002	5.128613839913648e-002
5987	4.993832023141820e-002	5.011872336272722e-002
6053	4.885805735689919e-002	4.897788193684461e-002
6102	4.780575804309273e-002	4.786300923226383e-002
6176	4.676747771241807e-002	4.677351412871982e-002
6256	4.569806022005329e-002	4.570881896148749e-002
6392	4.462891210267339e-002	4.466835921509630e-002
6491	4.205793283562587e-002	4.265795188015926e-002
6578	4.166821353370642e-002	4.168693834703355e-002
6728	4.068035315750862e-002	4.073802778041128e-002
6897	3.980646507496988e-002	3.981071705534973e-002
7017	3.888696261076474e-002	3.890451449942807e-002
7191	3.801846629834749e-002	3.801893963205612e-002
7197	3.701458781959277e-002	3.715352290971726e-002
7405	3.629272553544061e-002	3.630780547701014e-002
7691	3.547796724472918e-002	3.548133892335755e-002
7846	3.467029266699084e-002	3.467368504525317e-002
8147	3.379355545760587e-002	3.388441561392026e-002
8328	3.064771329147376e-002	3.090295432513590e-002
8374	3.015322284876898e-002	3.019951720402016e-002
8647	2.950976298061725e-002	2.951209226666385e-002
9015	2.883700615381146e-002	2.884031503126606e-002
9209	2.818232495975570e-002	2.818382931264454e-002
9632	2.753986430270283e-002	2.754228703338166e-002
10401	2.691394395947422e-002	2.691534803926915e-002
10643	2.629595514815986e-002	2.630267991895382e-002
11322	2.570343185479906e-002	2.570395782768863e-002
12922	2.509876572481673e-002	2.511886431509579e-002
15389	2.453516546596213e-002	2.454708915685030e-002
17088	2.396157777911256e-002	2.398832919019490e-002
19368	2.344213395510553e-002	2.344228815319923e-002
26999	2.290833641685675e-002	2.290867652767774e-002
56257	2.237192632468965e-002	2.238721138568340e-002
60023	2.183773699693903e-002	2.187761623949553e-002
62209	2.066985958665646e-002	2.089296130854040e-002
62451	2.022476585946231e-002	2.041737944669530e-002
62906	1.777913174362011e-002	1.778279410038923e-002
62960	1.700276142344137e-002	1.737800828749376e-002
62987	1.698198062607947e-002	1.698243652461744e-002
63198	1.655477957038698e-002	1.659586907437561e-002
63484	1.621745527750140e-002	1.621810097358930e-002
510970	1.581924835174053e-002	1.584893192461113e-002
513777	1.495454567083832e-002	1.513561248436208e-002
513950	1.476575028469740e-002	1.479108388168207e-002
1000001	1.472419857905438e-002	1.479108388168207e-002
%
% index = 1998, name = bbob_f013_i19_d10__bbob_f013_i21_d10
% instance = 9, reference value = 5.407326299009370e-001
% function evaluation | indicator value | target hit
1	1.278319157832221e+002	1.288249551693134e+002
2	3.826664365072527e+001	3.890451449942807e+001
6	1.784190071318461e+001	1.819700858609983e+001
37	1.609392769095498e+001	1.621810097358930e+001
395	1.506154262480685e+001	1.513561248436208e+001
416	1.356844401276689e+001	1.380384264602885e+001
499	1.324012983092246e+001	1.348962882591653e+001
504	1.250582734074127e+001	1.258925411794168e+001
617	1.130640317408851e+001	1.148153621496883e+001
776	1.044635239823409e+001	1.047128548050900e+001
795	1.012565565874148e+001	1.023292992280754e+001
930	8.680644258476059e+000	8.709635899560805e+000
935	8.000226595589259e+000	8.128305161640993e+000
1088	6.446924868058395e+000	6.456542290346556e+000
1341	4.970124909671120e+000	5.011872336272722e+000
1646	4.532155765217712e+000	4.570881896148751e+000
1722	3.644125753563108e+000	3.715352290971725e+000
1752	3.294165524890252e+000	3.311311214825911e+000
1777	2.964631680967856e+000	3.019951720402016e+000
2014	2.943777831193736e+000	2.951209226666386e+000
2018	2.634966846796965e+000	2.691534803926916e+000
2057	2.408162211129773e+000	2.454708915685031e+000
2191	1.738220401438506e+000	1.778279410038923e+000
2296	1.277839087495822e+000	1.288249551693134e+000
2475	1.184080073099277e+000	1.202264434617413e+000
2480	8.383478675486036e-001	8.511380382023764e-001
2796	7.001710175261626e-001	7.079457843841379e-001
2868	6.787061042540201e-001	6.918309709189364e-001
2911	5.899467988724370e-001	6.025595860743578e-001
3119	5.400663203365796e-001	5.495408738576245e-001
3173	5.218966711154465e-001	5.248074602497725e-001
3279	5.033726618516569e-001	5.128613839913648e-001
3329	4.942146254526198e-001	5.011872336272722e-001
3338	4.759179914353029e-001	4.786300923226383e-001
3382	4.659533698856683e-001	4.677351412871982e-001
3405	4.373649353176491e-001	4.466835921509632e-001
3438	4.330227633819288e-001	4.365158322401660e-001
3484	4.255991155882637e-001	4.265795188015927e-001
3540	3.713386771126003e-001	3.715352290971726e-001
3574	3.598990827615612e-001	3.630780547701014e-001
3593	3.502401456936158e-001	3.548133892335755e-001
3627	3.352828248344105e-001	3.388441561392026e-001
3647	3.280471383153618e-001	3.311311214825911e-001
3730	3.159402501935977e-001	3.162277660168379e-001
3801	3.014546072897821e-001	3.019951720402016e-001
3839	2.937351941984147e-001	2.951209226666385e-001
3872	2.842212032659555e-001	2.884031503126606e-001
3883	2.706025683550923e-001	2.754228703338166e-001
3915	2.674900008435182e-001	2.691534803926916e-001
3941	2.627363468649121e-001	2.630267991895382e-001
3951	2.560868412624087e-001	2.570395782768864e-001
3952	2.408142860680639e-001	2.454708915685031e-001
3985	2.386948242618110e-001	2.398832919019490e-001
4008	2.291559815283860e-001	2.344228815319922e-001
4009	2.272308780904289e-001	2.290867652767773e-001
4028	2.186854066074253e-001	2.187761623949552e-001
4049	2.123320173767881e-001	2.137962089502232e-001
4187	2.070269667090298e-001	2.089296130854039e-001
4211	2.005830424724774e-001	2.041737944669530e-001
4239	1.949055163599489e-001	1.949844599758046e-001
4251	1.819019246587534e-001	1.819700858609984e-001
4294	1.767088363280459e-001	1.778279410038923e-001
4320	1.657215188045614e-001	1.659586907437561e-001
4367	1.621664067274079e-001	1.621810097358930e-001
4443	1.581738033468201e-001	1.584893192461113e-001
4481	1.539614871198799e-001	1.548816618912481e-001
4494	1.501382971376075e-001	1.513561248436208e-001
4511	1.476371813880769e-001	1.479108388168208e-001
4528	1.434166645985392e-001	1.445439770745928e-001
4580	1.352934809255214e-001	1.380384264602885e-001
4587	1.345650103198019e-001	1.348962882591654e-001
4608	1.302384314211933e-001	1.318256738556407e-001
4653	1.283005610026096e-001	1.288249551693134e-001
4703	1.257184223348199e-001	1.258925411794167e-001
4734	1.225922761788305e-001	1.230268770812382e-001
4769	1.137264119484496e-001	1.148153621496883e-001
4798	1.117732771848363e-001	1.122018454301964e-001
4817	1.094195909083826e-001	1.096478196143185e-001
4854	1.058062517749884e-001	1.071519305237607e-001
4869	1.035107014445764e-001	1.047128548050900e-001
4909	1.017521831341495e-001	1.023292992280754e-001
4949	9.769787238486172e-002	9.772372209558107e-002
4972	9.181208068485275e-002	9.332543007969910e-002
4979	9.100942241252874e-002	9.120108393559097e-002
5010	8.911945817325401e-002	8.912509381337455e-002
5109	8.485528542887583e-002	8.511380382023763e-002
5141	8.270813999361709e-002	8.317637711026708e-002
5170	8.120724091386899e-002	8.128305161640990e-002
5195	7.573050604530152e-002	7.585775750291836e-002
5270	7.334216386093667e-002	7.413102413009177e-002
5309	7.225638046317656e-002	7.244359600749903e-002
5334	7.075299597185258e-002	7.079457843841380e-002
5362	6.899993818421679e-002	6.918309709189366e-002
5377	6.747553416355051e-002	6.760829753919818e-002
5455	6.568274061330182e-002	6.606934480075961e-002
5468	6.443102435431075e-002	6.456542290346556e-002
5489	6.290745753102561e-002	6.309573444801933e-002
5540	6.125985043546717e-002	6.165950018614822e-002
5553	5.677858380721679e-002	5.754399373371569e-002
5639	5.467590627697316e-002	5.495408738576246e-002
5676	5.368820440856115e-002	5.370317963702527e-002
5722	5.238669115025491e-002	5.248074602497726e-002
5757	5.117284591955235e-002	5.128613839913648e-002
5803	5.007955031283551e-002	5.011872336272722e-002
5874	4.860166132038113e-002	4.897788193684461e-002
5923	4.782767976483865e-002	4.786300923226383e-002
6010	4.673941710381002e-002	4.677351412871982e-002
6114	4.563803335831057e-002	4.570881896148749e-002
6149	4.466619129079780e-002	4.466835921509630e-002
6223	4.364982545670715e-002	4.365158322401658e-002
6313	4.256593563296018e-002	4.265795188015926e-002
6392	4.163614071859811e-002	4.168693834703355e-002
6510	4.041586360827698e-002	4.073802778041128e-002
6618	3.972979320229053e-002	3.981071705534973e-002
6697	3.841006338301922e-002	3.890451449942807e-002
6743	3.794809337029648e-002	3.801893963205612e-002
6822	3.687516816035219e-002	3.715352290971726e-002
6867	3.626875720051703e-002	3.630780547701014e-002
6940	3.541235880549942e-002	3.548133892335755e-002
6970	3.462688101939893e-002	3.467368504525317e-002
7084	3.387845793543187e-002	3.388441561392026e-002
7126	2.974660210292457e-002	3.019951720402016e-002
7159	2.950118561725146e-002	2.951209226666385e-002
7161	2.791231833035346e-002	2.818382931264454e-002
7229	2.709219413514741e-002	2.754228703338166e-002
7238	2.689980195713471e-002	2.691534803926915e-002
7337	2.630217166298898e-002	2.630267991895382e-002
7457	2.568711122368539e-002	2.570395782768863e-002
7537	2.509613224370777e-002	2.511886431509579e-002
7572	2.454617414187033e-002	2.454708915685030e-002
7676	2.398145056470413e-002	2.398832919019490e-002
7743	2.343781257942845e-002	2.344228815319923e-002
7872	2.268646298405674e-002	2.290867652767774e-002
7944	2.231752047570634e-002	2.238721138568340e-002
8159	2.183192539644241e-002	2.187761623949553e-002
8264	2.137428612718595e-002	2.137962089502233e-002
8405	2.075977213495672e-002	2.089296130854040e-002
8616	2.033930890304947e-002	2.041737944669530e-002
8824	1.993781028821084e-002	1.995262314968880e-002
8902	1.942398848705229e-002	1.949844599758046e-002
9093	1.904516279468194e-002	1.905460717963247e-002
9379	1.860464464823752e-002	1.862087136662868e-002
9623	1.803842235419606e-002	1.819700858609984e-002
9831	1.778104509250433e-002	1.778279410038923e-002
10292	1.737690720010265e-002	1.737800828749376e-002
10664	1.698196387503015e-002	1.698243652461744e-002
10803	1.642149081063693e-002	1.659586907437561e-002
11106	1.621553408382159e-002	1.621810097358930e-002
12051	1.584576686277595e-002	1.584893192461113e-002
13029	1.539367796979041e-002	1.548816618912481e-002
13757	1.512360471505503e-002	1.513561248436208e-002
16003	1.478864296277671e-002	1.479108388168207e-002
18065	1.445422751931158e-002	1.445439770745927e-002
18595	1.366936098118954e-002	1.380384264602885e-002
19230	1.346631996981751e-002	1.348962882591653e-002
19527	1.305618951510545e-002	1.318256738556408e-002
19560	1.278585888581718e-002	1.288249551693134e-002
20516	1.258065163352373e-002	1.258925411794168e-002
21917	1.230249618404666e-002	1.230268770812382e-002
27768	1.201524110643271e-002	1.202264434617413e-002
39641	1.174514441889651e-002	1.174897554939530e-002
53611	1.145486430957909e-002	1.148153621496883e-002
63077	1.120147521841064e-002	1.122018454301964e-002
100823	1.072472683295689e-002	1.096478196143185e-002
101568	1.071504510545696e-002	1.071519305237607e-002
169599	1.047111896721087e-002	1.047128548050900e-002
240841	1.022989135343222e-002	1.023292992280754e-002
243235	9.723546490553625e-003	9.772372209558112e-003
243440	9.497005141463344e-003	9.549925860214359e-003
244809	9.331537861266281e-003	9.332543007969915e-003
325781	8.982051385815648e-003	9.120108393559097e-003
326328	8.694254697171000e-003	8.709635899560805e-003
653300	8.467846391113643e-003	8.511380382023768e-003
945852	8.133922846212505e-003	8.317637711026709e-003
1000001	8.132240941660318e-003	8.317637711026709e-003
%
% index = 1999, name = bbob_f013_i21_d10__bbob_f013_i22_d10
% instance = 10, reference value = 5.887785321254691e-001
% function evaluation | indicator value | target hit
1	1.055131754415049e+002	1.071519305237606e+002
2	4.653076758816732e+001	4.677351412871981e+001
3	3.829590571504583e+001	3.890451449942807e+001
6	1.895034006275282e+001	1.905460717963247e+001
160	1.833801040138365e+001	1.862087136662868e+001
237	1.593462156331532e+001	1.621810097358930e+001
388	1.557378342878768e+001	1.584893192461113e+001
403	1.491129633198113e+001	1.513561248436208e+001
440	1.437377717149918e+001	1.445439770745927e+001
462	1.198393443469418e+001	1.202264434617413e+001
635	1.165278271807488e+001	1.174897554939530e+001
695	9.205516274781619e+000	9.332543007969910e+000
811	8.819492999849805e+000	8.912509381337454e+000
859	8.532217830711472e+000	8.709635899560805e+000
1003	8.409975979888873e+000	8.511380382023766e+000
1025	6.935547131474573e+000	7.079457843841379e+000
1287	4.443926416253938e+000	4.466835921509632e+000
1425	4.049319626937485e+000	4.073802778041127e+000
1752	2.502904327888844e+000	2.511886431509580e+000
2011	2.328961485067211e+000	2.344228815319922e+000
2110	1.966737680394724e+000	1.995262314968880e+000
2273	1.492923467554117e+000	1.513561248436208e+000
2303	1.326219232215778e+000	1.348962882591654e+000
2423	1.254155530727881e+000	1.258925411794167e+000
2541	1.102181036289001e+000	1.122018454301963e+000
2574	1.001444540863721e+000	1.023292992280754e+000
2597	9.458961883122528e-001	9.549925860214360e-001
2621	9.308457863280893e-001	9.332543007969910e-001
2712	8.503744325244139e-001	8.511380382023764e-001
2749	8.085178686097336e-001	8.128305161640993e-001
2897	6.650960745574690e-001	6.760829753919818e-001
3025	5.915004149564691e-001	6.025595860743578e-001
3108	5.832670790352263e-001	5.888436553555889e-001
3203	5.717605185224873e-001	5.754399373371569e-001
3220	5.454140617673952e-001	5.495408738576245e-001
3322	5.324461059305055e-001	5.370317963702527e-001
3340	5.227313044910523e-001	5.248074602497725e-001
3397	5.025346963455765e-001	5.128613839913648e-001
3404	4.924072461041210e-001	5.011872336272722e-001
3406	4.846389400954999e-001	4.897788193684462e-001
3457	4.634960336941344e-001	4.677351412871982e-001
3473	4.545802438887394e-001	4.570881896148750e-001
3628	4.438466081941713e-001	4.466835921509632e-001
3638	4.361387998724259e-001	4.365158322401660e-001
3659	4.259074643055417e-001	4.265795188015927e-001
3679	4.160968517262750e-001	4.168693834703354e-001
3702	4.070688962399700e-001	4.073802778041127e-001
3833	3.932189360365733e-001	3.981071705534973e-001
3857	3.870060922078021e-001	3.890451449942806e-001
3921	3.749180599331031e-001	3.801893963205612e-001
3937	3.702469820150849e-001	3.715352290971726e-001
3976	3.626549892554662e-001	3.630780547701014e-001
3978	3.522721487172104e-001	3.548133892335755e-001
4008	3.419246777742073e-001	3.467368504525316e-001
4025	3.337746499803533e-001	3.388441561392026e-001
4052	3.260991852635213e-001	3.311311214825911e-001
4068	3.184267887519361e-001	3.235936569296283e-001
4073	3.084048345106056e-001	3.090295432513591e-001
4097	2.972018161008494e-001	3.019951720402016e-001
4169	2.914446865768930e-001	2.951209226666385e-001
4206	2.883464201781240e-001	2.884031503126606e-001
4295	2.805681708582487e-001	2.818382931264454e-001
4326	2.727434028170925e-001	2.754228703338166e-001
4368	2.674451244497245e-001	2.691534803926916e-001
4384	2.629327271092286e-001	2.630267991895382e-001
4450	2.496308876733309e-001	2.511886431509580e-001
4476	2.412608111595967e-001	2.454708915685031e-001
4477	2.394937195272259e-001	2.398832919019490e-001
4489	2.268881973338374e-001	2.290867652767773e-001
4505	2.223538463961641e-001	2.238721138568340e-001
4515	2.179446290899682e-001	2.187761623949552e-001
4564	2.119007976181939e-001	2.137962089502232e-001
4595	1.998686229981171e-001	2.041737944669530e-001
4599	1.994148339914779e-001	1.995262314968880e-001
4608	1.944055507475091e-001	1.949844599758046e-001
4662	1.891405350839459e-001	1.905460717963247e-001
4667	1.837768342290414e-001	1.862087136662868e-001
4671	1.734126258447947e-001	1.737800828749375e-001
4718	1.696789110098639e-001	1.698243652461744e-001
4790	1.658580172445033e-001	1.659586907437561e-001
4859	1.618105685479810e-001	1.621810097358930e-001
4915	1.456245098424485e-001	1.479108388168208e-001
4939	1.441807944108223e-001	1.445439770745928e-001
4960	1.386796302439932e-001	1.412537544622755e-001
4984	1.373404647972214e-001	1.380384264602885e-001
5022	1.335425258876066e-001	1.348962882591654e-001
5031	1.312081129188761e-001	1.318256738556407e-001
5077	1.237503225468346e-001	1.258925411794167e-001
5093	1.225618927816909e-001	1.230268770812382e-001
5112	1.186078931906544e-001	1.202264434617413e-001
5135	1.157091119241936e-001	1.174897554939529e-001
5149	1.138638993502336e-001	1.148153621496883e-001
5154	1.121461699760795e-001	1.122018454301964e-001
5165	1.088109578779289e-001	1.096478196143185e-001
5216	1.069730835445544e-001	1.071519305237607e-001
5228	1.031448350752675e-001	1.047128548050900e-001
5255	1.021411439437786e-001	1.023292992280754e-001
5260	9.913806958206545e-002	1.000000000000000e-001
5278	9.730032969306163e-002	9.772372209558107e-002
5322	9.537878542458933e-002	9.549925860214359e-002
5345	9.306786919318433e-002	9.332543007969910e-002
5397	9.109085520956689e-002	9.120108393559097e-002
5405	8.799431329130569e-002	8.912509381337455e-002
5438	8.701250398003146e-002	8.709635899560805e-002
5461	8.504368129396034e-002	8.511380382023763e-002
5481	8.192125604324785e-002	8.317637711026708e-002
5511	8.123355610490746e-002	8.128305161640990e-002
5640	7.879652245005253e-002	7.943282347242814e-002
5662	7.723730544404117e-002	7.762471166286916e-002
5732	7.522859936758541e-002	7.585775750291836e-002
5816	7.408734680570650e-002	7.413102413009177e-002
5920	7.237873040665876e-002	7.244359600749903e-002
5952	7.013783507076443e-002	7.079457843841380e-002
5974	6.912499077828149e-002	6.918309709189366e-002
6050	6.757718538273538e-002	6.760829753919818e-002
6191	6.584362533580823e-002	6.606934480075961e-002
6277	6.432848941418123e-002	6.456542290346556e-002
6326	6.302361010059532e-002	6.309573444801933e-002
6348	6.165117710860990e-002	6.165950018614822e-002
6360	5.825556735700554e-002	5.888436553555890e-002
6406	5.741749709803690e-002	5.754399373371569e-002
6525	5.622724080656627e-002	5.623413251903491e-002
6722	5.446748849245786e-002	5.495408738576246e-002
6780	5.369819326824221e-002	5.370317963702527e-002
6851	5.245396028121918e-002	5.248074602497726e-002
6939	5.128421822111184e-002	5.128613839913648e-002
7045	5.010236119237355e-002	5.011872336272722e-002
7098	4.885644875146311e-002	4.897788193684461e-002
7122	4.763231172450977e-002	4.786300923226383e-002
7141	4.551643913126091e-002	4.570881896148749e-002
7206	4.463588430915766e-002	4.466835921509630e-002
7330	4.361056503079941e-002	4.365158322401658e-002
7454	4.264775227572315e-002	4.265795188015926e-002
7595	4.163852098400345e-002	4.168693834703355e-002
7744	4.073682429858072e-002	4.073802778041128e-002
7824	3.979599541942314e-002	3.981071705534973e-002
7864	3.739992459696562e-002	3.801893963205612e-002
7906	3.677444179637057e-002	3.715352290971726e-002
8013	3.630391571850755e-002	3.630780547701014e-002
8096	3.541167793264932e-002	3.548133892335755e-002
8198	3.201471594214200e-002	3.235936569296283e-002
8331	3.161770282747300e-002	3.162277660168379e-002
8648	3.089489014514890e-002	3.090295432513590e-002
8897	3.019508992381015e-002	3.019951720402016e-002
9303	2.951068154914671e-002	2.951209226666385e-002
9713	2.879718623915373e-002	2.884031503126606e-002
10302	2.818365935309719e-002	2.818382931264454e-002
11324	2.715399426620335e-002	2.754228703338166e-002
11648	2.691161040074896e-002	2.691534803926915e-002
13438	2.630245653785912e-002	2.630267991895382e-002
17384	2.569231758393309e-002	2.570395782768863e-002
20404	2.511412956767589e-002	2.511886431509579e-002
25492	2.366699380081516e-002	2.398832919019490e-002
25494	2.257403711140738e-002	2.290867652767774e-002
25943	2.233680259792159e-002	2.238721138568340e-002
31850	2.184641609659321e-002	2.187761623949553e-002
33693	2.134639451416243e-002	2.137962089502233e-002
35143	2.086724935858997e-002	2.089296130854040e-002
35302	1.970069827995746e-002	1.995262314968880e-002
35752	1.925521356099014e-002	1.949844599758046e-002
39569	1.901699563239945e-002	1.905460717963247e-002
76057	1.861498278080342e-002	1.862087136662868e-002
78356	1.819672590621080e-002	1.819700858609984e-002
97784	1.717286286636466e-002	1.737800828749376e-002
183152	1.695502006203964e-002	1.698243652461744e-002
184979	1.468820022332795e-002	1.479108388168207e-002
220822	1.434475300142213e-002	1.445439770745927e-002
221419	1.401357868758468e-002	1.412537544622754e-002
221747	1.370318961237860e-002	1.380384264602885e-002
478287	1.346432834360001e-002	1.348962882591653e-002
1000001	1.334427334050348e-002	1.348962882591653e-002
